/*--------------------------------*- C++ -*----------------------------------*\
| =========                 |                                                 |
| \\      /  F ield         | OpenFOAM: The Open Source CFD Toolbox           |
|  \\    /   O peration     | Version:  2212                                  |
|   \\  /    A nd           | Website:  www.openfoam.com                      |
|    \\/     M anipulation  |                                                 |
\*---------------------------------------------------------------------------*/
FoamFile
{
    version     2.0;
    format      ascii;
    arch        "LSB;label=32;scalar=64";
    class       volScalarField;
    location    "220";
    object      epsilon;
}
// * * * * * * * * * * * * * * * * * * * * * * * * * * * * * * * * * * * * * //

dimensions      [0 2 -3 0 0 0 0];

internalField   nonuniform List<scalar> 
12225
(
1499.74
4061.15
10480.9
18803
38704.4
59173.2
105359
142249
220697
278619
382120
456174
572707
647856
764323
832608
941949
998633
53.7962
122.564
189.842
493.113
775.381
1519.11
2638.02
4227.44
7008.36
9732.56
14691.5
18851.7
25809.4
31846.8
39416.3
47278.8
54269.1
62555
18.3381
23.8027
34.1124
41.5148
48.0614
67.4203
93.1204
127.973
178.248
252.703
327.534
460.228
573.792
783.776
929.739
1235.67
1365.72
1886.55
15.1198
15.5559
16.1822
16.9978
17.4014
19.022
20.5364
23.3788
25.6851
29.9508
33.2895
39.4349
43.8567
52.4624
58.162
69.7601
74.4981
97.2213
14.8385
14.8802
14.8672
15.022
15.0287
15.1614
15.314
15.6658
15.9145
16.3854
16.7298
17.3577
17.7942
18.6242
19.1486
20.2017
20.7293
22.301
14.843
14.8319
14.8129
14.8014
14.7943
14.7934
14.7947
14.8187
14.8405
14.8842
14.9216
14.9883
15.0419
15.143
15.2079
15.3491
15.4203
15.6108
14.8451
14.8296
14.8115
14.7971
14.7807
14.768
14.7545
14.7449
14.7357
14.7289
14.7241
14.7213
14.7215
14.7239
14.7271
14.7377
14.7425
14.7641
14.8456
14.8293
14.8118
14.7969
14.7807
14.7672
14.7526
14.7405
14.7275
14.7168
14.7051
14.6959
14.6855
14.6779
14.6689
14.6627
14.6551
14.6501
14.8459
14.829
14.812
14.7966
14.7809
14.7669
14.7527
14.7399
14.7271
14.7156
14.7041
14.6938
14.6835
14.6743
14.6652
14.657
14.6488
14.6413
14.846
14.8289
14.812
14.7964
14.781
14.7667
14.7527
14.7397
14.7271
14.7154
14.704
14.6934
14.6832
14.6736
14.6644
14.6558
14.6473
14.6394
14.846
14.8288
14.812
14.7963
14.7809
14.7666
14.7526
14.7396
14.7269
14.7152
14.7038
14.6931
14.6828
14.6732
14.6639
14.6552
14.6467
14.6388
14.846
14.8288
14.812
14.7962
14.7809
14.7665
14.7526
14.7395
14.7269
14.715
14.7036
14.6929
14.6826
14.6729
14.6636
14.6547
14.6463
14.6382
14.8461
14.8287
14.812
14.7961
14.7809
14.7664
14.7525
14.7393
14.7268
14.7148
14.7035
14.6926
14.6823
14.6725
14.6632
14.6543
14.6458
14.6376
14.846
14.8287
14.8119
14.7961
14.7807
14.7664
14.7523
14.7393
14.7265
14.7148
14.7031
14.6925
14.6819
14.6723
14.6626
14.6539
14.6451
14.6371
14.8462
14.8285
14.812
14.7959
14.7808
14.7661
14.7524
14.739
14.7265
14.7144
14.7031
14.692
14.6817
14.6717
14.6624
14.6532
14.6447
14.6364
14.8462
14.8284
14.8121
14.7958
14.7808
14.766
14.7524
14.7388
14.7264
14.7141
14.7029
14.6916
14.6815
14.6712
14.662
14.6526
14.6442
14.6357
14.846
14.8287
14.8118
14.796
14.7805
14.7661
14.752
14.7389
14.726
14.7142
14.7024
14.6916
14.6809
14.6711
14.6613
14.6524
14.6434
14.6353
14.846
14.8286
14.8118
14.7959
14.7805
14.766
14.7519
14.7388
14.7259
14.7139
14.7022
14.6913
14.6806
14.6707
14.6609
14.6519
14.643
14.6347
14.846
14.8286
14.8118
14.7959
14.7804
14.766
14.7518
14.7387
14.7258
14.7138
14.702
14.6911
14.6803
14.6705
14.6606
14.6516
14.6426
14.6344
14.8459
14.8287
14.8117
14.796
14.7804
14.766
14.7518
14.7387
14.7257
14.7138
14.7019
14.6911
14.6802
14.6703
14.6604
14.6514
14.6423
14.6341
14.8463
14.8284
14.8121
14.7956
14.7808
14.7657
14.7521
14.7384
14.726
14.7135
14.7022
14.6907
14.6804
14.67
14.6606
14.6511
14.6424
14.6338
14.846
14.8287
14.8118
14.796
14.7805
14.766
14.7519
14.7387
14.7258
14.7137
14.7019
14.691
14.6802
14.6703
14.6605
14.6515
14.6426
14.6344
14.8459
14.8288
14.8117
14.7961
14.7805
14.7662
14.7519
14.7389
14.7258
14.7139
14.7019
14.691
14.68
14.67
14.6599
14.6508
14.6416
14.6333
14.8464
14.8283
14.8123
14.7956
14.7811
14.7657
14.7524
14.7384
14.7266
14.714
14.7036
14.6923
14.6832
14.6731
14.665
14.6559
14.6488
14.6404
14.8473
14.8274
14.8133
14.795
14.7824
14.7653
14.7544
14.7393
14.7304
14.7172
14.7099
14.6983
14.6924
14.6824
14.6777
14.6691
14.6658
14.6585
14.8456
14.8295
14.813
14.801
14.7904
14.7901
14.7918
14.8001
14.8108
14.8237
14.8465
14.8636
14.9005
14.9244
14.9763
15.0039
15.0847
15.1049
14.8499
14.8452
14.8751
14.9694
15.1023
15.2242
15.4443
15.6481
15.9703
16.2716
16.7549
17.1339
17.8672
18.3477
19.3666
19.9391
21.4498
21.9092
15.3757
15.657
16.9684
18.1276
20.3929
22.7591
26.6045
30.7233
37.6455
44.3443
55.6964
65.237
83.0193
95.0185
122.074
136.182
179.066
187.631
32.1648
39.8254
65.9766
95.5519
155.562
231.962
370.626
537.503
844.115
1164.26
1747.65
2278.09
3244.25
4012.5
5435.6
6443.4
8351.84
9556.97
798.829
1528.62
2982.36
5015
8380.05
13104.8
19880.7
28866.8
40605.8
55215.2
72976.8
93837.7
117762
144499
173731
205077
238035
272208
990.422
1326
2285.77
3031.02
3610.47
4187.86
4745.29
5326.5
5985.44
6763.18
7682.1
8731.01
9894.75
11165.6
12547.9
14045.9
15669.5
17427.9
19340.9
21378.9
23537.7
25809.1
28189.5
30671.9
33253.3
35926.9
38691.1
41540.7
44476.2
47494.1
50596.7
53782.4
57055.2
60415.8
63870.3
67422.7
71083.5
74857.4
78752.1
82773.8
86931.2
91232.1
95685.5
100299
105079
110032
115153
120444
125912
131564
137401
143432
149658
156085
162714
169551
176596
183855
191325
199012
206912
215030
223360
231910
240667
249641
258816
268204
277786
287573
297544
307713
318052
328579
339262
350120
361117
372277
383561
394998
406541
418226
430003
441911
453894
466000
478172
490465
502832
515317
527893
540552
553293
566111
579010
591980
605027
618132
631300
644504
657742
670978
684190
697344
710417
723420
736389
749487
762594
775706
788780
801844
814829
827758
840548
853218
865664
877898
889815
901410
912551
923181
933151
942409
950790
958183
964212
967281
971906
975108
978034
977059
975078
971063
965291
957618
948134
936697
923067
907610
890383
871558
851298
829855
807372
783998
760129
736340
711705
689851
671929
654409
636876
619390
602060
584980
568241
551885
535939
520421
505229
490491
476247
462568
449295
436484
424214
412409
401006
389999
379418
369239
359447
349975
340804
331703
322934
312433
304761
277192
5161.77
3178.69
2944.53
3082.11
3393.26
3814.57
4325.78
4920.06
5594.26
6343.02
7157.76
8027.84
8945.43
9906.73
10911
11958.4
13049.8
14185.2
15363.5
16579.7
17831.4
19118.3
20440.1
21792.9
23176.5
24591
26037.5
27517
29031.5
30582.7
32173.1
33805.6
35483.9
37212.3
38996.8
40841.2
42740.2
44696.8
46714
48794.7
50942.3
53159
55447.6
57810.2
60248.4
62763.2
65354.7
68024
70773.1
73603.6
76516.9
79514.3
82596.9
85765.9
89021.8
92365.7
95797.8
99318.7
102928
106627
110415
114291
118254
122305
126442
130664
134970
139358
143826
148373
152996
157695
162464
167303
172208
177177
182206
187295
192437
197632
202875
208166
213498
218873
224282
229728
235206
240718
246258
251829
257423
263035
268663
274302
279951
285604
291256
296903
302537
308151
313738
319285
324789
330239
335642
341006
346365
351762
357253
362696
368109
373480
378804
384070
389269
394386
399408
404318
409100
413732
418183
422419
426402
430099
433466
436451
438978
440965
442928
444314
444902
444994
444451
443159
441119
438295
434684
430263
424993
418946
412144
404647
396512
387816
378620
368996
359033
348878
338448
328253
318723
309450
300284
291231
282324
273601
265091
256816
248784
241003
233372
225915
218713
211797
205148
198739
192596
186709
181055
175624
170413
165418
160634
156048
151663
147410
143486
139197
136985
133861
10649.2
5260.71
4463.82
4361.13
4521.18
4851.25
5313.28
5886.57
6553.78
7297.33
8100.24
8948.16
9831.06
10743.3
11682.5
12648.5
13641.6
14663.1
15714.6
16792.8
17890.5
18999.9
20129.9
21285.1
22467.8
23679.1
24920.5
26193.2
27498.9
28839.2
30215.7
31630.4
33085.2
34582.4
36124
37711.3
39345.4
41027.7
42760.2
44544.8
46386.4
48284.9
50241.3
52257.2
54333.7
56471.9
58672.8
60937.5
63267.5
65663.9
68127.9
70660.4
73262.3
75934.6
78677.9
81492.8
84379.8
87339.3
90371.5
93476.5
96654.3
99904.8
103228
106622
110088
113624
117229
120903
124643
128450
132319
136251
140243
144293
148397
152555
156763
161019
165318
169660
174039
178454
182900
187375
191874
196396
200935
205490
210056
214631
219210
223789
228362
232927
237478
242013
246526
251015
255473
259898
264285
268632
272937
277201
281429
285629
289813
293994
298160
302282
306361
310392
314372
318295
322157
325948
329663
333289
336818
340233
343516
346642
349588
352327
354831
357066
359002
360623
362007
362717
363081
363001
362399
361218
359438
357034
353993
350302
345965
341004
335446
329331
322709
315630
308148
300317
292204
283898
275466
267120
259036
251127
243334
235659
228125
220759
213584
206616
199866
193336
187000
180858
174934
169240
163768
158466
153376
148499
143824
139342
135038
130915
126972
123203
119607
116162
112959
109771
107464
105405
16309
7472.57
6092.22
5788.65
5843
6109.25
6525.13
7060
7692.4
8403.49
9176.1
9995.72
10851.4
11736.1
12645.6
13578
14532.4
15507.9
16503.2
17519.2
18559.4
19628.1
20724.7
21848.6
23000.4
24181.1
25392.1
26634.7
27910.8
29222.1
30569.1
31953.1
33375.6
34838.2
36342.6
37889.9
39481.6
41118.8
42802.6
44533.5
46316.2
48151.9
50042.1
51988.1
53991.5
56053.3
58175
60357.7
62602.9
64911.9
67285.7
69725.6
72232.6
74807.7
77451.8
80165.7
82950.1
85805.6
88732.6
91731.5
94802.5
97945.7
101161
104448
107807
111237
114737
118306
121943
125647
129417
133250
137144
141098
145110
149175
153292
157457
161667
165919
170209
174532
178886
183265
187665
192083
196513
200950
205390
209830
214263
218684
223088
227471
231827
236153
240443
244694
248903
253066
257180
261244
265256
269218
273133
277003
280834
284622
288360
292040
295660
299217
302711
306138
309495
312777
315981
319098
322123
325042
327843
330506
333014
335344
337472
339372
341020
342390
343415
343922
344107
343872
343152
341901
340091
337698
334704
331091
326878
322076
316710
310818
304444
297634
290442
282931
275176
267263
259273
251321
243501
235811
228239
220796
213505
206387
199463
192750
186255
179984
173928
168084
162460
157059
151877
146893
142113
137534
133150
128946
124898
121021
117315
113777
110400
107181
104168
101294
98929.3
96901.2
21557.7
9574.85
7649.44
7152.77
7105.73
7301.64
7663.13
8149.35
8735.61
9403.2
10136.4
10921.8
11749.1
12610.6
13501.2
14418
15359.3
16324.4
17313.3
18326.9
19366.5
20433.7
21529
22653
23806.4
24990
26205
27452.2
28732.6
30047.3
31397.9
32786.1
34213.3
35680.9
37190.3
38742.9
40340.3
41984
43675.8
45417.7
47212.1
49059.8
50962.2
52920.8
54937.1
57012.5
59148.7
61347.1
63609.3
65936.8
68330.9
70793.1
73324.8
75927.1
78601.3
81348.5
84169.7
87065.8
90037.5
93085.6
96210.5
99412.8
102692
106050
109484
112996
116584
120248
123987
127800
131685
135640
139663
143753
147906
152120
156392
160717
165093
169514
173977
178477
183010
187569
192149
196746
201353
205963
210573
215174
219763
224331
228874
233384
237858
242288
246670
251001
255275
259489
263640
267725
271742
275691
279570
283379
287115
290779
294365
297871
301295
304636
307893
311067
314153
317152
320060
322874
325589
328197
330687
333047
335260
337311
339176
340834
342259
343426
344193
344565
344600
344227
343382
342025
340120
337642
334568
330883
326600
321726
316283
310309
303846
296943
289665
282082
274272
266314
258287
250277
242350
234529
226827
219263
211860
204641
197626
190830
184263
177929
171826
165953
160310
154897
149709
144735
139971
135412
131051
126878
122877
119048
115389
111899
108561
105386
102406
99609.1
97175.5
94994.2
26755.5
11559
9076.01
8378.73
8236.9
8366.15
8675.71
9115.59
9657.91
10283.7
10978.5
11730.3
12529.5
13368.8
14243
15148.4
16082.9
17045.4
18035.4
19053.4
20099.7
21175.3
22280.7
23416.6
24583.8
25783.2
27015.6
28282
29583.6
30921.4
32296.9
33711.3
35166.2
36662.8
38202.6
39787.2
41418.1
43096.9
44825.6
46605.8
48439.4
50328
52273.2
54276.8
56340.6
58466.2
60655.6
62910.5
65232.7
67624.1
70086.4
72621.3
75230.6
77915.9
80678.7
83520.6
86442.8
89446.7
92533.5
95704.2
98959.7
102301
105728
109241
112841
116527
120300
124158
128101
132127
136236
140425
144692
149035
153451
157937
162489
167104
171776
176502
181275
186091
190943
195826
200733
205657
210590
215527
220458
225378
230279
235153
239992
244790
249539
254234
258866
263432
267926
272343
276679
280930
285092
289162
293138
297015
300793
304468
308038
311501
314857
318105
321246
324279
327205
330025
332737
335341
337835
340215
342473
344601
346588
348419
350076
351539
352783
353772
354355
354622
354548
354061
353109
351646
349636
347046
343852
340037
335602
330553
324912
318716
312011
304856
297321
289480
281409
273189
264895
256601
248364
240221
232199
224323
216621
209116
201828
194773
187960
181396
175081
169013
163191
157612
152271
147158
142268
137593
133124
128853
124769
120865
117138
113585
110199
106987
103966
101145
98615.9
96240.5
31655
13367.2
10337.2
9442.12
9208.69
9276.95
9540.69
9940.91
10446.2
11036.8
11698.6
12420.9
13194.8
14013.7
14872.4
15767.1
16695.4
17655.7
18647.3
19670
20723.8
21809.2
22926.8
24077.1
25260.9
26479.1
27732.5
29022.2
30349.2
31714.7
33119.9
34566.3
36055
37587.7
39165.7
40790.7
42464.4
44188.4
45964.6
47794.8
49681
51625
53628.8
55694.3
57823.7
60019
62282.4
64616
67021.9
69502.4
72059.7
74695.8
77412.9
80213
83098.2
86070.3
89131.2
92282.5
95525.9
98862.8
102295
105822
109447
113168
116988
120906
124922
129036
133246
137553
141954
146448
151032
155704
160460
165299
170214
175202
180258
185376
190551
195776
201044
206347
211679
217031
222394
227759
233119
238464
243785
249073
254319
259514
264648
269716
274707
279615
284434
289157
293778
298291
302691
306974
311134
315167
319070
322840
326475
329972
333333
336555
339641
342592
345410
348096
350653
353082
355385
357560
359606
361516
363285
364901
366352
367618
368678
369480
369924
370070
369875
369272
368208
366634
364507
361789
358449
354466
349833
344555
338656
332175
325163
317683
309807
301612
293177
284581
275900
267204
258552
249986
241543
233256
225153
217261
209601
202188
195034
188146
181524
175169
169076
163243
157662
152326
147227
142355
137703
133260
129017
124966
121102
117422
113921
110603
107482
104570
101918
99346.6
35955.1
14940.2
11413
10334.1
10014.8
10028.7
10253.2
10620.7
11096.3
11658.8
12294.2
12992
13744.5
14545.2
15389.3
16273.3
17194.7
18151.6
19143
20168.5
21228
22321.6
23449.9
24613.4
25812.9
27049.1
28323
29635.7
30988.1
32381.6
33817.4
35296.8
36821.3
38392.3
40011.5
41680.5
43401.1
45175.2
47004.6
48891.5
50837.9
52845.9
54917.8
57055.9
59262.6
61540.2
63891.4
66318.6
68824.5
71411.6
74082.5
76839.8
79686.2
82624.1
85656
88784.3
92011.3
95339.2
98770
102306
105948
109698
113558
117528
121609
125802
130106
134522
139050
143687
148433
153285
158243
163302
168459
173711
179053
184480
189986
195566
201213
206918
212675
218475
224308
230165
236037
241913
247782
253634
259458
265244
270979
276654
282257
287779
293211
298541
303764
308869
313849
318696
323404
327967
332377
336630
340720
344643
348398
351980
355391
358629
361696
364594
367326
369897
372310
374569
376678
378639
380456
382127
383652
385024
386235
387270
388109
388692
388969
388955
388609
387865
386665
384956
382690
379820
376310
372132
367276
361746
355566
348775
341427
333586
325327
316729
307873
298840
289709
280549
271421
262376
253457
244700
236139
227801
219709
211881
204329
197059
190074
183373
176954
170811
164937
159325
153964
148846
143961
139299
134851
130607
126563
122712
119053
115587
112323
109274
106465
103685
39566.3
16261.8
12303.3
11060.9
10661.3
10629.6
10819
11159.4
11611.2
12151.6
12766.1
13444.4
14178.8
14963.7
15794.5
16668
17581.5
18533.4
19522.7
20548.7
21611.3
22710.6
23847.1
25021.4
26234.1
27486.2
28778.7
30112.6
31489.2
32909.6
34375.3
35887.7
37448.2
39058.6
40720.4
42435.6
44206.1
46033.8
47921
49869.8
51882.6
53961.8
56110
58329.8
60624
62995.3
65446.6
67981.1
70601.5
73311.1
76112.9
79010
82005.5
85102.4
88303.6
91612.2
95030.9
98562.4
102209
105974
109858
113864
117994
122248
126628
131136
135770
140531
145419
150432
155570
160830
166210
171707
177318
183037
188861
194783
200797
206897
213074
219320
225627
231985
238382
244809
251254
257705
264149
270574
276968
283317
289608
295828
301965
308006
313939
319754
325439
330984
336380
341617
346686
351580
356290
360809
365130
369249
373161
376862
380352
383630
386696
389554
392207
394661
396921
398993
400884
402602
404151
405538
406765
407835
408742
409481
410030
410333
410373
410145
409590
408651
407266
405380
402936
399883
396175
391783
386690
380898
374429
367320
359625
351410
342751
333728
324427
314931
305320
295669
286040
276490
267067
257814
248765
239952
231399
223125
215142
207458
200077
192999
186219
179733
173534
167612
161958
156561
151413
146501
141817
137351
133095
129046
125199
121557
118122
114906
111915
108922
42452.5
17329.7
13014.4
11631.3
11159.3
11087.7
11248.3
11566.3
11998.9
12521.7
13119.4
13781.8
14501.3
15272.5
16091.3
16954.4
17859.7
18805.5
19791
20815.5
21879
22981.7
24124
25306.7
26530.5
27796.5
29105.8
30459.5
31859.1
33305.8
34801.1
36346.8
37944.3
39595.6
41302.5
43067
44891.2
46777.4
48728
50745.5
52832.6
54991.9
57226.4
59539.1
61933.1
64411.6
66978.1
69635.9
72388.5
75239.5
78192.4
81251
84418.7
87699.2
91096
94612.4
98251.9
102018
105912
109939
114101
118400
122837
127415
132136
136999
142006
147157
152451
157887
163465
169181
175033
181018
187132
193370
199726
206195
212770
219441
226202
233043
239952
246920
253935
260984
268054
275131
282201
289251
296265
303227
310123
316937
323655
330261
336742
343084
349274
355300
361150
366813
372279
377537
382578
387394
391974
396313
400404
404242
407824
411150
414219
417033
419598
421918
424001
425855
427489
428912
430136
431171
432027
432712
433229
433578
433738
433678
433394
432852
432003
430790
429150
427024
424350
421071
417137
412511
407169
401110
394349
386923
378883
370295
361237
351791
342045
332085
321995
311850
301720
291665
281739
271986
262445
253151
244128
235398
226974
218864
211074
203603
196447
189602
183059
176810
170845
165152
159722
154542
149603
144895
140411
136144
132091
128251
124627
121223
118036
114827
44602.5
18147.7
13556.2
12058.8
11525.3
11419.1
11555.1
11854.1
12270.6
12778.9
13363
14012.2
14719.2
15478.6
16286.5
17140.1
18037.3
18976.7
19957.5
20979.5
22042.7
23147.5
24294.4
25484.4
26718.4
27997.7
29323.4
30697.1
32120.2
33594.4
35121.3
36702.8
38340.8
40037.2
41794.3
43614.3
45499.5
47452.6
49476.3
51573.3
53746.7
55999.7
58335.5
60757.5
63269.3
65874.7
68577.4
71381.3
74290.5
77309
80441
83690.6
87061.9
90559
94185.9
97946.6
101845
105884
110069
114401
118884
123520
128313
133263
138373
143643
149073
154665
160418
166330
172399
178624
185002
191528
198198
205006
211947
219013
226197
233490
240881
248361
255919
263541
271215
278926
286660
294402
302136
309844
317511
325119
332650
340087
347412
354609
361661
368551
375266
381790
388111
394215
400090
405725
411108
416227
421073
425635
429906
433878
437548
440911
443968
446719
449169
451322
453189
454776
456095
457158
457981
458579
458970
459167
459183
459023
458684
458151
457414
456440
455187
453597
451612
449167
446198
442643
438446
433558
427952
421617
414564
406826
398452
389507
380068
370219
360049
349648
339101
328488
317881
307345
296937
286704
276690
266930
257451
248275
239418
230889
222692
214830
207298
200091
193202
186621
180339
174343
168623
163168
157965
153006
148283
143787
139516
135467
131640
128037
124645
121222
46050.6
18730.5
13942.4
12357.8
11775
11639.6
11754.8
12037.5
12440.3
12936.4
13509.1
14147.6
14844.3
15594
16392.8
17238.2
18128.4
19062.1
20039
21058.9
22122.4
23230
24382.5
25581
26826.9
28121.5
29466.4
30863.3
32314.1
33820.7
35385.1
37009.4
38695.8
40446.7
42264.5
44151.8
46111.5
48146.4
50259.7
52454.6
54734.6
57103.1
59564.1
62121.4
64779.1
67541.3
70412.5
73397
76499.4
79724.2
83076.2
86559.9
90179.9
93940.9
97847.4
101904
106114
110482
115013
119708
124572
129608
134817
140202
145764
151504
157423
163520
169795
176245
182870
189665
196628
203753
211036
218469
226047
233761
241601
249559
257623
265782
274022
282331
290693
299093
307514
315940
324353
332734
341065
349327
357498
365561
373495
381280
388898
396330
403560
410571
417349
423878
430146
436139
441844
447247
452335
457096
461520
465598
469322
472688
475694
478339
480626
482561
484151
485405
486335
486955
487285
487343
487157
486748
486130
485332
484358
483207
481871
480328
478539
476454
474015
471157
467814
463919
459407
454223
448329
441706
434361
426321
417633
408357
398571
388358
377808
367011
356056
345023
333989
323019
312175
301506
291059
280869
270966
261375
252111
243185
234603
226366
218472
210916
203690
196785
190190
183896
177889
172158
166692
161481
156515
151788
147294
143031
138995
135185
131585
127952
46775.5
19084.1
14182.7
12541.3
11922.9
11764.7
11863.2
12132.4
12523.8
13010
13574.2
14205.6
14895.2
15638
16430.7
17271
18157
19087.1
20062.5
21083.5
22150.9
23265.3
24428
25640.4
26904.1
28220.8
29592.6
31021.6
32510
34060.3
35674.9
37356.4
39107.3
40930.4
42828.7
44805.1
46863.1
49005.8
51237.1
53560.7
55980.6
58500.9
61125.9
63860.1
66708.1
69674.7
72764.8
75983.2
79335
82825.4
86459.3
90242
94178.3
98273.3
102532
106958
111557
116333
121290
126431
131759
137277
142987
148891
154990
161284
167773
174457
181334
188401
195655
203093
210710
218500
226456
234572
242839
251248
259788
268449
277218
286082
295026
304036
313096
322189
331297
340400
349481
358519
367494
376384
385168
393824
402331
410665
418807
426737
434434
441881
449063
455963
462567
468861
474828
480455
485725
490624
495139
499258
502971
506273
509157
511623
513672
515308
516537
517371
517816
517888
517615
517008
516107
514951
513565
511980
510215
508286
506193
503926
501456
498740
495722
492341
488529
484214
479326
473799
467587
460664
453028
444702
435727
426163
416081
405564
394699
383577
372286
360909
349521
338191
326981
315944
305125
294565
284293
274336
264711
255429
246498
237919
229691
221810
214269
207059
200169
193590
187308
181312
175590
170133
164930
159974
155259
150781
146535
142520
138711
134877
46762.4
19193.6
14285.7
12623.5
11985.3
11811.9
11898.3
12157.2
12539.9
13018.8
13577.1
14204.5
14890.3
15630.8
16422.6
17263.8
18153.6
19088.3
20070.9
21101.7
22182
23313.3
24497.1
25735.4
27030.1
28383.6
29798.5
31277.4
32823.2
34439.4
36128.7
37894.2
39739.1
41666.7
43680.6
45784.4
47981.9
50277.4
52674.9
55179.2
57794.7
60526.3
63379
66357.9
69468.2
72715.2
76104.2
79640.8
83330.3
87178.1
91189.7
95370.5
99725.5
104260
108978
113886
118986
124283
129782
135483
141391
147508
153834
160371
167119
174076
181243
188616
196193
203969
211942
220105
228452
236976
245669
254522
263525
272667
281938
291323
300810
310383
320028
329727
339463
349219
358975
368711
378408
388043
397596
407044
416363
425532
434525
443320
451894
460223
468289
476070
483551
490715
497547
504033
510155
515896
521239
526166
530661
534712
538304
541430
544083
546259
547957
549179
549930
550225
550060
549452
548416
547010
545261
543209
540895
538359
535637
532759
529742
526587
523278
519782
516049
512021
507631
502807
497471
491549
484985
477746
469824
461236
452019
442224
431918
421178
410090
398739
387214
375595
363956
352366
340887
329573
318472
307622
297058
286804
276881
267302
258075
249203
240685
232518
224696
217211
210054
203213
196677
190435
184474
178784
173355
168180
163252
158566
154115
149897
145887
141862
46364.7
19151
14277.7
12617.9
11974.9
11795.6
11877.2
12131.7
12510.9
12987.3
13544
14169.7
14857.7
15604.4
16405.3
17259.3
18165
19118.7
20122.8
21179.8
22291.6
23460.2
24687.8
25977.1
27330.7
28751.6
30243.1
31808.5
33451.4
35175.3
36984.5
38883.3
40875.6
42965.4
45157.1
47455.3
49865
52390.8
55037.9
57811.5
60717.4
63761
66948.1
70284.3
73775.5
77427.4
81245.7
85236
89403.9
93754.9
98294.2
103027
107958
113092
118433
123985
129751
135736
141940
148366
155016
161889
168986
176305
183845
191604
199578
207764
216155
224747
233532
242504
251655
260975
270454
280081
289846
299736
309736
319833
330013
340258
350552
360878
371217
381551
391859
402122
412319
422428
432427
442294
452004
461535
470862
479959
488802
497368
505633
513578
521186
528441
535328
541832
547935
553618
558862
563646
567954
571766
575072
577857
580115
581838
583027
583675
583783
583389
582427
580968
579039
576672
573909
570796
567384
563724
559870
555868
551751
547538
543227
538797
534205
529401
524323
518897
513040
506670
499722
492157
483965
475154
465754
455808
445375
434525
423333
411880
400253
388525
376768
365047
353423
341951
330679
319646
308886
298428
288292
278493
269040
259938
251187
242787
234732
227015
219628
212560
205801
199339
193162
187261
181625
176247
171119
166236
161591
157181
152979
148776
45233.1
18906.9
14163
12535.2
11899.6
11721.5
11804.6
12061.9
12446.8
12933.8
13504.5
14147.8
14857
15627.2
16454.2
17338.3
18279.6
19278.5
20336.4
21455.5
22638.2
23887.4
25206.4
26598.6
28067.7
29617.8
31253.2
32978.3
34797.6
36715.9
38738
40868.9
43114.1
45479.3
47970.2
50593.3
53355.2
56261.1
59316.9
62529.3
65904.8
69449.9
73170.8
77073.5
81163.8
85447.5
89929.9
94616.2
99511.1
104619
109945
115491
121263
127261
133490
139951
146646
153574
160737
168133
175761
183619
191704
200012
208538
217277
226223
235368
244705
254225
263920
273779
283792
293947
304233
314637
325146
335746
346422
357158
367938
378746
389564
400375
411159
421899
432575
443166
453653
464015
474230
484278
494136
503779
513185
522327
531179
539718
547918
555761
563229
570307
576981
583237
589056
594419
599302
603685
607545
610866
613632
615827
617449
618475
618919
618760
618001
616624
614672
612160
609117
605576
601586
597201
592483
587495
582305
576978
571566
566106
560610
555078
549474
543756
537872
531749
525298
518429
511070
503180
494743
485765
476264
466274
455840
445019
433873
422476
410911
399240
387524
375829
364211
352726
341417
330327
319490
308936
298687
288760
279165
269909
260996
252424
244192
236293
228721
221467
214521
207871
201508
195420
189600
184037
178727
173661
168834
164242
159859
155493
43324.1
18448.3
13917.4
12361
11762.4
11613.4
11725.4
12014.1
12431.9
12952
13556.6
14239
14994.6
15820.7
16715.4
17678.2
18710.2
19812.9
20988.7
22240.8
23572.6
24988.4
26492.8
28090.6
29787.4
31588.7
33500.4
35528.6
37679.7
39960.1
42376.5
44935.6
47644.3
50509.7
53539.2
56740.7
60120.8
63687
67447.2
71409.5
75580.8
79967.6
84575.5
89409.6
94474
99772.3
105307
111082
117098
123356
129858
136604
143593
150826
158299
166012
173961
182143
190553
199188
208040
217105
226374
235839
245493
255326
265328
275489
285800
296248
306822
317511
328301
339181
350138
361157
372224
383326
394447
405572
416683
427766
438803
449777
460671
471469
482152
492702
503101
513330
523372
533206
542814
552173
561261
570053
578525
586650
594403
601765
608717
615249
621347
626998
632183
636880
641062
644710
647798
650306
652225
653522
654224
654254
653687
652405
650496
647943
644759
640967
636591
631671
626257
620414
614208
607716
601022
594214
587356
580508
573694
566852
560023
553210
546373
539446
532335
524941
517189
509035
500464
491469
482054
472234
462035
451494
440660
429568
418283
406879
395414
383944
372525
361211
350042
339058
328298
317791
307562
297629
288005
278700
269719
261063
252733
244725
237033
229652
222572
215784
209278
203044
197074
191360
185895
180673
175687
170935
166390
161883
41233.1
17878.3
13603.3
12158.2
11631.3
11543.1
11712
12054
12526.3
13109.9
13792.4
14566.1
15427.2
16374.1
17406.9
18526.8
19736.3
21038.7
22438.3
23940.3
25550.4
27275
29120.9
31095.5
33206.6
35462.3
37870.9
40440.7
43180.7
46099.7
49206.6
52510.1
56019
59741.9
63687.2
67862
72273.3
76929.8
81840
87014.7
92457.6
98173.6
104164
110429
116967
123774
130846
138181
145772
153615
161705
170035
178599
187391
196401
205623
215049
224669
234474
244455
254602
264904
275349
285928
296628
307438
318346
329340
340409
351541
362724
373945
385193
396455
407720
418974
430205
441400
452544
463623
474623
485529
496327
507002
517540
527926
538147
548187
558031
567663
577069
586233
595140
603772
612109
620129
627806
635115
642029
648529
654596
660221
665394
670100
674321
678030
681198
683808
685831
687239
688056
688169
687705
686491
684622
682061
678819
674896
670305
665068
659211
652775
645814
638406
630620
622542
614219
605735
597232
588801
580501
572392
564497
556754
549123
541537
533899
526098
518060
509747
501143
492237
483018
473481
463636
453499
443106
432485
421744
410879
399928
388942
377941
366991
356146
345443
334922
324616
314551
304746
295219
285981
277040
268399
260063
252029
244297
236861
229714
222848
216255
209927
203855
198032
192452
187111
182000
177118
172441
167824
39003.8
17267.9
13276.3
11971.9
11553.9
11562.7
11816.6
12257.4
12847.7
13567.8
14407.4
15361.4
16428.5
17609.8
18908.6
20329.5
21878.2
23561.5
25387.5
27365.4
29505.2
31817.2
34311.8
37000.4
39894.7
43006.6
46348
49930.4
53765.4
57863.7
62235.9
66892.2
71841.7
77091.9
82649.3
88518.9
94704.5
101209
108033
115173
122633
130423
138530
146934
155619
164567
173765
183195
192844
202698
212741
222960
233341
243871
254536
265325
276226
287225
298310
309471
320695
331969
343283
354626
365985
377350
388711
400058
411382
422672
433920
445116
456250
467315
478300
489198
499996
510686
521256
531695
541991
552133
562109
571908
581519
590934
600142
609131
617888
626401
634662
642659
650379
657811
664937
671739
678192
684270
689947
695198
700007
704364
708262
711687
714619
717019
718859
720139
720813
720825
720260
718945
716997
714340
710985
706922
702150
696672
690500
683664
676190
668114
659437
650249
640666
630794
620786
610804
600888
591129
581598
572326
563306
554560
546078
537809
529648
521473
513218
504851
496367
487744
478945
469942
460713
451247
441561
431698
421627
411411
401085
390697
380280
369909
359594
349369
339256
329302
319541
309996
300687
291631
282835
274308
266056
258082
250386
242967
235819
228937
222314
215944
209818
203931
198278
192854
187653
182675
177895
173200
36727.3
16608.5
12957.4
11851.1
11597
11749.2
12177.4
12819.1
13641
14628.1
15775
17082
18554.3
20199.8
22029.2
24054.4
26288.2
28744.2
31438.8
34390.2
37616.8
41136.2
44965
49119.5
53615.3
58468.9
63695
69305.3
75307.8
81709
88513.5
95724.9
103342
111361
119776
128579
137758
147297
157180
167393
177912
188732
199798
211072
222521
234116
245827
257631
269502
281422
293371
305333
317292
329236
341154
353035
364869
376649
388365
400010
411576
423055
434440
445726
456906
467976
478931
489767
500480
511067
521523
531845
542028
552069
561964
571709
581296
590720
599973
609046
617931
626621
635107
643382
651439
659273
666879
674248
681367
688230
694830
701160
707214
712980
718449
723603
728420
732873
736933
740577
743778
746531
748834
750663
752007
752797
753008
752702
751732
750093
747841
744902
741283
736951
731908
726150
719672
712472
704502
695822
686481
676531
666116
655294
644119
632704
621203
609652
598217
587021
576162
565684
555600
545938
536703
527862
519297
510869
502528
494256
486070
477925
469751
461493
453097
444515
435750
426806
417680
408383
398939
389379
379752
370061
360369
350718
341142
331698
322396
313256
304293
295529
286984
278667
270590
262759
255178
247847
240765
233930
227335
220975
214846
208941
203257
197790
192535
187493
182640
177898
34481.9
15923
12698.4
11899.5
11895.1
12340.7
13115.5
14159.5
15452.1
16990.3
18781.8
20842
23192.2
25859.2
28874.5
32267.8
36068.2
40305
45011.3
50223.9
55975.5
62291.7
69188.5
76673.5
84751.2
93429
102703
112558
122969
133910
145354
157271
169617
182349
195434
208840
222507
236378
250432
264661
278958
293213
307401
321494
335462
349272
362901
376330
389545
402536
415298
427825
440118
452178
464006
475607
486983
498139
509077
519800
530310
540610
550701
560587
570272
579758
589052
598156
607074
615809
624365
632742
640943
648969
656821
664498
671997
679315
686444
693381
700119
706651
712973
719080
724967
730637
736086
741307
746280
751006
755482
759705
763667
767363
770784
773918
776742
779234
781360
783095
784389
785256
785699
785668
785182
784091
782454
780252
777426
773945
769836
765052
759578
753386
746424
738712
730260
721082
711289
700850
689780
678140
666034
653468
640565
627465
614308
601214
588326
575787
563716
552161
541142
530703
520866
511614
502811
494279
486015
478011
470324
462873
455545
448248
440897
433400
425755
417941
409950
401757
393368
384812
376119
367314
358442
349544
340665
331819
323055
314402
305884
297533
289352
281354
273549
265944
258554
251385
244437
237710
231202
224908
218825
212950
207278
201809
196537
191467
186571
181808
32330.5
15272.3
12703
12345
12870.8
13947.3
15477.5
17431.7
19828.1
22700.2
26098.7
30085
34732.3
40130.6
46373
53525.2
61643.8
70772
80944.3
92210.7
104579
118011
132438
147773
163914
180791
198296
216295
234665
253327
272178
291097
309981
328747
347396
365932
384173
402027
419420
436266
452586
468357
483552
498197
512279
525802
538776
551218
563150
574592
585569
596106
606227
615955
625316
634330
643018
651399
659488
667297
674840
682127
689171
695983
702575
708957
715141
721138
726956
732605
738090
743418
748593
753620
758500
763233
767818
772249
776523
780633
784574
788339
791924
795323
798536
801570
804428
807090
809520
811737
813742
815528
817088
818418
819510
820355
820932
821230
821197
820820
819986
818770
817151
815074
812512
809411
805750
801514
796670
791168
784980
778108
770536
762273
753369
743755
733425
722399
710730
698383
685427
671931
657974
643636
629008
614256
599537
584993
570785
557060
543968
531536
519785
508783
498560
489128
480301
471832
463849
456313
449368
442848
436583
430452
424337
418087
411743
405230
398546
391611
384423
377020
369413
361629
353714
345700
337630
329535
321456
313424
305475
297612
289865
282253
274790
267498
260385
253457
246718
240169
233808
227636
221653
215855
210241
204810
199558
194492
189583
184825
30135.3
14844.9
13314
14056.9
15919.7
18631.4
22278.4
26906.1
32721.7
39913.8
48686.6
59244.6
71809.2
86640.2
103922
123588
145501
169435
195145
222494
251143
280667
310639
340752
370651
400080
428805
456624
483391
509342
534266
557939
580306
601385
621160
639609
656857
672960
687952
701858
714731
726634
737534
747655
756941
765461
773277
780448
787030
793076
798638
803762
808491
812864
816917
820681
824184
827449
830493
833333
835982
838456
840768
842932
844959
846865
848661
850361
851973
853507
854968
856362
857694
858963
860169
861309
862377
863367
864271
865081
865790
866387
866867
867224
867456
867587
867614
867493
867143
866663
866027
865222
864235
863062
861696
860132
858343
856318
854016
851397
848400
845028
841261
837048
832323
827034
821176
814735
807694
800077
791853
782968
773405
763191
752248
740587
728225
715178
701486
687168
672288
656915
641137
625064
608821
592565
576469
560675
545368
530690
516825
503755
491498
480171
469804
460462
451835
443602
436154
429315
423429
418109
413138
408384
403692
398838
393976
388909
383676
378110
372228
366092
359679
353028
346183
339169
332024
324790
317503
310197
302905
295645
288443
281318
274290
267386
260610
253979
247503
241187
235033
229043
223214
217544
212034
206683
201490
196462
191571
186845
28059
15498.2
16730
21074.2
27908.7
37020.7
49962.4
66724.1
88617.2
116306
150008
189534
234397
284183
338128
394284
451165
507454
562211
614889
664797
711447
754433
794424
830826
863349
892256
917772
940141
959479
976196
990655
1.00307e+06
1.01364e+06
1.02254e+06
1.02989e+06
1.03585e+06
1.04056e+06
1.04415e+06
1.04671e+06
1.04835e+06
1.04918e+06
1.04894e+06
1.04861e+06
1.04745e+06
1.0458e+06
1.04372e+06
1.04129e+06
1.03857e+06
1.0356e+06
1.03245e+06
1.02915e+06
1.02575e+06
1.02226e+06
1.01873e+06
1.01517e+06
1.01159e+06
1.00801e+06
1.00444e+06
1.00086e+06
997310
993776
990272
986804
983380
980009
976699
973456
970286
967192
964174
961234
958367
955569
952829
950140
947488
944861
942247
939633
937009
934356
931669
928944
926176
923392
920555
917644
914626
911508
908282
904934
901452
897828
894054
890129
886014
881706
877139
872277
867079
861518
855559
849149
842319
834964
827052
818568
809493
799825
789500
778512
766854
754527
741512
727808
713432
698401
682759
666547
649837
632710
615262
597624
579945
562387
545144
528342
512202
496835
482487
469032
456515
445125
434893
425952
417732
409868
403254
397304
392863
388958
385464
382263
379152
375784
372600
369082
365464
361352
356858
352094
346974
341553
335880
329963
323843
317567
311166
304679
298140
291573
285003
278450
271936
265490
259130
252874
246732
240713
234827
229064
223431
217930
212561
207327
202225
197268
192424
187751
24656.8
22561.6
40239.2
67252.3
109810
164294
244976
341219
453633
576657
704177
830187
950587
1.06209e+06
1.16339e+06
1.25202e+06
1.32787e+06
1.39184e+06
1.44448e+06
1.48643e+06
1.51891e+06
1.54331e+06
1.56084e+06
1.57195e+06
1.57812e+06
1.57941e+06
1.57802e+06
1.57378e+06
1.56653e+06
1.55728e+06
1.5464e+06
1.5343e+06
1.52121e+06
1.50742e+06
1.49306e+06
1.47826e+06
1.46313e+06
1.44777e+06
1.43226e+06
1.41665e+06
1.40101e+06
1.3854e+06
1.36979e+06
1.35438e+06
1.33914e+06
1.32412e+06
1.30935e+06
1.29488e+06
1.28072e+06
1.2669e+06
1.25345e+06
1.24036e+06
1.22765e+06
1.21531e+06
1.20335e+06
1.19174e+06
1.18048e+06
1.16956e+06
1.15894e+06
1.14863e+06
1.13861e+06
1.12887e+06
1.11942e+06
1.11024e+06
1.10134e+06
1.09272e+06
1.08437e+06
1.07628e+06
1.06846e+06
1.0609e+06
1.05359e+06
1.04651e+06
1.03966e+06
1.03302e+06
1.02657e+06
1.02029e+06
1.01417e+06
1.00818e+06
1.00232e+06
996555
990877
985252
979686
974172
968698
963248
957811
952372
946900
941382
935802
930145
924390
918528
912548
906454
900282
893993
887497
880736
873656
866217
858368
850077
841260
831901
821985
811494
800409
788713
776374
763379
749722
735403
720421
704785
688511
671627
654186
636240
617880
599201
580303
561343
542485
523898
505813
488306
471662
455919
441434
427856
415346
404239
394473
386277
378600
371164
365766
360796
358322
355864
353976
352473
351048
349150
347900
345910
344106
341426
338343
335047
331286
327177
322778
318047
313042
307815
302388
296806
291110
285321
279464
273561
267637
261724
255851
250035
244290
238628
233058
227580
222199
216918
211739
206665
201697
196846
192085
187487
29164.9
119871
366813
661611
1.03752e+06
1.3809e+06
1.76805e+06
2.10178e+06
2.37749e+06
2.58792e+06
2.73836e+06
2.83635e+06
2.89438e+06
2.91482e+06
2.91031e+06
2.89225e+06
2.85728e+06
2.81448e+06
2.76689e+06
2.71615e+06
2.66287e+06
2.60761e+06
2.55096e+06
2.49332e+06
2.43538e+06
2.37754e+06
2.32065e+06
2.26506e+06
2.21093e+06
2.15843e+06
2.1078e+06
2.05918e+06
2.01249e+06
1.96782e+06
1.92496e+06
1.8838e+06
1.84427e+06
1.80625e+06
1.76967e+06
1.73443e+06
1.70048e+06
1.66778e+06
1.63626e+06
1.60592e+06
1.57672e+06
1.54864e+06
1.52167e+06
1.49577e+06
1.47091e+06
1.44707e+06
1.4242e+06
1.40226e+06
1.38122e+06
1.36101e+06
1.34159e+06
1.32291e+06
1.30492e+06
1.28758e+06
1.27086e+06
1.25473e+06
1.23916e+06
1.22412e+06
1.20962e+06
1.19562e+06
1.18212e+06
1.1691e+06
1.15656e+06
1.14447e+06
1.13283e+06
1.1216e+06
1.11077e+06
1.10033e+06
1.09024e+06
1.08048e+06
1.07103e+06
1.06186e+06
1.05294e+06
1.04425e+06
1.03578e+06
1.0275e+06
1.01939e+06
1.01148e+06
1.00374e+06
996121
988618
981207
973871
966585
959317
952045
944741
937392
929962
922444
914819
907103
899283
891350
883232
874862
866168
857095
847580
837578
827031
815927
804250
791986
779113
765616
751475
736679
721232
705133
688398
671041
653091
634582
615588
596162
576425
556483
536449
516496
496806
477550
459015
441175
424425
408682
394442
380990
368891
358484
349524
342428
335242
328220
324581
320476
320775
319264
319221
319560
319871
319251
320395
319583
319970
318435
316712
314995
312610
309874
306855
303385
299579
295491
291112
286514
281741
276810
271746
266568
261305
255995
250675
245366
240081
234837
229643
224504
219427
214415
209472
204602
199808
195101
190458
185957
121386
1.75688e+06
4.47866e+06
6.0445e+06
7.03045e+06
7.32189e+06
7.29299e+06
7.09701e+06
6.75045e+06
6.34097e+06
5.95261e+06
5.59541e+06
5.28074e+06
4.99783e+06
4.74599e+06
4.51889e+06
4.30992e+06
4.11639e+06
3.93668e+06
3.7686e+06
3.60989e+06
3.45981e+06
3.31791e+06
3.18419e+06
3.05881e+06
2.9413e+06
2.83162e+06
2.72925e+06
2.63399e+06
2.5451e+06
2.46235e+06
2.38529e+06
2.31321e+06
2.24579e+06
2.18237e+06
2.12254e+06
2.06592e+06
2.01221e+06
1.96113e+06
1.91249e+06
1.86612e+06
1.82191e+06
1.77975e+06
1.73956e+06
1.70126e+06
1.66479e+06
1.63005e+06
1.59698e+06
1.56548e+06
1.53548e+06
1.50688e+06
1.4796e+06
1.45355e+06
1.42864e+06
1.40476e+06
1.38187e+06
1.35989e+06
1.33876e+06
1.31843e+06
1.29887e+06
1.28003e+06
1.2619e+06
1.24445e+06
1.22766e+06
1.2115e+06
1.19597e+06
1.18103e+06
1.16666e+06
1.15284e+06
1.13954e+06
1.12672e+06
1.11437e+06
1.10245e+06
1.09092e+06
1.07977e+06
1.06895e+06
1.05844e+06
1.04822e+06
1.03827e+06
1.02856e+06
1.01906e+06
1.00976e+06
1.00066e+06
991730
982951
974308
965770
957317
948907
940514
932098
923649
915114
906489
897743
888908
879970
870931
861711
852229
842392
832130
821381
810078
798195
785724
772649
758962
744638
729671
714053
697770
680852
663285
645117
626359
607058
587254
567058
546504
525771
504957
484202
463684
443606
424145
405642
387924
371517
356248
342604
329662
318524
309174
301363
295633
288590
281892
280795
279664
281141
282470
284110
286408
285931
288414
290837
292115
293463
292464
291965
292053
290973
289641
288134
285968
283436
280576
277303
273755
269980
265978
261780
257399
252860
248218
243519
238781
234018
229251
224493
219749
215029
210338
205680
201059
196482
191959
187474
183090
1.46856e+06
2.1204e+06
2.88559e+06
3.44962e+06
4.00703e+06
4.42668e+06
4.79352e+06
5.06019e+06
5.25093e+06
5.3448e+06
5.33892e+06
5.28871e+06
5.20631e+06
5.0496e+06
4.86976e+06
4.67021e+06
4.46216e+06
4.25498e+06
4.05467e+06
3.85949e+06
3.67127e+06
3.49377e+06
3.32903e+06
3.17748e+06
3.03943e+06
2.91336e+06
2.7993e+06
2.69489e+06
2.59948e+06
2.51134e+06
2.43059e+06
2.35564e+06
2.28542e+06
2.21947e+06
2.15716e+06
2.09801e+06
2.04155e+06
1.98751e+06
1.9358e+06
1.88636e+06
1.83914e+06
1.79414e+06
1.7513e+06
1.71059e+06
1.67192e+06
1.63523e+06
1.60039e+06
1.56733e+06
1.53587e+06
1.50597e+06
1.47746e+06
1.45025e+06
1.4242e+06
1.39924e+06
1.37525e+06
1.35221e+06
1.33005e+06
1.3087e+06
1.28811e+06
1.26827e+06
1.24915e+06
1.23073e+06
1.21299e+06
1.19593e+06
1.17951e+06
1.16372e+06
1.14854e+06
1.13393e+06
1.11986e+06
1.10632e+06
1.09325e+06
1.08065e+06
1.06845e+06
1.05666e+06
1.04522e+06
1.03411e+06
1.02331e+06
1.0128e+06
1.00254e+06
992526
982727
973127
963715
954485
945401
936463
927638
918902
910201
901505
892762
883976
875063
866036
856845
847545
838112
828568
818827
808781
798323
787377
775836
763666
750862
737415
723313
708556
693118
677010
660234
642773
624698
605969
586682
566839
546510
525751
504714
483403
462093
440840
419848
399267
379334
360260
342383
325360
309863
295698
283123
271318
261890
253859
247692
243394
235577
232735
233640
235065
237662
240812
244165
248365
248803
253170
257277
260367
263133
263403
263428
264293
264438
264528
264939
264140
263053
261621
259555
257195
254574
251640
248451
244998
241305
237448
233491
229440
225310
221126
216904
212651
208378
204092
199798
195501
191209
186931
182665
178431
72551
75425.4
108615
122704
167910
198292
251636
311969
392358
478226
577871
681289
793080
903788
1.01506e+06
1.12283e+06
1.22464e+06
1.32014e+06
1.40635e+06
1.48689e+06
1.56051e+06
1.62626e+06
1.68248e+06
1.72834e+06
1.76445e+06
1.78905e+06
1.80616e+06
1.81081e+06
1.80906e+06
1.79966e+06
1.78942e+06
1.77146e+06
1.75004e+06
1.72582e+06
1.69967e+06
1.67161e+06
1.64174e+06
1.61112e+06
1.58052e+06
1.5505e+06
1.52139e+06
1.49342e+06
1.46661e+06
1.44105e+06
1.41656e+06
1.39321e+06
1.37069e+06
1.34915e+06
1.3282e+06
1.30809e+06
1.28843e+06
1.26936e+06
1.25062e+06
1.23245e+06
1.21466e+06
1.19745e+06
1.1806e+06
1.16412e+06
1.14805e+06
1.13241e+06
1.11722e+06
1.10251e+06
1.08829e+06
1.07454e+06
1.06127e+06
1.04846e+06
1.03609e+06
1.02414e+06
1.01258e+06
1.00139e+06
990553
980045
969826
959915
950246
940794
931582
922534
913602
904854
896239
887739
879389
871203
863098
855132
847268
839458
831635
823757
815757
807686
799392
790947
782248
773415
764372
755177
745724
735875
725557
714568
702860
690436
677297
663442
648856
633565
617529
600798
583371
565241
546530
527158
507297
486932
466146
445059
423839
402469
381368
360489
340167
320453
301687
284097
267871
252525
239112
226872
216463
206880
200178
193559
189805
187158
181120
181432
183666
187114
191370
196139
201077
206520
210828
215718
220562
224934
228994
232199
231681
234591
235083
236103
236915
237613
238070
238321
237388
236315
235011
233239
231200
228805
226046
223082
219999
216754
213371
209887
206313
202655
198932
195149
191309
187419
183493
179527
175553
171497
1904.78
1919.8
1993.27
2073.93
2240.72
2462.06
2845.97
3426.73
4360.33
5594.09
7817.89
9417.79
16837.1
20049.6
29772.2
35681.4
46663.6
57252.8
71524.3
89074.2
108961
132285
158152
187127
218456
252286
287932
325257
363573
402691
441997
481228
519631
557049
592925
627308
660674
692388
722059
749304
773912
795771
814772
831096
844620
855848
864489
871431
875970
879776
880400
881146
878690
877758
874548
871829
867765
863248
858452
853502
848477
843424
838372
833322
828287
823255
818226
813204
808168
803154
798166
793212
788254
783372
778380
773308
768302
763001
757472
752204
746769
741248
735871
730682
725314
720105
715104
709936
704699
699231
693499
687645
681361
674937
668076
661126
653756
646202
638148
629652
620420
610335
599404
587653
575094
561735
547563
532639
516894
500450
483273
465398
446997
427937
408496
388635
368431
348166
327903
307735
288148
269009
250778
233398
217399
202637
189359
177028
167149
158040
151027
144641
140564
135494
134441
133807
130185
132297
136690
141854
147506
153488
159595
165939
171950
177993
183771
189234
194358
199027
199713
203586
206457
207738
209273
211484
213227
212607
212566
212716
212864
212138
211375
210058
208179
206136
204012
201616
199026
196310
193442
190440
187330
184111
180784
177359
173855
170250
166627
162764
99.1782
100.984
102.824
104.71
106.789
109.155
112.118
115.99
121.336
128.421
138.959
151.274
174.672
199.982
238.541
283.145
345.141
429.149
546.764
717.221
959.893
1293.84
1791.52
2129.58
3847.71
4600.16
7053.39
8390.01
11432.7
13786.7
17387.7
21497.2
26702.9
32743.8
39886.6
48006.1
57383.7
67802.4
79527.7
92278.9
106270
121140
137063
153637
170966
188678
206770
225008
243227
261392
279128
296652
313448
329971
346291
362290
377734
392482
406432
419514
431694
442956
453318
462790
471442
479278
486419
492852
498692
504001
508702
512870
516528
519687
522042
523791
525804
524943
524891
526535
525716
525498
525406
526376
525192
524813
525597
524691
524432
523219
521529
519624
516914
514267
510820
507585
503490
499095
493948
488032
480892
472735
463649
453686
442853
431154
418591
405241
391009
376112
360424
344133
327342
309989
292357
274501
256378
238655
220968
203962
187632
172242
157977
144965
133534
122991
114038
106140
101309
96084.2
93090.7
90494.1
88196.6
86492.4
83620.2
86665.6
86581.7
90268.8
96109.6
102187
108517
115060
121714
128497
135189
141873
148340
154609
160342
166698
167500
172864
176565
180589
183103
185432
187793
187387
187689
189136
188274
188509
189406
189104
187866
186718
185704
184148
182367
180496
178379
176078
173645
171046
168285
165379
162358
159161
155952
152300
22.7258
23.0933
23.4389
23.8099
24.1427
24.5557
24.8024
25.2739
25.4737
25.9898
26.1957
26.8518
27.1231
28.1316
28.6099
29.3091
31.1082
31.9153
35.0453
36.312
41.4641
43.503
51.9941
54.5948
70.4266
75.5422
98.6737
108.293
133.164
151.835
176.769
209.682
254.307
314.951
398.267
511.68
667.699
770.805
1301.9
1544.01
2351.87
2769.19
3827.98
4547.07
5831.93
7052.55
8738.02
10721.7
13103.2
15845.5
19015.5
22608.1
26691.2
31257.6
36361.5
41980.2
48138.6
54793.4
61942
69528.6
77520.3
85864.5
94491.6
103386
112437
121673
130930
140294
149559
158862
167956
177084
185895
194667
203548
212446
221274
229861
238174
246283
254011
261319
268213
274820
280780
286423
291596
296422
300709
304519
307870
310920
312776
315004
315905
318152
318826
319361
317999
315775
311339
306046
299907
292960
285130
276448
266936
256654
245518
233768
221170
208271
194691
180994
166896
153171
139261
126399
113626
102363
91415.9
82277.7
74012.6
67096
60828
56294.9
52612.3
48764.2
48825.5
47243.9
47002.2
44173.4
45484.3
44657.4
46075.1
49816.1
54252.3
58920.8
64198
69967.1
76069.8
82418.5
88928.2
95574.7
102261
108991
115640
122213
128358
134808
139419
144485
148818
153287
156442
159285
162172
162649
163031
164716
164076
164874
166312
166661
165274
164939
165455
164481
163484
162621
161252
159676
158000
156068
153916
151586
149108
146372
143641
140219
15.6718
15.7194
15.7666
15.8141
15.862
15.9104
15.9576
16.0064
16.053
16.1024
16.149
16.2004
16.2491
16.305
16.3619
16.4191
16.5037
16.5636
16.6895
16.7636
16.9468
17.0477
17.3191
17.4617
17.8735
18.0996
18.6829
19.0276
19.7827
20.2328
21.2639
21.795
23.39
24.0963
26.6241
27.657
31.5298
32.7247
39.5503
41.8789
51.9437
55.4514
68.73
73.5556
91.1736
97.9628
123.887
134.572
176.693
194.712
266.017
297.306
420.089
475.211
685.238
784.552
1103.41
1270.07
1696.8
1979.47
2512.07
2993.37
3651.54
4467.16
5414.55
6556.73
7835.86
9352.17
11015
12946.3
15030.9
17447.3
20031.2
22970.2
26099.1
29564
33240
37186.6
41365.5
45724.7
50319.6
54997.9
59844.9
64706.2
69622.6
74505.6
79310.5
84179.6
88657.2
93305.9
97285
101402
104831
108261
111000
113863
117110
119799
125446
128799
129174
128112
125598
122337
118177
113389
107999
102093
95814.8
89313.6
82467.7
75770.3
68620.4
62043.3
55184.1
49196
43246.6
38168.6
33388
29623.4
25812.8
23392.6
20935
19499.7
17684.8
16994.9
17578.1
15415.5
15968.1
16172.3
16242.4
16996.8
18546.2
20544.3
23492.6
26979.7
30990.8
35389
40105.4
45175.7
50514.2
56101.2
61902.3
67893.7
74042.4
80324.3
86664.2
93033.4
99193.9
105423
111053
116507
121458
126237
130320
133778
136939
139813
139008
139575
140419
142265
143755
143765
143360
143244
144203
142751
142425
143022
142204
141329
140577
139324
137805
136124
134260
132044
129850
126685
14.7665
14.7698
14.7719
14.7755
14.7788
14.7833
14.7854
14.7904
14.7924
14.7979
14.7997
14.8056
14.8073
14.8134
14.8149
14.8212
14.8227
14.8298
14.8308
14.8381
14.8419
14.8491
14.8586
14.8678
14.8831
14.8978
14.9181
14.941
14.9701
15.0016
15.0405
15.0817
15.1339
15.1888
15.2613
15.3343
15.4457
15.5372
15.7139
15.8414
16.1012
16.2832
16.6469
16.8869
17.3888
17.6888
18.3798
18.7715
19.739
20.3195
21.8444
22.5727
24.9418
25.919
29.4578
30.8179
35.7042
37.5721
43.9369
46.4207
54.637
58.0232
69.232
74.2267
91.0545
98.8531
125.097
137.708
179.85
200.731
269.053
304.237
413.002
471.281
623.665
722.343
926.938
1093.25
1356.53
1632.64
1988.95
2417.43
2902.5
3473.52
4093.73
4821.45
5561.37
6476.82
7305.22
8366.07
9260.55
10350.9
11303.8
12371.7
13297.9
14273.7
15178.2
16317.3
17616.3
18906.7
22224
22664.6
22587.8
22098.9
21197.7
20090.1
18803.8
17354.7
15873.7
14299.1
12744.1
11277.6
9763.05
8534.87
7264.1
6306.49
5397.4
4670.57
4079.87
3703.62
3376.97
3223.28
3046.82
3066.98
3200.43
3226.63
3970.27
3245.11
3307.26
3716.12
4561.05
5778.42
7128.79
8751.18
10680.9
12986.6
15789.5
19153.9
22876.7
26915.9
31165.6
35659.9
40415.3
45427.7
50694.1
56187.7
61855.8
67647.3
73415.9
79230.6
84859.1
90332.3
95530.6
100431
105031
109005
112771
116030
115589
116342
118458
120436
121780
122426
122867
122355
123316
121895
121804
122712
121386
121086
121697
120956
120074
119172
118020
116408
114765
111922
14.6448
14.6404
14.6361
14.6317
14.6274
14.6232
14.619
14.6147
14.6105
14.6063
14.602
14.5977
14.5934
14.589
14.5847
14.5803
14.576
14.5718
14.5675
14.5634
14.5593
14.5553
14.5514
14.5476
14.5439
14.5403
14.5368
14.5333
14.5303
14.527
14.5245
14.5216
14.5198
14.5175
14.5167
14.5155
14.5157
14.5166
14.5188
14.5207
14.5292
14.5343
14.5469
14.5564
14.5738
14.5894
14.6136
14.6353
14.6684
14.698
14.7443
14.7826
14.8441
14.909
14.9933
15.0828
15.1977
15.3177
15.469
15.6264
15.8242
16.0319
16.3004
16.5864
16.9656
17.2959
17.8742
18.278
19.1818
19.665
21.036
21.662
23.6424
24.5097
27.1756
28.3691
31.8663
33.498
38.1199
40.366
46.8216
50.0304
59.3652
63.9647
77.5542
84.1836
104.008
113.824
142.566
156.025
196.746
213.513
268.592
290.574
314.942
393.039
419.362
449.998
531.602
602.469
671.298
928.407
908.117
890.538
856.004
808.463
752.909
683.948
621.5
547.172
487.83
424.875
369.35
330.844
288.636
265.449
234.772
210.864
213.199
213.693
235.016
255.713
294.301
334.308
396.543
477.666
587.925
741.639
956.951
1225.62
1600.26
2083.74
2739.54
3557.71
4565.09
5836.4
7319.03
9156.11
11345.5
13960.7
16894.9
20145.4
23741.6
27670.3
31909.7
36441.1
41221.6
46207.3
51304.9
56496.1
61704
66841.9
71898.9
76708
81408.2
85536.2
90012.4
92350.6
93922.7
95524.2
97671.7
99912.8
100461
101241
101702
102607
103130
101919
101948
102976
101849
101721
102481
101167
100708
100945
100689
99798.3
98560.2
96242.2
14.635
14.6299
14.6248
14.6196
14.6144
14.6092
14.604
14.5987
14.5934
14.5879
14.5825
14.5769
14.5714
14.5658
14.5602
14.5546
14.5489
14.5432
14.5375
14.5318
14.526
14.5203
14.5144
14.5087
14.5028
14.497
14.491
14.4852
14.4792
14.4734
14.4674
14.4616
14.4556
14.4499
14.4439
14.4383
14.4323
14.4267
14.4208
14.4153
14.4096
14.4042
14.3987
14.3934
14.3883
14.3831
14.3785
14.3735
14.3696
14.3647
14.3619
14.3574
14.3556
14.3526
14.3517
14.3502
14.3498
14.3505
14.3523
14.355
14.3595
14.3658
14.3765
14.3889
14.4041
14.4228
14.4435
14.4644
14.5039
14.5139
14.5505
14.5748
14.6217
14.6686
14.7328
14.8029
14.8889
14.9834
15.097
15.2198
15.3715
15.5251
15.7355
15.9187
16.2227
16.4418
16.8827
17.1535
17.7619
18.1094
18.6328
19.5427
20.0876
21.2053
21.862
22.7088
24.3839
24.8649
26.8481
27.486
29.9291
31.2492
34.4419
34.8319
35.5482
35.5018
35.3968
34.2397
35.4389
34.3503
34.6808
33.735
33.7138
33.586
33.4517
33.4354
33.8348
33.9893
36.2451
36.6161
43.33
42.2241
52.7245
51.1983
66.7437
75.5666
104.558
129.675
178.825
233.186
327.519
447.904
625.415
866.82
1198.6
1655.33
2257.13
3043.9
4051.08
5335
6951.89
8957.54
11406.6
14250.8
17394.8
20862.3
24627.4
28662.6
32909.8
37310
41855.3
46423.9
51041.8
55528.7
60019.7
64073.6
68548.5
71301.9
73327.2
75406.4
77738.1
80040.2
81809.6
83348.5
82713.6
83563.7
83249.3
83086.5
83219.4
84231.9
83633.5
83485.3
84233.6
83212.8
82683.5
82433.7
82890.1
82724
81592.8
80083.9
14.6328
14.6276
14.6222
14.6169
14.6115
14.606
14.6006
14.5951
14.5896
14.584
14.5784
14.5727
14.567
14.5612
14.5555
14.5496
14.5438
14.5379
14.532
14.5261
14.5201
14.5142
14.5081
14.5022
14.4961
14.4902
14.484
14.4781
14.4719
14.466
14.4597
14.4537
14.4473
14.4413
14.4349
14.4289
14.4224
14.4163
14.4098
14.4037
14.3971
14.3909
14.3844
14.3781
14.3717
14.3653
14.359
14.3525
14.3464
14.3398
14.3338
14.3273
14.3213
14.3151
14.3092
14.3035
14.2975
14.2924
14.2865
14.2821
14.2764
14.2727
14.2676
14.2645
14.26
14.2575
14.2539
14.2516
14.2485
14.2461
14.2426
14.2403
14.2364
14.234
14.2318
14.2312
14.2311
14.2356
14.2399
14.2589
14.2735
14.3025
14.3235
14.3594
14.3892
14.4272
14.4742
14.5127
14.5805
14.6278
14.7091
14.7803
14.8763
14.9858
15.0904
15.2458
15.3564
15.5692
15.7006
15.9593
16.1383
16.4725
16.7038
17.1176
17.3748
17.8484
18.1371
18.6847
19.0198
19.6742
20.0791
20.8603
21.3557
22.2408
22.8957
23.8087
24.7815
25.6073
27.0314
27.8011
29.4736
30.4821
32.2964
33.6703
35.7748
36.5706
40.7272
41.5609
48.1153
52.7121
72.2282
91.1134
131.068
176.003
257.932
365.876
537.803
769.899
1109.8
1572.88
2208.52
3053.41
4146.36
5551.69
7322.84
9546.06
12150.4
15095.5
18310.7
21763.2
25446.1
29258.7
33211.2
37157.6
41174.8
45027.2
48851.6
52573
55342.6
57501.4
59875.8
62032.8
63865.4
65524.6
64978.1
65201.1
65884.7
65914.2
66232.8
66530.7
67281.6
66657.3
67195
67280.5
66085.6
65767.8
66098.1
66200.2
64606.3
64089.7
14.6322
14.627
14.6216
14.6163
14.6109
14.6056
14.6001
14.5947
14.5891
14.5836
14.578
14.5723
14.5666
14.5609
14.5551
14.5493
14.5434
14.5376
14.5316
14.5257
14.5197
14.5138
14.5077
14.5017
14.4955
14.4896
14.4833
14.4773
14.4709
14.4648
14.4584
14.4523
14.4458
14.4396
14.4331
14.4269
14.4203
14.4141
14.4073
14.4011
14.3943
14.3881
14.3813
14.375
14.3681
14.3617
14.3549
14.3485
14.3416
14.3352
14.3284
14.322
14.3153
14.309
14.3023
14.2963
14.2898
14.2842
14.2778
14.2726
14.2664
14.2618
14.2559
14.2517
14.2466
14.2425
14.2384
14.2342
14.2308
14.2268
14.2222
14.2189
14.2129
14.209
14.2031
14.1979
14.1906
14.1919
14.1895
14.2021
14.211
14.2332
14.247
14.2748
14.2926
14.326
14.3509
14.3892
14.4248
14.4718
14.5187
14.5816
14.6388
14.7276
14.7948
14.9188
14.9987
15.1646
15.2662
15.4786
15.6169
15.8817
16.0717
16.3952
16.6427
17.0383
17.3436
17.8329
18.2003
18.7996
19.2406
19.9516
20.4918
21.2991
21.9569
22.8315
23.6369
24.5073
25.5176
26.319
27.5642
28.3222
29.6949
30.5045
31.972
32.7914
34.4694
35.345
37.2433
38.2393
40.8549
41.8271
46.5393
48.1007
61.1605
75.4802
109.686
148.565
222.66
328.467
497.684
740.909
1097.93
1597.76
2281.22
3192.25
4372.04
5897.87
7839.56
10146.5
12776.2
15628.1
18697.6
21870.8
25216.7
28525.9
31900.6
35155.3
38354.2
41062.2
43643.8
45800.1
47480.3
48852.2
48987
49357.4
50257.7
50819.1
50847.3
51472.1
51429
51948.3
51354
51291.7
51118.3
50755
51000.9
51161.1
49800.8
49125.8
14.6316
14.6263
14.6209
14.6155
14.6101
14.6046
14.5992
14.5936
14.588
14.5824
14.5767
14.571
14.5653
14.5594
14.5537
14.5478
14.5419
14.5359
14.53
14.524
14.518
14.5119
14.5059
14.4997
14.4937
14.4874
14.4813
14.475
14.4688
14.4625
14.4562
14.4499
14.4435
14.4372
14.4307
14.4243
14.4177
14.4113
14.4047
14.3982
14.3915
14.385
14.3781
14.3717
14.3647
14.3583
14.3512
14.3448
14.3376
14.3313
14.3241
14.3179
14.3108
14.3046
14.2976
14.2916
14.2849
14.2791
14.2726
14.2672
14.2608
14.2562
14.2501
14.246
14.2405
14.2369
14.232
14.2292
14.2247
14.2223
14.2177
14.2149
14.2096
14.2054
14.1999
14.1928
14.1844
14.1858
14.1893
14.2007
14.2114
14.2294
14.2432
14.2681
14.2843
14.3178
14.3371
14.3814
14.406
14.4629
14.4963
14.5697
14.6152
14.7098
14.7707
14.8923
14.9742
15.1259
15.2411
15.4222
15.5885
15.8001
16.0311
16.2817
16.5794
16.8888
17.248
17.6411
18.0579
18.5526
19.0355
19.6296
20.1994
20.8797
21.5504
22.2999
23.0756
23.8782
24.7624
25.6046
26.593
27.4422
28.5285
29.3623
30.5154
31.3095
32.4811
33.2157
34.4145
35.1125
36.3666
37.0729
38.4676
39.3142
41.2591
42.2679
45.462
46.654
55.0885
67.7378
98.312
134.205
208.449
312.653
494.152
750.736
1138.73
1671.51
2406.04
3377.89
4638.78
6219.82
8156.35
10324.6
12764.2
15296.9
17984.3
20633.4
23370.9
26035.5
28507.3
30982.5
32734.7
34016.2
35440.8
36207.6
36710.4
37177
37313.1
37715.9
38062.8
37922.8
37716.8
37809
38383.8
37416
37387
37671.6
37093.3
35914.7
14.631
14.6256
14.6203
14.6148
14.6095
14.6039
14.5985
14.5929
14.5874
14.5817
14.5761
14.5703
14.5646
14.5588
14.553
14.5471
14.5413
14.5353
14.5294
14.5233
14.5174
14.5112
14.5052
14.499
14.493
14.4867
14.4806
14.4742
14.468
14.4616
14.4553
14.4488
14.4425
14.4359
14.4295
14.4229
14.4164
14.4097
14.4032
14.3963
14.3898
14.3828
14.3763
14.3692
14.3626
14.3555
14.3489
14.3417
14.3351
14.3279
14.3212
14.3142
14.3074
14.3007
14.2938
14.2874
14.2805
14.2745
14.2677
14.2622
14.2556
14.2507
14.2445
14.2402
14.2345
14.2308
14.2257
14.2227
14.2178
14.2152
14.2101
14.207
14.2004
14.1968
14.188
14.1835
14.1744
14.1764
14.1745
14.186
14.1954
14.2154
14.2277
14.2522
14.2678
14.2988
14.3182
14.3585
14.383
14.436
14.4679
14.5365
14.5792
14.6665
14.7247
14.8339
14.9138
15.0479
15.1595
15.3187
15.4791
15.6624
15.8885
16.1018
16.3992
16.6634
17.0253
17.3699
17.7871
18.2367
18.7104
19.2631
19.8191
20.4488
21.106
21.7904
22.5529
23.2828
24.1384
24.9328
25.8395
26.7061
27.6431
28.5308
29.511
30.3768
31.3415
32.1605
33.071
33.8081
34.6905
35.318
36.1617
36.6973
37.5649
38.0512
38.997
39.5822
40.8908
41.7302
44.0824
45.0315
52.7599
60.6938
91.3955
125.501
203.064
309.073
493.895
757.601
1148.56
1689.93
2417.37
3345.93
4500.59
5874.2
7534.58
9390.18
11383.3
13450.6
15545.3
17612.5
19555.6
21180.2
22888.9
23312.9
23850.8
24816.7
25389.2
25964.7
25876.3
26319.8
25982
25979.3
26337.5
25714
25527.5
25682.8
25624
24184.4
14.6303
14.6251
14.6195
14.6142
14.6086
14.6033
14.5975
14.5922
14.5863
14.5809
14.575
14.5695
14.5635
14.5579
14.5518
14.5462
14.54
14.5343
14.528
14.5223
14.5159
14.5101
14.5037
14.4978
14.4913
14.4854
14.4787
14.4728
14.4661
14.4601
14.4532
14.4472
14.4402
14.4341
14.4271
14.4209
14.4138
14.4075
14.4004
14.3939
14.3869
14.3802
14.3732
14.3662
14.3594
14.3522
14.3454
14.338
14.3314
14.3238
14.3174
14.3097
14.3033
14.2958
14.2893
14.2821
14.2756
14.2688
14.2624
14.2559
14.2499
14.2438
14.238
14.2327
14.2269
14.2225
14.2168
14.2132
14.2075
14.204
14.198
14.1946
14.1863
14.1822
14.1717
14.167
14.1621
14.1671
14.1636
14.1775
14.1814
14.2012
14.2093
14.2336
14.246
14.2764
14.2937
14.3326
14.3566
14.4069
14.4396
14.5006
14.5459
14.6201
14.684
14.7735
14.8634
14.9709
15.0957
15.2252
15.3961
15.553
15.7809
15.9751
16.2649
16.5139
16.8636
17.1875
17.5928
18.0118
18.4654
18.9882
19.5018
20.106
20.7015
21.3585
22.0532
22.7427
23.5396
24.2709
25.1186
25.9226
26.7789
27.6402
28.5165
29.3699
30.2187
31.0637
31.8433
32.6844
33.3989
34.1434
34.7537
35.3567
35.878
36.2351
36.6096
36.9163
37.4375
37.8289
38.5799
39.1176
40.3051
41.1509
43.1365
44.2603
50.3013
58.9498
83.5572
123.669
187.032
293.18
441.749
685.373
1008.56
1479.62
2063.62
2826.06
3714.1
4757.39
5901.4
7204.85
8594.77
10027.9
11438
12698.4
13810.4
14863.5
15056.6
15300.8
15753.2
16101.7
16053.3
16279.4
16071.2
15949.8
15887.8
15804.4
15456.5
14444.6
14.6297
14.6242
14.6189
14.6134
14.608
14.6023
14.5969
14.5912
14.5856
14.5799
14.5742
14.5684
14.5627
14.5568
14.551
14.5451
14.5391
14.5332
14.5271
14.5211
14.5149
14.5089
14.5026
14.4966
14.4901
14.4841
14.4775
14.4714
14.4647
14.4585
14.4517
14.4455
14.4386
14.4323
14.4253
14.4188
14.4119
14.4052
14.3983
14.3913
14.3846
14.3772
14.3707
14.363
14.3565
14.3487
14.3423
14.3343
14.3279
14.3198
14.3135
14.3053
14.2991
14.2908
14.2848
14.2766
14.2708
14.2628
14.2571
14.2494
14.2439
14.2367
14.2314
14.2246
14.2191
14.2134
14.2073
14.2028
14.1961
14.1924
14.1857
14.1821
14.1753
14.1716
14.1634
14.1593
14.1487
14.1445
14.1409
14.1498
14.1533
14.1721
14.1791
14.2027
14.2148
14.2433
14.2613
14.2977
14.3223
14.3663
14.4021
14.4537
14.5039
14.5656
14.636
14.709
14.8084
14.8938
15.032
15.1341
15.3177
15.4477
15.6785
15.8524
16.1311
16.3629
16.695
16.9893
17.3875
17.746
18.2087
18.6512
19.1596
19.7013
20.247
20.8821
21.4741
22.1768
22.8375
23.5686
24.3031
25.0384
25.8051
26.5528
27.3117
28.0324
28.7966
29.5293
30.2824
31.0104
31.6938
32.3464
32.9489
33.5037
34.0248
34.451
34.8906
35.428
35.8567
36.3176
36.8627
37.5887
38.5299
38.806
38.8043
39.3321
39.8768
43.5322
46.0999
56.7992
62.4621
85.1553
100.35
147.074
189.098
288.225
388.15
573.989
784.719
1106.88
1475.63
1967.43
2514.16
3166.62
3860.43
4598.46
5328.91
6032.42
6662.54
7217.04
7663.6
8083.45
8106.24
8159.44
8183.81
8251.5
8186.28
7887.54
7595.88
6960.48
14.6291
14.6235
14.6182
14.6126
14.6072
14.6015
14.5961
14.5903
14.5848
14.5789
14.5734
14.5674
14.5618
14.5558
14.5501
14.5439
14.5382
14.532
14.5262
14.5199
14.514
14.5076
14.5016
14.4951
14.489
14.4825
14.4763
14.4697
14.4634
14.4567
14.4503
14.4435
14.4371
14.4301
14.4236
14.4164
14.41
14.4026
14.3961
14.3885
14.3821
14.3742
14.3678
14.3598
14.3533
14.3453
14.3386
14.3305
14.3238
14.3157
14.309
14.3008
14.2943
14.2859
14.2796
14.2711
14.2651
14.2567
14.2509
14.2428
14.2372
14.2294
14.224
14.2168
14.2114
14.205
14.1994
14.194
14.1883
14.1837
14.178
14.1738
14.1679
14.1643
14.1582
14.1527
14.1408
14.1389
14.1302
14.1356
14.1419
14.1567
14.1649
14.1863
14.1959
14.2233
14.2369
14.2706
14.2904
14.3342
14.3613
14.4186
14.4539
14.527
14.5734
14.6675
14.7297
14.8477
14.9342
15.0777
15.1989
15.3707
15.536
15.7428
15.9584
16.2103
16.4781
16.7874
17.1075
17.4816
17.8594
18.2999
18.7391
19.2469
19.7537
20.3225
20.8995
21.5237
22.1634
22.8342
23.526
24.227
24.9702
25.7013
26.4684
27.2162
27.9995
28.7422
29.4846
30.1944
30.8461
31.4653
32.0407
32.566
33.0323
33.4373
33.8594
34.161
34.5599
34.8874
35.176
35.4707
35.8233
36.2763
36.684
38.1075
38.8703
42.2484
43.8988
51.8592
55.8181
71.2396
79.3457
104.232
118.82
162.494
186.524
245.548
282.648
370.448
439.214
573.105
691.032
890.711
1080.05
1349.22
1600.03
1913.12
2205.81
2527.93
2809.33
3086.24
3286.47
3460.28
3583.29
3627.96
3631.99
3618.9
3573.06
3387.52
14.6283
14.623
14.6174
14.612
14.6063
14.6009
14.5951
14.5896
14.5838
14.5782
14.5723
14.5667
14.5606
14.555
14.5488
14.5431
14.5369
14.531
14.5248
14.5188
14.5125
14.5064
14.5
14.4938
14.4873
14.4811
14.4745
14.4681
14.4614
14.4549
14.4481
14.4415
14.4346
14.4279
14.4209
14.4141
14.4069
14.4
14.3927
14.3857
14.3783
14.3712
14.3636
14.3565
14.3487
14.3416
14.3336
14.3266
14.3184
14.3115
14.3032
14.2962
14.288
14.2808
14.273
14.2655
14.2581
14.2505
14.2435
14.2359
14.2292
14.2221
14.2155
14.2091
14.2027
14.197
14.1908
14.186
14.1798
14.1756
14.1697
14.166
14.1598
14.156
14.1486
14.1432
14.1364
14.1258
14.124
14.1254
14.1332
14.1402
14.1531
14.1649
14.1817
14.1993
14.2201
14.2447
14.2709
14.3039
14.3373
14.3812
14.4239
14.4817
14.5365
14.612
14.6822
14.7795
14.8701
14.9932
15.1109
15.2636
15.4166
15.6029
15.799
16.0251
16.2697
16.5438
16.8412
17.1722
17.5271
17.9239
18.3402
18.8079
19.2937
19.8266
20.3915
20.9825
21.6275
22.2702
22.9875
23.6702
24.4457
25.1524
25.9531
26.664
27.4288
28.1252
28.811
29.4546
30.0556
30.6076
31.1276
31.5432
31.9935
32.3712
32.7161
33.0405
33.3898
33.7769
33.9872
34.3348
34.662
35.4466
36.0639
38.2792
39.4988
45.5541
48.8777
61.1145
67.6332
87.674
98.585
127.069
146.131
185.948
196.296
237.799
260.333
321.767
355.976
433.425
482.577
590.795
651.443
761.641
821.187
949.858
1035.04
1193.28
1302.4
1485.2
1595.63
1786.92
1890.52
2078.39
2167.53
2369.12
2442.75
2684.04
14.6278
14.6224
14.6168
14.6113
14.6057
14.6002
14.5944
14.5889
14.5831
14.5774
14.5716
14.5659
14.5599
14.5541
14.5481
14.5422
14.5361
14.5301
14.524
14.5178
14.5117
14.5054
14.4992
14.4927
14.4865
14.4799
14.4736
14.4668
14.4604
14.4535
14.447
14.44
14.4333
14.4262
14.4194
14.4122
14.4052
14.3979
14.3907
14.3833
14.376
14.3685
14.3611
14.3534
14.346
14.3381
14.3307
14.3226
14.3153
14.307
14.2997
14.2913
14.284
14.2757
14.2684
14.2601
14.253
14.2446
14.2378
14.2295
14.223
14.215
14.2087
14.2011
14.1949
14.188
14.1818
14.1756
14.1696
14.1642
14.1583
14.1541
14.148
14.1444
14.1386
14.1337
14.1283
14.1204
14.1105
14.1094
14.1149
14.1202
14.1322
14.1419
14.1588
14.173
14.1953
14.2142
14.2432
14.2682
14.3052
14.3391
14.3856
14.4322
14.4901
14.5531
14.6263
14.7091
14.8022
14.9091
15.0276
15.163
15.3141
15.4822
15.6745
15.8797
16.1206
16.3701
16.6652
16.9672
17.3206
17.6853
18.0993
18.5345
19.0129
19.5212
20.066
20.6458
21.253
21.8907
22.5551
23.2321
23.941
24.6445
25.3653
26.0683
26.771
27.4541
28.1047
28.7464
29.3311
29.8938
30.4205
30.8722
31.3348
31.7127
32.1119
32.4782
32.7896
33.1092
33.3251
33.7497
34.1744
35.1715
35.916
38.7316
40.4184
47.6802
51.7261
65.7072
73.1913
95.0353
106.602
137.739
155.388
194.739
221.99
277.73
309.681
381.521
412.705
491.396
541.603
627.838
657.434
730.688
761.653
858.668
915.562
1046.24
1117.74
1289.14
1373.97
1572.65
1675.59
1936.14
2048.19
2446.81
2545.32
3621.18
14.6274
14.622
14.6163
14.6109
14.6052
14.5997
14.5939
14.5883
14.5825
14.5768
14.5709
14.5652
14.5592
14.5534
14.5473
14.5414
14.5353
14.5293
14.523
14.5169
14.5106
14.5044
14.4979
14.4916
14.485
14.4787
14.4719
14.4655
14.4586
14.4521
14.445
14.4384
14.4311
14.4244
14.417
14.4102
14.4026
14.3957
14.3879
14.3809
14.373
14.3659
14.3578
14.3505
14.3424
14.335
14.3268
14.3192
14.3109
14.3033
14.2949
14.2872
14.2788
14.2711
14.2628
14.255
14.2469
14.239
14.2312
14.2234
14.2159
14.2081
14.2011
14.1936
14.187
14.1801
14.1738
14.1679
14.1619
14.1573
14.1517
14.1482
14.1434
14.1406
14.1362
14.1326
14.1271
14.1228
14.1169
14.107
14.1023
14.1048
14.1107
14.1224
14.1356
14.1498
14.1697
14.1863
14.214
14.2348
14.2718
14.2997
14.3471
14.3862
14.4454
14.5
14.5735
14.6481
14.7389
14.8391
14.9506
15.0823
15.2196
15.3881
15.5585
15.7685
15.9793
16.238
16.4943
16.8119
17.1178
17.5035
17.8653
18.3233
18.7513
19.2797
19.7797
20.3773
20.9426
21.6037
22.2269
22.939
23.6098
24.3544
25.0562
25.8056
26.5151
27.2407
27.9244
28.6006
29.2325
29.824
30.4053
30.8819
31.4058
31.8018
32.274
32.6743
33.0997
33.5041
33.8308
34.5775
35.3224
37.2393
38.7523
43.536
46.7822
56.9519
63.2737
80.6351
90.6699
116.865
130.977
167.198
186.217
232.538
258.585
317.295
348.095
424.186
458.532
546.511
593.263
689.938
742.415
873.373
933.061
1073.11
1153.38
1346.18
1444.48
1692.67
1832.91
2194.18
2399.73
2958.78
3297.86
4319.51
4583.41
8032.93
14.6271
14.6217
14.616
14.6106
14.6049
14.5995
14.5937
14.5882
14.5823
14.5768
14.5708
14.5652
14.5592
14.5535
14.5474
14.5417
14.5355
14.5297
14.5233
14.5174
14.511
14.505
14.4984
14.4923
14.4856
14.4794
14.4725
14.4662
14.4591
14.4527
14.4455
14.439
14.4315
14.4249
14.4173
14.4106
14.4028
14.3959
14.3879
14.3809
14.3727
14.3656
14.3573
14.3501
14.3416
14.3342
14.3256
14.3182
14.3095
14.3019
14.2932
14.2855
14.2769
14.269
14.2605
14.2526
14.2443
14.2363
14.2282
14.2204
14.2125
14.2048
14.1973
14.1899
14.1827
14.176
14.1692
14.163
14.1567
14.1514
14.1457
14.1412
14.1364
14.1327
14.1285
14.1258
14.1216
14.1166
14.1124
14.1053
14.0953
14.0998
14.0993
14.1129
14.1178
14.1376
14.1475
14.174
14.1891
14.2242
14.245
14.2913
14.3194
14.3785
14.4161
14.4915
14.5417
14.6381
14.7042
14.8273
14.9126
15.0694
15.1781
15.3759
15.5131
15.76
15.9315
16.2375
16.4465
16.8293
17.0761
17.548
17.839
18.4051
18.7554
19.4052
19.8435
20.577
21.0807
21.9208
22.4818
23.4226
24.0402
25.0691
25.7506
26.8329
27.6089
28.6836
29.5925
30.6193
31.6895
32.6339
33.8968
34.7385
36.2121
37.0325
38.7496
39.5954
41.5795
42.6446
44.9973
46.8429
49.6572
54.4477
58.4812
68.4874
75.3198
91.4857
102.455
126.261
142.099
176.357
197.335
244.124
271.004
331.879
365.811
444.772
486.624
588.258
641.866
771.652
841.477
1014.18
1108.03
1342.29
1474.14
1804.9
1996.01
2472.92
2756.13
3462.37
3889.15
4921.54
5608.59
7097.94
8174.67
10557.8
11568.6
18786.8
14.627
14.6214
14.6159
14.6102
14.6047
14.5989
14.5934
14.5875
14.5819
14.5759
14.5702
14.5641
14.5584
14.5522
14.5464
14.5402
14.5343
14.528
14.522
14.5155
14.5095
14.5029
14.4968
14.4901
14.4838
14.477
14.4707
14.4637
14.4573
14.4502
14.4436
14.4363
14.4296
14.4222
14.4154
14.4078
14.4008
14.393
14.386
14.3781
14.3708
14.3628
14.3553
14.3473
14.3396
14.3315
14.3237
14.3155
14.3075
14.2993
14.2913
14.2829
14.275
14.2664
14.2587
14.25
14.2425
14.2337
14.2265
14.2178
14.2109
14.2023
14.1958
14.1875
14.1815
14.1735
14.1681
14.1605
14.1557
14.1486
14.1443
14.1378
14.1339
14.1283
14.1247
14.12
14.1164
14.111
14.1072
14.103
14.0968
14.0977
14.0989
14.1132
14.1184
14.1429
14.1559
14.1874
14.2071
14.2521
14.2749
14.3323
14.3637
14.4362
14.4773
14.5731
14.6261
14.7496
14.8188
14.9785
15.0681
15.2735
15.3889
15.651
15.7982
16.1299
16.3166
16.7348
16.9702
17.4942
17.7893
18.4414
18.8081
19.6168
20.0679
21.0673
21.6168
22.8522
23.5114
25.04
25.8363
27.7021
28.6907
30.9338
32.1799
34.8208
36.5549
39.3608
42.0135
44.8369
48.6467
51.4301
56.6158
59.4297
66.0545
69.2848
77.3377
81.2898
91.072
95.9061
107.95
114.286
130.072
139.91
160.254
174.075
202.581
220.9
262.28
288.312
345.814
381.346
461.712
510.563
615.692
705.931
818.549
993.163
1114.23
1396.82
1560.34
1972.9
2212.04
2814.09
3166.58
4028.76
4536.83
5738.37
6459.35
8037.23
9060.01
11020.4
12385.2
14717.7
16451.5
19171.2
21230.6
24803
26289.5
35277.4
14.6275
14.6222
14.6167
14.6113
14.6058
14.6004
14.5948
14.5893
14.5838
14.5782
14.5726
14.5669
14.5612
14.5555
14.5497
14.5438
14.5379
14.532
14.526
14.5199
14.5137
14.5075
14.5013
14.4949
14.4885
14.482
14.4754
14.4688
14.462
14.4553
14.4483
14.4415
14.4343
14.4274
14.4201
14.4129
14.4056
14.3982
14.3907
14.3833
14.3756
14.3681
14.3602
14.3528
14.3447
14.3372
14.3291
14.3216
14.3134
14.306
14.2978
14.2904
14.2825
14.275
14.2675
14.26
14.253
14.2457
14.2393
14.2322
14.2264
14.2199
14.2147
14.2091
14.2047
14.2
14.1966
14.1931
14.1907
14.1867
14.1856
14.1819
14.1832
14.1836
14.1868
14.1886
14.1951
14.1989
14.2104
14.2176
14.2366
14.2495
14.2763
14.3029
14.3296
14.3799
14.4066
14.4743
14.5125
14.5984
14.6462
14.76
14.8236
14.9678
15.0495
15.2387
15.3447
15.5867
15.7241
16.0392
16.217
16.6237
16.855
17.3837
17.685
18.3722
18.7675
19.6649
20.186
21.3611
22.051
23.5979
24.5097
26.5617
27.7546
30.5072
32.0431
35.7695
37.7428
42.7506
45.3711
51.9417
55.492
63.9989
68.8735
79.4063
86.84
98.6123
110.503
123.356
140.386
154.898
177.704
194.586
224.263
243.735
282.335
304.356
353.96
380.289
441.99
476
554.114
597.215
701.882
754.821
901.884
975.934
1175.26
1295.91
1560.13
1738.51
2115.22
2369.53
2913
3284.22
4017.04
4669.89
5563.41
6615.01
7722.09
9218.56
10591
12526.4
14177.1
16477.7
18350.4
20860.2
22828.6
25380.4
27324.8
29799.2
31638.9
33974.6
35742.1
37985.4
39761.3
42414.3
43835.3
51136.6
14.6261
14.6207
14.6149
14.6095
14.6036
14.5981
14.5922
14.5866
14.5806
14.575
14.569
14.5632
14.5573
14.5514
14.5455
14.5395
14.5336
14.5275
14.5216
14.5155
14.5096
14.5033
14.4974
14.4911
14.4852
14.4788
14.473
14.4665
14.4607
14.4542
14.4485
14.4419
14.4363
14.4298
14.4243
14.4178
14.4126
14.4062
14.4012
14.395
14.3904
14.3845
14.3803
14.3749
14.3711
14.3664
14.3631
14.3594
14.3567
14.3541
14.3524
14.351
14.3506
14.3506
14.3522
14.353
14.3577
14.3597
14.3674
14.371
14.3826
14.3883
14.4041
14.4127
14.4333
14.4446
14.4722
14.4862
14.5223
14.5399
14.5858
14.608
14.6651
14.693
14.7638
14.7983
14.886
14.9283
15.0366
15.0887
15.2216
15.288
15.447
15.5402
15.7122
15.8725
16.023
16.2922
16.4332
16.7804
16.9708
17.3963
17.6354
18.1771
18.4885
19.1749
19.5742
20.4606
20.979
22.1341
22.8084
24.3297
25.2189
27.2392
28.422
31.1293
32.7202
36.3716
38.531
43.4822
46.428
53.1729
57.1847
66.4289
71.8465
84.5948
91.8526
109.375
119.19
142.913
156.473
187.908
206.49
247.788
273.045
324.971
364.174
424.804
482.042
554.789
633.942
723.899
829.484
943.187
1081.67
1225.41
1407.31
1586.95
1829.04
2050.96
2378.94
2652.5
3103.57
3446.31
4070.39
4512.91
5369.89
5957.08
7109.82
7909.44
9409.76
10516.5
12395.4
13911.3
16148.7
18127.2
20654.7
23041.3
25725.7
28375.8
31022
33682
36072
38524.4
40522.9
42624.9
44196.8
45908.5
47129
48476.6
49477
50668.5
51433.9
52519
53245.3
54340.7
55150.6
56828.4
57693.8
63026
14.635
14.6298
14.6256
14.6203
14.6162
14.6109
14.6069
14.6015
14.5977
14.5923
14.5886
14.5832
14.5797
14.5743
14.5711
14.5659
14.5629
14.5581
14.5554
14.5511
14.5489
14.5453
14.5436
14.5411
14.5401
14.5387
14.5389
14.5388
14.5409
14.5416
14.5464
14.5482
14.556
14.5594
14.5707
14.5759
14.5913
14.5986
14.619
14.6286
14.6551
14.6672
14.7006
14.7158
14.7569
14.7762
14.8242
14.8516
14.9049
14.9414
15.003
15.0467
15.1216
15.1692
15.2633
15.3124
15.4288
15.4838
15.6187
15.6834
15.8418
15.9152
16.099
16.1873
16.397
16.5012
16.7435
16.8658
17.1461
17.2879
17.6162
17.7813
18.1649
18.3536
18.8114
19.0271
19.5741
19.8263
20.4783
20.7749
21.5583
21.9201
22.8542
23.3215
24.3928
25.1098
26.1712
27.4423
28.3329
30.2768
31.3011
33.6707
34.9958
38.1033
39.7769
43.7659
45.9387
51.1822
54.0257
60.921
64.677
73.8612
78.8398
91.1572
97.7855
114.424
123.294
145.805
157.752
188.143
204.318
245.25
267.233
322.407
352.321
426.43
467.309
565.29
623.533
751.452
835.512
1000.09
1120.26
1331.3
1502.9
1771.24
2013.99
2355.64
2693.48
3131.33
3593.19
4160.83
4781.42
5516.55
6330.66
7270.42
8318.37
9502.49
10830.3
12304.7
13964.3
15765.6
17813.5
19968.4
22432.4
24939.4
27777.8
30561.3
33659.8
36575.3
39750.1
42604.2
45689
48326.3
50996.6
53256.8
55371.7
57073.7
58660.5
59916.3
60973.7
61885.5
62556.3
63221.8
63618.4
64108.5
64339.1
64673.9
64874.1
64872.6
65704.6
65956
65785.6
65920.4
65990.9
66322.5
66427.9
67613.6
67733.7
72286.7
14.657
14.6552
14.6548
14.6543
14.6557
14.6562
14.6601
14.6621
14.6691
14.6733
14.6842
14.6909
14.7072
14.7171
14.7401
14.7541
14.7851
14.8035
14.8451
14.8673
14.9233
14.9505
15.0219
15.056
15.1445
15.1861
15.2948
15.3457
15.4771
15.5381
15.6954
15.7673
15.9536
16.0391
16.2564
16.3572
16.609
16.726
17.0171
17.1504
17.4866
17.6371
18.0227
18.1932
18.6319
18.8252
19.322
19.5398
20.1007
20.3478
20.9779
21.2553
21.9649
22.2754
23.0749
23.4245
24.3184
24.7258
25.7171
26.1837
27.3053
27.8314
29.1088
29.6941
31.1669
31.818
33.5225
34.2624
36.2377
37.0799
39.3933
40.3722
43.092
44.2548
47.4716
48.8697
52.7167
54.4013
59.0645
61.1164
66.812
69.3871
76.3358
79.6728
88.0006
92.8542
102.096
109.967
119.677
131.522
142.213
158.922
171.151
193.853
208.561
238.596
257.241
296.084
320.774
370.352
403.684
466.87
511.862
593.11
653.452
758.97
839.503
977.851
1085.18
1267.65
1412
1652.75
1850.74
2166.32
2442.32
2852.24
3238.59
3768.8
4302.91
4990.67
5711.36
6605.9
7552.7
8707.05
9926.06
11390.6
12938.3
14765.4
16704.9
18944.2
21340.4
24042
26913.1
30046.6
33319.3
36787.2
40356
44016.4
47737.4
51463.8
55111
58718.8
62185.6
65443.3
68473
71149.5
73539.6
75463.5
77065.5
78273.6
79138.3
79793.3
81011
81268.9
81473.9
82073.2
81692
81994.5
81947.8
81527.3
81064.7
80706.7
80217.6
79815.5
79255.5
78831.1
78263.2
77832.3
77300.4
76841.4
76420.1
76053.3
75633.7
75328.5
75022.5
74930.9
74818.5
75151.3
75244.7
79602.7
15.2003
15.2381
15.3429
15.3955
15.5327
15.6008
15.7812
15.8693
16.1014
16.2129
16.5064
16.6559
17.0149
17.2071
17.6531
17.8946
18.4386
18.7339
19.3997
19.7468
20.5606
20.95
21.9457
22.3932
23.5684
24.0894
25.4538
26.0628
27.6303
28.3273
30.1219
30.9039
32.949
33.825
36.135
37.1232
39.7025
40.8131
43.688
44.9125
48.1278
49.4643
53.052
54.5149
58.4996
60.1117
64.5235
66.2957
71.1919
73.1432
78.5671
80.7747
86.7421
89.2298
95.8759
98.6768
106.031
109.496
117.312
121.819
130.157
135.766
145.04
151.634
162.436
169.905
182.971
191.25
207.423
216.618
236.751
247.275
272.153
284.856
315.176
331.392
367.804
389.364
432.595
461.759
512.797
552.139
612.454
664.811
736.551
804.989
891.362
979.431
1084.63
1196.95
1326.63
1469.46
1630.78
1812.47
2014.43
2246.32
2500.8
2796.81
3120.16
3497.4
3908.56
4390.24
4912.89
5532.39
6194.23
6988.76
7823.55
8830.88
9876.87
11145.8
12450.6
14035.6
15657.1
17608.5
19608.5
21963.7
24406.8
27191.9
30126.9
33356.1
36784.5
40451.4
44306.4
48361
52543.5
56882.5
61285.1
65787.1
70281.7
74791.4
79273.7
83618
87756
91613.9
95119.9
98247.5
100933
103171
105195
106685
107898
109216
110393
110910
111144
111708
111441
110769
109846
108880
107843
106811
105743
104694
103577
102477
101309
100193
98957.3
97868.8
96602.4
95510.1
94258.9
93183.2
91958.9
90954.7
89872.9
88972.1
88025.4
87228.9
86451.2
85777.7
85118.3
84564.8
84037.1
83726.6
83227.5
83424
83664.1
87910.4
23.6746
24.3721
26.4353
27.3692
30.0862
31.3296
34.7877
36.3812
40.7277
42.7167
48.1194
50.6406
57.1461
60.2964
68.1591
71.9533
81.3429
85.7701
96.9788
102.077
115.232
121.012
136.305
142.714
160.355
167.481
187.45
195.422
217.668
226.637
250.92
261.502
287.011
300.193
326.458
342.276
369.636
387.749
416.848
436.735
468.394
489.545
524.544
546.721
585.601
609.08
652.01
677.67
724.516
753.746
804.299
838.825
893.062
934.843
993.097
1044.31
1107.48
1170.35
1240.35
1317.07
1396.73
1490.03
1583.35
1697.5
1809.92
1950.3
2089.08
2261.75
2436.55
2648
2870.99
3128.4
3413.71
3726.16
4088.38
4468.09
4921.2
5384.45
5941.39
6507.99
7180.87
7872.36
8675.68
9512.74
10464.2
11468.6
12588
13783.1
15092.4
16505.1
18027.6
19686.2
21453.6
23373.2
25416.3
27619.3
29964.8
32476.4
35149.1
37980.6
40994
44170.2
47562.2
51134
54876.9
58828.7
62882.2
67134.1
71474.8
76018.2
80611.5
85378.9
90129.5
95035.6
99838.9
104734
109501
114251
118847
123295
127541
131529
135236
138659
141753
144567
147107
149413
151478
153373
155214
156593
157778
158718
159673
159820
159369
158947
158390
157695
156620
155688
154348
153064
151339
149344
147101
144863
142278
139813
136984
134499
131651
129314
126555
124385
121782
119830
117363
115647
113328
111806
109703
108348
106461
105262
103671
102635
101286
100424
99436.1
98664.1
97785.6
97186.2
96656.9
95929.2
95803.8
96344.9
96668.2
101688
242.748
262.605
326.004
353.488
434.936
470.312
571.749
618.328
736.72
802.44
935.971
1022.77
1171.57
1280.64
1444.48
1575.9
1754.38
1906.77
2099.99
2270.12
2478.99
2662.83
2888.09
3082.22
3324.05
3526.56
3784.46
3995.48
4268.52
4490.3
4777.58
5014.26
5315.65
5572.6
5889.73
6172.72
6510.1
6824.62
7190.3
7541.45
7947.07
8340.29
8800.31
9242.99
9773.36
10276.9
10893.7
11475
12194
12876.4
13713.6
14525.8
15499.2
16473.6
17605.8
18775.9
20095.1
21494.3
23033.8
24695.7
26490.7
28450.1
30557.2
32866.9
35329.5
38029.2
40875.5
43988.3
47237
50764.7
54428.9
58350.9
62438.3
66717.4
71220.6
75815.2
80702.4
85578.5
90786.2
95914.2
101353
106704
112291
117812
123479
129111
134806
140500
146141
151787
157342
162944
168338
173699
178835
183879
188738
193447
197951
202308
206405
210495
214457
218250
221708
225039
227909
230680
233349
235826
238177
240203
242193
244058
245705
247368
248993
250478
251938
253209
254338
255201
255854
256293
256410
256413
256364
256203
255807
255381
254734
253481
251762
249656
247016
243978
240479
236766
232763
228783
224416
220177
215664
211176
206558
201885
197009
192280
187260
182578
177500
173095
168238
164315
159805
156385
152312
149415
145704
143307
139950
138004
135061
133429
130995
129620
127742
126460
124979
123938
123276
121644
120901
120595
120386
120432
120930
122058
122449
130414
11645.3
13215.8
15226.6
17073.7
19373.6
21478.2
24056
26424.2
29265.3
31900
34983.6
37883.8
41183.9
44340.7
47829.4
51225.4
54877.3
58488.7
62284.8
66085
70015.2
73980.2
78044.5
82157.4
86366.1
90621.9
94994.4
99403.2
103968
108555
113348
118157
123219
128308
133686
139127
144876
150746
156929
163306
169997
176954
184230
191834
199771
208080
216744
225805
235239
245084
255302
265936
276919
288306
299999
312051
324355
336925
349695
362606
375628
388629
401513
414203
426546
438557
450008
461025
471307
481076
490001
498337
505815
512595
518637
523810
528498
532096
535521
537740
540009
541075
542365
542444
542353
542141
541625
541259
539121
538481
536510
535859
534777
532513
531307
528462
527675
525198
524885
522826
521774
521544
521184
522000
519991
520446
518688
519459
518672
518940
518801
517232
516644
516751
515328
514921
515015
513808
512970
511948
509943
507222
504032
500299
496078
491395
486219
480631
474512
468132
461174
453702
445437
436527
426841
416746
406152
395423
384434
373608
362529
351743
340913
330355
319882
309665
299479
289828
280071
271190
261944
254053
245622
238960
231443
226017
219466
215199
209449
206275
201240
199079
194646
193194
189942
188813
186668
184627
183424
182970
182285
182057
181766
182864
183708
185098
186406
188469
192215
207868
301857
326861
352863
379815
407557
436024
465007
494437
524059
553810
583396
612774
641625
669933
697375
723966
749399
773723
796664
818298
838402
857069
874145
889715
903712
916199
927188
936726
944880
951698
957272
961662
964968
967262
968646
969198
969020
968185
966802
964931
962691
960117
957347
954383
951384
948320
945364
942471
939804
937338
935173
933376
931895
930993
930349
930540
930864
932290
934193
936776
939503
943187
947472
952328
957721
963609
969902
976587
983483
990654
997812
1.00511e+06
1.01218e+06
1.0192e+06
1.0259e+06
1.03223e+06
1.0383e+06
1.04364e+06
1.04879e+06
1.05298e+06
1.057e+06
1.05988e+06
1.06274e+06
1.06475e+06
1.06634e+06
1.06717e+06
1.06742e+06
1.06709e+06
1.06608e+06
1.06471e+06
1.06286e+06
1.06084e+06
1.05784e+06
1.05486e+06
1.05087e+06
1.04708e+06
1.0425e+06
1.03799e+06
1.03282e+06
1.02794e+06
1.02241e+06
1.01786e+06
1.01289e+06
1.00755e+06
1.00144e+06
995245
987972
981096
974398
966938
958961
950295
941641
932232
922352
912749
902406
891811
880589
868730
856136
842886
828937
814493
799494
784175
768541
752813
736942
721382
705711
690018
673952
657662
641047
624434
607785
591517
575491
560266
545342
531399
518025
505379
493573
482306
471820
461936
452612
443918
435508
428077
420844
414969
409030
404766
400224
397388
393893
392378
389822
389238
386108
387611
387033
387771
386795
387581
388951
388628
390153
388950
389505
387419
387122
384088
380401
370364
361927
311507
292964
306108
315065
319868
324398
327024
329760
332426
335498
338917
342470
346738
350709
355597
361985
369807
379437
390420
405609
421488
449505
470939
520406
546108
625865
131818
131678
132113
132580
132991
133346
133454
133738
133865
134297
134707
135278
135770
136383
137374
138698
140574
142754
146163
149796
156503
162600
173667
184524
199642
103437
102414
101615
101346
100739
100570
99967.2
99801.1
99211
99153.2
98960
98785.6
98625.7
98283.3
98324.3
98546.3
99053.4
99802.2
101225
102993
106253
110095
115353
122735
129903
95234.6
93987.7
92836.5
91970.9
91106.6
90435.2
89652.2
89034.1
88292.8
87739.1
87199.7
86658
86210.1
85699.2
85456.3
85343.1
85279.2
85541.5
86189.4
87369.2
89467.2
92634.2
96043.8
102240
107022
93448.9
92136.5
90827
89676.4
88594.8
87633.6
86656.6
85769.6
84852.5
84017
83221.1
82433.7
81732.9
81042.8
80500.2
80085.5
79897.6
79873.1
80082.9
80966.2
82504.1
85359.3
87940
93521.2
97109.8
94686.5
93329.5
91916.9
90580.6
89311.9
88126.3
86959
85852.2
84751.6
83702.3
82694.5
81704.3
80787.4
79914.4
79147.4
78519.2
78071.7
77863.2
77856.5
78511.2
79724.4
82372.5
84514.1
89645.1
92449
97720.3
96307.3
94804.6
93322.3
91886.2
90507
89155.4
87849.7
86563.9
85316
84104.7
82916.8
81789.9
80720.8
79741.5
78912
78225.3
77795.6
77609.9
78102.1
79089.7
81561.5
83443
88194.3
90365
101945
100457
98860.6
97244.7
95649.9
94091.3
92558.7
91062.3
89589.1
88146.6
86734.9
85348.5
84013.1
82739.1
81547.3
80514.5
79591.5
78950.8
78531.8
78904.6
79695.1
81978.4
83681.2
88063
89681.5
107035
105436
103734
101983
100231
98497.9
96784.7
95099.7
93436.2
91797.6
90183.6
88593.4
87045.3
85557
84145.2
82900.2
81736.6
80894.1
80205.3
80466.5
81055.9
83137.3
84703.2
88677.8
89769.9
112770
111029
109197
107302
105389
103481
101585
99710.5
97852.8
96014.3
94193.5
92392.2
90624.5
88911.6
87269.3
85800.3
84388.6
83349.3
82359.2
82498.1
82864.7
84729.4
86175.1
89680.6
90310.2
118976
117067
115079
113027
110946
108859
106778
104710
102654
100611
98577.2
96556.8
94561
92613
90729.2
89023.1
87354.8
86111.6
84808
84799.4
84910.1
86543.6
87868.9
90822.9
91072.1
125503
123405
121240
119016
116757
114487
112216
109952
107692
105438
103186
100938
98705.3
96512.1
94375.8
92419
90487.1
89026.6
87414.5
87212.3
87043.9
88430.7
89615.2
91931
91916.2
132215
129911
127552
125140
122696
120236
117770
115305
112838
110368
107890
105408
102930
100482
98083.3
95863
93662.4
91964.3
90078.5
89590.9
89175.3
90281
91284.3
92894.3
92739.2
138981
136459
133892
131281
128643
125988
123324
120654
117975
115284
112575
109852
107121
104411
101742
99247.1
96774
94814.9
92735.6
91974.9
91159.8
92013.5
92772.1
93836.6
93443.8
145675
142926
140142
137326
134488
131634
128767
125889
122995
120079
117136
114166
111178
108199
105254
102475
99726.6
97489.1
95194.7
94139.3
92966
93541.1
94000.9
94627.9
93959.2
152172
149193
146188
143164
140123
137067
133996
130909
127797
124655
121473
118254
115005
111755
108529
105463
102436
99908.9
97386.1
96025.6
94534.3
94787.5
94909.1
95193.7
94233.4
158351
155144
151922
148689
145445
142187
138912
135615
132286
128916
125496
122028
118517
114995
111489
108134
104829
102007
99244
97574.6
95828.6
95676.4
95442.5
95489.4
94218.1
164095
160668
157234
153798
150354
146897
143421
139916
136372
132777
129121
125406
121636
117846
114063
110423
106840
103726
100714
98738.3
96833
96348.5
95737.4
95483.4
93880.1
169290
165656
162022
158391
154754
151104
147431
143725
139970
136156
132270
128313
124291
120240
116189
112271
108418
105019
101750
99474.2
97334
96574
95591.4
95144.9
93211
173827
170004
166185
162372
158554
154721
150861
146961
143005
138980
134874
130686
126422
122122
117814
113632
109517
105839
102310
99765.8
97365.9
96348.7
95011.9
94416.4
92207.3
177602
173612
169628
165650
161666
157664
153630
149550
145405
141183
136869
132464
127975
123442
118889
114454
110091
106169
102403
99600.4
96926.6
95667.7
94001.9
93283.8
90858.1
180513
176384
172260
168139
164009
159857
155667
151424
147108
142705
138197
133590
128891
124142
119379
114731
110154
106001
102002
98962.5
96024.5
94535.4
92572.6
91750.3
89171.2
182459
178223
173987
169750
165497
161216
156891
152503
148035
143471
138804
134031
129160
124236
119287
114446
109669
105314
101106
97852.3
94672
92964.1
90741.5
89829.5
87150.3
183321
179021
174713
170399
166061
161687
157260
152764
148179
143492
138691
133776
128758
123683
118576
113575
108632
104106
99720.4
96278.3
92887.7
90974
88533
87541.9
84816.8
183066
178748
174411
170057
165669
161235
156739
152163
147491
142709
137806
132785
127656
122467
117240
112116
107045
102386
97857.7
94256.8
90694.2
88590.7
85976.4
84912.7
82187.8
181596
177314
172998
168651
164257
159803
155276
150659
145937
141097
136131
131043
125844
120583
115281
110077
104921
100167
95537.8
91810.5
88119.4
85845.2
83106.7
81969.4
79297.5
178846
174662
170422
166134
161783
157356
152842
148228
143499
138644
133659
128549
123325
118038
112707
107470
102275
97470.5
92785.2
88967.3
85193.5
82771.7
79960.7
78738.9
76177.9
174383
170376
166286
162124
157876
153532
149085
144522
139835
135014
130059
124975
119778
114516
109208
103988
98805.2
93995.8
89302.6
85429.9
81619.5
79068.6
76235.1
74895.4
72546.5
167741
164009
160156
156199
152126
147931
143609
139156
134564
129831
124960
119960
114847
109672
104453
99317.5
94219.4
89476.5
84853.8
80997.4
77229.8
74605.1
71825.5
70356.5
68310.3
159380
156000
152458
148770
144932
140942
136799
132505
128060
123466
118733
113871
108901
103874
98806.5
93821.1
88877.5
84271.7
79796.7
76032.1
72384.2
69758.7
67099.6
65533.8
63842.7
149366
146414
143251
139896
136352
132621
128710
124629
120384
115985
111446
106781
102016
97198.4
92348.4
87578.2
82858.6
78459.1
74205.6
70605.4
67144.6
64593.2
62105.2
60505.9
59198
137812
135356
132634
129671
126473
123054
119426
115610
111621
107474
103189
98782
94283.2
89739.5
85171.3
80681
76253.5
72126.5
68165.3
64795.9
61584
59180
56900.3
55364.5
54448.3
124878
122976
120750
118226
115421
112359
109062
105563
101884
98047
94077.1
89988
85818.9
81610.3
77386.1
73238.3
69168.3
65376.7
61773.5
58694.3
55786.4
53597.5
51557.7
50213.4
49658
110779
109476
107785
105739
103362
100695
97771.8
94638.3
91324.2
87854.7
84257.2
80544.4
76764
72948.1
69125.9
65379.8
61727.7
58329
55142.3
52401.4
49851.4
47933.9
46175.9
45162.4
44896.6
95785.3
95105.3
93976.7
92433.6
90509.1
88270
85759.4
83037.9
80140.5
77089.5
73916.3
70631.5
67291.3
63918.5
60549.3
57259.8
54077.2
51121.9
48398.9
46034
43892.6
42291.2
40870.2
40355.4
40213.1
80167.4
80137.5
79609.6
78593.6
77140
75354.7
73290.9
71022.1
68586.1
65993
63285.1
60469
57607.9
54718.2
51845.3
49059.1
46383
43913.3
41685.6
39725.3
38041.3
36796.7
35784.5
35607.5
35624
64511.8
64785.5
65030.4
64583.6
63614.1
62301.8
60710.5
58922.2
56974.9
54858.5
52641.2
50316.7
47956
45578.4
43234.4
40983.7
38831.2
36882.9
35160
33637.8
32445.2
31613.3
31028.7
31019.5
31185.1
50191.1
50730.6
50982.3
50940.9
50413.4
49562.2
48445.1
47134.5
45670.9
44023.6
42302.8
40469.9
38610.5
36762.9
34966.9
33254
31629
30229.7
29005.6
27934.9
27265
26964.7
26691.8
26668.6
26963.7
36900.2
37750.2
38243.2
38263.6
38112.6
37645.8
36962.6
36079.6
35055.9
33853.4
32611.6
31248.8
29871.4
28563
27302.6
26097.8
25022.5
24168
23428.8
22811.5
22731.1
22601.9
22480.3
22563.9
23036.4
24996.3
25816.7
26366.6
26806.2
27198.1
26953.1
26670.9
26143.2
25497.6
24718.4
23903.6
22998.6
22061.3
21284.2
20478.7
19816.4
19275.9
18882.9
18599.3
18579.7
18554.1
18576.4
18497.8
18755.2
19547
14922.3
15601.9
16096.5
16711
17183
17474.8
18067.4
17808.7
17413
16962.2
16584
16204
15631.3
15271.1
14818.8
14852
14574.9
14450.8
14680.8
14812
14759.3
14940.1
15252.2
15565.9
16662.2
7394.37
7994.08
8455.51
9395.07
9926.66
10811.8
10614
11233.8
11079.2
10914.5
11255.2
11327.8
10841.6
11008.8
10790.4
10632.8
10690.5
10923.8
11258.1
11656.1
12030.7
12444.5
13021.1
13417.5
14633.6
3697.25
4018.81
4266.06
4637.76
5000.78
5397.14
5655.69
5971.35
6271.81
6522.97
6798.35
7157.52
7391.5
7700.61
7975.41
8320.82
8692.31
9205.63
9733.31
10341.4
10933.4
11535.2
12219.4
12785.2
13771.8
2834.07
3030.6
3181.45
3386.31
3567.42
3814.87
4037.54
4341.12
4660.2
5059.33
5465.5
5976.14
6476.46
7070.43
7639.67
8345.27
9003.32
9765.98
10448.3
11169.8
11808.2
12456.7
13070.9
13698.5
14240.7
3589.67
3693.14
3863.68
4106
4352.74
4690.49
5040.18
5495.49
5969.43
6575.11
7190.09
7938.98
8671.08
9515.95
10312
11214.9
11986
12787.7
13428.5
14056.3
14544.5
15047.6
15452.4
15859
15956.8
7639.88
7548.04
7617.9
7860.11
8234.6
8735.94
9302.36
9981.01
10707.8
11538.1
12354.6
13257.5
14077.5
14964
15744.4
16537.4
17138.1
17692.1
18071.6
18401
18603.2
18848.3
18863.7
18941.8
18773.7
18392.6
17838.3
17607.2
17573.9
18036.6
18200.7
18662.5
19198.9
19844.2
20488.9
21107.8
21685.1
22170.7
22683.7
23074.4
23404.2
23583.9
23656.8
23630.2
23589.9
23431.6
23359.6
23191
23013.1
22528.1
34258.5
34237
33288.1
33145.8
32506.1
32617.6
32397.3
32054.2
32201.7
32160.7
32079
31697
31565.9
31419.5
31144.4
30844.6
30477.7
30108
29665.7
29305.6
28842.4
28562.2
28137.7
27834.2
27123
50299
49476.4
48165.6
47011.2
46063
45249.5
44478
43663.5
43024.1
42328
41641.5
40908.1
40151.4
39511.3
38802.6
38135.6
37354.6
36604.6
35864.6
35340.2
34669.6
34319.7
33813.9
33446.4
32714.4
62845.6
62109.6
60499.8
58886.7
57562.7
56269.5
55000.3
53722.4
52603.3
51494.5
50335.3
49255.6
48119
47175.6
46120.2
45200.5
44139.8
43162.5
42350.1
41828.4
41158.8
40938.1
40602.8
40390.7
39856.2
72424.9
71751.3
70235.5
68439
66964.9
65491.9
63971.1
62444.7
61081.4
59717.6
58288.2
57012.8
55693.7
54657.8
53457
52479.2
51352.4
50346.7
49807
49533.8
49044.7
49352.7
49418
49875.2
49749.4
80168.2
79504.4
78339.6
76746.3
75388.4
73991.1
72369.9
70782.4
69353.2
67944.5
66403.2
65177
63903
63070
61916.4
61107.9
60254.4
59424
59719.3
60129.9
60525.6
61606.2
62506.5
64229.7
65031.8
89109.3
88121.7
87474.5
86200.5
84996.3
83716
82014.8
80498.8
79248.6
77975
76570
75744.6
74907.8
74655.3
73709.9
73595.7
73507.8
73952.4
75420.6
76863.5
78737.2
81316.4
84040.2
87532.4
91170.5
102610
102822
102027
100726
99398.9
98064.3
96127.8
95259.5
94517.6
93499.6
92815.7
93215.1
93493.9
94765.3
94976.2
96460.3
98012.9
100308
104170
107598
112430
117845
124485
131194
141856
131930
132706
130858
128084
126629
124746
123406
124493
125373
127178
128163
130586
133291
137534
140701
145575
151174
157773
166839
175041
186359
198668
213898
228399
257125
210059
207313
198398
194902
195843
198341
200476
206647
212422
220622
226999
236107
246111
258587
270421
285085
302161
320144
344394
365710
395896
426601
464540
505944
583790
377464
408182
452471
486441
512726
538473
565506
595079
624494
655889
685110
719564
756817
798876
840061
888162
941470
1.00269e+06
1.07537e+06
1.15262e+06
1.24847e+06
1.34401e+06
1.49057e+06
1.60164e+06
1.85808e+06
)
;

boundaryField
{
    inlet
    {
        type            fixedValue;
        value           uniform 14.855;
    }
    outlet
    {
        type            zeroGradient;
    }
    upperWall
    {
        type            epsilonWallFunction;
        blending        stepwise;
        value           nonuniform List<scalar> 
223
(
798.829
1528.62
2982.36
5015
8380.05
13104.8
19880.7
28866.8
40605.8
55215.2
72976.8
93837.7
117762
144499
173731
205077
238035
272208
301857
326861
352863
379815
407557
436024
465007
494437
524059
553810
583396
612774
641625
669933
697375
723966
749399
773723
796664
818298
838402
857069
874145
889715
903712
916199
927188
936726
944880
951698
957272
961662
964968
967262
968646
969198
969020
968185
966802
964931
962691
960117
957347
954383
951384
948320
945364
942471
939804
937338
935173
933376
931895
930993
930349
930540
930864
932290
934193
936776
939503
943187
947472
952328
957721
963609
969902
976587
983483
990654
997812
1.00511e+06
1.01218e+06
1.0192e+06
1.0259e+06
1.03223e+06
1.0383e+06
1.04364e+06
1.04879e+06
1.05298e+06
1.057e+06
1.05988e+06
1.06274e+06
1.06475e+06
1.06634e+06
1.06717e+06
1.06742e+06
1.06709e+06
1.06608e+06
1.06471e+06
1.06286e+06
1.06084e+06
1.05784e+06
1.05486e+06
1.05087e+06
1.04708e+06
1.0425e+06
1.03799e+06
1.03282e+06
1.02794e+06
1.02241e+06
1.01786e+06
1.01289e+06
1.00755e+06
1.00144e+06
995245
987972
981096
974398
966938
958961
950295
941641
932232
922352
912749
902406
891811
880589
868730
856136
842886
828937
814493
799494
784175
768541
752813
736942
721382
705711
690018
673952
657662
641047
624434
607785
591517
575491
560266
545342
531399
518025
505379
493573
482306
471820
461936
452612
443918
435508
428077
420844
414969
409030
404766
400224
397388
393893
392378
389822
389238
386108
387611
387033
387771
386795
387581
388951
388628
390153
388950
389505
387419
387122
384088
380401
370364
361927
311507
377464
408182
452471
486441
512726
538473
565506
595079
624494
655889
685110
719564
756817
798876
840061
888162
941470
1.00269e+06
1.07537e+06
1.15262e+06
1.24847e+06
1.34401e+06
1.49057e+06
1.60164e+06
1.85808e+06
)
;
    }
    lowerWall
    {
        type            epsilonWallFunction;
        blending        stepwise;
        value           nonuniform List<scalar> 
250
(
1499.74
4061.15
10480.9
18803
38704.4
59173.2
105359
142249
220697
278619
382120
456174
572707
647856
764323
832608
941949
998633
990.422
5161.77
10649.2
16309
21557.7
26755.5
31655
35955.1
39566.3
42452.5
44602.5
46050.6
46775.5
46762.4
46364.7
45233.1
43324.1
41233.1
39003.8
36727.3
34481.9
32330.5
30135.3
28059
24656.8
29164.9
121386
990.422
1326
2285.77
3031.02
3610.47
4187.86
4745.29
5326.5
5985.44
6763.18
7682.1
8731.01
9894.75
11165.6
12547.9
14045.9
15669.5
17427.9
19340.9
21378.9
23537.7
25809.1
28189.5
30671.9
33253.3
35926.9
38691.1
41540.7
44476.2
47494.1
50596.7
53782.4
57055.2
60415.8
63870.3
67422.7
71083.5
74857.4
78752.1
82773.8
86931.2
91232.1
95685.5
100299
105079
110032
115153
120444
125912
131564
137401
143432
149658
156085
162714
169551
176596
183855
191325
199012
206912
215030
223360
231910
240667
249641
258816
268204
277786
287573
297544
307713
318052
328579
339262
350120
361117
372277
383561
394998
406541
418226
430003
441911
453894
466000
478172
490465
502832
515317
527893
540552
553293
566111
579010
591980
605027
618132
631300
644504
657742
670978
684190
697344
710417
723420
736389
749487
762594
775706
788780
801844
814829
827758
840548
853218
865664
877898
889815
901410
912551
923181
933151
942409
950790
958183
964212
967281
971906
975108
978034
977059
975078
971063
965291
957618
948134
936697
923067
907610
890383
871558
851298
829855
807372
783998
760129
736340
711705
689851
671929
654409
636876
619390
602060
584980
568241
551885
535939
520421
505229
490491
476247
462568
449295
436484
424214
412409
401006
389999
379418
369239
359447
349975
340804
331703
322934
312433
304761
277192
292964
306108
315065
319868
324398
327024
329760
332426
335498
338917
342470
346738
350709
355597
361985
369807
379437
390420
405609
421488
449505
470939
520406
546108
625865
)
;
    }
    frontAndBack
    {
        type            empty;
    }
}


// ************************************************************************* //
