/*--------------------------------*- C++ -*----------------------------------*\
| =========                 |                                                 |
| \\      /  F ield         | OpenFOAM: The Open Source CFD Toolbox           |
|  \\    /   O peration     | Version:  2212                                  |
|   \\  /    A nd           | Website:  www.openfoam.com                      |
|    \\/     M anipulation  |                                                 |
\*---------------------------------------------------------------------------*/
FoamFile
{
    version     2.0;
    format      ascii;
    arch        "LSB;label=32;scalar=64";
    class       volScalarField;
    location    "3e-05";
    object      k;
}
// * * * * * * * * * * * * * * * * * * * * * * * * * * * * * * * * * * * * * //

dimensions      [0 2 -2 0 0 0 0];

internalField   nonuniform List<scalar> 
2681
(
992.085
992.085
992.085
992.085
992.085
992.085
992.085
992.085
992.085
992.085
992.085
992.085
992.085
992.085
992.085
992.085
992.085
992.085
992.085
992.085
992.085
992.085
992.085
992.085
992.085
992.085
992.085
992.085
992.085
992.085
992.085
992.085
992.085
992.085
992.085
992.085
992.085
992.085
992.085
992.085
992.085
992.085
992.085
992.085
992.085
992.085
992.085
992.085
992.085
992.085
992.085
992.085
992.085
992.085
992.085
992.085
992.085
992.085
992.085
992.085
992.085
992.085
992.085
992.085
992.085
992.085
992.085
992.085
992.085
992.085
992.085
992.085
992.085
992.085
992.085
992.085
991.957
992.085
992.085
992.085
992.085
992.085
992.085
992.085
992.085
992.085
992.085
992.085
992.085
992.085
992.085
992.085
992.085
992.085
992.085
992.085
992.085
992.085
992.085
992.085
992.085
992.085
992.085
992.085
992.085
992.085
992.085
992.085
992.085
992.085
992.085
992.085
992.085
992.085
992.085
992.085
992.085
992.085
992.085
992.085
992.085
992.085
992.085
992.085
992.085
992.085
992.085
992.085
992.085
992.085
992.085
992.085
992.085
992.085
992.085
992.085
992.085
992.085
992.085
992.085
992.085
992.085
992.085
992.085
992.085
992.085
992.085
992.085
992.085
992.085
992.085
992.085
992.085
992.085
992.085
992.085
992.085
992.085
992.085
992.085
992.085
992.085
992.085
992.085
992.085
992.085
992.085
992.085
992.085
992.085
992.085
992.085
992.085
992.085
992.085
992.085
992.085
992.085
992.085
992.085
992.085
992.085
992.085
992.085
992.085
992.085
992.085
992.085
992.085
992.085
992.085
992.085
992.085
992.085
992.085
992.085
992.085
992.085
992.085
992.085
992.085
992.085
992.085
992.085
992.085
992.085
992.085
992.085
992.085
992.085
992.085
992.085
992.085
992.085
992.085
992.085
992.085
992.085
992.085
992.085
992.085
992.085
992.085
992.085
992.085
992.085
992.085
992.085
992.085
992.085
992.085
992.085
992.085
992.085
992.085
992.085
992.085
992.085
992.085
992.085
992.085
992.085
992.085
992.085
992.085
992.085
992.085
992.085
992.085
992.085
992.085
992.085
992.085
992.085
992.085
992.085
992.085
992.085
992.085
992.085
992.085
992.085
992.085
992.085
992.085
992.085
992.085
992.085
992.085
992.085
992.085
992.085
992.085
992.085
992.085
992.085
992.085
992.085
992.085
992.085
992.085
992.085
992.085
992.085
992.085
992.085
992.085
992.085
992.085
992.085
992.085
992.085
992.085
992.085
992.085
992.085
992.085
992.085
992.085
992.085
992.085
992.085
992.085
992.085
992.085
992.085
992.085
992.085
992.085
992.085
992.085
992.085
992.085
992.085
992.085
992.085
992.085
992.085
992.085
992.085
992.085
992.085
992.085
992.085
992.085
992.085
992.085
992.085
992.085
992.085
992.085
992.085
992.085
992.085
992.085
992.085
992.085
992.085
992.085
992.085
992.085
992.085
992.085
992.085
992.085
992.085
992.085
992.085
992.085
992.085
992.085
992.085
992.085
992.085
992.085
992.085
992.085
992.085
992.085
992.085
992.085
992.085
992.085
992.085
992.085
992.085
992.085
992.085
992.085
992.085
992.085
992.085
992.085
992.085
992.085
992.085
992.085
992.085
992.085
992.085
992.085
992.085
992.085
992.085
992.085
992.085
992.085
992.085
992.085
992.085
992.085
992.085
992.085
992.085
992.085
992.085
992.085
992.085
992.085
992.085
992.085
992.085
992.085
992.085
992.085
992.085
992.085
992.085
992.085
992.085
992.085
992.085
992.085
992.085
992.085
992.085
992.085
992.085
992.085
992.085
992.085
992.085
992.085
992.085
992.085
992.085
992.085
992.085
992.085
992.085
992.085
992.085
992.085
992.085
992.085
992.085
992.085
992.085
992.085
992.085
992.085
992.085
992.085
992.085
992.085
992.085
992.085
992.085
992.085
992.085
992.085
992.085
992.085
992.085
992.085
992.085
992.085
992.085
992.085
992.085
992.085
992.085
992.085
992.085
992.085
992.085
992.085
992.085
992.085
992.085
992.085
992.085
992.085
992.085
992.085
992.085
992.085
992.085
992.085
992.085
992.085
992.085
992.085
992.085
992.085
992.085
992.085
992.085
992.085
992.085
992.085
992.085
992.085
992.085
992.085
992.085
992.085
992.085
992.085
992.085
992.085
992.085
992.085
992.085
992.085
992.085
992.085
992.085
992.085
992.085
992.085
992.085
992.085
992.085
992.085
992.085
992.085
992.085
992.085
992.085
992.085
992.085
992.085
992.085
992.085
992.085
992.085
992.085
992.085
992.085
992.085
992.085
992.085
992.085
992.085
992.085
992.085
992.085
992.085
992.085
992.085
992.085
992.085
992.085
992.085
992.085
992.085
992.085
992.085
992.085
992.085
992.085
992.085
992.085
992.085
992.085
992.085
992.085
992.085
992.085
992.085
992.085
992.085
992.085
992.085
992.085
992.085
992.085
992.085
992.085
992.085
992.085
992.085
992.085
992.085
992.085
992.085
992.085
992.085
992.085
992.085
992.085
992.085
992.085
992.085
992.085
992.085
992.085
992.085
992.085
992.085
992.085
992.085
992.085
992.085
992.085
992.085
992.085
992.085
992.085
992.085
992.085
992.085
992.085
992.085
992.085
992.085
992.085
992.085
992.085
992.085
992.085
992.085
992.085
992.085
992.085
992.085
992.085
992.085
992.085
992.085
992.085
992.085
992.085
992.085
992.085
992.085
992.085
992.085
992.085
992.085
992.085
992.085
992.085
992.085
992.085
992.085
992.085
992.085
992.085
992.085
992.085
992.085
992.085
992.085
992.085
992.085
992.085
992.085
992.085
992.085
992.085
992.085
992.085
992.085
992.085
992.085
992.085
992.085
992.085
992.085
992.085
992.085
992.085
992.085
992.085
992.085
992.085
992.085
992.085
992.085
992.085
992.085
992.085
992.085
992.085
992.085
992.085
992.085
992.085
992.085
992.085
992.085
992.085
992.085
992.085
992.085
992.085
992.085
992.085
992.085
992.085
992.085
992.085
992.085
992.085
992.085
992.085
992.085
992.085
992.085
992.085
992.085
992.085
992.085
992.085
992.085
992.085
992.085
992.085
992.085
992.085
992.085
992.085
992.085
992.085
992.085
992.085
992.085
992.085
992.085
992.085
992.085
992.085
992.085
992.085
992.085
992.085
992.085
992.085
992.085
992.085
992.085
992.085
992.085
992.085
992.085
992.085
992.085
992.085
992.085
992.085
992.085
992.085
992.085
992.085
992.085
992.085
992.085
992.085
992.085
992.085
992.085
992.085
992.085
992.085
992.085
992.085
992.085
992.085
992.085
992.085
992.085
992.085
992.085
992.085
992.085
992.085
992.085
992.085
992.085
992.085
992.085
992.085
992.085
992.085
992.085
992.085
992.085
992.085
992.085
992.085
992.085
992.085
992.085
992.085
992.085
992.085
992.085
992.085
992.085
992.085
992.085
992.085
992.085
992.085
992.085
992.085
992.085
992.085
992.085
992.085
992.085
992.085
992.085
992.085
992.085
992.085
992.085
992.085
992.085
992.085
992.085
992.085
992.085
992.085
992.085
992.085
992.085
992.085
992.085
992.085
992.085
992.085
992.085
992.085
992.085
992.085
992.085
992.085
992.085
992.085
992.085
992.085
992.085
992.085
992.085
992.085
992.085
992.085
992.085
992.085
992.085
992.085
992.085
992.085
992.085
992.085
992.085
992.085
992.085
992.085
992.085
992.085
992.085
992.085
992.085
992.085
992.085
992.085
992.085
992.085
992.085
992.085
992.085
992.085
992.085
992.085
992.085
992.085
992.085
992.085
992.085
992.085
992.085
992.085
992.085
992.085
992.085
992.085
992.085
992.085
992.085
992.085
992.085
992.085
992.085
992.085
992.085
992.085
992.085
992.085
992.085
992.085
992.085
992.085
992.085
992.085
992.085
992.085
992.085
992.085
992.085
992.085
992.085
992.085
992.085
992.085
992.085
992.085
992.085
992.085
992.085
992.085
992.085
992.085
992.085
992.085
992.085
992.085
992.085
992.085
992.085
992.085
992.085
992.085
992.085
992.085
992.085
992.085
992.085
992.085
992.085
992.085
992.085
992.085
992.085
992.085
992.085
992.085
992.085
992.085
992.085
992.085
992.085
992.085
992.085
992.085
992.085
992.085
992.085
992.085
992.085
992.085
992.085
992.085
992.085
992.085
992.085
992.085
992.085
992.085
992.085
992.085
992.085
992.085
992.085
992.085
992.085
992.085
992.085
992.085
992.085
992.085
992.085
992.085
992.085
992.085
992.085
992.085
992.085
992.085
992.085
992.085
992.085
992.085
992.085
992.085
992.085
992.085
992.085
992.085
992.085
992.085
992.085
992.085
992.085
992.085
992.085
992.085
992.085
992.085
992.085
992.085
992.085
992.085
992.085
992.085
992.085
992.085
992.085
992.085
992.085
992.085
992.085
992.085
992.085
992.085
992.085
992.085
992.085
992.085
992.085
992.085
992.085
992.085
992.085
992.085
992.085
992.085
992.085
992.085
992.085
992.085
992.085
992.085
992.085
992.085
992.085
992.085
992.085
992.085
992.085
992.085
992.085
992.085
992.085
992.085
992.085
992.085
992.085
992.085
992.085
992.085
992.085
992.085
992.085
992.085
992.085
992.085
992.085
992.085
992.085
992.085
992.085
992.085
992.085
992.085
992.085
992.085
992.085
992.085
992.085
992.085
992.085
992.085
992.085
992.085
992.085
992.085
992.085
992.085
992.085
992.085
992.085
992.085
992.085
992.085
992.085
992.085
992.085
992.085
992.085
992.085
992.085
992.085
992.085
992.085
992.085
992.085
992.085
992.085
992.085
992.085
992.085
992.085
992.085
992.085
992.085
992.085
992.085
992.085
992.085
992.085
992.085
992.085
992.085
992.085
992.085
992.085
992.085
992.085
992.085
992.085
992.085
992.085
992.085
992.085
992.085
992.085
992.085
992.085
992.085
992.085
992.085
992.085
992.085
992.085
992.085
992.085
992.085
992.085
992.085
992.085
992.085
992.085
992.085
992.085
992.085
992.085
992.085
992.085
992.085
992.085
992.085
992.085
992.085
992.085
992.085
992.085
992.085
992.085
992.085
992.085
992.085
992.085
992.085
992.085
992.085
992.085
992.085
992.085
992.085
992.085
992.085
992.085
992.085
992.085
992.085
992.085
992.085
992.085
992.085
992.085
992.085
992.085
992.085
992.085
992.085
992.085
992.085
992.085
992.085
992.085
992.085
992.085
992.085
992.085
992.085
992.085
992.085
992.085
992.085
992.085
992.085
992.085
992.085
992.085
992.085
992.085
992.085
992.085
992.085
992.085
992.085
992.085
992.085
992.085
992.085
992.085
992.085
992.085
992.085
992.085
992.085
992.085
992.085
992.085
992.085
992.085
992.085
992.085
992.085
992.085
992.085
992.085
992.085
992.085
992.085
992.085
992.085
992.085
992.085
992.085
992.085
992.085
992.085
992.085
992.085
992.085
992.085
992.085
992.085
992.085
992.085
992.085
992.085
992.085
992.085
992.085
992.085
992.085
992.085
992.085
992.085
992.085
992.085
992.085
992.085
992.085
992.085
992.085
992.085
992.085
992.085
992.085
992.085
992.085
992.085
992.085
992.085
992.085
992.085
992.085
992.085
992.085
992.085
992.085
992.085
992.085
992.085
992.085
992.085
992.085
992.085
992.085
992.085
992.085
992.085
992.085
992.085
992.085
992.085
992.085
992.085
992.085
992.085
992.085
992.085
992.085
992.085
992.085
992.085
992.085
992.085
992.085
992.085
992.085
992.085
992.085
992.085
992.085
992.085
992.085
992.085
992.085
992.085
992.085
992.085
992.085
992.085
992.085
992.085
992.085
992.085
992.085
992.085
992.085
992.085
992.085
992.085
992.085
992.085
992.085
992.085
992.085
992.085
992.085
992.085
992.085
992.085
992.085
992.085
992.085
992.085
992.085
992.085
992.085
992.085
992.085
992.085
992.085
992.085
992.085
992.085
992.085
992.085
992.085
992.085
992.085
992.085
992.085
992.085
992.085
992.085
992.085
992.085
992.085
992.085
992.085
992.085
992.085
992.085
992.085
992.085
992.085
992.085
992.085
992.085
992.085
992.085
992.085
992.085
992.085
992.085
992.085
992.085
992.085
992.085
992.085
992.085
992.085
992.085
992.085
992.085
992.085
992.085
992.085
992.085
992.085
992.085
992.085
992.085
992.085
992.085
992.085
992.048
992.085
992.085
992.085
992.085
992.085
992.085
992.085
992.085
992.085
992.085
992.085
992.085
992.085
992.085
992.085
992.085
992.085
992.085
992.085
992.085
992.085
992.085
992.085
992.085
992.085
992.085
992.085
992.085
992.085
992.085
992.085
992.085
992.085
992.085
992.085
992.085
992.085
992.085
992.085
992.085
992.085
992.085
992.085
992.085
992.085
992.085
992.085
992.085
992.085
992.085
992.085
992.085
992.085
992.085
992.085
992.085
992.085
992.085
992.085
992.085
992.085
992.085
992.085
992.085
992.085
992.085
992.085
992.085
992.085
992.085
992.085
992.085
992.085
992.085
992.085
992.085
992.085
992.085
992.085
992.085
992.085
992.085
992.085
992.085
992.085
992.085
992.085
992.085
992.085
992.085
992.085
992.085
992.085
992.085
992.085
992.085
992.085
992.085
992.085
992.085
992.085
992.085
992.085
992.085
992.085
992.085
992.085
992.085
992.085
992.085
992.085
992.085
992.085
992.085
992.085
992.085
992.085
992.085
992.085
992.085
992.085
992.085
992.085
992.085
992.085
992.085
992.085
992.085
992.085
992.085
992.085
992.085
992.085
992.085
992.085
992.085
992.085
992.085
992.085
992.085
992.085
992.085
992.085
992.085
992.085
992.085
992.085
992.085
992.085
992.085
992.085
992.085
992.085
992.085
992.085
992.085
992.085
992.085
992.085
992.085
992.085
992.085
992.085
992.085
992.085
992.085
992.085
992.085
992.085
992.085
992.085
992.085
992.085
992.085
992.085
992.085
992.085
992.085
992.085
992.085
992.085
992.085
992.085
992.085
992.085
992.085
992.085
992.085
992.085
992.085
992.085
992.085
992.085
992.085
992.085
992.085
992.085
992.085
992.085
992.085
992.085
992.085
992.085
992.085
992.085
992.085
992.085
992.085
992.085
992.085
992.085
992.085
992.085
992.085
992.085
992.085
992.085
992.085
992.085
992.085
992.085
992.085
992.085
992.085
992.085
992.085
992.085
992.085
992.085
992.085
992.085
992.085
992.085
992.085
992.085
992.085
992.085
992.085
992.085
992.085
992.085
992.085
992.085
992.085
992.085
992.085
992.085
992.085
992.085
992.085
992.085
992.085
992.085
992.085
992.085
992.085
992.085
992.085
992.085
992.085
992.085
992.085
992.085
992.085
992.085
992.085
992.085
992.085
992.085
992.085
992.085
992.085
992.085
992.085
992.085
992.085
992.085
992.085
992.085
992.085
992.085
992.085
992.085
992.085
992.085
992.085
992.085
992.085
992.085
992.085
992.085
992.085
992.085
992.085
992.085
992.085
992.085
992.085
992.085
992.085
992.085
992.085
992.085
992.085
992.085
992.085
992.085
992.085
992.085
992.085
992.085
992.085
992.085
992.085
992.085
992.085
992.085
992.066
992.066
992.085
992.085
992.085
992.085
992.085
992.085
992.085
992.085
992.085
992.085
992.085
992.085
992.085
992.085
992.085
992.085
992.085
992.085
992.085
992.085
992.085
992.085
992.085
992.085
992.085
992.085
992.085
992.085
992.085
992.085
992.085
992.085
992.085
992.085
992.085
992.085
992.085
992.085
992.085
992.085
992.085
992.085
992.085
992.085
992.085
992.085
992.085
992.085
992.085
992.085
992.085
992.085
992.085
992.085
992.085
992.085
992.085
992.085
992.085
992.085
992.085
992.085
992.085
992.085
992.085
992.085
992.085
992.085
992.085
992.085
992.085
992.085
992.085
992.085
992.085
992.085
992.085
992.085
992.085
992.085
992.085
992.085
992.085
992.085
992.085
992.085
992.085
992.085
992.085
992.085
992.085
992.085
992.085
992.085
992.085
992.085
992.085
992.085
992.085
992.085
992.085
992.085
992.085
992.085
992.085
992.085
992.085
992.085
992.085
992.085
992.085
992.085
992.085
992.085
992.085
992.085
992.085
992.085
992.085
992.085
992.085
992.085
992.085
992.085
992.085
992.085
992.085
992.085
992.085
992.085
992.085
992.085
992.085
992.085
992.085
992.085
992.085
992.085
992.085
992.085
992.085
992.085
992.085
992.085
992.085
992.085
992.085
992.085
992.085
992.085
992.085
992.085
992.085
992.085
992.085
992.085
992.085
992.085
992.085
992.085
992.085
992.085
992.085
992.085
992.085
992.085
992.085
992.085
992.053
992.085
992.085
992.085
992.085
992.085
992.085
992.085
992.085
992.085
992.085
992.085
992.085
992.085
992.085
992.085
992.085
992.085
992.085
992.085
992.085
992.085
992.085
992.085
992.085
992.085
992.085
992.085
992.085
992.085
992.085
992.085
992.085
992.085
992.085
992.085
992.085
992.085
992.085
992.085
992.084
992.085
992.085
992.085
992.085
992.085
992.085
992.085
992.085
992.085
992.085
992.085
992.066
992.066
992.066
992.066
992.066
992.066
992.066
992.066
992.066
992.066
992.066
992.085
992.085
992.085
992.085
992.085
992.085
992.085
992.085
992.085
992.085
992.085
992.085
992.085
992.085
992.085
992.085
992.085
992.085
992.085
992.085
992.085
992.085
992.085
992.085
992.085
992.085
992.085
992.085
992.085
992.085
992.085
992.085
992.085
992.085
992.085
992.085
992.085
992.085
992.085
992.085
992.085
992.085
992.085
992.085
992.085
992.085
992.085
992.085
992.085
992.085
992.085
992.066
992.085
992.085
992.085
992.085
992.085
992.066
992.066
992.061
992.085
992.085
992.085
992.085
992.085
992.085
992.058
992.054
992.085
992.065
992.085
992.085
992.085
984.557
992.085
992.085
992.064
992.064
992.064
992.064
992.064
992.064
992.064
992.064
992.064
992.064
992.064
992.064
992.064
992.064
992.064
992.064
992.064
992.064
992.064
992.063
992.063
992.061
992.062
992.058
992.06
992.059
992.058
992.058
992.059
992.057
992.058
992.06
992.051
992.062
992.065
992.068
992.063
992.067
992.068
992.06
992.068
992.084
992.037
992.037
992.037
992.038
992.038
992.038
992.038
992.038
992.038
992.038
992.038
992.037
992.037
992.037
992.045
992.037
992.037
992.085
992.085
992.084
992.085
992.085
992.085
992.085
992.045
992.064
992.064
992.064
992.064
992.064
992.064
992.064
992.064
992.064
992.064
992.064
992.064
992.064
992.064
992.064
992.064
992.064
992.064
992.064
992.064
992.064
992.064
992.063
992.064
992.064
992.063
992.085
992.067
992.057
992.085
992.062
992.062
992.055
992.059
992.053
992.053
992.062
992.06
992.059
992.06
992.056
992.046
992.05
992.062
992.054
992.062
992.063
992.061
992.061
992.061
992.061
992.062
992.061
992.062
992.062
992.063
992.063
992.063
992.063
992.064
992.064
992.064
992.064
992.064
992.064
992.065
992.064
992.065
992.065
992.065
992.065
992.065
992.065
992.065
992.065
992.064
992.065
992.064
992.064
992.064
992.064
992.064
992.064
992.064
992.064
992.064
992.064
992.064
992.064
992.064
992.064
992.064
992.064
992.064
992.064
992.064
992.064
992.064
992.064
992.064
992.064
992.063
992.063
992.064
992.063
992.066
992.065
992.085
992.064
992.085
992.056
992.054
992.06
992.058
992.062
992.061
992.063
992.063
992.064
992.064
992.063
992.063
992.062
992.063
992.062
992.062
992.061
992.062
992.085
992.051
992.085
992.064
992.062
992.062
992.063
992.063
992.063
992.064
992.063
992.064
992.064
992.065
992.064
992.065
992.065
992.065
992.065
992.064
992.065
992.064
992.064
992.061
992.062
992.062
992.06
992.067
992.066
992.067
992.059
992.061
992.058
992.058
992.06
992.059
992.063
992.062
992.064
992.064
992.064
992.064
992.065
992.065
992.064
992.064
992.064
992.064
992.064
992.064
992.064
992.064
992.064
992.064
992.065
992.066
992.052
992.085
992.05
992.062
992.053
992.062
992.062
992.062
992.062
992.063
992.062
992.063
992.063
992.064
992.063
992.063
992.064
992.062
992.063
992.06
992.061
992.085
992.056
992.032
981.918
992.017
992.017
992.085
992.085
985.287
985.565
983.897
984.141
984.312
984.518
984.673
984.769
984.814
984.828
984.813
984.774
984.72
984.663
984.601
984.538
984.495
984.526
984.751
984.767
983.576
983.778
992.085
992.085
983.882
985.505
985.52
985.1
984.908
984.865
984.884
984.921
984.938
984.983
984.975
985.003
985.017
985.035
985.039
985.021
984.987
984.939
984.871
984.76
984.544
984.11
983.685
983.45
983.373
983.429
983.745
985.029
985.741
984.94
984.599
984.074
983.964
984.185
984.551
984.84
984.961
985.013
985.039
985.056
985.065
985.057
985.049
985.036
985.015
984.988
984.947
984.887
984.813
984.729
984.645
984.607
984.703
985.011
984.797
982.184
992.085
982.515
983.219
984.646
984.735
984.527
984.509
984.583
984.682
984.763
984.81
984.826
984.829
984.803
984.735
984.61
984.429
984.195
983.864
983.749
983.868
992.085
983.157
985.318
985.625
985.194
984.901
984.808
984.801
984.83
984.861
984.885
984.901
984.915
984.922
984.926
984.926
984.922
984.917
984.912
984.904
984.889
984.882
984.887
984.892
984.901
984.911
984.918
984.92
984.918
984.922
984.936
984.958
984.984
985.012
985.036
985.052
985.061
985.064
985.061
985.056
985.051
985.047
985.042
985.033
985.019
985.001
984.979
984.951
984.918
984.881
984.842
984.803
984.766
984.732
984.689
984.645
984.593
984.529
984.455
984.381
984.317
984.274
984.297
984.501
984.95
985.029
984.141
983.356
983.392
983.756
983.947
983.009
982.657
983.741
983.603
983.45
983.001
982.262
982.506
983.276
984.077
984.633
984.68
983.979
985.245
985.941
985.184
985.083
984.854
984.825
984.861
984.906
984.946
984.974
984.993
985.003
985.005
985.003
984.998
984.993
984.989
984.986
984.982
984.98
984.978
984.977
984.977
984.976
984.976
984.977
984.977
984.978
984.979
984.97
984.958
992.085
992.085
992.085
992.085
992.085
992.085
992.085
992.107
992.115
992.106
992.106
992.106
992.106
992.106
992.106
992.106
992.106
992.106
992.106
992.106
992.106
992.106
992.106
992.115
992.107
984.964
992.085
983.802
985.253
985.106
985.06
984.889
984.135
984.11
984.54
984.236
983.811
984.102
984.435
984.479
984.473
984.333
984.058
983.999
984.151
984.344
984.521
984.668
984.781
984.859
984.909
984.94
984.96
984.971
984.977
984.979
984.979
984.979
984.978
984.978
984.977
984.977
984.977
984.977
984.977
984.977
984.978
984.979
984.97
984.958
984.964
992.085
992.085
992.085
992.085
992.085
992.085
992.085
992.085
983.751
992.085
992.085
992.013
992.085
992.085
991.942
970.915
992.085
992.013
968.911
992.085
991.899
991.983
992.085
992.085
992.085
992.085
992.085
992.085
992.085
992.085
992.085
992.085
992.085
992.085
992.085
973.883
992.085
992.085
992.085
992.085
992.085
992.085
992.085
992.085
968.633
992.085
992.085
992.085
991.98
992.085
991.962
992.085
992.085
992.085
992.085
992.041
992.085
992.085
992.085
992.085
992.085
992.085
992.085
992.085
992.014
992.085
992.085
992.085
992.085
992.085
992.085
)
;

boundaryField
{
    wall
    {
        type            kqRWallFunction;
        value           nonuniform List<scalar> 
264
(
984.557
981.918
985.287
985.565
983.897
984.141
984.312
984.518
984.673
984.769
984.814
984.828
984.813
984.774
984.72
984.663
984.601
984.538
984.495
984.526
984.751
984.767
983.576
983.778
983.882
985.505
985.52
985.1
984.908
984.865
984.884
984.921
984.938
984.983
984.975
985.003
985.017
985.035
985.039
985.021
984.987
984.939
984.871
984.76
984.544
984.11
983.685
983.45
983.373
983.429
983.745
985.029
985.741
984.94
984.599
984.074
983.964
984.185
984.551
984.84
984.961
985.013
985.039
985.056
985.065
985.057
985.049
985.036
985.015
984.988
984.947
984.887
984.813
984.729
984.645
984.607
984.703
985.011
984.797
982.184
982.515
983.219
984.646
984.735
984.527
984.509
984.583
984.682
984.763
984.81
984.826
984.829
984.803
984.735
984.61
984.429
984.195
983.864
983.749
983.868
983.157
985.318
985.625
985.194
984.901
984.808
984.801
984.83
984.861
984.885
984.901
984.915
984.922
984.926
984.926
984.922
984.917
984.912
984.904
984.889
984.882
984.887
984.892
984.901
984.911
984.918
984.92
984.918
984.922
984.936
984.958
984.984
985.012
985.036
985.052
985.061
985.064
985.061
985.056
985.051
985.047
985.042
985.033
985.019
985.001
984.979
984.951
984.918
984.881
984.842
984.803
984.766
984.732
984.689
984.645
984.593
984.529
984.455
984.381
984.317
984.274
984.297
984.501
984.95
985.029
984.141
983.356
983.392
983.756
983.947
983.009
982.657
983.741
983.603
983.45
983.001
982.262
982.506
983.276
984.077
984.633
984.68
983.979
985.245
985.941
985.184
985.083
984.854
984.825
984.861
984.906
984.946
984.974
984.993
985.003
985.005
985.003
984.998
984.993
984.989
984.986
984.982
984.98
984.978
984.977
984.977
984.976
984.976
984.977
984.977
984.978
984.979
984.97
984.958
984.964
983.802
985.253
985.106
985.06
984.889
984.135
984.11
984.54
984.236
983.811
984.102
984.435
984.479
984.473
984.333
984.058
983.999
984.151
984.344
984.521
984.668
984.781
984.859
984.909
984.94
984.96
984.971
984.977
984.979
984.979
984.979
984.978
984.978
984.977
984.977
984.977
984.977
984.977
984.977
984.978
984.979
984.97
984.958
984.964
983.751
970.915
968.911
973.883
968.633
)
;
    }
    outlet
    {
        type            inletOutlet;
        inletValue      uniform 1000;
        value           nonuniform List<scalar> 
20
(
992.107
992.115
992.106
992.106
992.106
992.106
992.106
992.106
992.106
992.106
992.106
992.106
992.106
992.106
992.106
992.106
992.115
992.107
984.964
984.964
)
;
    }
    frontAndBackPlanes
    {
        type            empty;
    }
}


// ************************************************************************* //
