/*--------------------------------*- C++ -*----------------------------------*\
| =========                 |                                                 |
| \\      /  F ield         | OpenFOAM: The Open Source CFD Toolbox           |
|  \\    /   O peration     | Version:  2212                                  |
|   \\  /    A nd           | Website:  www.openfoam.com                      |
|    \\/     M anipulation  |                                                 |
\*---------------------------------------------------------------------------*/
FoamFile
{
    version     2.0;
    format      ascii;
    arch        "LSB;label=32;scalar=64";
    class       surfaceScalarField;
    location    "0.00504";
    object      phi;
}
// * * * * * * * * * * * * * * * * * * * * * * * * * * * * * * * * * * * * * //

dimensions      [1 0 -1 0 0 0 0];

oriented        oriented;

internalField   nonuniform List<scalar> 
5190
(
-7.95266e-06
-9.88836e-06
6.18561e-06
9.53639e-06
0.000423545
0.000530897
-0.000773622
-0.000572203
-0.000157676
-0.00107388
9.03706e-05
0.000692192
-7.17937e-06
5.93376e-06
5.6195e-07
8.83862e-07
0.00250406
0.000347728
-0.00264837
-0.000311952
-0.000926017
0.000638992
0.000600937
-0.0011798
-1.40175e-06
3.06073e-06
1.45743e-06
-2.58483e-06
-1.72989e-06
1.8474e-06
-5.82967e-06
6.16659e-06
6.55772e-06
-6.37843e-06
-2.02309e-06
2.28717e-06
6.76425e-06
-2.47539e-06
2.69103e-06
-1.65661e-06
1.08041e-06
-6.32139e-06
-7.09515e-06
3.65415e-06
-3.58803e-06
7.07187e-06
3.42305e-06
-7.16151e-06
-3.30579e-06
-7.9961e-06
7.53699e-06
-4.55221e-06
4.37921e-06
-6.91983e-06
-3.62011e-06
7.36641e-06
3.30634e-06
-8.58865e-06
-5.00966e-06
8.18804e-06
5.10808e-06
-7.47109e-06
-4.88196e-06
7.47888e-06
4.39782e-06
5.95229e-06
-2.03728e-06
1.48917e-06
-5.2732e-06
6.00536e-06
-2.20528e-06
2.25121e-06
-2.55407e-06
3.33693e-06
5.28483e-06
7.26875e-06
-1.41775e-06
1.52195e-06
-7.29849e-06
-7.33402e-06
7.33405e-06
-3.02682e-06
3.15346e-06
-7.32082e-06
-2.56053e-06
2.67084e-06
-2.12834e-06
2.18196e-06
-7.22787e-06
4.09487e-06
3.66082e-06
-5.2731e-06
5.89773e-06
-2.48593e-06
6.62153e-06
-6.08005e-06
-1.88295e-06
-2.70882e-06
4.3048e-06
-6.17388e-06
6.08295e-06
-2.38476e-06
-2.34926e-06
-6.39537e-06
6.98185e-06
-1.97836e-06
-2.26485e-06
1.99171e-06
-7.11537e-06
7.14461e-06
-2.5355e-06
-2.22195e-06
-2.98718e-06
8.391e-06
-2.67837e-06
3.19067e-06
-8.71087e-06
8.30826e-06
-3.92121e-06
4.15347e-06
-4.75917e-06
8.40151e-06
4.75875e-06
7.90858e-06
-7.90674e-06
-4.45097e-06
5.22343e-06
-5.92441e-06
8.83997e-06
7.83497e-06
-7.14019e-06
-3.02239e-06
-3.63673e-06
6.71063e-06
-6.84921e-06
-3.21057e-06
3.73024e-06
-3.02164e-06
2.9441e-06
0.000538138
0.000707547
-0.00141776
-0.000800629
-2.8361e-06
3.15661e-06
-6.13022e-06
-1.77841e-06
1.97675e-06
-1.32942e-06
-5.35242e-06
5.86148e-06
1.15693e-06
5.79708e-06
-5.4233e-06
-1.56743e-06
1.57388e-06
-1.64229e-06
5.01303e-06
8.62301e-06
-5.0105e-06
-8.16917e-06
5.22386e-06
-5.95611e-06
1.89701e-06
6.31157e-06
-5.58725e-06
-1.66325e-06
1.72553e-06
6.91868e-06
-6.93053e-06
-3.29827e-06
6.85246e-06
-3.54834e-06
-1.487e-06
-5.65321e-06
1.39458e-06
-1.50204e-06
1.49148e-06
-5.06734e-06
-5.38649e-06
5.71588e-06
-1.61321e-06
-1.55699e-06
-5.05679e-06
-6.19624e-06
6.51932e-06
2.01082e-06
1.33777e-06
-7.69048e-06
7.35947e-06
1.9946e-06
2.25999e-06
-7.46785e-06
7.59895e-06
2.74368e-06
2.26052e-06
-7.61209e-06
7.2399e-06
4.26752e-06
3.35457e-06
-2.60311e-07
-1.40786e-06
1.9377e-06
1.1439e-07
5.68958e-06
5.89779e-06
8.62709e-06
-8.42696e-06
4.47413e-06
4.86528e-06
8.21262e-06
3.49412e-06
-8.50656e-06
3.91274e-06
-3.63748e-06
7.12501e-06
7.24181e-08
6.46527e-07
-2.13543e-07
-7.13558e-08
-3.71817e-06
4.5473e-06
-9.51726e-06
0.000428474
-0.00248674
-0.000355998
0.00197699
-5.89844e-06
5.95731e-06
-2.32281e-06
6.11606e-06
-5.86837e-06
-1.83043e-06
-2.22817e-06
-6.08314e-06
6.27762e-06
-2.46886e-06
-2.30546e-06
-6.37092e-06
6.75605e-06
-2.34641e-06
-2.30494e-06
-6.89496e-06
6.94927e-06
-2.58312e-06
-2.35595e-06
-2.96106e-06
6.94508e-06
-7.26296e-06
-3.74322e-06
-4.10392e-06
5.43292e-06
7.24566e-06
-6.96691e-06
-2.88587e-06
-3.22994e-06
6.81071e-06
-6.80301e-06
-2.84554e-06
-2.79112e-06
6.69847e-06
-6.60426e-06
-2.19273e-06
-2.56259e-06
6.30123e-06
-6.0391e-06
-1.70141e-06
-1.96099e-06
-1.65725e-06
-1.52521e-06
1.56567e-06
-5.20732e-06
5.48432e-06
-5.11363e-06
6.89067e-06
-3.73693e-06
-3.16173e-06
3.8591e-06
8.80633e-06
-9.29679e-06
-3.65558e-06
8.00254e-06
-4.70885e-06
8.22169e-06
-5.50338e-06
-1.51564e-06
-5.36311e-06
5.67274e-06
-1.70949e-06
-5.04385e-06
-1.64252e-06
9.065e-06
-9.73872e-06
4.70743e-06
-4.90293e-06
8.65535e-06
5.24183e-06
-4.39733e-06
8.40588e-06
-4.98159e-06
7.80329e-06
6.8965e-06
-6.53981e-06
-3.49399e-06
3.27065e-06
-3.0277e-06
3.92538e-06
8.01611e-06
-8.78919e-06
7.42341e-06
-3.50688e-06
-5.30354e-06
5.72508e-06
1.54152e-06
1.40689e-06
-1.42039e-06
-4.80091e-06
1.37465e-06
-4.8812e-06
3.84828e-06
5.28351e-06
-7.08706e-06
-2.31902e-06
8.22436e-06
-5.55306e-06
-8.00705e-06
4.73124e-06
-8.61941e-06
5.13955e-06
-0.0031092
-0.000763124
0.00194019
0.00194523
3.81203e-06
-3.89051e-06
6.87333e-06
7.30911e-06
8.15927e-06
1.39749e-06
-1.41771e-06
-5.11056e-06
0.000672677
-0.00104057
-0.00024516
-5.22225e-06
7.23422e-06
3.91805e-06
-8.06375e-06
-4.59332e-06
5.50534e-06
-4.8749e-06
6.20538e-06
-6.67323e-06
6.36375e-06
1.02107e-06
1.014e-06
-6.39344e-06
-6.4964e-06
6.91849e-06
1.68627e-06
1.30527e-06
-7.4193e-06
7.59986e-06
2.0207e-06
1.90155e-06
-7.80814e-06
8.02756e-06
2.807e-06
2.31752e-06
-8.19459e-06
8.55997e-06
4.22112e-06
3.48559e-06
4.81774e-06
8.81642e-06
-8.72844e-06
4.2785e-06
4.80669e-06
8.52612e-06
3.24528e-06
-8.34689e-06
3.66863e-06
-7.87486e-06
6.97036e-06
5.3961e-06
0.000126241
-0.000159139
0.000130729
-0.000155544
-6.1229e-06
1.82361e-06
6.47208e-06
1.69174e-06
-5.62658e-06
5.85323e-06
-1.75401e-06
5.34231e-06
-1.33461e-06
-5.0295e-06
-1.45528e-06
-5.91756e-06
6.00802e-06
-2.16572e-06
-2.01693e-06
-6.142e-06
6.17888e-06
-2.35044e-06
-2.23059e-06
-6.48865e-06
6.53224e-06
-2.35432e-06
-2.52174e-06
-6.78155e-06
6.75966e-06
-2.56832e-06
-2.6007e-06
-6.78317e-06
6.67026e-06
-3.20712e-06
-2.99535e-06
-6.64334e-06
6.57277e-06
-3.76438e-06
-3.57138e-06
-5.34067e-06
4.05009e-06
8.77822e-06
-4.06052e-06
6.58244e-06
6.83234e-06
-6.97343e-06
-3.32878e-06
-3.60592e-06
6.90111e-06
-6.79807e-06
-2.72764e-06
-3.01951e-06
6.64053e-06
-6.7331e-06
-2.53837e-06
-2.71474e-06
6.69561e-06
-6.52288e-06
-2.15087e-06
-2.38671e-06
6.28987e-06
-5.96293e-06
-1.81452e-06
-1.97805e-06
-1.73713e-06
-1.44058e-06
1.41088e-06
-4.70835e-06
1.48988e-06
-4.69317e-06
-1.56322e-06
-4.71723e-06
-4.7479e-06
2.65247e-06
1.17683e-06
-2.30142e-06
-1.01945e-06
1.65145e-07
-6.63821e-07
5.51269e-06
-4.71653e-06
-4.28442e-06
5.90191e-06
-1.18357e-06
-8.81412e-06
5.50557e-06
8.21611e-06
-5.39486e-06
5.57622e-06
-5.69815e-06
7.96527e-06
-4.183e-06
7.90984e-06
4.15617e-06
6.86277e-06
-4.27231e-06
-4.71556e-06
7.767e-06
5.13536e-06
-5.10623e-06
-9.08486e-07
-3.86947e-06
4.29189e-06
7.57889e-06
-3.82745e-06
7.30204e-06
-5.43289e-06
5.8823e-06
1.42946e-06
-4.96856e-06
1.2806e-06
-4.98802e-06
7.97771e-06
-4.93911e-06
7.48826e-06
-1.51077e-06
1.37022e-06
-4.55971e-06
-1.70716e-06
-4.39226e-06
0.00075747
2.01116e-07
-0.000668618
-6.732e-06
1.94489e-07
0.000853576
-7.26722e-06
-0.000757425
0.000853538
-6.90956e-06
-0.000668563
-6.33487e-06
-1.50674e-06
1.47049e-06
-4.32589e-06
-4.6511e-06
5.01068e-06
-1.62389e-06
-4.26655e-06
-1.52803e-06
-5.16251e-06
3.7217e-06
-5.4846e-06
6.59108e-06
-8.77516e-06
5.80924e-06
1.30199e-06
2.93084e-06
-1.10682e-06
-4.78391e-06
-9.75741e-07
5.42869e-06
-5.65512e-06
-3.61227e-06
4.01028e-06
1.82753e-06
0.000802191
0.000576537
-0.00155298
-0.000798178
0.00213236
0.000524158
-0.000492478
-0.00238807
7.30286e-06
7.68316e-06
0.00032888
0.000464412
-4.66287e-06
1.20271e-06
-6.45394e-07
9.10113e-06
2.17038e-06
-1.16776e-05
-6.00231e-06
6.32164e-06
9.90774e-07
-1.09255e-06
6.75693e-07
-9.01236e-07
-6.4625e-06
6.55214e-06
1.05883e-06
1.04128e-06
-6.743e-06
7.10404e-06
1.46946e-06
1.22618e-06
-7.52077e-06
7.86747e-06
1.96116e-06
1.69496e-06
-8.20096e-06
8.52059e-06
2.82031e-06
2.31537e-06
-8.8973e-06
9.29877e-06
4.11004e-06
3.439e-06
-9.67448e-06
9.40108e-06
4.88384e-06
4.60625e-06
5.484e-06
9.18719e-06
-9.15262e-06
4.21621e-06
4.87563e-06
8.88014e-06
-8.49516e-06
3.01626e-06
3.53519e-06
8.01571e-06
-7.53954e-06
2.27953e-06
-2.79993e-06
2.61601e-06
-3.02816e-06
7.17927e-06
-6.88448e-06
1.77327e-06
-2.17794e-06
1.95365e-06
-2.43282e-06
6.60183e-06
-6.28338e-06
1.63085e-06
1.6769e-06
-1.97662e-06
1.5443e-06
0.00095812
1.48656e-07
-8.08279e-06
0.00107319
1.64877e-07
-8.99185e-06
0.00120133
1.9495e-07
-9.9622e-06
0.0013446
4.03659e-07
-1.05794e-05
0.0015036
1.53267e-06
-1.05133e-05
0.00167913
4.30921e-06
-1.1689e-05
0.00187128
8.85338e-06
-1.53771e-05
0.00207147
1.89465e-05
-2.00517e-05
0.00227393
3.79148e-05
-3.52611e-05
5.88966e-05
0.00247118
-5.85559e-05
0.00247846
-0.00227426
5.12873e-05
0.00264918
8.22021e-05
-8.65788e-05
0.000102133
0.00280498
-0.000117125
-0.00266545
0.00283277
7.37773e-05
6.72548e-05
0.00206584
-0.00186768
1.96909e-05
3.4061e-05
0.00167842
-0.00150255
-3.51963e-06
5.2484e-06
0.00134347
-0.00120072
-9.30255e-06
-7.49323e-06
0.00107295
-0.000957998
-8.60311e-06
-9.17578e-06
-7.70427e-06
-5.43619e-06
5.6744e-06
-1.67526e-06
-1.39195e-06
-5.82676e-06
5.9725e-06
-2.04057e-06
-1.87825e-06
-6.12963e-06
6.23021e-06
-2.24433e-06
-2.1413e-06
-6.25415e-06
6.43659e-06
-2.4528e-06
-2.39529e-06
-6.55097e-06
6.66376e-06
-2.66681e-06
-2.67733e-06
-6.56574e-06
6.53012e-06
-3.17382e-06
-2.89246e-06
-6.44075e-06
6.32469e-06
-3.71788e-06
-3.50651e-06
-3.65203e-06
2.59246e-06
-7.47551e-06
-3.93093e-06
6.06282e-06
-4.80099e-06
5.08975e-06
-5.77689e-06
6.74659e-06
-6.69918e-06
-4.05512e-06
-3.82888e-06
3.93934e-06
6.96056e-06
-7.34062e-06
3.34859e-06
5.50373e-06
-1.94869e-06
-4.77714e-06
6.57682e-06
-6.50771e-06
-3.52939e-06
-3.68496e-06
6.61703e-06
-6.68867e-06
-3.18855e-06
-3.42844e-06
6.71218e-06
-6.62691e-06
-2.77223e-06
-2.94136e-06
6.66636e-06
-6.65212e-06
-2.50719e-06
-2.63869e-06
6.59102e-06
-6.43354e-06
-2.21353e-06
-2.38147e-06
6.21257e-06
-5.93035e-06
-1.94683e-06
-2.07528e-06
5.63642e-06
-5.3354e-06
-1.81327e-06
-1.85823e-06
-1.729e-06
-1.41591e-06
1.37896e-06
-4.33846e-06
-4.34116e-06
-1.34669e-06
1.29715e-06
-4.38186e-06
-4.3586e-06
-1.2323e-06
1.13749e-06
-4.50312e-06
-4.44211e-06
-3.95875e-06
-8.47527e-06
7.04198e-06
3.29301e-06
-6.93824e-06
5.19549e-06
-5.06421e-07
-1.79539e-06
-4.52558e-06
7.5136e-06
4.21717e-06
6.71014e-06
-4.2124e-06
4.3519e-06
7.03834e-06
-4.72462e-06
7.3358e-06
-4.1039e-06
-2.21682e-06
-8.71063e-06
7.02948e-06
6.54418e-06
1.9866e-07
-6.62158e-06
-0.000585568
-6.20488e-06
-0.000585525
5.00353e-06
-8.24323e-07
-4.67069e-06
1.11836e-05
7.30493e-06
-3.00764e-06
-2.78454e-05
0.00247187
-0.00227786
-5.60194e-05
0.00263791
-7.9967e-05
-5.375e-06
7.51034e-06
-0.00326461
-0.00068521
0.00122047
0.00272643
3.90022e-06
6.0622e-06
4.66387e-06
-4.9128e-06
7.36444e-06
5.62132e-07
-8.05274e-07
-4.14562e-06
5.94088e-07
-4.03666e-06
-0.000585397
0.00066817
-1.42292e-05
-6.67735e-06
2.15778e-07
-0.000508019
-1.42002e-05
-0.000507994
-1.50835e-06
1.44952e-06
-3.8913e-06
-1.49831e-06
-3.86666e-06
-4.61453e-06
4.95745e-06
-1.60788e-06
-4.20903e-06
-1.5117e-06
-0.000111749
0.00292972
6.04488e-05
0.00291811
-0.000182218
4.8925e-06
3.78254e-06
-5.26014e-06
4.49491e-06
4.25523e-06
-4.14676e-06
-5.80721e-06
7.91587e-06
7.89839e-06
4.13668e-06
4.55104e-06
-4.84621e-06
-4.34733e-06
3.99287e-06
5.13475e-06
0.000993586
0.000376362
-0.000515624
9.45035e-06
4.53863e-06
-1.08884e-05
-1.07977e-05
1.11653e-05
-2.16991e-06
8.90119e-07
5.42103e-07
-4.59077e-07
-4.5963e-07
-4.5776e-06
5.07058e-06
1.00661e-06
1.02023e-06
-1.12408e-06
-4.0349e-06
8.90903e-07
-4.08068e-06
7.00115e-06
7.18189e-06
1.60851e-06
-3.59143e-06
-1.65387e-06
-1.49993e-06
1.36052e-06
-3.98818e-06
-3.82964e-06
-1.21549e-06
1.023e-06
-4.17862e-06
4.75943e-06
-4.10461e-06
-4.20608e-06
-5.8777e-06
6.15222e-06
9.10936e-07
9.59365e-07
-6.39093e-06
6.61208e-06
9.73069e-07
9.56344e-07
-6.89728e-06
7.29797e-06
1.28231e-06
1.09483e-06
-7.7447e-06
8.20186e-06
1.85898e-06
1.54377e-06
-8.63658e-06
9.04596e-06
2.73279e-06
2.24005e-06
-9.47592e-06
9.81612e-06
3.89943e-06
3.27558e-06
-9.97397e-06
9.5865e-06
4.82642e-06
4.34451e-06
5.61556e-06
-4.88215e-06
7.6772e-06
1.03122e-05
4.38358e-06
-1.00675e-05
8.52371e-06
-9.20695e-06
5.36075e-06
5.72232e-06
8.71641e-06
9.64086e-06
-9.67707e-06
4.22086e-06
4.85283e-06
9.35609e-06
-8.8533e-06
2.96943e-06
3.51325e-06
8.28547e-06
-7.79147e-06
2.04292e-06
2.46682e-06
7.35183e-06
-7.03801e-06
1.43022e-06
1.5942e-06
6.72152e-06
-6.40583e-06
1.36754e-06
1.32551e-06
6.00007e-06
-5.55351e-06
1.25045e-06
1.30611e-06
1.1325e-06
-0.000756594
0.00085227
-1.49874e-05
-1.4307e-05
-0.000956502
0.00107181
-1.71432e-05
-1.59651e-05
-0.00120041
0.00134483
-1.85282e-05
-1.79967e-05
-0.00150624
0.00168335
-1.67324e-05
-1.79679e-05
-0.0018732
0.00207677
-2.25392e-05
-1.65172e-05
-3.13315e-05
-0.000585388
0.000668105
-1.3779e-05
6.24362e-06
-1.37673e-05
-0.000508032
-0.000507997
-3.49862e-05
-0.000268846
-0.00292911
-0.000186583
-4.53733e-06
-5.191e-06
2.99952e-07
4.50281e-06
0.00283937
-0.00267604
4.85519e-05
1.91652e-05
0.00249296
-0.00228995
4.35732e-05
5.34231e-05
0.00207858
-0.00187195
1.39362e-05
2.71955e-05
0.00167895
-0.00150515
-5.28358e-06
6.69345e-07
0.0013441
-0.00119981
-1.73303e-05
-1.4533e-05
0.00107123
-0.000956185
-1.65795e-05
-1.71964e-05
0.000852059
-0.000756501
-1.45701e-05
-1.55345e-05
-1.39084e-05
-5.28467e-06
5.51263e-06
-1.56489e-06
-1.29506e-06
-5.70118e-06
5.86144e-06
-1.90527e-06
-1.7543e-06
-6.01344e-06
6.19982e-06
-2.17121e-06
-2.01145e-06
-6.3255e-06
6.49446e-06
-2.4623e-06
-2.30129e-06
-6.41663e-06
6.42954e-06
-2.61579e-06
-2.49973e-06
-6.38001e-06
6.34518e-06
-3.09173e-06
-2.79293e-06
-6.20156e-06
6.05712e-06
-3.56892e-06
-3.32828e-06
-5.82529e-06
5.50948e-06
-4.14108e-06
4.35372e-06
-3.74209e-06
-5.01875e-06
4.21924e-06
-4.89803e-06
-4.47516e-06
-5.16023e-06
5.11787e-06
3.46342e-06
-3.69737e-06
3.24783e-06
-5.00299e-06
-4.98359e-06
-5.48797e-06
4.90614e-06
4.42244e-06
2.78061e-06
-3.65961e-06
-5.20858e-06
-5.12056e-06
1.97451e-06
4.85495e-06
-2.33441e-06
-1.67477e-06
1.47312e-06
-5.43114e-06
-5.53221e-06
6.05256e-06
3.70925e-06
-5.31377e-06
-5.27807e-06
6.47876e-06
-5.20547e-06
5.87672e-06
-6.08074e-06
-4.05539e-06
-4.56665e-06
6.16689e-06
-6.2649e-06
-3.51409e-06
-3.72542e-06
6.41261e-06
-6.48949e-06
-3.18957e-06
-3.35073e-06
6.53731e-06
-6.57921e-06
-2.81543e-06
-2.98153e-06
6.59279e-06
-6.56668e-06
-2.55749e-06
-2.6892e-06
6.48902e-06
-6.33563e-06
-2.29223e-06
-2.43367e-06
6.12721e-06
-5.86814e-06
-2.04534e-06
-2.16424e-06
5.58466e-06
-5.28897e-06
-1.8761e-06
-1.94594e-06
-1.77389e-06
-1.39573e-06
1.33174e-06
-3.92607e-06
-3.93117e-06
-1.28155e-06
1.21516e-06
-3.95958e-06
-3.95456e-06
-3.99131e-06
0.00048254
0.000511875
8.93878e-06
-4.27735e-06
3.58029e-06
-1.05074e-05
0.00278185
-0.000120885
-4.92903e-06
7.06017e-06
4.43853e-06
5.96779e-06
4.37733e-06
6.3717e-06
-4.75216e-06
6.96443e-06
-3.94261e-06
8.96741e-07
3.88946e-06
-0.000407238
-0.000356586
0.000294609
0.000299908
-5.78794e-06
3.42772e-06
3.38183e-06
4.27046e-06
-3.44784e-06
-0.000584989
0.000667344
-2.28213e-05
-0.000507747
-2.2718e-05
-1.44277e-06
1.47356e-06
-3.15344e-06
-7.12454e-06
-2.50887e-06
-1.48162e-07
-3.53796e-06
-1.65884e-06
3.41912e-06
-3.303e-06
-1.43794e-06
-1.29608e-06
-2.99377e-06
-1.36961e-06
-3.8683e-06
-4.64299e-06
5.15573e-06
8.42693e-07
-4.12849e-06
7.45131e-07
0.00296159
-0.000288062
8.31285e-06
-4.45498e-06
-9.60097e-06
4.92657e-06
-4.12923e-06
5.47457e-06
6.24982e-06
-0.000590575
0.000376464
2.69697e-06
-2.39814e-06
0.00246967
-0.00228618
-4.43509e-05
0.00263077
-7.16016e-05
3.39913e-06
8.87275e-06
-4.23839e-06
2.41428e-06
-9.46071e-06
9.04451e-06
9.61163e-06
-4.28999e-06
2.20965e-06
4.67568e-06
4.85328e-06
-5.81779e-06
7.25755e-06
-5.0463e-06
7.16212e-06
4.17754e-06
5.47502e-06
8.77776e-06
-3.76133e-06
-0.000585
0.000667323
-2.24095e-05
-0.000507786
-2.23166e-05
-8.55641e-06
6.72049e-06
-2.24923e-06
1.37128e-06
-0.00200744
0.000201344
0.00104037
-0.00234714
0.000523153
9.62989e-06
-3.91379e-06
-5.93018e-06
7.79956e-06
5.43157e-06
5.15113e-06
3.86719e-06
5.30548e-06
2.70143e-06
-5.09611e-06
2.94698e-06
5.40878e-06
5.46478e-06
8.64871e-07
-5.41499e-06
1.25251e-06
5.47302e-06
4.26324e-06
4.68943e-06
-4.99001e-06
7.25254e-06
-8.34387e-06
-4.82146e-06
8.46751e-06
3.65803e-06
0.0028028
-0.000163247
1.15441e-06
1.75445e-07
-6.72568e-07
-2.50865e-07
9.8855e-06
-2.13187e-06
-1.10053e-05
5.79191e-06
-3.51122e-06
-8.86697e-06
5.03034e-06
6.49465e-06
6.66982e-06
-1.43549e-06
1.35763e-06
-3.46278e-06
-3.32901e-06
-1.25268e-06
1.11547e-06
-3.63036e-06
-3.56783e-06
-9.76016e-07
8.63735e-07
-3.67452e-06
-3.6802e-06
-8.06502e-07
7.78012e-07
-3.60508e-06
-3.65118e-06
3.92445e-06
-3.5775e-06
7.29133e-07
-4.05611e-06
5.61546e-06
1.49446e-06
-2.8089e-06
1.0146e-06
-5.76348e-06
6.06008e-06
7.9961e-07
1.05718e-06
-6.36951e-06
6.69443e-06
8.1758e-07
8.08424e-07
-7.06445e-06
7.51359e-06
1.12581e-06
9.41636e-07
-8.04003e-06
8.56898e-06
1.71227e-06
1.38462e-06
-9.05924e-06
9.5384e-06
2.49361e-06
2.07708e-06
-9.97613e-06
1.03344e-05
3.44208e-06
2.95323e-06
-1.04613e-05
1.03141e-05
4.25169e-06
3.81788e-06
-1.01409e-05
1.08683e-05
5.0573e-06
4.76491e-06
5.53464e-06
8.70284e-06
1.06106e-05
-1.01663e-05
4.75907e-06
-6.30238e-06
4.45205e-06
1.0232e-05
-1.03425e-05
4.46276e-06
4.65995e-06
1.03951e-05
-1.02736e-05
3.78791e-06
4.16755e-06
9.94403e-06
-9.34002e-06
2.81595e-06
3.31679e-06
8.6913e-06
-8.05364e-06
1.93393e-06
2.39871e-06
7.56634e-06
-7.16301e-06
1.24007e-06
1.49081e-06
6.81062e-06
-6.44982e-06
1.07799e-06
1.06794e-06
6.08744e-06
-5.65041e-06
1.03779e-06
1.07703e-06
9.4037e-07
-0.000755182
0.000850295
-2.31711e-05
-2.27972e-05
-0.000954389
0.00107
-2.38292e-05
-2.35548e-05
-0.00119979
0.00134546
-2.35628e-05
-2.40747e-05
-0.00150843
0.00168864
-1.9533e-05
-2.18887e-05
-0.0018831
0.00208539
-1.99594e-05
-1.7377e-05
-2.57613e-05
2.38609e-07
-6.91056e-06
-0.000434783
6.41053e-06
-1.38494e-05
-0.000434849
-0.000434779
2.62802e-06
4.92256e-06
1.43201e-05
-0.000434579
-2.25357e-05
-0.000434802
0.00228657
-0.00248168
1.55058e-05
0.000161866
0.000425378
-0.000567934
0.00293208
-0.00292622
-0.000167702
-0.000301171
0.0028378
-0.00267969
3.34e-05
-1.60025e-05
0.00250254
-0.00230173
3.65888e-05
4.42103e-05
0.00209394
-0.00188407
8.89381e-06
2.52322e-05
0.00168814
-0.00150614
-9.62759e-06
-1.30212e-06
0.00134355
-0.00119911
-2.14114e-05
-1.82331e-05
0.00106947
-0.000954056
-2.31875e-05
-2.3337e-05
0.000850113
-0.000755069
-2.27718e-05
-2.31285e-05
-2.24027e-05
-3.51485e-06
3.61396e-06
-1.38316e-06
3.20579e-06
-2.82944e-06
-1.22652e-06
-1.31444e-06
-4.09037e-06
4.72727e-06
-1.0723e-06
-1.17103e-06
1.06855e-06
-5.07699e-06
5.33881e-06
-1.45506e-06
-1.24784e-06
-5.55612e-06
5.74236e-06
-1.76544e-06
-1.62578e-06
-5.94084e-06
6.09958e-06
-2.02145e-06
-1.89165e-06
-6.22905e-06
6.2998e-06
-2.2911e-06
-2.14392e-06
-6.3421e-06
6.34573e-06
-2.48616e-06
-2.35868e-06
-6.30179e-06
6.18706e-06
-2.86786e-06
-2.63878e-06
-6.01798e-06
5.82745e-06
-3.28094e-06
-3.04963e-06
-5.62724e-06
5.3059e-06
-3.78863e-06
-3.47156e-06
-4.86692e-06
4.279e-06
-4.36371e-06
-4.04867e-06
-3.7164e-06
3.18685e-06
-4.60457e-06
-4.51019e-06
-5.2737e-06
2.09976e-06
5.50144e-06
-2.60976e-06
1.99174e-06
-4.8581e-06
-4.69124e-06
1.34263e-06
5.42206e-06
-4.99892e-06
6.48901e-07
5.54315e-06
-5.10426e-06
-5.51709e-06
1.27186e-07
5.70031e-06
5.96043e-08
-7.309e-07
-5.15198e-06
5.56944e-06
-5.13869e-06
1.34887e-06
-1.98821e-06
-5.10638e-06
-5.11625e-06
2.77713e-06
-3.37809e-06
-4.90911e-06
-5.06344e-06
4.00993e-06
-4.83886e-06
-4.67764e-06
-4.82505e-06
5.33405e-06
-5.61878e-06
-3.92201e-06
-4.26874e-06
5.8208e-06
-6.00092e-06
-3.44251e-06
-3.64621e-06
6.16459e-06
-6.30529e-06
-3.15692e-06
-3.29226e-06
6.40283e-06
-6.46498e-06
-2.83464e-06
-2.98851e-06
6.48832e-06
-6.45574e-06
-2.56799e-06
-2.70316e-06
6.3697e-06
-6.22163e-06
-2.29952e-06
-2.43523e-06
6.02507e-06
-5.78408e-06
-2.05279e-06
-2.17143e-06
5.51512e-06
-5.22441e-06
-1.85186e-06
-1.94248e-06
4.89636e-06
-4.51837e-06
-1.55299e-06
-1.73217e-06
4.14799e-06
-3.95247e-06
-1.00868e-06
-1.39985e-06
-1.60341e-06
1.51028e-06
-3.27971e-06
-1.92392e-06
-1.47502e-06
1.43174e-06
-3.43718e-06
-3.38563e-06
-1.369e-06
1.31035e-06
-3.49566e-06
-3.4796e-06
-1.23433e-06
1.15406e-06
-3.51959e-06
-3.51323e-06
-1.05691e-06
9.44123e-07
-3.55642e-06
-3.5344e-06
-8.17427e-07
-3.60087e-06
6.70761e-07
-3.58046e-06
0.000352004
-0.000488788
-0.000471915
0.00274194
-3.67062e-06
-7.79776e-06
-1.05992e-05
1.04034e-05
1.22723e-06
0.00274528
-0.000100503
-1.81556e-06
2.48271e-06
-6.48972e-07
6.95501e-06
-4.72961e-06
6.09206e-06
5.00602e-08
-2.83515e-06
-6.19871e-06
-6.59858e-06
-2.20455e-06
7.2549e-06
-6.52562e-06
-3.10392e-06
1.73763e-06
5.03107e-06
5.45986e-06
-5.49494e-06
6.65229e-06
-6.44552e-07
5.82529e-06
1.4034e-06
5.7045e-06
-4.89594e-06
6.64294e-06
4.54029e-06
5.81384e-06
7.95199e-06
-4.01737e-06
-1.14573e-05
2.98611e-06
-8.59875e-06
5.04017e-06
6.20935e-08
-2.54337e-07
1.90074e-06
-6.42183e-06
5.01024e-06
-5.10105e-06
4.45593e-06
-9.71101e-06
5.17758e-06
1.03948e-05
-1.04867e-05
3.85305e-06
-2.20995e-05
-0.00043465
-0.00175006
0.00090341
5.40619e-05
-0.00240592
0.000689237
-1.13465e-06
1.24773e-06
-2.48241e-06
2.76028e-06
-1.08721e-06
-2.34352e-06
3.08951e-06
-1.10247e-06
0.00045329
8.73088e-06
-4.54327e-06
-6.13926e-06
7.09103e-06
5.29585e-06
4.42e-06
2.30677e-06
5.67473e-06
3.09414e-07
5.89993e-06
4.43067e-06
4.90484e-06
-5.22184e-06
7.04135e-06
8.94973e-06
-3.56831e-06
-9.92811e-06
7.63828e-07
-8.67355e-07
-3.14812e-06
6.45546e-07
-3.119e-06
0.00282161
-0.00027794
-5.93388e-06
6.60477e-06
-0.000173283
0.000125486
2.1014e-05
-1.28752e-05
0.000477227
0.000391233
-0.000339919
3.84685e-06
4.47886e-06
-6.94658e-06
-3.66855e-06
6.84495e-06
-0.00227681
-0.000192125
0.000349246
0.00134232
9.11359e-06
-4.23012e-06
0.00224858
0.000896237
9.53918e-06
-6.43585e-06
3.94636e-06
5.52463e-06
3.32689e-06
1.91382e-06
5.46997e-06
-4.9603e-06
7.64638e-06
4.02408e-06
6.28112e-07
-7.67837e-07
-3.0706e-06
-3.62309e-06
4.16895e-06
5.10327e-07
4.73003e-07
-3.07121e-06
-2.25148e-05
1.4374e-05
-0.000364083
-0.000433913
0.000507013
-3.10368e-05
-3.13022e-05
-0.000363284
0.00276802
-0.000147281
1.44751e-06
-2.76417e-06
8.64353e-06
-2.03561e-06
-8.04381e-06
4.5069e-06
7.50133e-06
-5.14933e-06
-4.25698e-06
3.57697e-06
-6.76142e-06
6.6091e-06
-7.25386e-06
-4.92014e-06
5.97914e-06
5.8461e-06
6.21684e-06
-3.10965e-06
8.50661e-06
1.86591e-06
-1.31894e-06
1.37227e-06
-2.73712e-06
-2.59919e-06
-1.36767e-06
1.32627e-06
-2.96818e-06
-2.8586e-06
-1.25869e-06
1.16754e-06
-3.11148e-06
-3.05883e-06
-1.07048e-06
9.68372e-07
-3.17806e-06
-3.16951e-06
-3.17976e-06
3.99195e-06
-3.58321e-06
6.14568e-07
-4.49336e-06
5.27882e-06
9.4217e-07
7.72e-07
-5.74899e-06
6.03682e-06
6.99167e-07
7.99175e-07
-6.40482e-06
6.76988e-06
6.68373e-07
6.24719e-07
-7.21744e-06
7.74565e-06
9.48094e-07
7.71564e-07
-8.33125e-06
8.93173e-06
1.46481e-06
1.19293e-06
-9.45162e-06
9.95789e-06
2.10276e-06
1.80101e-06
-1.04198e-05
1.07452e-05
2.84105e-06
2.44265e-06
-1.08859e-05
1.08444e-05
3.47347e-06
3.12079e-06
-1.07277e-05
1.08036e-05
3.869e-06
3.87027e-06
3.63182e-06
-6.17433e-06
5.7573e-06
3.28921e-06
-4.68359e-06
4.26724e-06
1.0602e-05
-1.07148e-05
3.491e-06
3.6727e-06
1.07894e-05
-1.06892e-05
3.03498e-06
3.29227e-06
1.03586e-05
-9.78416e-06
2.37093e-06
2.74124e-06
9.14113e-06
-8.45216e-06
1.776e-06
2.1641e-06
7.81035e-06
-7.32967e-06
1.15054e-06
1.35424e-06
6.91562e-06
-6.53975e-06
8.8117e-07
9.21053e-07
6.14354e-06
-5.7016e-06
7.98029e-07
8.37379e-07
5.22e-06
-4.70384e-06
6.56618e-07
7.29861e-07
5.74687e-07
-0.000584257
0.000666541
-3.12113e-05
-3.13372e-05
-0.000754216
0.000849266
-3.04444e-05
-3.0828e-05
-0.000953572
0.00106967
-2.95252e-05
-2.98905e-05
-0.00120036
0.00134784
-2.68504e-05
-2.87333e-05
-0.00151383
0.00169687
-1.98871e-05
-2.41628e-05
-0.00189491
0.00209758
-1.43864e-05
-1.68267e-05
-0.0023014
0.00248172
-3.1381e-05
-2.18877e-05
-0.00263267
0.00273925
-7.83113e-05
-5.64059e-05
-1.38665e-05
6.49412e-06
-0.000364485
-0.000433918
0.000506999
-3.06503e-05
2.20929e-05
-3.09075e-05
-0.000363333
-0.000364131
2.36512e-07
-7.03542e-06
-0.000364438
-0.00036448
-0.000364448
0.0025276
-0.00260329
8.20885e-05
0.000434983
0.00280903
-0.00288034
-8.21585e-05
-8.62957e-05
0.00283667
-0.0026928
2.4754e-05
-1.12335e-05
0.00251709
-0.00231712
2.97711e-05
3.40549e-05
0.00210499
-0.00189709
8.83648e-06
2.03672e-05
0.00169599
-0.00151181
-1.12009e-05
-4.3279e-06
0.0013464
-0.00119898
-2.48542e-05
-2.00041e-05
0.00106925
-0.000953352
-2.88781e-05
-2.72913e-05
0.000849168
-0.000754143
-3.00874e-05
-2.95403e-05
0.000666503
-0.000584225
-3.08649e-05
-3.04767e-05
-3.09888e-05
-3.39883e-06
3.63375e-06
-1.19768e-06
-1.18561e-06
-4.01685e-06
4.47748e-06
-1.10639e-06
-1.13714e-06
-4.85709e-06
5.15768e-06
-1.34025e-06
-1.19724e-06
-5.40281e-06
5.61765e-06
-1.61826e-06
-1.48054e-06
-5.79258e-06
5.93867e-06
-1.82467e-06
-1.7166e-06
-6.07273e-06
6.13204e-06
-2.03699e-06
-1.94071e-06
-6.18642e-06
6.22475e-06
-2.30767e-06
-2.1441e-06
-6.17568e-06
6.05716e-06
-2.57821e-06
-2.40788e-06
-5.88792e-06
5.6766e-06
-2.89819e-06
-2.70687e-06
-5.46136e-06
5.12045e-06
-3.31435e-06
-3.09853e-06
-4.71889e-06
4.20902e-06
-3.7663e-06
-3.53901e-06
-3.67522e-06
3.1334e-06
-4.03056e-06
-3.91298e-06
-2.55998e-06
1.9487e-06
-4.2719e-06
-4.11765e-06
-1.29627e-06
6.3107e-07
-4.49263e-06
-4.38449e-06
3.02378e-08
-6.86594e-07
-4.56248e-06
-4.53511e-06
1.33522e-06
-2.00048e-06
-4.52151e-06
-4.54555e-06
2.6704e-06
-3.27317e-06
-4.37611e-06
-4.4729e-06
3.88377e-06
-4.50089e-06
-4.11284e-06
-4.26851e-06
4.94986e-06
-5.28655e-06
-3.63528e-06
-3.87195e-06
5.55031e-06
-5.77139e-06
-3.25452e-06
-3.42674e-06
5.96149e-06
-6.13198e-06
-2.99988e-06
-3.12628e-06
6.25672e-06
-6.32902e-06
-2.71368e-06
-2.85525e-06
6.35341e-06
-6.32006e-06
-2.4445e-06
-2.57854e-06
6.23409e-06
-6.09451e-06
-2.18246e-06
-2.31105e-06
5.90997e-06
-5.68401e-06
-1.94574e-06
-2.06032e-06
5.42686e-06
-5.1411e-06
-1.73189e-06
-1.83195e-06
4.82118e-06
-4.4635e-06
-1.42043e-06
-1.60138e-06
4.14673e-06
-7.65987e-07
-3.87444e-06
-1.20689e-06
-1.41687e-06
1.38295e-06
-2.95821e-06
-2.88128e-06
-1.33262e-06
1.27129e-06
-3.03007e-06
-3.00608e-06
-1.19956e-06
1.11368e-06
-3.05259e-06
-3.04954e-06
-1.01629e-06
8.98828e-07
-3.06157e-06
-3.0611e-06
-3.06589e-06
2.59279e-06
-0.000227682
0.00010871
0.000196083
-0.000133356
0.000156463
-0.000394626
-0.000219354
0.000330768
2.59263e-06
-2.21524e-06
-9.82929e-07
-7.01021e-06
-4.3797e-06
7.66658e-06
-4.84896e-06
-4.47561e-06
-7.71565e-06
-5.94735e-06
6.28929e-06
5.63351e-06
4.92869e-06
1.58265e-06
5.90066e-06
-7.08932e-07
6.14607e-06
4.77786e-06
5.32652e-06
-5.14573e-06
6.43238e-06
8.53368e-06
-4.39224e-06
3.3728e-06
-7.012e-06
-3.11203e-06
5.06375e-07
-1.12221e-05
2.41937e-06
-6.64391e-06
-2.27714e-06
5.20084e-06
0.000594834
0.000412602
-0.000904451
-1.03218e-05
4.36275e-06
0.00269878
-0.000344663
2.96483e-06
-1.00734e-06
6.62576e-06
-6.28732e-06
9.53045e-06
-1.0096e-05
-2.73634e-06
1.98085e-06
-0.000433135
0.000506211
-3.8968e-05
-0.000362547
-3.98682e-05
0.00034163
0.000306824
-0.00250514
0.00129642
3.29118e-06
4.88697e-06
0.000411168
0.000365425
-6.47083e-06
-4.93588e-06
8.60868e-06
-5.17243e-06
0.00251804
0.000368269
-0.000620453
-6.73961e-06
6.87646e-06
5.76418e-06
3.81471e-06
2.67071e-06
5.83284e-06
5.60613e-07
6.42924e-06
4.71307e-06
4.31076e-06
-5.42313e-06
7.11874e-06
8.36967e-06
-4.9419e-06
-1.10364e-06
1.19256e-06
-2.09521e-06
-1.02118e-06
-1.95058e-06
-3.65046e-06
4.21236e-06
3.33604e-07
-3.0813e-06
3.03359e-07
6.14642e-07
-7.53188e-07
-2.53645e-06
4.68389e-07
-2.52873e-06
-0.000433122
0.000506189
-3.92763e-05
-0.000362511
-4.0203e-05
-2.18261e-05
1.3947e-05
-0.000296089
-3.06647e-05
-0.000295319
7.57985e-06
-2.95387e-06
0.00271869
-0.000202246
-1.31664e-06
1.34722e-06
-2.28425e-06
-1.21669e-06
-2.16261e-06
0.00273061
-0.000101416
-4.83467e-08
1.17748e-06
-6.84629e-07
8.56799e-06
-5.08205e-06
-2.18072e-07
1.78945e-06
-1.06676e-06
-4.81214e-06
-7.34334e-06
5.54295e-06
6.10622e-06
5.81279e-06
-4.36905e-06
8.94023e-06
-1.25526e-06
1.30059e-06
-2.30521e-06
-2.18472e-06
-1.30399e-06
1.28533e-06
-2.48696e-06
-2.39078e-06
-1.23544e-06
1.17676e-06
-2.60743e-06
-2.55502e-06
-1.09017e-06
1.00123e-06
-2.66736e-06
-2.64732e-06
-8.88963e-07
7.61218e-07
-2.63487e-06
-2.66327e-06
-6.38152e-07
5.0734e-07
-2.61657e-06
-2.6217e-06
3.1235e-06
-2.60854e-06
3.54314e-07
-3.60021e-06
4.08363e-06
4.25687e-07
3.59529e-07
-4.60589e-06
5.18147e-06
5.95015e-07
5.09227e-07
-5.63891e-06
6.05857e-06
4.73149e-07
5.46925e-07
-6.44348e-06
6.87313e-06
4.91683e-07
4.45512e-07
-7.37254e-06
7.96684e-06
7.34581e-07
5.93799e-07
-8.61712e-06
9.21355e-06
1.14077e-06
9.17086e-07
-9.75652e-06
1.02749e-05
1.59792e-06
1.38933e-06
-1.07314e-05
1.10903e-05
2.15002e-06
1.86096e-06
-1.12392e-05
1.12243e-05
2.68867e-06
2.38584e-06
-1.12576e-05
1.11922e-05
2.8756e-06
2.88498e-06
2.5041e-06
1.30473e-06
-1.20473e-06
-1.12404e-05
1.05107e-05
-1.06603e-05
3.02499e-06
3.55138e-06
1.07811e-05
-1.09285e-05
2.47424e-06
2.67082e-06
1.1003e-05
-1.09149e-05
2.13944e-06
2.31451e-06
1.05696e-05
-1.01221e-05
1.73959e-06
1.90794e-06
9.47069e-06
-8.79247e-06
1.35084e-06
1.5747e-06
8.0992e-06
-7.55476e-06
9.74671e-07
1.03144e-06
7.06182e-06
-6.64246e-06
7.07229e-07
7.44711e-07
6.19061e-06
-5.73122e-06
5.49257e-07
5.94245e-07
5.26729e-06
-4.75183e-06
4.5066e-07
5.16616e-07
3.91969e-07
-0.000583666
0.000666286
-3.82033e-05
-3.91451e-05
-0.000754249
0.00084961
-3.62166e-05
-3.71997e-05
-0.00095423
0.00107107
-3.37731e-05
-3.50691e-05
-0.00120293
0.00135177
-2.89333e-05
-3.1809e-05
-0.00151796
0.00170221
-1.95317e-05
-2.46115e-05
-0.00190134
0.00210885
-1.09562e-05
-1.48652e-05
-0.0023081
0.00249542
-2.58184e-05
-1.19052e-05
-0.0026365
0.00273957
-5.76652e-05
-3.398e-05
-1.3457e-05
6.34346e-06
-0.000296417
2.13801e-05
-3.02686e-05
-0.000295379
-0.000296116
2.50392e-07
-6.85097e-06
-0.000296393
-0.000296449
-0.000296389
0.00264579
-0.00269928
0.000108673
0.000300856
0.00278597
-0.00284227
-1.39634e-05
6.99501e-06
0.00282218
-0.00269361
2.51126e-05
8.05769e-06
0.00252577
-0.00233102
2.76679e-05
2.96858e-05
0.00212001
-0.0019064
6.75841e-06
1.89752e-05
0.00170426
-0.0015181
-1.27415e-05
-5.00299e-06
0.00135169
-0.00120256
-2.7458e-05
-2.09171e-05
0.00107075
-0.000954079
-3.30558e-05
-3.04675e-05
0.000849563
-0.000754236
-3.59397e-05
-3.47792e-05
0.000666262
-0.000583661
-3.78892e-05
-3.69092e-05
-3.88267e-05
0.00270147
-0.000679256
-3.27935e-06
3.579e-06
-1.04825e-06
-1.04173e-06
-3.92442e-06
4.31234e-06
-1.03953e-06
-1.03519e-06
-4.6757e-06
4.99004e-06
-1.19694e-06
-1.09866e-06
-5.26008e-06
5.46358e-06
-1.41583e-06
-1.31108e-06
-5.66344e-06
5.79922e-06
-1.59491e-06
-1.53599e-06
-5.89655e-06
5.99927e-06
-1.78208e-06
-1.67536e-06
-6.08288e-06
6.05626e-06
-1.98238e-06
-1.88964e-06
-6.00531e-06
5.88904e-06
-2.22717e-06
-2.09983e-06
-5.75484e-06
5.55121e-06
-2.46771e-06
-2.34266e-06
-5.28882e-06
4.9673e-06
-2.80131e-06
-2.62214e-06
-4.58361e-06
4.1042e-06
-3.11644e-06
-2.97686e-06
-3.60043e-06
3.06241e-06
-3.35107e-06
-3.24979e-06
-2.5097e-06
1.90762e-06
-3.56333e-06
-3.44162e-06
-1.28584e-06
6.24631e-07
-3.73192e-06
-3.66214e-06
1.63344e-08
-6.64961e-07
-3.80526e-06
-3.79058e-06
1.30382e-06
-1.94214e-06
-3.78473e-06
-3.80361e-06
2.57102e-06
-3.15419e-06
-3.68786e-06
-3.74452e-06
3.71765e-06
-4.24534e-06
-3.48307e-06
-3.59604e-06
4.6905e-06
-5.05097e-06
-3.17773e-06
-3.33153e-06
5.34454e-06
-5.58582e-06
-2.88576e-06
-3.02411e-06
5.79801e-06
-5.97274e-06
-2.67073e-06
-2.77214e-06
6.10344e-06
-6.18142e-06
-2.42545e-06
-2.54734e-06
6.20635e-06
-6.1777e-06
-2.18603e-06
-2.3054e-06
6.09721e-06
-5.96835e-06
-1.95452e-06
-2.06801e-06
5.79504e-06
-5.57847e-06
-1.74208e-06
-1.84616e-06
5.3207e-06
-5.04045e-06
-1.5328e-06
-1.64094e-06
4.73366e-06
-4.36698e-06
-1.25938e-06
-1.39675e-06
3.99641e-06
-3.32314e-06
-9.6829e-07
-1.05988e-06
-1.02905e-06
1.07791e-06
-1.35114e-06
1.33075e-06
-2.46639e-06
-2.39383e-06
-1.29111e-06
1.23936e-06
-2.54268e-06
-2.51396e-06
-1.16821e-06
1.08749e-06
-2.56191e-06
-2.55675e-06
-9.88777e-07
8.77855e-07
-2.55505e-06
-2.56153e-06
-2.54622e-06
4.98124e-06
-6.4437e-06
5.77433e-06
-0.000294607
-3.96976e-05
0.000245556
0.000267297
-0.000378804
0.000299354
0.000251047
-0.000541072
0.000310314
-4.89181e-06
3.84829e-06
-5.34973e-06
-3.40554e-06
2.76128e-06
2.85735e-06
5.35036e-06
0.000313472
0.000306885
-6.97695e-06
-5.27502e-06
7.86985e-06
-5.30759e-06
-4.97292e-06
6.05065e-06
-0.00210453
2.59175e-06
1.60366e-06
-4.57779e-06
-4.77927e-06
0.000436397
0.00181113
-6.44223e-06
5.73753e-06
6.05286e-06
4.36836e-06
1.91144e-06
6.08128e-06
-1.01755e-06
6.91269e-06
5.14785e-06
4.82933e-06
-5.44526e-06
6.32579e-06
8.346e-06
-5.13815e-06
-2.83692e-06
-7.04143e-06
-1.79865e-06
-9.62229e-07
5.23644e-07
-6.60584e-07
-2.08501e-06
3.63141e-07
-2.05895e-06
1.07707e-05
-1.16197e-05
2.08393e-06
0.000452362
-0.000837547
-1.1717e-05
1.23978e-05
2.51108e-06
-1.1727e-05
2.6793e-06
3.01671e-07
-2.51835e-06
-4.00151e-05
-0.00029457
6.97881e-06
-7.98331e-06
2.08917e-06
8.7585e-06
-0.000265129
-1.07515e-06
-2.02176e-06
4.94699e-06
-1.36855e-06
-3.88678e-07
-7.31731e-06
-0.000140876
0.00267664
0.00274615
-7.08741e-05
3.75875e-06
5.1373e-06
-0.000595637
0.000387858
0.000306292
-6.11098e-06
-5.90407e-06
5.4887e-06
8.19685e-06
-5.86077e-06
1.17833e-06
2.2577e-06
-3.38355e-06
-7.56388e-06
5.07884e-06
8.84901e-06
6.07246e-06
3.12684e-06
-5.61551e-06
7.33043e-06
-3.00195e-05
2.11119e-05
-0.000229557
-3.99412e-05
-0.000228831
0.000205211
0.000243282
7.65905e-06
-6.90461e-06
-6.5328e-06
-5.88085e-06
1.13683e-06
-3.72078e-06
2.02016e-06
-3.98602e-07
-1.48524e-06
5.27014e-06
3.48253e-06
-0.000244837
0.00020056
0.000221722
0.000254174
-5.18554e-06
-6.66449e-06
2.9173e-06
2.69023e-06
3.20642e-07
-0.000161133
0.000127887
-0.000261523
4.94513e-06
6.3345e-06
5.52447e-06
-5.24532e-06
9.05718e-07
-1.58098e-06
-6.2711e-07
-1.04324e-06
1.1239e-06
-1.69133e-06
-1.60276e-06
-1.1975e-06
1.22972e-06
-1.85396e-06
-1.7734e-06
-1.24971e-06
1.23952e-06
-2.00189e-06
-1.93201e-06
-1.20506e-06
1.1582e-06
-2.09541e-06
-2.05034e-06
-1.09047e-06
9.99887e-07
-2.13326e-06
-2.12162e-06
-8.93954e-07
7.871e-07
-2.11682e-06
-2.13033e-06
-2.09379e-06
-2.5682e-06
3.10635e-06
1.78708e-07
2.00319e-07
-3.61942e-06
4.12039e-06
2.20584e-07
1.77002e-07
-4.63004e-06
5.13674e-06
3.18741e-07
2.60518e-07
-5.6144e-06
6.0301e-06
2.59864e-07
2.74768e-07
-6.4391e-06
6.91301e-06
2.95901e-07
2.59745e-07
-7.4971e-06
8.16878e-06
4.46566e-07
3.56636e-07
-8.82062e-06
9.40275e-06
7.54171e-07
5.90698e-07
-9.93688e-06
1.04508e-05
1.06709e-06
9.22106e-07
-1.09288e-05
1.13018e-05
1.45568e-06
1.25383e-06
-1.1504e-05
1.15792e-05
1.80804e-06
1.61683e-06
-1.15924e-05
1.17261e-05
1.65257e-06
1.88126e-06
1.46005e-06
2.3006e-06
7.5623e-06
1.14388e-05
-1.11057e-05
1.80214e-06
2.21673e-06
1.10296e-05
-1.1094e-05
1.4329e-06
1.56336e-06
1.11386e-05
-1.10472e-05
1.278e-06
1.35972e-06
1.07353e-05
-1.02487e-05
1.00406e-06
1.11485e-06
9.61549e-06
-8.9288e-06
6.92811e-07
8.48955e-07
8.35142e-06
-7.74288e-06
5.73416e-07
5.86991e-07
7.22852e-06
-6.6831e-06
4.02636e-07
4.6968e-07
6.22011e-06
-5.76154e-06
3.11293e-07
3.56832e-07
5.28074e-06
-4.77281e-06
2.3702e-07
2.78682e-07
4.22434e-06
-3.65456e-06
1.48205e-07
1.93182e-07
3.07524e-06
-2.50473e-06
1.26721e-07
1.23181e-07
-0.000432731
0.000505832
-4.70364e-05
0.000361881
-0.000293626
-4.9347e-05
-4.90838e-05
-0.000583609
0.000666433
-4.39849e-05
-4.60898e-05
-0.000754608
0.000850304
-4.02137e-05
-4.21019e-05
-0.000955441
0.00107322
-3.59749e-05
-3.81496e-05
-0.00120648
0.00135732
-3.01192e-05
-3.33592e-05
-0.00152683
0.00171417
-1.97056e-05
-2.5544e-05
-0.00191587
0.00212618
-9.43456e-06
-1.36601e-05
-0.00233068
0.00250767
-1.15821e-05
-7.24558e-06
-0.00265624
0.00274884
-3.20914e-05
-2.158e-05
4.95529e-06
-7.56101e-06
-1.33924e-05
6.39472e-06
-0.000230424
-0.000230167
2.46496e-07
-6.86922e-06
-0.00023053
-0.000230555
1.38709e-05
-2.1568e-05
-0.000230134
-0.000230396
3.04009e-05
-4.0229e-05
-0.000228821
-0.000229517
0.00271853
-0.00276067
0.000103501
-1.23964e-06
0.00260225
0.00280071
-0.00283259
2.8605e-05
5.02067e-05
0.00282191
-0.00270776
3.26482e-05
2.82786e-05
0.00254411
-0.00234791
2.3442e-05
2.93821e-05
0.00213436
-0.00192055
4.11586e-06
1.47214e-05
0.00171782
-0.00152774
-1.55929e-05
-5.37697e-06
0.00135689
-0.00120658
-2.82965e-05
-2.32649e-05
0.00107297
-0.000955172
-3.5335e-05
-3.24789e-05
0.000850182
-0.000754487
-3.99526e-05
-3.7726e-05
0.000666304
-0.000583506
-4.36852e-05
-4.18227e-05
0.000505765
-0.000432719
-4.67593e-05
-4.57981e-05
0.000361884
-0.000293634
-4.91188e-05
-4.88273e-05
-2.42039e-06
2.82099e-06
-9.19977e-07
1.99803e-06
-9.20318e-07
-1.51397e-06
-9.04547e-07
1.65677e-06
-7.81991e-06
-1.92225e-06
-9.4493e-07
-9.89612e-07
1.11277e-06
-1.63515e-06
-8.70904e-07
-1.53689e-06
5.65602e-06
-3.16315e-06
3.49348e-06
-9.05688e-07
-9.04782e-07
-3.83573e-06
4.19023e-06
-9.21836e-07
-9.0807e-07
-4.5335e-06
4.84908e-06
-1.02813e-06
-9.62202e-07
-5.13135e-06
5.37404e-06
-1.20319e-06
-1.11401e-06
-5.5495e-06
5.70301e-06
-1.35429e-06
-1.28831e-06
-5.82707e-06
5.90498e-06
-1.48077e-06
-1.41722e-06
-5.93735e-06
5.93789e-06
-1.6294e-06
-1.54877e-06
-5.88607e-06
5.75845e-06
-1.8035e-06
-1.72442e-06
-5.59873e-06
5.40871e-06
-2.00437e-06
-1.9025e-06
-5.16627e-06
4.84077e-06
-2.23436e-06
-2.11893e-06
-4.44422e-06
4.00244e-06
-2.462e-06
-2.35515e-06
-3.50743e-06
2.98787e-06
-2.63641e-06
-2.55391e-06
-2.45103e-06
1.86567e-06
-2.79734e-06
-2.71629e-06
-1.24796e-06
6.18677e-07
-2.92064e-06
-2.86635e-06
2.36769e-08
-6.52045e-07
-2.97263e-06
-2.95555e-06
1.27385e-06
-1.88758e-06
-2.96395e-06
-2.97484e-06
2.47944e-06
-3.04847e-06
-2.90332e-06
-2.94338e-06
3.58315e-06
-4.07725e-06
-2.7699e-06
-2.84129e-06
4.50837e-06
-4.87641e-06
-2.56834e-06
-2.67592e-06
5.1782e-06
-5.42765e-06
-2.35648e-06
-2.45943e-06
5.64282e-06
-5.83086e-06
-2.18832e-06
-2.26888e-06
5.96264e-06
-6.04228e-06
-2.01501e-06
-2.10414e-06
6.06947e-06
-6.04551e-06
-1.83236e-06
-1.92395e-06
5.97146e-06
-5.85207e-06
-1.64943e-06
-1.74082e-06
5.68738e-06
-5.47774e-06
-1.4713e-06
-1.56001e-06
5.22953e-06
-4.94246e-06
-1.29035e-06
-1.38372e-06
4.61025e-06
-4.22719e-06
-1.09632e-06
-1.18226e-06
3.79464e-06
-3.33746e-06
-9.15787e-07
-9.66677e-07
2.93633e-06
-2.60862e-06
-9.28436e-07
-9.29791e-07
2.22935e-06
-1.82885e-06
-8.37786e-07
-8.88062e-07
-1.20571e-06
1.27007e-06
-1.83946e-06
-1.7423e-06
-1.29316e-06
1.28434e-06
-1.97197e-06
-1.91761e-06
-1.25569e-06
1.21129e-06
-2.04162e-06
-2.01524e-06
-1.15275e-06
1.07593e-06
-2.05521e-06
-2.05513e-06
-9.84226e-07
8.81526e-07
-2.04254e-06
-2.05221e-06
-7.6758e-07
6.37927e-07
-2.00746e-06
-2.02762e-06
-4.92433e-07
3.35474e-07
-1.97154e-06
-1.98851e-06
-0.00109898
0.000391074
0.000407871
-0.000524365
0.000321576
-0.000323675
0.000267546
0.00020243
0.000244658
-0.000790793
0.000427023
0.000602983
-0.00103125
-0.00159146
-1.05462e-05
5.78076e-06
-5.28669e-06
-8.87968e-05
0.00270102
0.00274783
-4.04047e-05
3.15011e-06
5.69982e-06
0.000275274
0.000270642
-7.02588e-06
-5.85279e-06
7.62909e-06
-5.95124e-06
-6.7963e-06
-5.66931e-06
-1.02239e-06
1.34595e-06
-3.66734e-06
4.81638e-07
8.71277e-07
-3.72666e-07
-4.73046e-07
3.38481e-06
-5.17481e-06
-1.44651e-06
3.86966e-08
1.44307e-07
-2.97914e-06
-0.00019557
0.00260825
-7.0527e-06
4.91303e-06
6.50194e-06
3.59086e-06
2.34923e-06
6.33649e-06
-1.61225e-06
5.88457e-06
2.04399e-06
5.62123e-06
4.34007e-06
-5.83973e-06
6.38159e-06
7.52789e-06
-5.91182e-06
-7.82663e-06
-5.96076e-06
9.39954e-07
-1.02827e-06
-1.01161e-06
-9.67159e-06
-1.41585e-06
1.68725e-07
-1.95271e-06
-5.03059e-05
-0.00022761
-0.000227638
-5.00818e-05
-0.000196826
-8.80367e-05
6.24199e-05
0.000222869
0.000168043
0.000169993
0.000196569
0.000506511
7.46299e-06
-6.53145e-06
5.41786e-06
-7.72044e-06
-2.68791e-07
-8.35242e-07
-1.42868e-06
-7.67799e-07
-1.92604e-06
1.39497e-07
6.88855e-06
-5.33283e-06
3.59713e-06
-8.76925e-06
-6.87908e-05
-6.41167e-06
1.01439e-05
4.4531e-05
-2.29638e-06
-9.56856e-05
1.75175e-06
7.28317e-05
-9.86299e-05
-3.99235e-06
5.1311e-05
-4.85145e-06
-0.000210244
0.000169775
0.000186929
0.00271602
-5.13358e-05
3.6217e-06
6.26794e-06
0.000221608
-5.94044e-06
-5.32979e-06
3.92285e-07
-1.96216e-06
-2.22341e-06
0.000375375
0.000182582
-0.000409946
0.00033553
0.000153403
-0.000233732
5.82073e-07
1.17052e-06
-7.87358e-07
-0.000221798
0.000297515
-0.000345025
0.000152727
0.000130322
-7.58546e-05
0.00266132
0.00263726
-0.000325723
0.000249597
4.12725e-06
6.49209e-06
5.32175e-06
-6.26026e-06
-1.00607e-06
1.08031e-06
-1.27156e-06
-1.18201e-06
-1.14391e-06
1.18557e-06
-1.40145e-06
-1.34121e-06
-1.19996e-06
1.18941e-06
-1.50476e-06
-1.45587e-06
-1.17135e-06
1.12792e-06
-1.56911e-06
-1.5465e-06
-1.0638e-06
9.79757e-07
-1.58872e-06
-1.58346e-06
-8.81146e-07
7.71766e-07
-1.57435e-06
-1.58606e-06
-6.61894e-07
5.39652e-07
-1.54457e-06
-1.55897e-06
-1.51036e-06
-2.48979e-06
3.04847e-06
-1.08854e-08
3.41641e-08
-3.57511e-06
4.08298e-06
1.1266e-08
-1.44993e-08
-4.56944e-06
5.07118e-06
5.23147e-08
3.8539e-08
-5.5032e-06
5.93487e-06
4.02042e-08
5.54567e-08
-6.38276e-06
6.91949e-06
4.99045e-08
4.87298e-08
-7.53972e-06
8.21399e-06
1.47901e-07
9.25514e-08
-8.86289e-06
9.44801e-06
3.36338e-07
2.40517e-07
-9.96759e-06
1.04782e-05
5.47572e-07
4.49703e-07
-1.09777e-05
1.14035e-05
7.18287e-07
6.53506e-07
-1.15692e-05
1.16059e-05
8.7736e-07
8.40194e-07
-1.16614e-05
1.16146e-05
4.76444e-07
7.14987e-07
-1.16533e-05
1.12537e-05
1.07687e-06
1.2086e-07
1.10567e-06
1.22311e-05
-1.22141e-05
6.76094e-07
1.1219e-05
2.31921e-07
-1.25005e-06
1.17439e-05
-1.12303e-05
4.26362e-07
6.27553e-07
1.10029e-05
-1.10145e-05
3.71634e-07
3.3825e-07
1.10712e-05
-1.10088e-05
5.21046e-07
4.58423e-07
1.07295e-05
-1.01999e-05
3.93934e-07
4.75906e-07
9.56406e-06
-8.92864e-06
1.60021e-07
2.8445e-07
8.32982e-06
-7.75369e-06
1.49614e-07
1.07506e-07
7.2166e-06
-6.69457e-06
8.40202e-08
1.1805e-07
6.21127e-06
-5.73738e-06
5.52767e-08
8.37485e-08
5.24888e-06
-4.73444e-06
1.35601e-08
3.1009e-08
4.18108e-06
-3.60935e-06
-3.8056e-08
-1.24662e-08
3.0321e-06
-2.45696e-06
-5.28433e-08
-5.57594e-08
-1.89162e-06
-1.56497e-08
0.000291527
-0.000225232
-5.9268e-05
0.00036002
-5.7905e-05
0.000430828
-5.71208e-05
0.000503922
-5.36126e-05
0.000582075
-5.17129e-05
0.000665378
-4.85185e-05
0.000754121
-4.63072e-05
0.000850308
-4.34663e-05
0.000956008
-4.04686e-05
0.00107456
-3.74632e-05
0.00120928
-3.43369e-05
0.00136215
-3.10059e-05
0.00153327
-2.69138e-05
0.00172111
-2.15418e-05
0.00192373
-1.51218e-05
0.00213457
-8.59205e-06
0.002339
-2.02608e-06
0.00252234
-3.5227e-06
0.00266571
-2.01614e-06
0.00276351
-1.08275e-05
0.00276482
-1.28184e-05
0.00272934
-1.19111e-05
0.00266848
-1.66462e-05
0.00255287
6.21298e-05
1.6115e-05
0.00221073
4.70253e-05
7.2089e-05
-6.44154e-05
0.000133518
0.000423527
-0.000602566
0.000125729
-0.000160618
-1.14935e-05
6.24985e-06
0.00028926
0.000114117
3.83556e-05
-4.73951e-05
-0.000165503
2.89923e-05
-0.000166284
2.0465e-05
-0.000166695
1.29682e-05
-0.000167155
6.19865e-06
-0.000167467
-2.28986e-07
-0.000167725
-6.65931e-06
-0.000167723
-1.34399e-05
-0.000167448
-2.09097e-05
-0.000167126
-2.9358e-05
-0.000166683
-3.86511e-05
-0.000166281
-4.76162e-05
-0.000165467
-5.51309e-05
-0.000163621
-1.98767e-07
-9.87973e-06
-9.78226e-07
-0.0027272
1.76363e-05
0.00237347
-0.00278418
0.000102933
-0.00281128
7.37293e-05
-0.00283334
5.51715e-05
-0.00282185
4.57986e-05
-0.00271075
4.11276e-05
-0.00255016
3.35687e-05
-0.00235502
2.1347e-05
-0.00214143
1.17225e-05
-0.00192664
2.38807e-06
-0.00172188
-8.52025e-06
-0.00153402
-1.776e-05
-0.00136295
-2.47675e-05
-0.0012094
-2.98734e-05
-0.00107461
-3.35557e-05
-0.000955831
-3.70419e-05
-0.000850159
-3.99888e-05
-0.000753974
-4.31811e-05
-0.000665246
-4.60733e-05
-0.000581948
-4.83019e-05
-0.000503836
-5.15051e-05
-0.000430774
-5.3417e-05
-0.000359985
-5.69489e-05
-0.00029153
-5.77422e-05
-0.000225244
-5.91112e-05
-0.000163654
-5.49741e-05
-0.000215113
0.000258476
0.0001654
0.000139434
0.000186508
0.000348503
0.000128939
7.478e-06
-7.84804e-06
7.13162e-06
-5.29108e-06
1.50914e-06
-2.69887e-05
1.98048e-06
1.44053e-05
2.10605e-05
-5.12764e-05
2.0987e-05
-6.57679e-06
-6.39135e-06
7.21241e-06
-6.7565e-06
6.17989e-06
-7.83122e-06
5.58913e-06
-1.36984e-05
-7.29971e-06
8.83961e-06
-6.44469e-06
2.45655e-06
1.35154e-06
-9.76656e-06
-0.000124826
6.51328e-06
-4.43247e-06
-0.000152683
0.000123186
0.000106133
4.50267e-06
-5.34402e-06
-5.6721e-06
-1.86428e-06
-2.35066e-06
0.00029231
-0.000566557
-1.94671e-06
-9.13792e-06
-4.65959e-06
-0.000122028
-6.93722e-05
3.8695e-05
2.13124e-05
-0.000248389
-0.0021542
0.000146626
0.00251784
0.000169095
0.000200734
0.000143609
-3.0163e-06
3.47307e-05
4.17664e-06
0.000105488
-7.65734e-06
-0.000144526
7.72295e-05
-4.77816e-06
5.65182e-05
-5.88777e-06
1.83815e-06
6.33284e-06
-7.64147e-06
4.52289e-06
-1.55109e-06
7.22246e-06
2.6313e-06
6.88613e-06
6.44161e-06
3.60608e-06
-6.96049e-06
-7.43369e-06
6.6049e-06
-6.3934e-06
0.000427504
0.000324299
-0.000606388
0.000349944
0.000232209
0.000298781
0.000182311
0.000255756
0.000156465
0.000217092
0.000133263
0.000180616
0.000114453
5.22318e-08
1.17324e-05
-7.82914e-06
-0.00232457
0.000887016
-4.4209e-06
-7.2712e-06
5.50397e-06
-6.9203e-06
-2.46234e-07
7.25878e-08
-1.35587e-06
-4.04885e-07
-1.41778e-06
-5.48e-07
-1.44128e-06
-6.72389e-07
-1.46768e-06
-7.8795e-07
-1.48775e-06
-8.89516e-07
-1.51346e-06
-9.78977e-07
-1.53391e-06
-1.06624e-06
-1.53845e-06
-1.1347e-06
-1.54668e-06
-1.18702e-06
-1.54836e-06
-1.22329e-06
-1.53791e-06
-1.24079e-06
-1.51874e-06
-1.23378e-06
-1.4898e-06
-1.20483e-06
-1.44761e-06
-1.13599e-06
-1.4004e-06
-1.03953e-06
-1.32776e-06
-9.16765e-07
-1.25015e-06
-7.8294e-07
-1.17116e-06
-6.62107e-07
-1.05482e-06
1.31323e-06
1.73523e-06
-6.79943e-07
2.14772e-06
-7.32772e-07
2.54545e-06
-7.63611e-07
2.92756e-06
-7.84504e-07
3.32329e-06
-7.9533e-07
3.73026e-06
-7.88443e-07
4.12981e-06
-8.24019e-07
4.49886e-06
-9.09052e-07
4.8298e-06
-9.53205e-07
5.12275e-06
-1.02947e-06
5.36034e-06
-1.08699e-06
5.56332e-06
-1.16189e-06
5.72351e-06
-1.23135e-06
5.83872e-06
-1.2971e-06
5.90987e-06
-1.36087e-06
5.93349e-06
-1.42234e-06
5.90508e-06
-1.47986e-06
5.82169e-06
-1.53068e-06
5.68771e-06
-1.58193e-06
5.50551e-06
-1.6314e-06
5.27995e-06
-1.67109e-06
5.02083e-06
-1.72405e-06
4.71648e-06
-1.79107e-06
4.3575e-06
-1.86605e-06
3.93554e-06
-1.93636e-06
3.46221e-06
-1.99624e-06
2.95376e-06
-2.04241e-06
2.40827e-06
-2.07652e-06
1.83927e-06
-2.10021e-06
1.25159e-06
-2.11232e-06
6.44967e-07
-2.11737e-06
2.6446e-08
-2.11526e-06
-5.97934e-07
-2.10629e-06
-1.21841e-06
-2.08427e-06
-1.8158e-06
-2.05383e-06
-2.38383e-06
-2.00866e-06
-2.91777e-06
-1.95742e-06
-3.42353e-06
-1.90271e-06
-3.89873e-06
-1.84531e-06
-4.32808e-06
-1.78144e-06
-4.69938e-06
-1.71053e-06
-5.01311e-06
-1.63143e-06
-5.27845e-06
-1.55599e-06
-5.49545e-06
-1.48178e-06
-5.65895e-06
-1.42297e-06
-5.75824e-06
-1.36619e-06
-5.80996e-06
-1.313e-06
-5.83885e-06
-1.22539e-06
-5.78019e-06
-1.217e-06
-5.70335e-06
-1.15785e-06
-5.58985e-06
-1.11864e-06
-5.43711e-06
-1.07305e-06
-5.23708e-06
-1.0238e-06
-4.99122e-06
-9.60229e-07
-4.71513e-06
-8.93842e-07
-4.40456e-06
-8.4693e-07
-4.07223e-06
-8.08183e-07
-3.72817e-06
-7.80963e-07
-3.3801e-06
-7.66529e-07
-3.03281e-06
-7.595e-07
-2.67397e-06
-7.6312e-07
-2.32931e-06
-7.55798e-07
-4.69471e-05
3.78896e-05
-0.000104614
-5.49958e-05
-0.000103615
-0.000212077
0.000276113
-6.4944e-05
-0.000153884
-5.89412e-05
1.39506e-06
-4.08072e-07
-8.47439e-07
-0.000170292
0.000197306
-5.41448e-06
-3.60781e-06
-1.99476e-06
-7.22604e-07
-5.86632e-07
-2.42503e-06
6.73035e-07
-7.20191e-07
8.07561e-07
-8.11659e-07
9.40634e-07
-8.75123e-07
1.04282e-06
-9.17974e-07
1.10984e-06
-9.59698e-07
1.14743e-06
-9.8698e-07
1.1599e-06
-1.01123e-06
1.14931e-06
-1.02472e-06
1.12209e-06
-1.03617e-06
1.0732e-06
-1.03621e-06
1.00761e-06
-1.03267e-06
9.27809e-07
-1.02546e-06
8.34396e-07
-1.01584e-06
7.37465e-07
-9.98527e-07
6.53503e-07
-9.8987e-07
-4.60219e-07
3.26347e-07
-9.10265e-07
-5.60983e-07
-9.45418e-07
-9.68536e-07
1.7033e-06
-1.12763e-06
-1.51724e-07
2.26791e-06
-1.93875e-07
2.82938e-06
-2.15637e-07
3.38895e-06
-2.17647e-07
3.94242e-06
-2.05116e-07
4.47811e-06
-1.95557e-07
4.97902e-06
-1.89635e-07
5.43666e-06
-1.83889e-07
5.88906e-06
-1.87371e-07
6.33174e-06
-1.66233e-07
6.78754e-06
-1.78086e-07
7.27884e-06
-1.57591e-07
7.83404e-06
-1.3919e-07
8.39578e-06
-1.14634e-07
9.01975e-06
-6.44254e-08
9.62495e-06
2.91078e-08
1.00637e-05
8.32355e-08
1.02394e-05
7.14654e-08
1.01772e-05
-1.54309e-08
9.98614e-06
-1.70454e-07
9.83092e-06
-3.68627e-07
9.85869e-06
-5.09768e-07
1.01472e-05
-6.2333e-07
1.03468e-05
-6.62163e-07
1.00228e-05
-9.95403e-07
-8.31719e-06
-3.1297e-06
-1.47032e-06
-5.39045e-06
-6.45064e-06
-1.0482e-05
-2.46492e-06
-9.85251e-06
-1.24184e-06
-1.01162e-05
-1.02464e-06
-1.04214e-05
-5.17233e-07
-1.06527e-05
-2.66839e-07
-1.07401e-05
-2.54985e-08
-1.06034e-05
2.56711e-08
-1.03036e-05
7.53614e-08
-9.86075e-06
9.87093e-08
-9.42029e-06
9.52102e-08
-8.95689e-06
4.03006e-08
-8.42583e-06
-2.0704e-08
-7.79932e-06
-8.27652e-08
-7.1434e-06
-1.26882e-07
-6.53842e-06
-1.52533e-07
-6.03498e-06
-1.58107e-07
-5.58273e-06
-1.60817e-07
-5.1681e-06
-1.57064e-07
-4.74291e-06
-1.51196e-07
-4.29863e-06
-1.5305e-07
-3.82921e-06
-1.61752e-07
-3.33515e-06
-1.76483e-07
-2.82098e-06
-1.84197e-07
2.28085e-06
-1.41e-07
-1.71915e-06
-1.74964e-07
0.000293113
-7.43032e-05
-7.75922e-06
-4.14025e-07
-9.44489e-07
-5.27026e-07
-9.77428e-07
-6.31892e-07
-1.00541e-06
-7.34224e-07
-1.01805e-06
-8.36129e-07
-1.03063e-06
-9.31463e-07
-1.04092e-06
-1.00942e-06
-1.04655e-06
-1.06517e-06
-1.04686e-06
-1.10148e-06
-1.04037e-06
-1.12284e-06
-1.02764e-06
-1.12445e-06
-1.0076e-06
-1.11014e-06
-9.75755e-07
-1.0657e-06
-9.48041e-07
-9.95621e-07
-9.11519e-07
-9.05783e-07
-8.64938e-07
-7.87953e-07
-8.15803e-07
6.16506e-07
-6.85309e-07
1.05679e-06
-5.73705e-07
-7.56424e-07
1.24146e-06
1.58387e-06
-5.73904e-07
2.00299e-06
-6.19352e-07
2.40571e-06
-6.27215e-07
2.79052e-06
-6.29661e-07
3.17518e-06
-6.36538e-07
3.5536e-06
-6.24929e-07
3.9426e-06
-6.64047e-07
4.26499e-06
-6.76592e-07
4.58715e-06
-7.17894e-07
4.85813e-06
-7.45976e-07
5.10205e-06
-7.89069e-07
5.30118e-06
-8.35634e-07
5.45286e-06
-8.74702e-07
5.56298e-06
-9.1299e-07
5.63193e-06
-9.46227e-07
5.65667e-06
-9.77531e-07
5.63062e-06
-1.00317e-06
5.55493e-06
-1.02315e-06
5.42439e-06
-1.03681e-06
5.23476e-06
-1.04462e-06
5.01171e-06
-1.06003e-06
4.7528e-06
-1.07172e-06
4.45327e-06
-1.09779e-06
4.1079e-06
-1.13504e-06
3.71212e-06
-1.17574e-06
3.26992e-06
-1.20963e-06
2.78977e-06
-1.23285e-06
2.28048e-06
-1.247e-06
1.74772e-06
-1.25639e-06
1.19445e-06
-1.26326e-06
6.21384e-07
-1.26754e-06
3.36804e-08
-1.26811e-06
-5.63567e-07
-1.26396e-06
-1.15175e-06
-1.25391e-06
-1.72016e-06
-1.23749e-06
-2.25872e-06
-1.21381e-06
-2.76923e-06
-1.18473e-06
-3.24956e-06
-1.15691e-06
-3.69576e-06
-1.12538e-06
-4.09921e-06
-1.09004e-06
-4.45471e-06
-1.04891e-06
-4.76124e-06
-1.01212e-06
-5.02478e-06
-9.78657e-07
-5.23607e-06
-9.52631e-07
-5.4028e-06
-9.23842e-07
-5.50863e-06
-9.02178e-07
-5.571e-06
-8.74214e-07
-5.54777e-06
-8.57818e-07
-5.52509e-06
-8.25575e-07
-5.43687e-06
-8.1409e-07
-5.32366e-06
-7.85294e-07
-5.15555e-06
-7.7231e-07
-4.96205e-06
-7.29246e-07
-4.72383e-06
-7.00275e-07
-4.45369e-06
-6.68749e-07
-4.1603e-06
-6.48569e-07
-3.84976e-06
-6.24829e-07
-3.50787e-06
-6.21608e-07
-3.15951e-06
-6.07174e-07
-2.80355e-06
-6.02149e-07
-2.44899e-06
-6.01599e-07
-2.10753e-06
-5.81683e-07
-1.74802e-06
-5.7463e-07
-4.75824e-07
-9.15935e-06
-4.25176e-06
-6.76153e-07
1.35134e-07
-5.7719e-08
2.49357e-07
-4.50635e-07
6.57314e-07
8.77854e-05
-0.00012134
0.000162223
-0.00018987
6.61468e-05
0.00016055
-0.000211288
7.85137e-05
-0.000241354
9.66239e-05
-0.000271938
0.000109435
-0.000308335
0.000125594
-0.000349007
0.000153185
-0.000386531
0.000193973
-0.000548205
0.000405675
-0.000609279
-0.0022378
0.00114644
0.000297754
-0.000487875
-0.00273467
0.000187258
-0.00281329
0.000126971
-0.00283532
9.24843e-05
-0.00284713
7.10655e-05
-0.00283261
5.51297e-05
-0.00271849
4.58356e-05
-0.00255547
3.51348e-05
-0.00236246
2.0071e-05
-0.00214947
6.48668e-06
-0.00193085
-4.86563e-06
-0.00171927
-1.38184e-05
-0.00152372
-2.05954e-05
-0.00134744
-2.72286e-05
-0.00119222
-3.1439e-05
-0.00105602
-3.55122e-05
-0.000936474
-3.8894e-05
-0.000829801
-4.21332e-05
-0.000733001
-4.54917e-05
-0.000644166
-4.89525e-05
-0.000561145
-5.1625e-05
-0.000483775
-5.52337e-05
-0.000411819
-5.80529e-05
0.000276172
-0.000212165
-6.48192e-05
0.00034266
-6.31564e-05
-6.25465e-05
-7.01209e-06
5.35292e-06
7.15863e-06
3.06993e-06
8.6791e-06
-2.88421e-05
1.68777e-05
-5.09963e-06
2.42619e-06
-4.0532e-06
4.04532e-05
0.00011329
-2.78722e-06
-0.000153766
8.31016e-05
-2.85712e-06
6.15764e-05
-6.80478e-06
4.42306e-05
-4.89905e-06
1.21784e-06
2.75194e-06
-5.6094e-06
0.000203242
0.00252024
3.81979e-05
-4.71686e-05
-0.000104587
2.89542e-05
-0.000105021
2.0574e-05
-0.000105085
1.31697e-05
-0.00010538
6.50926e-06
-0.000105746
2.12086e-07
-0.000106113
-6.06681e-06
-0.000106116
-1.27098e-05
-0.000105761
-2.01418e-05
-0.000105395
-2.8587e-05
-0.000105076
-0.000105021
-9.22755e-05
-2.47863e-06
-3.43449e-06
-8.14259e-06
1.35656e-05
-2.12735e-05
9.41684e-06
2.73008e-06
6.03129e-06
-5.98298e-06
-0.00021661
7.37248e-05
-0.000244806
9.19039e-05
0.00010667
-0.000135275
3.1956e-06
-6.55038e-06
-2.94407e-05
2.06718e-05
-0.000297634
9.11827e-05
0.000247805
0.000107437
-0.00103613
0.000107376
-0.00220386
0.000156331
-0.00257219
0.00015307
-0.00267734
7.08527e-05
-0.00273914
4.02389e-05
-0.00277008
2.08672e-05
-0.00277323
1.30826e-05
-0.00267738
1.04638e-05
-0.00252829
1.01409e-05
-0.00234644
3.65555e-06
-0.00213857
-3.55961e-06
-0.00192508
-1.06151e-05
-0.00171646
-1.7759e-05
-0.00152192
-2.37757e-05
-0.00134665
-2.8452e-05
-0.00119176
-3.22364e-05
-0.00105594
-3.59423e-05
-0.000936455
-3.92945e-05
-0.000829949
-4.24645e-05
-0.000733174
-4.57257e-05
-0.000644329
-4.9138e-05
-0.000561254
-5.17937e-05
-0.000483835
-5.5373e-05
-0.000411817
-5.82062e-05
-0.000342633
-6.26381e-05
-6.32953e-05
-0.000350287
-0.00046433
-4.85001e-06
-6.72673e-06
-2.88654e-06
-4.06229e-06
-0.000168571
2.55189e-05
-5.98002e-06
-6.38298e-06
2.13893e-06
1.26904e-07
-8.21822e-07
-5.51468e-05
-0.000103568
-0.000153972
-5.884e-05
6.72734e-06
-7.99549e-06
0.000110666
0.000116468
-0.000150207
5.02855e-06
-1.10156e-05
0.0006077
-0.000538281
-9.72175e-05
-5.91275e-05
-5.92109e-05
-9.71459e-05
-5.34925e-07
-2.10486e-07
0.0001766
-7.26357e-05
-0.000147828
3.72376e-05
-2.59635e-05
5.05397e-06
-8.47291e-06
4.84601e-06
7.6236e-06
2.22645e-06
-6.07513e-05
-2.5675e-06
1.12299e-07
-4.43869e-07
-6.60652e-06
6.82449e-06
2.44523e-06
6.84095e-06
-3.94032e-06
2.16715e-06
-6.53615e-06
5.18871e-05
-4.17313e-06
-5.78494e-05
-9.75071e-06
-0.000205212
0.000257051
-5.29947e-05
0.000157084
-0.000113194
-4.77141e-05
-5.39351e-05
-0.00031265
0.00037422
-5.14171e-05
-5.38096e-05
-0.000443132
0.000519834
-4.8234e-05
-5.02708e-05
-0.000604061
0.000697416
-4.45006e-05
-4.65631e-05
-0.000801747
0.000920465
-4.01402e-05
-4.23669e-05
-0.00105621
0.00121296
-3.64503e-05
-3.8175e-05
-0.0013926
0.0015902
-3.04255e-05
-3.35563e-05
-0.00179912
0.00201605
-1.74399e-05
-2.62616e-05
-0.00223109
0.00241727
8.35466e-06
-3.42234e-06
-0.00255756
0.00266505
2.49997e-05
1.78146e-05
-0.00268378
0.00266174
4.4095e-05
3.15867e-05
-0.00263239
0.00255123
9.91112e-05
6.34217e-05
-0.00213496
0.000943707
0.000130846
0.000180541
-0.000548934
0.0003852
8.14352e-05
9.16818e-05
-0.000312268
0.000260411
6.78525e-05
7.62783e-05
-0.00021094
0.000255271
8.73168e-05
-0.000207579
7.10511e-05
-0.00022664
0.000208098
5.09193e-05
6.17926e-05
-0.00019017
0.000180607
2.76263e-05
4.2883e-05
-0.000133776
0.000101479
-8.71764e-07
-3.28465e-06
-8.16113e-05
5.16493e-05
-6.42975e-06
2.00224e-05
-6.37094e-06
7.42715e-06
3.7686e-05
-4.63184e-06
-3.95057e-05
2.96487e-05
-4.23652e-05
4.93388e-05
-5.98034e-05
-5.04675e-05
-4.20902e-05
-2.05315e-05
1.26652e-05
-4.31168e-05
-4.27884e-05
-5.91736e-06
-1.89823e-07
-4.38802e-05
-4.36079e-05
6.32664e-06
-1.31053e-05
-4.35772e-05
-4.38787e-05
2.09674e-05
-3.0031e-05
-4.27501e-05
-4.30867e-05
3.98165e-05
-4.95596e-05
-4.20517e-05
-4.23225e-05
-6.44271e-05
-4.60238e-05
-6.92879e-05
-4.91232e-05
5.99704e-05
-6.45154e-05
-4.59731e-05
-5.04065e-05
0.00212268
8.94405e-06
4.21094e-08
-7.03437e-07
4.29918e-06
-2.6584e-05
1.40262e-05
1.48272e-06
5.84762e-06
0.000113308
-6.93769e-05
-4.90919e-05
-0.00015722
0.000205352
-5.38858e-05
-4.76684e-05
-0.000257176
0.000312705
-5.37599e-05
-5.29212e-05
-0.000374209
0.000443052
-5.0194e-05
-5.13489e-05
-0.000519706
0.000603921
-4.64754e-05
-4.81342e-05
-0.000697336
0.000801789
-4.22112e-05
-4.44054e-05
-0.000920747
0.00105678
-3.78949e-05
-3.99647e-05
-0.00121417
0.00139463
-3.29047e-05
-3.61386e-05
-0.00159457
0.00180598
-2.39424e-05
-2.92305e-05
-0.00202648
0.00224847
1.52327e-06
-1.4014e-05
-0.00244608
0.00260128
3.03319e-05
1.63615e-05
-0.00272798
0.00276678
5.30522e-05
4.18141e-05
-0.00277064
0.00276583
9.07662e-05
6.93617e-05
-0.0027003
0.0022246
0.000204305
0.00013143
0.000120843
0.00105059
0.000311375
8.77335e-05
-0.000324264
-0.000281209
0.00025099
7.04663e-05
8.21933e-05
-0.000227999
0.000209155
5.34475e-05
5.95898e-05
-0.000190285
0.000170234
3.99799e-05
4.44088e-05
-0.000161376
0.000124966
-1.40576e-06
-6.00061e-05
2.69459e-05
-9.83021e-05
7.56658e-05
-4.3735e-06
-2.26143e-06
-5.99416e-06
-2.56084e-07
4.72799e-07
-4.29671e-07
5.78591e-07
-4.39797e-07
-8.61274e-07
1.24961e-06
-3.94068e-07
-3.98307e-07
-1.58555e-06
1.91796e-06
-3.89746e-07
-3.94943e-07
-2.23057e-06
2.5423e-06
-3.89462e-07
-3.8857e-07
-2.85068e-06
3.14538e-06
-3.95009e-07
-3.9219e-07
-3.42707e-06
3.67809e-06
-4.00119e-07
-3.97528e-07
-3.90585e-06
4.10719e-06
-4.06635e-07
-4.02316e-07
-4.28773e-06
4.42863e-06
-4.24064e-07
-4.13828e-07
-4.54435e-06
4.61673e-06
-4.30073e-07
-4.2942e-07
-4.66074e-06
4.65599e-06
-4.35709e-07
-4.31361e-07
-4.61195e-06
4.51418e-06
-4.31482e-07
-4.34235e-07
-4.37082e-06
4.18018e-06
-4.33442e-07
-4.32927e-07
-3.95499e-06
3.69256e-06
-4.33972e-07
-4.32933e-07
-3.39355e-06
3.05604e-06
-4.47358e-07
-4.38719e-07
-2.68753e-06
2.29101e-06
-4.65047e-07
-4.5704e-07
-1.87111e-06
1.42553e-06
-4.80813e-07
-4.72336e-07
-9.56107e-07
4.675e-07
-4.93253e-07
-4.88277e-07
2.77286e-08
-5.16333e-07
-4.97485e-07
-4.96339e-07
9.88347e-07
-1.44223e-06
-4.9953e-07
-4.98867e-07
1.87687e-06
-2.29272e-06
-4.97671e-07
-4.98587e-07
2.68684e-06
-3.0501e-06
-4.91215e-07
-4.96353e-07
3.37846e-06
-3.6721e-06
-4.72821e-07
-4.82001e-07
3.93317e-06
-4.16271e-06
-4.71509e-07
-4.68305e-07
4.36355e-06
-4.51943e-06
-4.88093e-07
-4.79003e-07
4.63295e-06
-4.69744e-06
-5.04947e-07
-4.98671e-07
4.71294e-06
-4.69173e-06
-5.0269e-07
-5.06702e-07
4.63705e-06
-4.5443e-06
-4.90691e-07
-4.97291e-07
4.4122e-06
-4.24797e-06
-4.65508e-07
-4.79574e-07
4.04932e-06
-3.81831e-06
-4.34399e-07
-4.49229e-07
3.56287e-06
-3.27497e-06
-4.17248e-07
-4.26139e-07
2.97717e-06
-2.64535e-06
-4.09337e-07
-4.13154e-07
2.31834e-06
-1.98083e-06
-4.12458e-07
-4.11501e-07
1.63145e-06
-1.26675e-06
-4.22493e-07
-4.15294e-07
-4.21586e-07
-4.29037e-07
5.84435e-07
-4.44206e-07
-4.38177e-07
-7.00014e-07
7.97112e-07
-4.67524e-07
-4.46237e-07
-8.60695e-07
8.94231e-07
-4.9038e-07
-4.80029e-07
-9.07912e-07
9.01983e-07
-5.08526e-07
-5.00464e-07
-8.85585e-07
8.53474e-07
-5.13336e-07
-5.13234e-07
-7.99666e-07
7.24841e-07
-5.07987e-07
-5.1149e-07
-6.3737e-07
5.49187e-07
-4.9763e-07
-5.02902e-07
-4.67674e-07
3.97175e-07
-4.91645e-07
-4.9213e-07
-3.31288e-07
2.54129e-07
-4.62501e-07
-4.78165e-07
-1.10179e-06
-3.44848e-05
-3.86316e-07
1.45579e-07
-4.15603e-06
-1.6544e-06
2.10928e-06
-2.51733e-07
-1.16481e-06
-2.45722e-07
-2.52756e-06
2.91708e-06
-2.47939e-07
-2.48628e-07
-3.27745e-06
3.60673e-06
-2.38457e-07
-2.43916e-07
-3.91183e-06
4.20671e-06
-2.33358e-07
-2.35386e-07
-4.52639e-06
4.91351e-06
-2.41666e-07
-2.35808e-07
-5.38185e-06
5.9064e-06
-2.48857e-07
-2.47611e-07
-6.38832e-06
6.75548e-06
-2.03569e-07
-2.35992e-07
-6.99681e-06
7.20074e-06
-1.53205e-07
-1.68422e-07
-7.35099e-06
7.3304e-06
-2.85623e-07
-1.94854e-07
-7.0364e-06
6.44224e-06
-4.84705e-07
-4.02476e-07
-5.57823e-06
4.54592e-06
-8.2201e-07
-6.61216e-07
-3.4536e-06
2.32993e-06
-2.22375e-06
-1.42624e-06
-5.94404e-07
-5.49209e-06
-4.65161e-06
3.79547e-06
-4.43576e-06
-9.85943e-06
-9.28683e-07
-2.13185e-06
-2.04877e-06
-2.49199e-06
3.7108e-06
-4.29548e-06
-1.15206e-06
-1.58093e-06
4.71409e-06
-5.26945e-06
-6.75557e-07
-9.059e-07
5.97123e-06
-6.64113e-06
-3.35137e-07
-5.11404e-07
7.11075e-06
-7.26304e-06
-9.01366e-08
-1.9201e-07
7.11932e-06
-6.76821e-06
-5.42348e-08
-4.73988e-08
6.33069e-06
-5.88601e-06
-1.50401e-07
-9.6876e-08
5.47134e-06
-5.10654e-06
-2.36837e-07
-2.03505e-07
4.79946e-06
-4.48913e-06
-2.62928e-07
-2.51077e-07
4.20217e-06
-3.86683e-06
-2.61556e-07
-2.51201e-07
3.48761e-06
-3.06652e-06
-2.58397e-07
-2.58296e-07
2.6242e-06
-2.17596e-06
-2.62206e-07
-2.59767e-07
1.70877e-06
-1.2092e-06
-2.82747e-07
-2.69604e-07
-2.54049e-07
-7.14337e-07
6.79149e-06
-1.91711e-07
4.28376e-08
2.80387e-07
-3.48504e-07
-4.52403e-07
-3.92136e-07
1.8115e-07
4.0992e-07
-4.75243e-07
-4.77857e-07
-4.67803e-07
5.53263e-07
-6.32241e-07
-4.89451e-07
-4.82285e-07
7.15588e-07
-7.91436e-07
-5.04764e-07
-4.97345e-07
8.53291e-07
-8.99197e-07
-5.16894e-07
-5.1126e-07
9.31938e-07
-9.44519e-07
-5.20983e-07
-5.19768e-07
9.39086e-07
-9.07061e-07
-5.15291e-07
-5.19687e-07
8.4714e-07
-7.52605e-07
-4.9481e-07
-5.06868e-07
6.32819e-07
-4.83877e-07
-4.57547e-07
-4.77774e-07
0.000311981
-4.40847e-07
-3.08367e-07
4.00098e-05
-5.13859e-05
4.63842e-08
4.82285e-07
-3.87184e-08
-5.51274e-05
-2.69368e-05
-2.68916e-05
-5.51615e-05
0.000119514
1.01477e-07
1.33008e-07
5.58394e-07
2.14025e-07
2.88852e-07
3.43621e-07
3.78139e-07
3.92884e-07
3.89389e-07
3.73042e-07
3.49343e-07
3.2012e-07
2.8415e-07
2.40877e-07
1.91657e-07
1.39851e-07
9.1917e-08
5.3218e-08
2.0884e-08
6.44405e-10
-1.64453e-08
-1.60751e-08
6.32628e-09
3.78335e-07
2.7078e-07
-1.02653e-07
4.3499e-07
6.01664e-07
7.50792e-07
8.79355e-07
9.80858e-07
1.04217e-06
1.05026e-06
1.03921e-06
1.02424e-06
1.0402e-06
1.09216e-06
1.17764e-06
1.26261e-06
1.28677e-06
1.18113e-06
8.65208e-07
2.62786e-07
-6.65619e-07
-1.88843e-06
-3.29944e-06
-4.79226e-06
-6.44227e-06
-8.7344e-06
-1.25776e-05
-1.88249e-05
-2.74867e-05
3.21583e-05
2.09671e-05
1.31054e-05
8.87857e-06
6.27108e-06
4.26261e-06
2.56654e-06
1.22137e-06
2.77523e-07
-3.31085e-07
-7.45213e-07
-1.05914e-06
-1.26594e-06
-1.29002e-06
-1.16647e-06
-9.86099e-07
-8.38435e-07
-7.69992e-07
-7.61008e-07
-7.78513e-07
-7.94285e-07
-7.86702e-07
-7.43904e-07
-6.64207e-07
-5.48895e-07
-4.05305e-07
-2.47389e-07
-8.54488e-08
-7.62025e-05
0.000132865
-1.807e-08
2.04108e-08
3.86457e-07
-4.68588e-09
-1.76579e-08
-3.30047e-08
-6.75235e-08
-1.11004e-07
-1.63066e-07
-2.17295e-07
-2.64793e-07
-2.9774e-07
-3.17902e-07
-3.33523e-07
-3.49548e-07
-3.62803e-07
-3.64696e-07
-3.49728e-07
-3.13546e-07
-2.55524e-07
-1.90076e-07
-1.14686e-07
3.32653e-07
-1.70351e-07
5.0649e-07
6.88425e-07
8.58846e-07
1.01727e-06
1.16774e-06
1.3122e-06
1.44525e-06
1.56769e-06
1.6767e-06
1.77385e-06
1.85759e-06
1.92947e-06
1.99007e-06
2.03007e-06
2.04811e-06
2.05696e-06
2.05394e-06
2.02126e-06
1.95718e-06
1.87733e-06
1.78161e-06
1.66855e-06
1.54668e-06
1.41627e-06
1.27603e-06
1.12287e-06
9.57569e-07
7.84826e-07
6.0538e-07
4.17257e-07
2.19317e-07
1.0623e-08
-2.03032e-07
-4.13508e-07
-6.14224e-07
-8.02018e-07
-9.77907e-07
-1.14439e-06
-1.30117e-06
-1.4456e-06
-1.57707e-06
-1.69356e-06
-1.79602e-06
-1.88487e-06
-1.95491e-06
-2.00099e-06
-2.02123e-06
-2.02044e-06
-2.00603e-06
-1.97522e-06
-1.92163e-06
-1.84933e-06
-1.76567e-06
-1.67715e-06
-1.57893e-06
-1.46491e-06
-1.3359e-06
-1.19721e-06
-1.05276e-06
-9.04743e-07
-7.54603e-07
-5.98379e-07
-4.32462e-07
-2.69173e-07
-1.45001e-07
-7.50793e-08
-1.71065e-08
4.73568e-08
-6.20874e-05
-7.92342e-05
-9.9717e-05
-0.000122603
-0.000150438
-0.000157713
-0.000159392
-0.000165687
-0.000174454
-0.000189519
-0.000207608
-0.00022863
-0.000267702
-0.0004748
-4.4001e-06
-0.000731655
-0.000185685
-0.00164888
-0.0023442
-0.00230421
-0.00221012
-0.00212658
-0.00200616
-0.00185925
-0.0016803
-0.00147626
-0.00125961
-0.00104802
-0.000855978
-0.00068938
-0.000547961
-0.000430436
-0.000334618
-0.000257645
-0.000195805
-0.000145731
-0.00010595
-7.37649e-05
-4.94719e-05
-3.21524e-05
-2.13343e-05
-1.16991e-05
-6.03754e-06
1.3945e-06
5.92653e-06
5.55839e-07
-8.52283e-06
6.68965e-06
-4.92965e-07
9.024e-06
-0.000145194
2.11019e-05
0.000367728
0.00105387
5.64296e-05
-4.8448e-05
5.41451e-05
4.58733e-05
3.76337e-05
2.86757e-05
1.99052e-05
1.22834e-05
5.86544e-06
1.84353e-07
-5.46791e-06
-1.18502e-05
-1.947e-05
-2.83002e-05
-3.73319e-05
-4.56534e-05
-5.39915e-05
-5.63447e-05
-4.84235e-05
-8.58074e-05
6.71435e-05
-0.000113264
-0.000138334
-0.000172592
-0.000183268
-0.000184957
-0.000188551
-0.000192629
-0.000178834
-0.000189315
-0.000219457
-0.000271571
-0.000385413
-0.000675552
-0.00155152
-0.0021841
-0.00216773
-0.00210015
-0.00204112
-0.00194423
-0.00181599
-0.00165132
-0.00145761
-0.00124776
-0.00104092
-0.000852174
-0.000687406
-0.000546979
-0.000429964
-0.000334481
-0.000257708
-0.000196007
-0.000145956
-0.00010613
-7.38778e-05
-4.95144e-05
-3.2129e-05
-2.12559e-05
-1.15968e-05
-5.93686e-06
1.4718e-06
5.99894e-06
5.98108e-07
6.1084e-06
-7.18661e-06
5.57646e-06
-6.61168e-08
4.98882e-07
)
;

boundaryField
{
    wall
    {
        type            calculated;
        value           uniform 0;
    }
    outlet
    {
        type            calculated;
        value           nonuniform List<scalar> 
20
(
1.62094e-05
2.73673e-06
4.20702e-07
1.8729e-05
1.88086e-05
1.83037e-05
1.81996e-05
1.7914e-05
1.78435e-05
1.78428e-05
1.78714e-05
1.81588e-05
1.82377e-05
1.87342e-05
1.86834e-05
3.70245e-07
2.70774e-06
1.62065e-05
3.13542e-06
3.15968e-06
)
;
    }
    frontAndBackPlanes
    {
        type            empty;
        value           nonuniform List<scalar> 0();
    }
}


// ************************************************************************* //
