/*--------------------------------*- C++ -*----------------------------------*\
| =========                 |                                                 |
| \\      /  F ield         | OpenFOAM: The Open Source CFD Toolbox           |
|  \\    /   O peration     | Version:  2212                                  |
|   \\  /    A nd           | Website:  www.openfoam.com                      |
|    \\/     M anipulation  |                                                 |
\*---------------------------------------------------------------------------*/
FoamFile
{
    version     2.0;
    format      ascii;
    arch        "LSB;label=32;scalar=64";
    class       surfaceScalarField;
    location    "0.0008";
    object      phi;
}
// * * * * * * * * * * * * * * * * * * * * * * * * * * * * * * * * * * * * * //

dimensions      [1 0 -1 0 0 0 0];

oriented        oriented;

internalField   nonuniform List<scalar> 
4475
(
-1.18208e-07
1.19859e-07
-1.41826e-07
1.43691e-07
-1.98208e-08
1.17124e-07
1.63956e-09
-9.6044e-08
-3.36659e-07
3.84563e-07
-8.73572e-09
-3.1972e-08
4.11168e-08
-1.0807e-07
-3.08151e-08
1.01417e-07
9.31849e-08
-8.384e-08
-8.81623e-08
8.2443e-08
-7.54507e-08
6.43878e-08
8.48026e-08
-7.13785e-08
1.94058e-08
-1.60894e-08
-1.13075e-07
1.12802e-07
7.66185e-08
9.2299e-08
-8.6226e-08
-7.95851e-08
-8.68101e-08
9.92838e-08
8.4797e-08
6.66299e-08
1.27647e-09
-7.86915e-09
-5.78034e-08
1.12511e-08
-9.62323e-09
6.75769e-08
7.74971e-08
-1.01477e-08
5.79131e-09
-7.0488e-08
8.11665e-08
-3.01224e-09
2.04581e-09
8.45142e-08
-1.51385e-09
9.15424e-10
8.72957e-08
-9.47549e-10
9.18231e-10
8.90762e-08
-4.95372e-10
1.34562e-09
-6.53418e-11
8.72787e-08
4.27906e-09
-8.69862e-08
6.60823e-09
8.63674e-08
-3.98093e-09
-8.8976e-08
4.27256e-09
-8.69364e-08
1.52404e-10
-8.42423e-08
-8.17149e-10
-8.12731e-08
-1.66508e-09
-7.84423e-08
-2.99833e-09
-8.14047e-08
-4.11704e-09
-6.97022e-08
2.54032e-09
-6.37892e-08
-2.14122e-09
-7.70799e-08
-9.5884e-09
2.55374e-08
-7.0498e-08
-1.44679e-09
-2.23321e-09
-1.1493e-07
1.17615e-07
2.02215e-08
8.70349e-08
9.03397e-09
-6.69613e-08
-9.40561e-10
4.6441e-11
-6.39832e-08
-7.67591e-10
2.92727e-10
-6.13622e-08
-6.0746e-10
4.27926e-10
-5.87709e-08
-6.3643e-10
4.4796e-10
-5.63442e-08
-3.92942e-10
3.44174e-10
-5.38337e-08
-4.1514e-10
2.68671e-10
-5.13714e-08
-3.37494e-10
2.28201e-10
-4.89358e-08
-2.1589e-10
1.19837e-10
-4.65365e-08
-1.21878e-10
4.78942e-11
-4.41054e-08
-1.5362e-10
2.79426e-11
-4.17465e-08
-8.0401e-11
1.74252e-12
-3.93678e-08
-7.06946e-11
-4.96598e-11
-3.69721e-08
-7.10316e-11
-8.73103e-11
-3.46397e-08
5.61228e-12
-1.07425e-10
1.09343e-10
-3.24006e-08
-7.91165e-11
3.4601e-08
-3.2166e-08
-6.32589e-11
3.6979e-08
-1.42895e-10
3.92186e-08
-7.59677e-11
4.16011e-08
-2.0188e-10
4.39585e-08
-1.61891e-10
4.62869e-08
-1.84074e-10
4.85756e-08
-9.44492e-11
5.12079e-08
-5.13282e-10
5.3587e-08
-3.64613e-10
5.59437e-08
-4.14573e-10
5.86078e-08
-6.84337e-10
6.10786e-08
-7.10383e-10
6.37587e-08
-8.43234e-10
6.64902e-08
-9.97039e-10
7.00174e-08
-1.83439e-09
7.60824e-08
-4.62109e-09
6.20791e-08
-1.46155e-08
3.12432e-08
6.74948e-08
-1.089e-08
6.79393e-08
-7.73584e-09
7.14856e-08
-3.23401e-09
1.89169e-09
7.79889e-08
1.67656e-09
8.14784e-08
1.17074e-09
8.47149e-08
3.83072e-10
8.74239e-08
9.13491e-10
8.86757e-08
2.71182e-09
9.01221e-08
5.33943e-09
-1.70157e-11
-9.96599e-11
-2.98814e-08
-1.3484e-11
-2.97773e-08
-8.94179e-08
8.69736e-09
8.76988e-08
-8.74063e-08
1.00228e-09
-8.46164e-08
-7.326e-10
-8.15431e-08
-1.88324e-09
-7.94699e-08
-2.20901e-09
-7.85314e-08
-2.1375e-09
-7.24115e-08
-7.21193e-10
-6.97555e-08
-2.10376e-09
-7.25808e-08
-4.13785e-09
-6.98548e-08
-2.30968e-09
-6.65915e-08
-6.38725e-10
-6.38423e-08
5.49647e-11
-6.12648e-08
2.77117e-10
-5.87995e-08
3.76348e-10
-5.63351e-08
2.43946e-10
-5.38042e-08
9.26002e-11
-5.13884e-08
1.56855e-10
-4.8929e-08
-2.66681e-12
-4.64983e-08
-5.99617e-11
-4.4075e-08
-9.3665e-11
-4.17379e-08
-5.48569e-11
-3.93825e-08
-1.46164e-10
-3.70647e-08
-1.65913e-10
-3.47345e-08
-2.02701e-10
-3.2352e-08
-1.92962e-10
1.02987e-08
8.79148e-08
-9.92769e-09
-1.44366e-10
-2.99054e-08
1.78451e-08
8.13687e-08
9.01267e-08
1.13505e-08
3.20733e-08
-2.96915e-08
-5.03095e-12
3.44711e-08
-2.0508e-10
3.66599e-08
-1.13649e-10
3.90581e-08
-2.52561e-10
4.13079e-08
-2.10613e-10
4.36017e-08
-1.92861e-10
4.59611e-08
-2.56936e-10
4.85406e-08
-3.58829e-10
5.07818e-08
-4.19783e-10
5.31825e-08
-4.20797e-10
5.57804e-08
-6.57703e-10
5.82035e-08
-7.41081e-10
6.07305e-08
-8.40003e-10
6.33402e-08
-1.00255e-09
6.62417e-08
-1.39782e-09
6.93271e-08
-2.36689e-09
7.20682e-08
-4.7467e-09
6.82741e-08
-8.20859e-09
6.81313e-08
-8.16343e-09
6.99032e-08
-6.98329e-09
7.29201e-08
-3.73305e-09
7.80604e-08
-8.87534e-10
8.21307e-08
-2.45187e-10
8.53616e-08
-1.36846e-10
8.85027e-08
4.7536e-10
9.08147e-08
3.05941e-09
9.20612e-08
6.65455e-09
9.53869e-08
-1.25708e-07
1.11042e-07
-5.34684e-08
9.48908e-08
3.67594e-08
-7.63492e-08
6.28159e-08
5.27229e-08
-6.71818e-08
-4.67659e-08
-6.44254e-08
-1.02264e-07
-7.43159e-09
1.55467e-08
9.71374e-08
-9.1848e-08
1.47558e-09
-8.85098e-08
6.81994e-10
-8.50654e-08
-1.26002e-09
-8.22065e-08
-1.86843e-09
-7.96404e-08
-1.91106e-09
-7.73068e-08
-1.64817e-09
-7.40146e-08
-1.25625e-09
-7.16026e-08
-1.80472e-09
-7.07702e-08
-2.36816e-09
-6.88743e-08
-1.67108e-09
-6.63439e-08
-7.22302e-10
-6.37528e-08
-1.25199e-10
-6.12603e-08
1.84118e-10
-5.86649e-08
1.52748e-10
-5.62053e-08
1.31474e-10
-5.37972e-08
1.58644e-11
-5.12351e-08
-6.99106e-11
-4.87744e-08
-1.32167e-10
-4.63333e-08
-1.83222e-10
-4.40332e-08
-9.48772e-11
-4.16233e-08
-1.89584e-10
-3.92597e-08
-2.56424e-10
-3.70003e-08
-1.93169e-10
-3.47558e-08
-2.18947e-10
-3.23868e-08
-2.97628e-10
-2.98522e-08
-2.8276e-10
1.84075e-10
-2.71006e-08
-2.26738e-10
6.58927e-11
-2.70738e-08
-4.84724e-11
-2.70517e-08
-1.06734e-10
-2.70064e-08
8.59197e-08
-8.12024e-08
9.1341e-08
-2.69195e-08
-1.70105e-10
1.04864e-07
1.13022e-07
-1.17231e-07
8.04995e-08
-1.4298e-07
-6.64127e-08
1.32782e-07
2.22137e-08
8.78332e-08
-9.99912e-08
7.9583e-08
-1.12276e-07
1.37098e-07
-8.63674e-08
-8.23166e-08
8.8423e-08
1.11407e-07
2.04207e-09
-2.33252e-08
9.42418e-08
1.15977e-08
5.50099e-11
-1.66754e-10
-2.37046e-08
-1.85682e-11
-2.37124e-08
-1.06585e-10
-2.36752e-08
-1.15347e-10
-2.37055e-08
-1.34205e-10
-2.36152e-08
2.68797e-08
-1.64134e-10
-2.35642e-08
2.94816e-08
-6.91975e-11
3.20265e-08
-1.67721e-10
3.41916e-08
-1.2386e-10
3.6562e-08
-2.76899e-10
3.87624e-08
-2.41717e-10
4.1003e-08
-2.23526e-10
4.32185e-08
-1.59509e-10
4.55427e-08
-3.09451e-10
4.79629e-08
-4.80622e-10
5.03821e-08
-5.15489e-10
5.28796e-08
-5.7708e-10
5.5279e-08
-7.0825e-10
5.77319e-08
-8.42257e-10
6.02503e-08
-9.5974e-10
6.2799e-08
-1.10675e-09
6.55387e-08
-1.671e-09
6.80759e-08
-2.38555e-09
6.97282e-08
-3.83336e-09
6.95316e-08
-5.47255e-09
7.04139e-08
-6.45655e-09
7.13936e-08
-5.31453e-09
7.43188e-08
-3.9756e-09
7.83382e-08
-2.18765e-09
8.20429e-08
-1.23223e-09
8.57566e-08
-1.13691e-09
8.91612e-08
-2.13413e-10
9.26625e-08
2.22502e-09
6.51773e-09
9.53557e-08
-7.03399e-09
6.67738e-09
1.0342e-07
-1.00487e-07
-1.34048e-07
1.63637e-07
-1.4368e-07
1.17981e-07
-8.43426e-08
8.26124e-08
-8.32476e-08
-1.06765e-07
1.10101e-09
-1.6488e-08
-1.11014e-07
-1.31587e-08
2.04931e-08
-1.09861e-07
-1.41677e-08
-1.05893e-07
-1.13248e-08
1.02166e-08
-1.01981e-07
-8.29789e-09
-9.95786e-08
-6.55402e-09
6.77574e-09
-9.91824e-08
-5.00112e-09
-9.293e-08
-1.77383e-09
-8.86211e-08
-6.25601e-10
-8.53288e-08
-1.6157e-09
-8.24848e-08
-1.80704e-09
-7.96997e-08
-1.84171e-09
-7.71819e-08
-1.33144e-09
-7.43095e-08
-1.48911e-09
-7.2042e-08
-1.61735e-09
-7.03363e-08
-1.67785e-09
-6.83273e-08
-1.30425e-09
-6.58979e-08
-7.83166e-10
-6.33591e-08
-3.18151e-10
-6.0974e-08
1.23417e-10
-5.83899e-08
-1.21244e-10
-5.5971e-08
2.39821e-11
-5.34592e-08
-1.65164e-10
-5.09772e-08
-2.17655e-10
-4.8501e-08
-2.85705e-10
-4.62392e-08
-1.35418e-10
-4.38005e-08
-2.46912e-10
-4.14098e-08
-3.26677e-10
-3.92003e-08
-2.32428e-10
-3.6984e-08
-1.86449e-10
-3.46643e-08
-3.18534e-10
-3.23666e-08
-3.35297e-10
-2.99296e-08
-3.23324e-10
-2.71623e-08
-2.81732e-10
-1.93621e-10
-2.3842e-08
-5.49962e-08
-3.85673e-07
3.15937e-07
1.28917e-07
1.11702e-07
-1.01754e-07
2.07271e-07
-2.07548e-07
-6.77589e-08
7.10503e-08
4.44249e-09
-9.51075e-08
-6.44012e-09
1.00516e-07
3.81544e-07
7.94539e-08
-1.62853e-07
-2.92541e-07
1.03186e-07
9.46521e-08
2.09278e-08
9.78584e-08
1.01195e-07
1.10891e-08
-1.03171e-07
2.66481e-08
-2.34249e-08
-1.1746e-10
2.94597e-08
-1.87557e-10
3.17353e-08
-7.09979e-11
3.41473e-08
-3.01207e-10
3.63009e-08
-2.3235e-10
3.84988e-08
-2.41768e-10
4.07249e-08
-2.34549e-10
4.30236e-08
-2.18099e-10
4.53736e-08
-3.92598e-10
4.76401e-08
-4.52917e-10
5.00009e-08
-5.57835e-10
5.24255e-08
-6.63396e-10
5.47809e-08
-7.12764e-10
5.72872e-08
-9.86225e-10
5.97767e-08
-1.0381e-09
6.24112e-08
-1.29053e-09
6.48081e-08
-1.58791e-09
6.71597e-08
-2.22022e-09
6.89252e-08
-3.06829e-09
7.00368e-08
-4.04533e-09
7.11021e-08
-4.94638e-09
7.24517e-08
-4.01648e-09
7.52431e-08
-4.05414e-09
7.88337e-08
-3.05878e-09
8.24243e-08
-2.07483e-09
8.60879e-08
-2.04904e-09
8.98245e-08
-1.22665e-09
9.34095e-08
1.28209e-09
9.80248e-08
4.44543e-09
1.06694e-08
9.87568e-08
1.00587e-07
8.90874e-08
-1.06101e-07
6.31153e-08
1.38328e-07
-1.35986e-07
-6.17264e-08
-1.14203e-07
-7.26596e-09
1.26718e-07
-1.12599e-07
-1.1101e-08
-1.10057e-07
-1.34e-08
-1.06197e-07
-1.22296e-08
-1.02815e-07
-9.02819e-09
-1.00024e-07
-6.76256e-09
-9.73803e-08
-4.9108e-09
-9.32116e-08
-3.03331e-09
-8.88681e-08
-2.00662e-09
-8.56976e-08
-1.83823e-09
-8.24772e-08
-2.14245e-09
-7.97951e-08
-1.70619e-09
-7.70531e-08
-1.41933e-09
-7.44901e-08
-1.5429e-09
-7.21946e-08
-1.51891e-09
-7.00872e-08
-1.45971e-09
-6.79177e-08
-1.17701e-09
-6.56648e-08
-7.40084e-10
-6.33255e-08
-3.47998e-10
-6.06669e-08
-2.27086e-10
-5.82666e-08
-2.09341e-10
-5.56317e-08
-2.89776e-10
-5.31384e-08
-3.27797e-10
-5.06522e-08
-3.62553e-10
-4.84145e-08
-1.85166e-10
-4.59617e-08
-2.66505e-10
-4.3543e-08
-3.69558e-10
-4.13351e-08
-2.57722e-10
-3.91485e-08
-1.66573e-10
-3.68122e-08
-2.886e-10
-3.45305e-08
-3.67522e-10
-3.22929e-08
-3.0146e-10
-2.98662e-08
-3.43152e-10
-2.71557e-08
-2.68681e-10
-2.38123e-08
-2.36086e-10
1.40994e-10
-1.66386e-10
-1.97004e-08
9.5105e-11
-1.97111e-08
2.14792e-11
-1.957e-08
-4.88977e-11
-1.95741e-08
-2.80199e-11
-1.96213e-08
-1.37476e-10
-1.95231e-08
-2.05524e-10
-1.94783e-08
-2.26785e-10
-1.9472e-08
-1.94084e-08
-1.83076e-10
2.19962e-07
7.51071e-08
-8.50077e-08
-2.36309e-09
-8.51006e-09
3.40513e-07
-3.23869e-07
1.22364e-07
-6.19509e-08
7.17211e-08
-1.32226e-07
1.29371e-07
9.01483e-08
-1.30544e-07
-1.28714e-07
1.45002e-07
4.53659e-08
-5.92755e-08
-1.74782e-07
1.01355e-07
9.79949e-09
1.73576e-08
1.04736e-07
9.24049e-08
9.80121e-08
-8.63929e-08
1.06197e-07
7.95107e-08
-5.23721e-08
1.49459e-07
-9.16812e-08
1.12944e-07
-1.67206e-07
-7.89395e-08
-8.86254e-08
-1.16582e-07
1.223e-07
-9.07061e-09
-1.11379e-07
-1.24207e-08
-1.0861e-07
-1.26489e-08
-1.05611e-07
-1.21663e-08
-1.02626e-07
-9.33883e-09
-9.97333e-08
-7.10705e-09
-9.65692e-08
-5.41785e-09
-9.28954e-08
-3.87556e-09
-8.91244e-08
-2.85696e-09
-8.5679e-08
-2.3673e-09
-8.27632e-08
-2.20826e-09
-7.98154e-08
-1.8997e-09
-7.70557e-08
-1.58642e-09
-7.45411e-08
-1.60605e-09
-7.2152e-08
-1.54625e-09
-6.98927e-08
-1.40931e-09
-6.76536e-08
-1.12481e-09
-6.53483e-08
-7.45151e-10
-6.28158e-08
-5.61077e-10
-6.02712e-08
-4.35404e-10
-5.77556e-08
-3.80623e-10
-5.52957e-08
-3.89917e-10
-5.27934e-08
-4.54465e-10
-5.05471e-08
-2.38434e-10
-4.81073e-08
-2.69615e-10
-4.5609e-08
-4.41605e-10
-4.34315e-08
-2.51773e-10
-4.12587e-08
-1.54807e-10
-3.89122e-08
-2.60915e-10
-3.66328e-08
-3.36932e-10
-3.44878e-08
-2.81635e-10
-3.21531e-08
-3.66791e-10
-2.97947e-08
-2.98515e-10
-2.71049e-08
-2.36213e-10
-2.38002e-08
-2.36312e-10
-1.96927e-08
-1.82609e-10
1.07789e-10
-1.2337e-10
-1.48669e-08
8.93721e-11
-1.48721e-08
-2.0814e-12
-1.4818e-08
4.70037e-11
-1.48325e-08
3.08048e-11
-1.47779e-08
-6.85452e-11
-1.4734e-08
-1.20859e-10
-1.46918e-08
-1.17453e-10
-1.47e-08
-1.72027e-10
-1.46403e-08
-1.88868e-10
-1.46183e-08
1.92719e-08
-1.4528e-08
-1.82826e-10
2.33127e-08
-1.79961e-10
2.66244e-08
-1.63077e-10
2.93003e-08
-1.77238e-10
3.17848e-08
-1.86211e-10
3.39099e-08
-1.97257e-10
3.60906e-08
-2.27153e-10
3.82776e-08
-2.42158e-10
4.04501e-08
-2.03852e-10
4.28059e-08
-3.45218e-10
4.50712e-08
-4.00456e-10
4.7374e-08
-4.69003e-10
4.96606e-08
-5.29603e-10
5.20772e-08
-7.39788e-10
5.44896e-08
-7.63976e-10
5.68954e-08
-9.91448e-10
5.93419e-08
-1.0895e-09
6.18298e-08
-1.37986e-09
6.42719e-08
-1.59136e-09
6.65414e-08
-2.03814e-09
6.85465e-08
-2.61481e-09
7.02607e-08
-3.29901e-09
7.20702e-08
-4.28051e-09
7.38455e-08
-3.31701e-09
7.65465e-08
-4.21662e-09
7.94089e-08
-3.35483e-09
8.27706e-08
-2.79695e-09
8.63596e-08
-2.93323e-09
9.02342e-08
-2.36598e-09
9.49167e-08
-7.38454e-10
3.0364e-09
9.89034e-08
1.03624e-07
9.51668e-08
-1.05731e-07
1.51619e-08
1.0595e-07
1.19759e-07
1.78241e-08
-3.02747e-08
3.38962e-09
9.38085e-08
1.08109e-07
-1.17887e-07
1.11388e-07
8.96094e-08
-1.10587e-07
8.64773e-08
8.35223e-08
-9.62745e-08
1.24684e-07
7.24996e-08
-1.30458e-07
-5.10743e-09
-1.15675e-08
-1.22294e-07
-5.82082e-09
1.26656e-07
-1.15529e-07
-1.17376e-08
-1.10867e-07
-1.30944e-08
-1.07082e-07
-1.27712e-08
-1.0463e-07
-1.14352e-08
-1.01824e-07
-9.38105e-09
-9.90814e-08
-7.25337e-09
-9.57356e-08
-6.1114e-09
-9.23516e-08
-4.47305e-09
-8.8884e-08
-3.45186e-09
-8.5597e-08
-2.78074e-09
-8.2669e-08
-2.33345e-09
-7.97848e-08
-2.08595e-09
-7.70281e-08
-1.75869e-09
-7.4447e-08
-1.67497e-09
-7.20207e-08
-1.50541e-09
-6.96905e-08
-1.29772e-09
-6.72687e-08
-1.12442e-09
-6.48789e-08
-7.29939e-10
-6.23944e-08
-6.48466e-10
-5.99007e-08
-5.40725e-10
-5.7427e-08
-4.68808e-10
-5.49957e-08
-4.3058e-10
-5.26681e-08
-3.91852e-10
-5.02292e-08
-2.98779e-10
-4.77146e-08
-4.32776e-10
-4.557e-08
-2.63894e-10
-4.3377e-08
-1.44375e-10
-4.10033e-08
-2.55783e-10
-3.87062e-08
-3.13597e-10
-3.65737e-08
-2.41708e-10
-3.42778e-08
-3.5273e-10
-3.21139e-08
-2.6708e-10
-2.97756e-08
-2.34106e-10
-2.70201e-08
-2.71358e-10
-2.37496e-08
-2.0926e-10
-1.9678e-08
-1.65953e-10
-1.48709e-08
-1.21758e-10
5.51789e-11
-9.83257e-09
-7.78295e-11
3.04628e-11
-9.81933e-09
1.69587e-11
-9.82937e-09
6.30921e-12
-9.79811e-09
-5.67944e-11
-9.7634e-09
-5.35263e-11
-9.77727e-09
-6.54571e-11
-9.73403e-09
-6.70655e-11
-9.70902e-09
-1.12166e-10
-9.67314e-09
-1.17552e-10
-9.6594e-09
-1.58531e-10
-9.61104e-09
-1.7619e-10
-9.56555e-09
1.44509e-08
-9.52076e-09
-1.90608e-10
1.91879e-08
-1.88201e-10
2.32177e-08
-1.79042e-10
2.6486e-08
-1.79333e-10
2.91641e-08
-1.80967e-10
3.1516e-08
-1.85122e-10
3.37423e-08
-2.07848e-10
3.5919e-08
-2.28243e-10
3.81118e-08
-2.57475e-10
4.0376e-08
-2.70665e-10
4.25375e-08
-2.86213e-10
4.48351e-08
-4.51091e-10
4.71346e-08
-4.89498e-10
4.94705e-08
-5.53637e-10
5.17675e-08
-6.94093e-10
5.41677e-08
-7.94537e-10
5.65066e-08
-9.30253e-10
5.90508e-08
-1.19838e-09
6.14718e-08
-1.31867e-09
6.39405e-08
-1.56473e-09
6.62938e-08
-1.90757e-09
6.8489e-08
-2.35607e-09
7.05545e-08
-2.94411e-09
7.2301e-08
-3.65249e-09
7.49082e-08
-3.528e-09
7.71804e-08
-4.1235e-09
8.01075e-08
-3.81198e-09
8.31262e-08
-3.2319e-09
8.64612e-08
-3.62303e-09
9.01722e-08
-3.36858e-09
9.43333e-08
-2.17589e-09
6.0741e-10
9.94725e-08
1.02964e-07
8.25239e-09
1.00186e-07
1.04969e-07
9.97163e-08
1.09316e-07
-1.10144e-07
-5.02838e-08
-2.65973e-07
2.35072e-07
8.27984e-08
1.06212e-07
1.44356e-08
1.14912e-07
6.43824e-08
-3.7865e-08
1.20346e-07
8.09562e-08
1.1851e-07
9.14783e-08
1.93276e-09
3.44008e-08
8.54102e-08
4.10727e-08
9.49652e-08
-7.56506e-09
1.09667e-07
1.6516e-08
9.80804e-08
1.10281e-07
1.09767e-07
1.01751e-07
1.7083e-11
-6.20478e-11
-5.31056e-09
5.50584e-12
-5.3063e-09
-1.47541e-11
-5.29932e-09
-3.61803e-11
-5.27871e-09
-4.08726e-11
-5.27008e-09
-6.75629e-11
-5.25978e-09
-6.70696e-11
-5.25145e-09
-8.60102e-11
-5.21891e-09
-9.05105e-11
-5.20438e-09
-1.15606e-10
-5.17688e-09
-1.39217e-10
-5.14656e-09
-1.55039e-10
-5.12937e-09
-1.73624e-10
-5.12096e-09
9.52329e-09
-2.26596e-10
-5.1397e-09
1.44066e-08
-1.9077e-10
1.91314e-08
-2.03336e-10
2.31353e-08
-1.68052e-10
2.63958e-08
-2.01192e-10
2.9069e-08
-1.90538e-10
3.13965e-08
-1.69966e-10
3.36224e-08
-2.28105e-10
3.57765e-08
-2.16734e-10
3.79779e-08
-2.90934e-10
4.02006e-08
-3.0591e-10
4.24618e-08
-3.34046e-10
4.46305e-08
-3.80101e-10
4.69279e-08
-5.17365e-10
4.9247e-08
-5.68526e-10
5.15227e-08
-6.31498e-10
5.39097e-08
-8.0968e-10
5.6316e-08
-9.32308e-10
5.86405e-08
-1.08151e-09
6.11195e-08
-1.31441e-09
6.35833e-08
-1.50433e-09
6.60127e-08
-1.77468e-09
6.83765e-08
-2.13108e-09
7.06087e-08
-2.59747e-09
7.26522e-08
-3.14033e-09
7.47214e-08
-3.0456e-09
7.76252e-08
-4.46692e-09
8.00285e-08
-3.57037e-09
8.34196e-08
-3.88096e-09
8.64076e-08
-3.77545e-09
8.98416e-08
-3.92173e-09
9.4009e-08
-3.42544e-09
-2.15343e-09
9.97305e-08
6.08446e-09
1.04387e-07
-8.70536e-08
7.80264e-08
9.50114e-08
9.52685e-08
1.16291e-07
-8.78805e-08
2.94767e-08
-3.2469e-08
9.42248e-08
-3.78921e-07
2.20413e-08
3.78633e-07
-1.57552e-08
-1.14776e-07
-1.47555e-08
1.21775e-07
-1.1e-07
-1.38859e-08
-1.06439e-07
-1.26192e-08
-1.03565e-07
-1.10202e-08
-1.00691e-07
-9.35799e-09
-9.78928e-08
-7.32865e-09
-9.4802e-08
-6.47394e-09
-9.16267e-08
-4.85565e-09
-8.84152e-08
-3.84084e-09
-8.53051e-08
-3.09496e-09
-8.23515e-08
-2.56548e-09
-7.96333e-08
-2.16874e-09
-7.69295e-08
-1.89786e-09
-7.4354e-08
-1.73449e-09
-7.18505e-08
-1.52599e-09
-6.94071e-08
-1.28643e-09
-6.70789e-08
-1.0141e-09
-6.45351e-08
-8.42804e-10
-6.20537e-08
-7.06658e-10
-5.95842e-08
-5.94944e-10
-5.71349e-08
-5.05071e-10
-5.47208e-08
-4.33544e-10
-5.23464e-08
-3.65695e-10
-4.99627e-08
-3.03266e-10
-4.77565e-08
-2.84707e-10
-4.53853e-08
-3.11006e-10
-4.30926e-08
-1.46259e-10
-4.08036e-08
-2.82814e-10
-3.86532e-08
-2.25808e-10
-3.63714e-08
-3.03892e-10
-3.42397e-08
-2.6728e-10
-3.206e-08
-1.86823e-10
-2.96063e-08
-2.94146e-10
-2.6918e-08
-2.50574e-10
-2.36709e-08
-1.69461e-10
-1.96385e-08
-1.233e-10
-1.48367e-08
-1.34271e-10
-9.83654e-09
-9.97438e-11
-5.35046e-09
-1.19835e-10
1.0264e-07
1.15858e-07
-1.15361e-07
1.08262e-07
1.09414e-07
-3.33128e-07
1.11108e-08
-2.59158e-08
3.52113e-07
9.4079e-08
1.96933e-08
8.08053e-08
1.0674e-07
1.85211e-08
9.52851e-09
-5.19226e-09
-3.19453e-10
1.44172e-08
-2.49888e-10
1.90913e-08
-1.98137e-10
2.31256e-08
-2.05502e-10
2.63247e-08
-1.74546e-10
2.90103e-08
-2.24447e-10
3.13684e-08
-1.94453e-10
3.35324e-08
-1.96089e-10
3.57419e-08
-2.69668e-10
3.78601e-08
-2.51045e-10
4.00818e-08
-3.51106e-10
4.22999e-08
-3.50603e-10
4.4551e-08
-4.01348e-10
4.67559e-08
-4.62051e-10
4.90678e-08
-5.86682e-10
5.14104e-08
-6.42925e-10
5.37137e-08
-7.44317e-10
5.60769e-08
-8.91469e-10
5.84849e-08
-1.0473e-09
6.08785e-08
-1.21996e-09
6.33405e-08
-1.42906e-09
6.57872e-08
-1.64333e-09
6.82021e-08
-1.93266e-09
7.05313e-08
-2.303e-09
7.27705e-08
-2.76035e-09
7.55386e-08
-3.18127e-09
7.74787e-08
-3.77591e-09
8.00201e-08
-3.41166e-09
8.30444e-08
-4.13892e-09
8.62377e-08
-4.10462e-09
8.94078e-08
-4.16414e-09
9.343e-08
-4.43891e-09
9.94031e-08
-4.91033e-09
2.13803e-09
1.06821e-07
-8.50342e-08
7.22876e-08
-7.1282e-08
1.23471e-07
8.49967e-08
7.7464e-11
-1.72852e-10
-1.73963e-09
2.83823e-11
-1.67819e-09
2.61596e-12
-1.65379e-09
-2.04623e-11
-1.63895e-09
-2.74439e-11
-1.63332e-09
-3.0952e-11
-1.62938e-09
-4.21272e-11
-1.61825e-09
-6.09587e-11
-1.60465e-09
-6.60632e-11
-1.5947e-09
-7.85536e-11
-1.57916e-09
-9.13932e-11
-1.56271e-09
-1.00289e-10
-1.55202e-09
-1.26301e-10
-1.54685e-09
-1.81654e-10
-1.56034e-09
-2.76936e-10
-1.61276e-09
-4.21479e-10
-1.72416e-09
-1.07319e-07
8.11867e-08
1.07824e-07
-1.28016e-07
1.04413e-07
-1.25344e-07
9.16994e-08
-1.21646e-07
7.99008e-08
7.01998e-08
8.05759e-08
-7.34867e-08
-8.33439e-08
3.87716e-08
1.22894e-07
9.43111e-08
-8.78403e-08
-5.67963e-10
-4.23588e-09
3.97638e-08
9.50587e-08
-9.02139e-08
-1.11129e-07
-1.4461e-08
1.14597e-07
-1.07892e-07
-1.33716e-08
-1.04924e-07
-1.19714e-08
-1.02092e-07
-1.05348e-08
-9.94737e-08
-8.95945e-09
-9.64099e-08
-7.52045e-09
-9.37944e-08
-6.25189e-09
-9.07984e-08
-5.02415e-09
-8.78056e-08
-4.0427e-09
-8.48788e-08
-3.28898e-09
-8.20551e-08
-2.72719e-09
-7.93221e-08
-2.3072e-09
-7.66985e-08
-1.97711e-09
-7.41629e-08
-1.76198e-09
-7.17017e-08
-1.50301e-09
-6.92384e-08
-1.28427e-09
-6.67379e-08
-1.06093e-09
-6.42486e-08
-8.83334e-10
-6.17752e-08
-7.3754e-10
-5.93191e-08
-6.14651e-10
-5.68842e-08
-5.09909e-10
-5.44777e-08
-4.21783e-10
-5.2101e-08
-3.4503e-10
-4.97525e-08
-2.82355e-10
-4.74559e-08
-2.43045e-10
-4.52361e-08
-2.2256e-10
-4.29182e-08
-1.86853e-10
-4.07335e-08
-2.18323e-10
-3.8475e-08
-2.60156e-10
-3.63375e-08
-2.34673e-10
-3.42178e-08
-1.78963e-10
-3.18698e-08
-2.89309e-10
-2.95709e-08
-2.14062e-10
-2.69352e-08
-1.84762e-10
-2.36744e-08
-1.50326e-10
-1.95636e-08
-1.81204e-10
-1.48106e-08
-1.39737e-10
-9.85258e-09
-1.41785e-10
-5.41572e-09
-2.13653e-10
-1.85778e-09
-3.21615e-10
-2.54161e-08
-3.22388e-07
1.8332e-08
1.60947e-08
1.05509e-07
7.05743e-08
-3.92529e-08
1.03873e-07
1.25051e-07
-1.2298e-07
1.02478e-07
1.25396e-07
1.10501e-07
1.18073e-07
3.54217e-07
2.9378e-08
-3.67871e-07
-3.64015e-07
-2.96482e-08
3.42247e-07
-8.98775e-08
1.8474e-08
1.10551e-07
-8.74613e-09
1.14055e-07
-8.56117e-08
-6.15396e-08
6.64259e-08
7.86565e-08
2.33505e-07
-8.92011e-08
-5.49613e-08
8.17514e-08
8.29591e-08
-1.06267e-07
-1.43688e-08
3.6643e-07
3.21085e-08
-3.77746e-07
5.32539e-09
-1.90507e-09
-6.26937e-10
9.60615e-09
-4.52205e-10
1.44251e-08
-3.15679e-10
1.91125e-08
-2.54619e-10
2.30885e-08
-2.13657e-10
2.63415e-08
-2.19687e-10
2.89495e-08
-1.94501e-10
3.1306e-08
-2.31726e-10
3.35298e-08
-2.35585e-10
3.56617e-08
-2.56779e-10
3.78461e-08
-2.8947e-10
3.99837e-08
-3.24487e-10
4.21841e-08
-3.63444e-10
4.44091e-08
-4.10562e-10
4.66698e-08
-4.74883e-10
4.89227e-08
-5.56689e-10
5.12345e-08
-6.34706e-10
5.35819e-08
-7.31693e-10
5.59395e-08
-8.49021e-10
5.83049e-08
-9.73136e-10
6.0733e-08
-1.16453e-09
6.31622e-08
-1.32143e-09
6.56325e-08
-1.52353e-09
6.81056e-08
-1.7696e-09
7.04984e-08
-2.02822e-09
7.27616e-08
-2.35043e-09
7.51389e-08
-2.888e-09
7.77594e-08
-3.70198e-09
8.02777e-08
-3.18331e-09
8.29488e-08
-4.00974e-09
8.57861e-08
-4.06284e-09
8.89199e-08
-4.33147e-09
9.26103e-08
-5.04576e-09
9.65187e-08
-5.54828e-09
-9.37175e-09
1.00711e-07
-1.02338e-07
7.03776e-08
1.92719e-07
-1.69516e-07
9.95946e-08
-1.32167e-07
1.00644e-07
2.27183e-07
2.79173e-10
-5.0328e-10
8.791e-10
1.31963e-10
1.02821e-09
5.03064e-11
1.11678e-09
1.0369e-11
1.15745e-09
-9.78045e-12
1.175e-09
-2.00268e-11
1.1827e-09
-2.7019e-11
1.18536e-09
-3.29018e-11
1.19037e-09
-3.76657e-11
1.19986e-09
-4.3517e-11
1.20609e-09
-4.9981e-11
1.21411e-09
-6.02224e-11
1.22302e-09
-8.10469e-11
1.22628e-09
-1.26897e-10
1.21537e-09
-2.18756e-10
1.18063e-09
-3.75913e-10
1.09911e-09
-6.06623e-10
9.52347e-10
-8.76504e-10
7.4475e-10
7.57643e-08
-1.37516e-07
1.03244e-07
-1.3018e-07
8.70125e-08
-1.22266e-07
7.43055e-08
-1.10983e-07
6.11508e-08
6.68316e-08
-1.02664e-07
-2.24515e-08
3.09256e-08
-1.27662e-07
1.46866e-07
-1.12001e-07
-1.82584e-08
1.14435e-07
1.88846e-08
-1.08328e-07
-1.47729e-08
-1.05638e-07
-1.26008e-08
-1.03132e-07
-1.10422e-08
-1.00694e-07
-9.7105e-09
-9.81323e-08
-8.43334e-09
-9.54502e-08
-7.20201e-09
-9.2752e-08
-6.0092e-09
-8.99377e-08
-4.97326e-09
-8.71418e-08
-4.05087e-09
-8.43869e-08
-3.32392e-09
-8.16815e-08
-2.76979e-09
-7.90315e-08
-2.3442e-09
-7.64428e-08
-1.99449e-09
-7.39235e-08
-1.74373e-09
-7.14245e-08
-1.49033e-09
-6.89529e-08
-1.26272e-09
-6.64731e-08
-1.06019e-09
-6.40009e-08
-8.8503e-10
-6.1539e-08
-7.39744e-10
-5.90938e-08
-6.12671e-10
-5.66722e-08
-5.00078e-10
-5.42761e-08
-4.08721e-10
-5.1911e-08
-3.29549e-10
-4.95735e-08
-2.71418e-10
-4.72767e-08
-2.24616e-10
-4.50201e-08
-1.95989e-10
-4.2775e-08
-1.78804e-10
-4.05781e-08
-1.89034e-10
-3.84401e-08
-1.93674e-10
-3.62892e-08
-1.9563e-10
-3.40215e-08
-2.59828e-10
-3.18687e-08
-2.15977e-10
-2.95246e-08
-1.93762e-10
-2.68733e-08
-1.53558e-10
-2.35584e-08
-2.14446e-10
-1.95591e-08
-1.65185e-10
-1.48356e-08
-1.67554e-10
-9.89629e-09
-2.50176e-10
-5.5396e-09
-3.42881e-10
-2.04341e-09
-5.28877e-10
6.6556e-10
-7.74484e-10
-1.1234e-07
8.34522e-08
1.13898e-07
1.9267e-08
1.06846e-07
-1.18126e-07
1.33084e-07
1.25876e-07
-1.22861e-07
9.34335e-08
-9.28505e-08
1.28401e-07
9.77201e-08
-9.68614e-08
1.03504e-07
1.3205e-07
1.06807e-07
1.99923e-08
1.37402e-07
1.27665e-07
1.11242e-07
1.25031e-07
1.21917e-07
-3.78056e-07
3.72127e-07
-3.48014e-09
-1.50439e-07
1.12747e-07
-8.79972e-08
1.28231e-07
3.58037e-07
-3.1487e-07
4.22291e-08
-8.20558e-08
5.12008e-08
-9.6048e-08
-4.16898e-09
5.70148e-08
-1.03963e-07
-5.27669e-08
-3.36779e-07
3.46247e-07
-3.11875e-08
-3.36815e-08
-3.24393e-07
-9.51836e-08
-7.00857e-09
-9.13553e-08
-6.16373e-09
-8.82634e-08
-5.05918e-09
-8.53523e-08
-4.26259e-09
-8.28083e-08
-3.71139e-09
-8.04088e-08
-3.57357e-09
-7.74222e-08
-3.37188e-09
-7.54045e-08
-2.95578e-09
-7.2959e-08
-2.57775e-09
-7.04568e-08
-2.12016e-09
-6.7976e-08
-1.81398e-09
-6.54809e-08
-1.6206e-09
-6.29957e-08
-1.42189e-09
-6.05516e-08
-1.23622e-09
-5.81626e-08
-1.07224e-09
-5.57681e-08
-9.30386e-10
-5.34205e-08
-8.02452e-10
-5.10845e-08
-7.1694e-10
-4.87938e-08
-6.16918e-10
-4.65396e-08
-5.41531e-10
-4.42982e-08
-4.83002e-10
-4.20943e-08
-4.13962e-10
-3.99064e-08
-3.79421e-10
-3.77403e-08
-3.43619e-10
-3.55989e-08
-3.01828e-10
-3.34483e-08
-2.79387e-10
-3.12555e-08
-2.60708e-10
-2.89422e-08
-2.41803e-10
-2.62925e-08
-2.26818e-10
-2.30763e-08
-2.57432e-10
-1.91228e-08
-2.45356e-10
-1.44859e-08
-3.29406e-10
-9.71332e-09
-4.3268e-10
-5.50978e-09
-6.10942e-10
-2.14233e-09
-8.42869e-10
5.13222e-10
-1.10785e-09
-2.93624e-08
-3.11655e-07
2.25852e-08
7.20662e-10
-1.01845e-09
3.29116e-09
4.31524e-10
3.52073e-09
2.188e-10
3.6973e-09
9.52983e-11
3.80838e-09
3.4891e-11
3.86109e-09
5.261e-12
3.89001e-09
-1.5165e-12
3.89232e-09
-5.93058e-12
3.89761e-09
-1.17088e-11
3.90426e-09
-1.2686e-11
3.90914e-09
-1.5797e-11
3.9122e-09
-2.44842e-11
3.92013e-09
-4.1009e-11
3.92576e-09
-7.43048e-11
3.91929e-09
-1.48726e-10
3.89891e-09
-2.88215e-10
3.84805e-09
-5.09492e-10
3.73722e-09
-8.08176e-10
3.5666e-09
-1.10519e-09
3.34361e-09
-1.31107e-09
3.12792e-09
-1.11649e-07
7.32264e-08
3.10488e-08
1.06137e-07
8.90637e-08
-1.19045e-07
-8.91656e-08
-7.87901e-08
-3.82006e-07
3.09051e-07
1.56258e-07
-5.42827e-08
3.33871e-07
-4.10768e-08
3.43533e-07
-4.07918e-08
3.5017e-07
-3.42461e-07
-4.18814e-08
3.46948e-07
-3.29649e-07
-4.00546e-08
-3.20165e-07
-3.89785e-08
4.43025e-08
-5.72688e-08
-3.03233e-07
-1.03286e-07
5.84569e-08
-1.36392e-08
-2.9964e-07
3.07162e-07
1.00056e-08
-8.12141e-08
-1.4638e-07
7.9836e-08
-8.15628e-08
-1.84114e-07
2.05383e-07
6.40115e-08
-1.72967e-07
1.31219e-07
9.2642e-08
-1.26949e-07
1.34664e-07
9.75067e-08
1.02228e-07
1.39021e-07
2.19804e-08
1.06042e-07
-1.13036e-07
8.42732e-08
1.16048e-07
5.86925e-09
-1.95697e-08
-1.51145e-07
8.76445e-08
-1.3865e-07
7.6964e-08
-1.27406e-07
6.51823e-08
-1.2346e-07
5.91728e-08
5.81824e-08
-1.12771e-07
9.62483e-08
-1.36463e-07
-5.97694e-08
-6.55715e-08
3.82344e-08
1.03825e-07
-7.50085e-08
-1.12553e-07
-2.70945e-08
2.70583e-08
1.15191e-07
-1.09527e-07
-1.8408e-08
-1.06791e-07
-1.44294e-08
-1.04196e-07
-1.19921e-08
-1.0168e-07
-1.03232e-08
-9.92521e-08
-8.97006e-09
-9.68132e-08
-7.75839e-09
-9.42989e-08
-6.6396e-09
-9.16995e-08
-5.60823e-09
-8.91137e-08
-4.66377e-09
-8.6485e-08
-3.87514e-09
-8.38826e-08
-3.1849e-09
-8.12874e-08
-2.66892e-09
-7.87103e-08
-2.26537e-09
-7.61617e-08
-1.92672e-09
-7.36705e-08
-1.65488e-09
-7.11837e-08
-1.42768e-09
-6.87127e-08
-1.20904e-09
-6.62433e-08
-1.02536e-09
-6.37909e-08
-8.5218e-10
-6.1336e-08
-7.29432e-10
-5.88977e-08
-6.08006e-10
-5.64956e-08
-4.84847e-10
-5.4108e-08
-4.08715e-10
-5.17634e-08
-3.19465e-10
-4.94293e-08
-2.85064e-10
-4.71426e-08
-2.2486e-10
-4.4883e-08
-2.01e-10
-4.26614e-08
-1.75036e-10
-4.04488e-08
-2.02532e-10
-3.83044e-08
-1.60937e-10
-3.61451e-08
-1.92388e-10
-3.40336e-08
-2.06744e-10
-3.18425e-08
-1.99327e-10
-2.94963e-08
-1.96203e-10
-2.67718e-08
-2.22153e-10
-2.35317e-08
-2.39304e-10
-1.95502e-08
-1.81576e-10
-1.48338e-08
-2.71943e-10
-1.00114e-08
-3.52753e-10
-5.72408e-09
-5.15101e-10
-2.28663e-09
-7.53565e-10
4.28024e-10
-1.01569e-09
3.06484e-09
-1.2321e-09
-1.44766e-07
-9.20444e-08
1.5096e-07
-1.37866e-07
-8.55786e-08
7.28306e-08
-8.07382e-08
-1.2743e-07
3.33734e-07
-6.54281e-09
-3.33471e-07
1.07968e-08
-1.30108e-07
5.89297e-08
2.36422e-08
1.06352e-07
-1.02017e-08
-3.31151e-07
1.1293e-08
-7.71528e-08
-1.15846e-07
6.49339e-08
-2.71972e-08
-3.15261e-07
4.22218e-08
3.05404e-07
1.34524e-07
1.21803e-07
1.35254e-07
1.10993e-07
1.35688e-07
-9.01118e-08
1.4122e-07
-1.33908e-07
-1.35955e-07
9.46418e-08
1.41692e-07
-1.30235e-07
-3.05497e-07
1.4625e-07
-3.58776e-07
-1.14725e-08
-2.28279e-09
3.31974e-07
-8.01448e-08
-3.03715e-07
-1.57103e-07
1.3674e-07
1.88203e-07
1.62109e-07
5.56239e-08
-1.55987e-07
7.21476e-08
3.41511e-07
-4.35722e-08
3.49681e-07
-4.39207e-08
3.51524e-07
-4.02358e-08
-9.31463e-08
-5.69246e-09
-9.0716e-08
-5.42141e-09
-8.79164e-08
-4.79005e-09
-8.52122e-08
-3.98683e-09
-8.25707e-08
-3.4483e-09
-8.0239e-08
-3.04381e-09
-7.7691e-08
-3.07153e-09
-7.53957e-08
-2.41375e-09
-7.28158e-08
-2.34674e-09
-7.02624e-08
-1.90838e-09
-6.76818e-08
-1.68604e-09
-6.52507e-08
-1.4056e-09
-6.2802e-08
-1.28405e-09
-6.03964e-08
-1.11046e-09
-5.80025e-08
-9.82417e-10
-5.56258e-08
-8.70083e-10
-5.32861e-08
-7.53127e-10
-5.09779e-08
-6.82807e-10
-4.86977e-08
-5.99284e-10
-4.64497e-08
-5.32643e-10
-4.42231e-08
-4.89586e-10
-4.20181e-08
-4.32593e-10
-3.98441e-08
-3.96494e-10
-3.76948e-08
-3.60727e-10
-3.5548e-08
-3.34429e-10
-3.34078e-08
-3.06952e-10
-3.12307e-08
-2.85526e-10
-2.89132e-08
-2.73871e-10
-2.62767e-08
-2.69631e-10
-2.31119e-08
-2.77874e-10
-1.91577e-08
-3.32331e-10
-1.45883e-08
-4.17332e-10
-9.90233e-09
-5.47876e-10
-5.74315e-09
-7.74299e-10
-2.40048e-09
-1.00638e-09
3.10278e-10
-1.24514e-09
2.95546e-09
-1.39107e-09
1.31474e-07
5.08883e-08
-1.22249e-07
1.40172e-07
5.25116e-08
1.49841e-07
5.76837e-08
1.64403e-07
6.47875e-08
1.81702e-07
7.28755e-08
2.03721e-07
8.01293e-08
3.37224e-07
-1.99665e-07
-2.95084e-07
5.73631e-08
-1.08729e-07
1.02008e-07
-9.80238e-08
8.76189e-08
-1.21926e-07
-8.50706e-08
-1.26688e-07
2.45544e-08
-3.02746e-07
-2.13112e-08
-2.18447e-08
-2.99421e-07
-9.09322e-08
1.66245e-07
7.74685e-08
9.82996e-08
1.48274e-07
-1.10134e-07
3.90248e-08
-2.58874e-08
9.93022e-08
-2.22767e-08
3.69833e-07
-4.94056e-08
9.95167e-08
-1.16473e-07
8.0533e-08
-4.5667e-08
1.15057e-08
3.24098e-07
-2.86905e-07
3.41156e-07
1.36711e-08
-3.17411e-07
8.00716e-08
2.26757e-07
1.24236e-09
-1.40976e-09
5.91669e-09
9.46121e-10
6.11492e-09
6.11585e-10
6.32656e-09
3.39442e-10
6.50752e-09
1.69416e-10
6.62819e-09
7.7707e-11
6.69166e-09
4.30283e-11
6.72029e-09
2.5341e-11
6.73097e-09
1.65346e-11
6.74134e-09
1.76384e-11
6.73887e-09
1.6655e-11
6.74637e-09
9.49987e-12
6.75252e-09
-2.89617e-12
6.75848e-09
-2.5679e-11
6.7613e-09
-7.95253e-11
6.74804e-09
-1.88336e-10
6.72034e-09
-3.74362e-10
6.65438e-09
-6.66605e-10
6.54093e-09
-1.01415e-09
6.3661e-09
-1.31244e-09
6.15516e-09
-1.47467e-09
5.96347e-09
-1.50737e-09
5.79972e-09
-6.21037e-08
3.28843e-07
-5.73799e-08
3.33273e-07
-4.88877e-08
3.39664e-07
-4.46541e-08
3.50035e-07
-4.42921e-08
3.49507e-07
-4.39189e-08
3.53736e-07
3.53509e-07
-4.19397e-08
2.82459e-08
1.0502e-07
8.47766e-08
-1.15758e-07
-8.07667e-08
-1.21437e-07
8.38079e-08
-1.1545e-07
-8.21572e-08
1.09299e-07
-1.21408e-07
-3.93311e-08
-1.06192e-08
-3.16082e-07
3.23068e-07
-1.74466e-08
-3.05437e-07
1.42966e-07
1.3074e-07
3.8511e-07
-6.74222e-08
2.08617e-07
-2.06621e-07
1.08961e-07
1.4429e-07
-3.11918e-07
-6.70106e-09
1.05593e-07
2.58064e-08
-3.42648e-08
2.84222e-08
3.38902e-07
-8.16641e-09
1.20746e-07
1.40447e-07
-9.63911e-08
4.8434e-08
-2.91808e-08
7.86826e-08
-1.04861e-07
-2.65264e-08
3.70064e-08
-1.07983e-07
-2.16125e-08
-1.06889e-07
-1.68186e-08
-1.04863e-07
-1.35694e-08
-1.02601e-07
-1.12336e-08
-1.00208e-07
-9.63605e-09
-9.79224e-08
-8.15767e-09
-9.55816e-08
-6.97787e-09
-9.31991e-08
-5.91618e-09
-9.0802e-08
-4.98456e-09
-8.83329e-08
-4.223e-09
-8.58822e-08
-3.50463e-09
-8.3383e-08
-2.91932e-09
-8.08849e-08
-2.44317e-09
-7.8395e-08
-2.06897e-09
-7.59017e-08
-1.77266e-09
-7.34211e-08
-1.52639e-09
-7.09642e-08
-1.30986e-09
-6.85089e-08
-1.1204e-09
-6.60617e-08
-9.56766e-10
-6.36108e-08
-8.15274e-10
-6.11894e-08
-6.91368e-10
-5.87944e-08
-5.73065e-10
-5.63829e-08
-4.98512e-10
-5.40146e-08
-4.13336e-10
-5.1647e-08
-3.58984e-10
-4.93477e-08
-2.91178e-10
-4.70724e-08
-2.40126e-10
-4.48161e-08
-2.28354e-10
-4.25703e-08
-2.20685e-10
-4.0396e-08
-2.01894e-10
-3.8193e-08
-2.10812e-10
-3.60396e-08
-2.08525e-10
-3.38977e-08
-2.10211e-10
-3.17075e-08
-2.09484e-10
-2.93779e-08
-2.1169e-10
-2.67563e-08
-2.19192e-10
-2.35937e-08
-2.21908e-10
-1.95633e-08
-3.0393e-10
-1.49671e-08
-3.37727e-10
-1.01739e-08
-5.19214e-10
-5.94348e-09
-7.01096e-10
-2.54465e-09
-9.30779e-10
2.20189e-10
-1.1653e-09
2.88542e-09
-1.32332e-09
-1.45057e-09
5.75111e-09
-3.13759e-07
2.17107e-07
-7.49195e-08
1.71727e-07
-2.3215e-07
-5.77873e-08
2.41526e-07
5.11892e-08
-3.06488e-08
-1.87436e-07
-1.24387e-07
-2.98883e-07
1.55778e-07
-7.1165e-09
-2.65882e-08
1.59262e-08
-1.16262e-07
1.29532e-07
-8.40648e-08
-1.34155e-07
7.92244e-08
-1.62244e-08
1.27321e-07
-1.16321e-07
-4.7834e-08
3.88802e-08
1.36297e-07
4.40775e-08
1.46365e-07
4.46926e-08
1.58634e-07
4.77818e-08
1.73574e-07
5.23793e-08
1.91012e-07
5.81675e-08
2.11307e-07
6.27029e-08
2.31243e-07
6.30276e-08
6.70469e-08
-7.03917e-08
2.32678e-07
2.38507e-07
6.27285e-08
1.04405e-07
5.70752e-09
2.46178e-09
9.17738e-08
-9.57876e-08
9.00747e-08
1.20997e-09
-8.96855e-08
7.91816e-08
-9.4602e-08
-9.80379e-08
9.70731e-09
-1.16765e-08
-9.49165e-08
-6.38875e-09
-9.22447e-08
-5.14557e-09
-8.99339e-08
-4.60038e-09
-8.75133e-08
-4.16576e-09
-8.49924e-08
-3.53482e-09
-8.2571e-08
-2.95192e-09
-7.99523e-08
-2.76892e-09
-7.76233e-08
-2.50879e-09
-7.50913e-08
-2.06671e-09
-7.26858e-08
-1.9119e-09
-7.01575e-08
-1.6504e-09
-6.76413e-08
-1.48068e-09
-6.51225e-08
-1.26979e-09
-6.26836e-08
-1.13019e-09
-6.02632e-08
-9.93512e-10
-5.7872e-08
-8.88465e-10
-5.55096e-08
-7.99298e-10
-5.31651e-08
-7.16515e-10
-5.0877e-08
-6.38957e-10
-4.85984e-08
-5.91628e-10
-4.63618e-08
-5.24667e-10
-4.41533e-08
-4.90238e-10
-4.19573e-08
-4.54139e-10
-3.97894e-08
-4.19513e-10
-3.76408e-08
-3.89598e-10
-3.55084e-08
-3.65067e-10
-3.33734e-08
-3.41915e-10
-3.11937e-08
-3.2705e-10
-2.88817e-08
-3.18226e-10
-2.62679e-08
-3.15917e-10
-2.31089e-08
-3.35947e-10
-1.92416e-08
-3.94217e-10
-1.47459e-08
-5.02825e-10
-1.01007e-08
-6.78068e-10
-5.98026e-09
-8.92574e-10
-2.61848e-09
-1.1038e-09
1.60735e-10
-1.29044e-09
2.82055e-09
-1.39346e-09
5.63421e-09
-1.50151e-09
3.54547e-07
-3.88869e-08
3.53882e-07
-3.87949e-08
3.58442e-07
-4.14619e-08
3.5787e-07
-4.08241e-08
3.82097e-07
-3.05228e-08
-2.35595e-07
1.56105e-07
5.03319e-08
-1.11961e-07
1.65537e-07
4.96075e-08
5.71683e-08
-2.25221e-07
7.45204e-08
2.15731e-07
6.40573e-08
6.8638e-08
3.88121e-08
-5.89125e-08
1.80056e-08
-3.23011e-08
9.82218e-08
3.02064e-08
1.03634e-07
8.37134e-08
-1.17284e-07
-8.27324e-08
-1.21898e-07
8.69584e-08
-1.21335e-07
-7.87846e-08
1.29868e-07
-4.27623e-08
-1.10757e-07
1.08577e-09
-3.10459e-07
-9.65389e-09
-3.03421e-07
-5.65475e-08
2.1633e-07
1.36933e-07
-1.08908e-07
6.79317e-08
-3.22149e-07
-1.98612e-09
3.8944e-08
-1.017e-07
-3.45574e-07
1.17478e-08
1.77506e-08
-2.6295e-07
-8.53428e-08
8.05696e-09
-8.93059e-08
1.90068e-07
1.03366e-07
1.56706e-07
-3.10749e-07
1.51847e-09
-2.38903e-08
1.03609e-07
2.88845e-08
-1.04259e-07
-3.49089e-08
8.63081e-09
9.92783e-08
-4.55385e-08
3.57129e-08
-8.66232e-08
-1.19193e-07
1.12886e-07
2.51537e-07
-2.33493e-07
-1.23019e-08
-1.61272e-09
3.68665e-08
-9.51948e-08
-3.02195e-07
1.95556e-08
6.45754e-08
-4.14496e-08
6.06359e-08
3.22396e-07
-4.26448e-08
3.2807e-07
-4.58952e-08
3.3496e-07
-4.64149e-08
3.37668e-07
-4.50049e-08
3.42648e-07
-4.05031e-08
3.49336e-07
-4.0236e-08
3.51945e-07
-3.89855e-08
3.54574e-07
-3.54643e-08
3.55767e-07
-1.12312e-07
8.10493e-08
1.04846e-07
2.93386e-08
1.49814e-07
1.18904e-07
1.2788e-07
1.47461e-07
-3.0962e-07
9.42973e-09
-5.03e-08
-3.5441e-07
7.30998e-08
3.35919e-07
-3.99295e-08
9.41605e-08
-1.01939e-07
5.09767e-08
-9.7668e-08
-1.75803e-08
-1.04068e-07
-1.80132e-08
-1.05587e-07
-1.76882e-08
-1.04192e-07
-1.55783e-08
-1.02619e-07
-1.23333e-08
-1.00743e-07
-1.01796e-08
-9.88486e-08
-8.52689e-09
-9.67337e-08
-7.19579e-09
-9.45237e-08
-6.05699e-09
-9.22789e-08
-5.05527e-09
-8.99949e-08
-4.26088e-09
-8.77372e-08
-3.58087e-09
-8.53642e-08
-3.05771e-09
-8.29752e-08
-2.53976e-09
-8.05517e-08
-2.13687e-09
-7.81079e-08
-1.81986e-09
-7.56591e-08
-1.56653e-09
-7.32117e-08
-1.3567e-09
-7.0765e-08
-1.17609e-09
-6.83211e-08
-1.01859e-09
-6.58844e-08
-8.81164e-10
-6.34589e-08
-7.61454e-10
-6.10473e-08
-6.56955e-10
-5.86371e-08
-5.71647e-10
-5.62697e-08
-4.89262e-10
-5.39034e-08
-4.38298e-10
-5.15815e-08
-3.74545e-10
-4.92594e-08
-3.41573e-10
-4.69629e-08
-2.98366e-10
-4.47167e-08
-2.67013e-10
-4.24943e-08
-2.63009e-10
-4.02879e-08
-2.53061e-10
-3.81147e-08
-2.5027e-10
-3.59573e-08
-2.47273e-10
-3.38027e-08
-2.4567e-10
-3.16083e-08
-2.45147e-10
-2.92841e-08
-2.47459e-10
-2.66586e-08
-2.562e-10
-2.34752e-08
-2.83058e-10
-1.9592e-08
-3.57106e-10
-1.50076e-08
-4.88821e-10
-1.03548e-08
-6.28121e-10
-6.1894e-09
-8.2589e-10
-2.77384e-09
-1.04104e-09
7.04746e-11
-1.22612e-09
2.74806e-09
-1.33528e-09
5.59154e-09
-1.4549e-09
1.61891e-09
-1.64814e-09
8.3514e-09
1.59039e-09
8.53508e-09
1.46235e-09
8.70671e-09
1.18702e-09
8.88995e-09
8.25339e-10
9.08063e-09
4.9833e-10
9.2489e-09
2.75735e-10
9.36796e-09
1.49432e-10
9.43585e-09
8.6715e-11
9.46869e-09
5.84201e-11
9.48195e-09
5.54342e-11
9.48498e-09
4.66818e-11
9.49399e-09
4.22793e-11
9.49668e-09
3.58578e-11
9.50176e-09
1.98143e-11
9.50701e-09
-1.42601e-11
9.50394e-09
-8.69449e-11
9.49226e-09
-2.26003e-10
9.45712e-09
-4.7158e-10
9.39355e-09
-8.2142e-10
9.2835e-09
-1.195e-09
9.11693e-09
-1.47931e-09
8.92661e-09
-1.61342e-09
8.74731e-09
-1.64791e-09
8.57375e-09
8.37491e-09
-1.67971e-09
-8.06466e-08
-1.20628e-07
-6.6624e-09
-3.01363e-07
-6.96943e-08
6.60866e-08
2.45454e-07
-7.23678e-08
2.3841e-07
2.15676e-07
-8.96181e-08
1.21662e-07
-9.94075e-08
-1.77482e-09
-3.70939e-07
3.01805e-07
1.32221e-07
-3.63208e-07
3.54396e-07
-1.80181e-08
-9.29136e-08
8.13715e-08
-7.11291e-08
1.00351e-07
-1.55366e-08
1.23021e-07
4.01357e-08
1.35406e-07
3.41279e-08
1.48339e-07
3.42199e-08
1.62646e-07
3.60449e-08
1.78742e-07
3.9116e-08
1.96859e-07
4.32757e-08
2.1589e-07
4.72472e-08
2.32617e-07
4.98952e-08
2.46199e-07
5.27043e-08
2.5256e-07
6.35113e-08
-2.4487e-07
-7.76041e-08
1.23033e-07
2.03039e-07
7.36474e-08
2.468e-07
-7.11965e-08
8.53266e-08
1.02879e-07
-1.2014e-07
-6.53438e-08
7.66305e-08
-3.03557e-07
2.07872e-07
-7.94512e-09
-2.52826e-07
-3.67348e-07
-6.04385e-08
-8.35207e-08
1.72134e-07
1.27503e-08
-3.00552e-07
3.3369e-08
-3.10169e-08
-2.68565e-07
9.1333e-09
1.07709e-07
3.76184e-08
-4.30426e-08
-2.24524e-07
2.28973e-07
6.7198e-08
-2.09321e-07
5.23953e-08
-1.89487e-07
4.81111e-08
-1.71876e-07
4.33864e-08
-1.56092e-07
3.73545e-08
-1.34387e-07
3.16745e-08
1.93618e-08
-1.48648e-07
-2.00874e-09
-1.16214e-07
2.86932e-08
1.21737e-07
-3.16435e-08
-3.38031e-08
8.02739e-09
3.72951e-07
-2.62039e-08
3.65453e-07
-2.56777e-08
3.64355e-07
-3.31079e-08
3.61699e-07
-3.54398e-08
3.59084e-07
-3.59157e-08
3.54909e-07
-2.96958e-08
-1.05173e-07
7.64011e-08
1.04002e-07
3.30545e-08
-1.29135e-08
9.67796e-09
-1.98141e-08
1.31013e-07
1.5097e-07
-1.79496e-08
3.17433e-07
-1.67643e-08
-2.81066e-07
-3.28218e-08
3.18809e-07
-3.38795e-08
3.25869e-07
-3.48209e-08
3.31194e-07
-3.63607e-08
3.38676e-07
-3.80481e-08
3.42729e-07
-3.75241e-08
3.46e-07
-3.55513e-08
3.50538e-07
-3.32768e-08
3.52006e-07
-3.04709e-08
3.53368e-07
-2.59214e-08
3.51999e-07
-1.49399e-08
3.44902e-07
-2.92897e-07
8.62631e-08
-1.44154e-07
-2.95547e-07
9.99481e-09
9.63252e-08
-5.6701e-08
-9.79136e-08
-1.07925e-07
3.27473e-08
-9.70446e-08
8.86078e-08
-9.33863e-08
-4.39113e-09
-9.76848e-08
-1.10758e-08
-9.96982e-08
-1.36255e-08
-1.0087e-07
-1.39655e-08
-1.01309e-07
-1.24383e-08
-1.00312e-07
-1.04623e-08
-9.88904e-08
-8.66788e-09
-9.72507e-08
-7.1607e-09
-9.5418e-08
-5.93627e-09
-9.3437e-08
-4.90594e-09
-9.13595e-08
-4.05746e-09
-8.92729e-08
-3.3869e-09
-8.71218e-08
-2.87374e-09
-8.4948e-08
-2.4406e-09
-8.2621e-08
-2.11815e-09
-8.0256e-08
-1.78728e-09
-7.786e-08
-1.53496e-09
-7.54462e-08
-1.33479e-09
-7.30231e-08
-1.17115e-09
-7.05964e-08
-1.03135e-09
-6.81693e-08
-9.10804e-10
-6.57473e-08
-8.04209e-10
-6.33341e-08
-7.11234e-10
-6.09312e-08
-6.31841e-10
-5.85457e-08
-5.6446e-10
-5.6177e-08
-5.00316e-10
-5.38358e-08
-4.57153e-10
-5.15014e-08
-4.21253e-10
-4.92084e-08
-3.8032e-10
-4.69224e-08
-3.6125e-10
-4.46669e-08
-3.28881e-10
-4.24413e-08
-3.22081e-10
-4.02374e-08
-3.15202e-10
-3.80575e-08
-3.09998e-10
-3.58945e-08
-3.05704e-10
-3.37337e-08
-3.02606e-10
-3.15365e-08
-3.01556e-10
-2.92144e-08
-3.04429e-10
-2.65989e-08
-3.17162e-10
-2.34566e-08
-3.53826e-10
-1.96196e-08
-4.33954e-10
-1.51771e-08
-5.63558e-10
-1.05604e-08
-7.2778e-10
-6.38544e-09
-9.25869e-10
-2.94054e-09
-1.09507e-09
-3.16588e-11
-1.24174e-09
2.61171e-09
-1.33522e-09
5.39439e-09
-1.45923e-09
8.13037e-09
-1.67093e-09
1.8768e-09
1.06273e-08
-1.9141e-09
1.82779e-09
1.08152e-08
1.7925e-09
1.09826e-08
1.67862e-09
1.11532e-08
1.41267e-09
1.13289e-08
1.03144e-09
1.15026e-08
6.54229e-10
1.16534e-08
3.77862e-10
1.17624e-08
2.13014e-10
1.18269e-08
1.29414e-10
1.18591e-08
9.21636e-11
1.18732e-08
7.4501e-11
1.18786e-08
7.12027e-11
1.18825e-08
6.60679e-11
1.18862e-08
5.81119e-11
1.189e-08
4.03007e-11
1.18917e-08
-9.91574e-12
1.18883e-08
-9.91281e-11
1.1876e-08
-2.77607e-10
1.18461e-08
-5.70933e-10
1.17848e-08
-9.6726e-10
1.16865e-08
-1.36323e-09
1.15366e-08
-1.64634e-09
1.13669e-08
-1.76846e-09
1.11871e-08
-1.80874e-09
1.10113e-08
-1.88121e-09
1.08444e-08
-8.16151e-09
-1.92689e-09
1.06531e-08
-5.44138e-09
-1.70273e-09
-2.68224e-09
-1.50014e-09
-5.06397e-11
-1.38119e-09
2.7876e-09
-1.29181e-09
6.19461e-09
-1.14877e-09
1.0313e-08
-9.61901e-10
1.48993e-08
-7.71511e-10
1.93329e-08
-5.86734e-10
2.31515e-08
-4.66204e-10
2.62735e-08
-3.9928e-10
2.88691e-08
-3.70193e-10
3.11696e-08
-3.67437e-10
3.33446e-08
-3.75278e-10
3.54773e-08
-3.84234e-10
3.76093e-08
-4.0417e-10
3.97534e-08
-4.22343e-10
4.19176e-08
-4.47071e-10
4.40968e-08
-4.67591e-10
4.63004e-08
-4.95911e-10
4.85449e-08
-5.35023e-10
5.07889e-08
-5.61121e-10
5.30856e-08
-6.16699e-10
5.54128e-08
-6.75305e-10
5.77633e-08
-7.28569e-10
6.01488e-08
-7.97986e-10
6.25658e-08
-8.7873e-10
6.49956e-08
-9.71409e-10
6.74659e-08
-1.09166e-09
6.99261e-08
-1.22836e-09
7.2477e-08
-1.42276e-09
7.48859e-08
-1.48172e-09
7.7441e-08
-1.73136e-09
7.98669e-08
-2.0134e-09
8.23407e-08
-2.31289e-09
8.47988e-08
-2.46952e-09
8.72761e-08
-3.03858e-09
8.94399e-08
-3.30847e-09
9.16996e-08
-3.77936e-09
9.37039e-08
-3.98863e-09
9.36181e-08
-3.09239e-09
1.08044e-07
-1.16059e-09
9.4532e-08
-1.28673e-08
2.98368e-08
1.08194e-07
-9.16382e-09
-1.94195e-08
9.17924e-08
1.01685e-07
2.04558e-07
1.03257e-07
1.1731e-07
-1.3823e-08
-1.13798e-08
-8.93512e-08
-1.01702e-07
1.19477e-07
2.93948e-08
1.60645e-07
1.28372e-07
-2.52776e-07
1.8045e-07
3.08225e-08
1.05699e-07
-2.68022e-08
1.18371e-07
1.03476e-08
-7.95995e-08
-1.20185e-07
7.97643e-08
-1.12366e-07
1.18869e-07
-5.10274e-08
-1.21517e-07
-7.54762e-08
-4.1999e-09
-3.01889e-07
2.98705e-09
-2.9985e-07
-8.47428e-08
2.31814e-07
-2.52657e-07
-2.32333e-08
2.46997e-07
-7.60005e-08
2.3012e-07
-1.00688e-07
-2.5229e-07
-9.57055e-08
2.67179e-07
1.13433e-07
1.65544e-07
-1.02188e-07
2.04999e-07
-2.9839e-07
3.0952e-09
2.87441e-07
-2.94392e-07
-2.02438e-08
3.14405e-08
-2.59633e-07
7.12724e-08
3.77553e-08
1.02793e-07
6.09254e-09
1.86183e-07
-1.0192e-07
-6.17015e-08
1.01091e-07
-1.25487e-07
2.09956e-07
-1.81784e-07
2.27595e-07
-3.00956e-07
-6.53516e-08
-1.16748e-07
1.10526e-07
-2.63415e-07
1.00372e-07
-2.53397e-07
5.77314e-08
-2.37773e-07
4.1217e-08
-2.19107e-07
3.54505e-08
-1.99477e-07
3.16424e-08
-1.80583e-07
2.78838e-08
-1.63516e-07
2.50183e-08
-1.47865e-07
2.30283e-08
-1.32672e-07
2.15456e-08
-1.16905e-07
2.09272e-08
2.29065e-08
-9.70629e-08
1.76334e-07
3.3128e-08
2.96346e-08
-9.23509e-08
1.35942e-07
2.19313e-08
-3.53607e-08
1.41598e-07
1.68856e-08
1.57508e-07
1.91197e-08
1.75988e-07
2.24968e-08
1.95768e-07
2.75047e-08
2.16974e-07
3.08679e-08
2.36618e-07
3.63154e-08
4.7138e-08
1.073e-07
-9.52712e-08
-1.13038e-07
3.68781e-07
-3.73301e-08
-3.4867e-07
3.78165e-07
-6.68029e-09
3.78068e-07
8.43812e-10
1.12787e-08
-1.03045e-07
3.10664e-07
-2.67499e-07
3.06358e-08
-1.07892e-07
7.56858e-08
-2.53087e-07
-1.32623e-07
1.0385e-07
-4.74414e-08
-2.81643e-07
-1.01149e-10
1.00841e-08
-1.02865e-07
3.76133e-07
-1.80373e-08
3.73283e-07
-1.78095e-08
3.70772e-07
-2.62007e-08
3.67411e-07
-2.81373e-08
3.60892e-07
-2.60269e-08
3.49659e-07
-1.56054e-08
3.31248e-07
5.55004e-09
7.55034e-08
-7.23694e-08
1.20841e-07
-8.90124e-08
-1.24602e-08
9.26225e-08
-1.08438e-07
-1.47535e-08
3.71659e-08
-9.40622e-08
-1.18075e-09
-9.44707e-08
-6.36788e-09
9.66955e-09
-9.99382e-08
-1.08761e-08
-9.75846e-08
-8.22948e-09
-1.00256e-07
-6.8689e-09
-9.47399e-08
-3.35948e-09
-9.23067e-08
-2.31192e-09
-9.06226e-08
-2.55904e-09
-8.87935e-08
-2.55737e-09
-8.66123e-08
-2.47096e-09
-8.44222e-08
-2.23419e-09
-8.19815e-08
-1.93578e-09
-7.96088e-08
-1.73265e-09
-7.71686e-08
-1.53423e-09
-7.46819e-08
-1.34917e-09
-7.21538e-08
-1.20179e-09
-6.9721e-08
-1.1083e-09
-6.72592e-08
-1.00319e-09
-6.48061e-08
-9.17451e-10
-6.23714e-08
-8.37239e-10
-5.99659e-08
-7.72905e-10
-5.75898e-08
-7.19209e-10
-5.52498e-08
-6.68245e-10
-5.2947e-08
-6.29172e-10
-5.06665e-08
-5.95651e-10
-4.84123e-08
-5.56527e-10
-4.61946e-08
-5.32286e-10
-4.39926e-08
-5.11619e-10
-4.18158e-08
-4.88684e-10
-3.96639e-08
-4.70565e-10
-3.7526e-08
-4.56043e-10
-3.54e-08
-4.44585e-10
-3.32724e-08
-4.30028e-10
-3.11093e-08
-4.22741e-10
-2.88215e-08
-4.20915e-10
-2.62499e-08
-4.28521e-10
-2.31695e-08
-4.63702e-10
-1.94059e-08
-5.36423e-10
-1.50311e-08
-6.56037e-10
-1.04961e-08
-8.1429e-10
-6.35638e-09
-9.97938e-10
-2.90527e-09
-1.16659e-09
-3.18813e-11
-1.27628e-09
2.53776e-09
-1.34695e-09
5.2186e-09
-1.44035e-09
7.88119e-09
-1.63897e-09
1.03569e-08
-1.91197e-09
2.22665e-07
-1.15311e-07
1.3105e-07
1.69691e-07
2.1263e-09
-2.25258e-09
1.28574e-08
2.04697e-09
1.2947e-08
2.00203e-09
1.30356e-08
1.88741e-09
1.31645e-08
1.61596e-09
1.33135e-08
1.21102e-09
1.34621e-08
7.8953e-10
1.35888e-08
4.66231e-10
1.36799e-08
2.66133e-10
1.37348e-08
1.61105e-10
1.3763e-08
1.13752e-10
1.37757e-08
9.32345e-11
1.37824e-08
8.58906e-11
1.37848e-08
7.98531e-11
1.37866e-08
7.16952e-11
1.37879e-08
4.89211e-11
1.37884e-08
-1.24973e-11
1.37864e-08
-1.19838e-10
1.3776e-08
-3.26535e-10
1.37534e-08
-6.65275e-10
1.37043e-08
-1.10083e-09
1.36196e-08
-1.52303e-09
1.34986e-08
-1.80609e-09
1.33507e-08
-1.94122e-09
1.321e-08
-2.00257e-09
1.30707e-08
-2.10521e-09
1.29884e-08
-2.24887e-09
1.28904e-08
-2.4057e-09
1.26011e-08
3.60396e-07
3.93056e-08
-1.06667e-08
-1.74009e-09
3.31482e-07
-1.92416e-08
3.29498e-07
-2.41434e-08
3.32928e-07
-2.7575e-08
3.36238e-07
-2.95806e-08
3.42115e-07
-3.0548e-08
3.46234e-07
-3.08653e-08
3.49349e-07
-2.904e-08
3.51015e-07
-2.57585e-08
3.50444e-07
-2.09545e-08
3.49691e-07
-1.06357e-08
3.41997e-07
-2.51799e-09
3.37109e-07
1.3132e-08
3.16683e-07
3.79313e-07
-5.61347e-08
3.05785e-07
-7.23587e-08
1.47996e-07
3.20018e-07
-2.94662e-08
-1.61371e-08
3.35382e-07
-9.57678e-08
-5.81317e-09
1.0229e-07
-9.33234e-08
-4.34237e-09
-9.4194e-08
-7.62083e-09
-9.61402e-08
-8.99071e-09
-9.75843e-08
-9.69192e-09
-9.81137e-08
-8.96407e-09
-9.76652e-08
-7.86819e-09
-9.68053e-08
-6.44759e-09
-9.55692e-08
-5.2863e-09
-9.40623e-08
-4.31515e-09
-9.23443e-08
-3.52446e-09
-9.05031e-08
-2.89478e-09
-8.85516e-08
-2.45451e-09
-8.65262e-08
-2.10639e-09
-8.4402e-08
-1.82287e-09
-8.22059e-08
-1.60184e-09
-7.99135e-08
-1.39235e-09
-7.75468e-08
-1.24282e-09
-7.51623e-08
-1.093e-09
-7.27622e-08
-9.80542e-10
-7.03546e-08
-8.85297e-10
-6.79438e-08
-8.04983e-10
-6.55377e-08
-7.31106e-10
-6.31383e-08
-6.67817e-10
-6.07524e-08
-6.11249e-10
-5.83807e-08
-5.65113e-10
-5.60218e-08
-5.23236e-10
-5.36872e-08
-4.90052e-10
-5.13766e-08
-4.63398e-10
-4.9079e-08
-4.41166e-10
-4.68156e-08
-4.18101e-10
-4.45595e-08
-4.06441e-10
-4.23381e-08
-3.90857e-10
-4.01385e-08
-3.85537e-10
-3.79593e-08
-3.81143e-10
-3.57964e-08
-3.7687e-10
-3.36359e-08
-3.73599e-10
-3.14415e-08
-3.71844e-10
-2.91274e-08
-3.75737e-10
-2.65323e-08
-3.91056e-10
-2.3431e-08
-4.32409e-10
-1.96525e-08
-5.12952e-10
-1.52667e-08
-6.37098e-10
-1.07049e-08
-7.89718e-10
-6.54419e-09
-9.68708e-10
-3.05524e-09
-1.12706e-09
-1.59231e-10
-1.24023e-09
2.46106e-09
-1.31436e-09
5.16523e-09
-1.4124e-09
7.84903e-09
-1.61551e-09
1.03331e-08
-1.89566e-09
1.25774e-08
-2.40052e-09
-2.70923e-07
-2.91306e-08
-9.15033e-08
2.51206e-07
-2.40755e-10
-2.94034e-07
4.18309e-09
-2.90012e-07
1.11594e-07
-5.5842e-08
-7.51814e-08
-1.17731e-07
3.86223e-08
1.03701e-07
-4.12649e-08
1.06827e-07
-1.46836e-07
1.14789e-07
2.47049e-07
1.37463e-07
1.46638e-07
9.61662e-08
-9.0391e-08
2.6633e-09
-6.24004e-09
1.72308e-07
1.11798e-07
1.17131e-08
-9.14163e-08
1.27902e-07
8.73294e-09
1.40923e-07
6.99365e-09
1.55758e-07
7.66576e-09
1.72712e-07
9.1667e-09
1.92757e-07
1.12911e-08
2.14152e-07
1.33275e-08
2.38734e-07
1.52429e-08
2.12616e-08
-3.80418e-07
2.80088e-08
3.66659e-07
9.27318e-08
-8.46912e-08
4.02731e-07
3.43069e-08
3.7759e-07
-8.22657e-09
3.81268e-07
-6.96416e-09
4.77255e-09
1.12941e-07
8.46511e-09
-2.77094e-07
8.73641e-08
-2.61971e-07
4.71713e-08
-2.39138e-07
2.28374e-08
-2.15372e-07
1.62528e-08
-1.93583e-07
1.41196e-08
-1.74435e-07
1.23864e-08
-1.57355e-07
1.09349e-08
-1.41796e-07
1.00485e-08
-1.27266e-07
9.48182e-09
9.1153e-09
1.11548e-07
-1.13057e-07
-6.87043e-08
-2.93143e-07
2.55101e-07
-7.6875e-08
-1.28466e-07
2.05561e-07
-8.84707e-08
-1.30375e-09
9.36377e-08
-8.63282e-08
-2.40804e-09
2.38671e-09
-8.99167e-08
-6.4606e-09
-9.59324e-08
-5.924e-09
-9.10021e-08
-3.09959e-09
-9.06428e-08
-3.66476e-09
-9.3637e-08
-4.76185e-09
-9.43995e-08
-4.25785e-09
-9.46818e-08
-3.36285e-09
-9.27102e-08
-2.15355e-09
-9.0474e-08
-1.44117e-09
-8.85829e-08
-1.40293e-09
-8.66503e-08
-1.44981e-09
-8.46211e-08
-1.45123e-09
-8.24318e-08
-1.38482e-09
-8.01156e-08
-1.24737e-09
-7.77797e-08
-1.117e-09
-7.53982e-08
-1.02768e-09
-7.29941e-08
-9.30155e-10
-7.05656e-08
-8.67623e-10
-6.81584e-08
-8.09131e-10
-6.57465e-08
-7.63784e-10
-6.33572e-08
-7.11108e-10
-6.09835e-08
-6.71058e-10
-5.86358e-08
-6.37036e-10
-5.63203e-08
-6.06269e-10
-5.40324e-08
-5.80699e-10
-5.17813e-08
-5.54056e-10
-4.95617e-08
-5.34092e-10
-4.73623e-08
-5.15214e-10
-4.51887e-08
-5.01564e-10
-4.30451e-08
-4.83531e-10
-4.09171e-08
-4.74188e-10
-3.88115e-08
-4.5989e-10
-3.6723e-08
-4.51467e-10
-3.46477e-08
-4.44021e-10
-3.25681e-08
-4.37565e-10
-3.04557e-08
-4.32126e-10
-2.82274e-08
-4.33989e-10
-2.57249e-08
-4.48112e-10
-2.27301e-08
-4.86318e-10
-1.90611e-08
-5.60564e-10
-1.47752e-08
-6.69559e-10
-1.0324e-08
-7.71527e-10
-6.25458e-09
-9.25652e-10
-2.84928e-09
-1.08365e-09
-7.06822e-11
-1.14857e-09
2.34156e-09
-1.15549e-09
4.80578e-09
-1.17714e-09
7.20633e-09
-1.30842e-09
9.27713e-09
-1.49634e-09
1.08045e-08
-1.88734e-09
3.75388e-07
-1.60969e-08
3.7308e-07
-1.10353e-08
3.72146e-07
-1.27077e-08
3.6314e-07
-1.33228e-08
3.52291e-07
-1.34136e-08
3.42132e-07
-1.23041e-08
3.35361e-07
-5.92984e-09
3.31478e-07
1.1609e-08
2.95747e-07
1.03181e-07
-4.0632e-08
-2.86508e-07
2.61121e-10
1.61418e-07
1.60193e-07
-2.9614e-07
-1.4751e-08
4.24795e-10
-2.83356e-07
1.03331e-07
-5.32016e-08
4.97522e-08
3.58145e-07
-6.18189e-08
-3.4981e-07
3.21638e-07
-3.37948e-08
3.07376e-07
-1.3712e-08
-2.17315e-08
8.6044e-08
-2.0285e-07
-3.84749e-08
2.88428e-07
8.59803e-08
-1.99648e-08
3.14127e-07
-1.62984e-08
3.27366e-07
-1.73307e-08
3.35526e-07
-2.05499e-08
3.40634e-07
-2.36415e-08
3.46201e-07
-2.56552e-08
3.49602e-07
-2.62696e-08
3.51781e-07
-2.52818e-08
3.51413e-07
-2.24222e-08
3.4858e-07
-1.52576e-08
3.43137e-07
-8.16075e-09
3.3497e-07
6.54932e-09
3.22188e-07
1.67377e-08
3.0687e-07
2.87823e-07
2.53894e-08
-1.13491e-07
6.45449e-08
-5.81916e-08
2.35965e-09
-2.47525e-09
1.45187e-08
2.23005e-09
1.48926e-08
2.18094e-09
1.49088e-08
2.16136e-09
1.49241e-08
2.06109e-09
1.4989e-08
1.78491e-09
1.50922e-08
1.35776e-09
1.51985e-08
8.98476e-10
1.52919e-08
5.37001e-10
1.53562e-08
3.07211e-10
1.53964e-08
1.8419e-10
1.5417e-08
1.26735e-10
1.54276e-08
1.04217e-10
1.54322e-08
9.67672e-11
1.54346e-08
9.00965e-11
1.54362e-08
7.92115e-11
1.54374e-08
4.93386e-11
1.54387e-08
-1.94243e-11
1.5437e-08
-1.43363e-10
1.54315e-08
-3.74255e-10
1.54172e-08
-7.45978e-10
1.53851e-08
-1.22137e-09
1.53279e-08
-1.66704e-09
1.52432e-08
-1.96133e-09
1.51411e-08
-2.06928e-09
1.50426e-08
-2.10906e-09
1.49804e-08
-2.17631e-09
1.49654e-08
-2.32783e-09
1.49426e-08
-2.46313e-09
1.45561e-08
-1.73952e-09
1.18351e-08
-9.03264e-08
-3.43654e-09
-8.87785e-08
-3.15774e-09
-8.93373e-08
-4.16758e-09
-9.06786e-08
-4.65613e-09
-9.23198e-08
-4.93225e-09
-9.31915e-08
-4.87558e-09
-9.35403e-08
-4.25048e-09
-9.31602e-08
-3.54204e-09
-9.23407e-08
-2.85645e-09
-9.11491e-08
-2.34814e-09
-8.96913e-08
-1.94532e-09
-8.80323e-08
-1.64648e-09
-8.62573e-08
-1.42967e-09
-8.43609e-08
-1.27099e-09
-8.23475e-08
-1.13928e-09
-8.02271e-08
-1.04618e-09
-7.80243e-08
-9.38287e-10
-7.57521e-08
-8.82233e-10
-7.34409e-08
-8.01116e-10
-7.1106e-08
-7.46451e-10
-6.87615e-08
-6.97507e-10
-6.64146e-08
-6.56737e-10
-6.40688e-08
-6.19801e-10
-6.17295e-08
-5.86634e-10
-5.93997e-08
-5.57539e-10
-5.70855e-08
-5.31568e-10
-5.47869e-08
-5.08858e-10
-5.25085e-08
-4.891e-10
-5.02508e-08
-4.73806e-10
-4.80152e-08
-4.59459e-10
-4.57966e-08
-4.4769e-10
-4.36029e-08
-4.3758e-10
-4.14252e-08
-4.30406e-10
-3.92743e-08
-4.21141e-10
-3.71421e-08
-4.18809e-10
-3.50263e-08
-4.13947e-10
-3.29115e-08
-4.12768e-10
-3.07668e-08
-4.09369e-10
-2.85067e-08
-4.16376e-10
-2.59809e-08
-4.30134e-10
-2.29634e-08
-4.74954e-10
-1.9281e-08
-5.49135e-10
-1.4983e-08
-6.6266e-10
-1.05196e-08
-7.59083e-10
-6.43336e-09
-9.08039e-10
-2.9945e-09
-1.0623e-09
-2.01148e-10
-1.1316e-09
2.2659e-09
-1.14076e-09
4.75369e-09
-1.16594e-09
7.17637e-09
-1.2968e-09
9.26461e-09
-1.48927e-09
1.08001e-08
-1.88462e-09
-1.74248e-09
1.1825e-08
2.43325e-07
-1.12972e-07
-2.87633e-07
1.24226e-07
-5.52297e-09
5.67257e-09
-4.53121e-09
-5.92862e-08
-9.90094e-08
5.66192e-09
-2.04554e-09
2.03169e-09
1.95274e-09
-1.16583e-09
-2.06426e-09
2.11624e-09
-2.04897e-09
1.76981e-09
-1.30907e-09
8.04597e-10
-4.04575e-10
1.53446e-10
-1.86623e-11
-5.83252e-11
9.18019e-11
-1.05271e-10
1.12811e-10
-1.21586e-10
1.47323e-10
-2.10105e-10
3.45999e-10
-5.96315e-10
9.87082e-10
-1.47413e-09
1.91878e-09
-2.18276e-09
2.23896e-09
-2.17293e-09
2.11636e-09
-2.10417e-09
5.67786e-09
-5.52211e-09
5.66739e-09
1.9825e-09
-1.17354e-09
4.5181e-09
-3.06764e-09
1.49642e-09
-1.87032e-11
-1.78212e-09
4.26607e-09
-7.53532e-09
1.12735e-08
-1.48404e-08
1.78762e-08
-2.0321e-08
2.23376e-08
-2.41141e-08
2.57936e-08
-2.7442e-08
2.90933e-08
-3.07553e-08
3.24358e-08
-3.41302e-08
3.58422e-08
-3.75699e-08
3.93137e-08
-4.10726e-08
4.2848e-08
-4.4637e-08
4.64383e-08
-4.82495e-08
5.00685e-08
-5.18916e-08
5.37156e-08
-5.5536e-08
5.73437e-08
-5.91301e-08
6.08637e-08
-6.25633e-08
6.41705e-08
-6.57017e-08
6.7127e-08
-6.84432e-08
6.9636e-08
-7.06804e-08
7.14992e-08
-7.19616e-08
7.18066e-08
-7.09677e-08
6.95032e-08
-6.79573e-08
6.66147e-08
-6.56468e-08
6.5525e-08
-6.49043e-08
7.02274e-08
-8.12508e-08
9.27939e-08
-1.04516e-07
1.16811e-07
-1.30443e-07
1.46299e-07
-1.64558e-07
1.85189e-07
-2.12278e-07
2.63784e-07
-3.56032e-07
3.12096e-07
-3.00513e-07
2.93587e-07
-2.84731e-07
2.74784e-07
-2.64707e-07
2.55386e-07
-2.51962e-07
-2.90262e-08
-8.32196e-08
2.01381e-08
1.21414e-09
-1.16264e-08
1.89895e-08
-2.26601e-08
2.47253e-08
-2.46015e-08
2.28966e-08
-1.97023e-08
1.61246e-08
-1.26964e-08
1.18502e-08
-1.51315e-08
2.37016e-08
-6.77664e-08
-1.8162e-07
2.32665e-07
5.15606e-08
1.98799e-08
1.41684e-07
-2.15995e-07
9.85148e-09
2.36675e-07
-2.48678e-07
2.80316e-07
-3.39369e-07
3.08602e-07
-3.01301e-07
3.06271e-07
-3.12402e-07
2.76015e-07
-2.34571e-07
2.01618e-07
-1.77615e-07
1.59219e-07
-1.42575e-07
1.27989e-07
-1.15625e-07
1.04873e-07
-9.49057e-08
8.33671e-08
-6.9197e-08
6.38238e-08
-6.29723e-08
-3.21389e-09
6.30166e-08
-6.68589e-08
6.98822e-08
-6.99047e-08
7.0428e-08
-7.20225e-08
7.30906e-08
-7.32885e-08
7.23491e-08
-7.07754e-08
6.91756e-08
-6.75738e-08
6.59426e-08
-6.42607e-08
6.24965e-08
-6.06791e-08
5.8851e-08
-5.69933e-08
5.51301e-08
-5.326e-08
5.13959e-08
-4.95324e-08
4.76834e-08
-4.58555e-08
4.40509e-08
-4.22726e-08
4.05157e-08
-3.87826e-08
3.70699e-08
-3.53792e-08
3.37025e-08
-3.20461e-08
3.04016e-08
-2.87717e-08
2.71512e-08
-2.55289e-08
2.3874e-08
-2.21172e-08
2.01207e-08
-1.76888e-08
1.46647e-08
-1.11033e-08
7.37465e-09
-4.1224e-09
1.66754e-09
8.17234e-11
-1.55079e-09
3.10182e-09
4.72237e-08
1.78611e-08
1.43704e-08
-4.73061e-09
-2.93394e-07
1.61442e-07
1.77057e-07
3.47678e-07
9.90967e-09
-1.80059e-08
2.3444e-09
2.23261e-09
4.13362e-10
4.37188e-10
4.97615e-09
-1.14125e-07
-3.01467e-07
6.00797e-09
9.9233e-08
-1.04123e-07
8.87067e-08
1.00546e-07
8.07452e-08
8.54446e-08
-1.09771e-07
9.23595e-08
1.08519e-07
8.40332e-08
8.83737e-08
-1.15556e-07
9.62358e-08
1.14161e-07
8.77053e-08
9.09205e-08
-1.20168e-07
1.18412e-07
-2.56863e-07
-2.9161e-08
)
;

boundaryField
{
    wall
    {
        type            calculated;
        value           uniform 0;
    }
    outlet
    {
        type            calculated;
        value           nonuniform List<scalar> 
33
(
1.67934e-08
1.2758e-08
1.62116e-08
1.68436e-08
1.68382e-08
1.69388e-08
1.68821e-08
1.70384e-08
1.69954e-08
1.70786e-08
1.70652e-08
1.70839e-08
1.7083e-08
1.70821e-08
1.70831e-08
1.70776e-08
1.70803e-08
1.70718e-08
1.70754e-08
1.7054e-08
1.70655e-08
1.69976e-08
1.70331e-08
1.68804e-08
1.69455e-08
1.6769e-08
1.68153e-08
1.67193e-08
1.67579e-08
1.27265e-08
1.61478e-08
6.21129e-09
6.20946e-09
)
;
    }
    inlet
    {
        type            calculated;
        value           nonuniform List<scalar> 
30
(
1.89095e-07
1.28162e-07
1.83805e-07
2.3557e-07
2.29221e-08
1.20804e-07
2.85605e-07
2.48841e-07
3.27402e-07
3.11477e-07
3.4689e-07
3.39648e-07
3.5398e-07
3.52054e-07
3.50144e-07
3.53095e-07
3.3697e-07
3.44537e-07
3.06097e-07
3.24716e-07
2.81928e-07
6.69545e-08
6.57831e-08
2.26038e-08
7.61297e-09
7.39682e-09
1.81112e-09
1.90678e-09
4.34434e-10
4.11088e-10
)
;
    }
    frontAndBackPlanes
    {
        type            empty;
        value           nonuniform List<scalar> 0();
    }
}


// ************************************************************************* //
