/*--------------------------------*- C++ -*----------------------------------*\
| =========                 |                                                 |
| \\      /  F ield         | OpenFOAM: The Open Source CFD Toolbox           |
|  \\    /   O peration     | Version:  2212                                  |
|   \\  /    A nd           | Website:  www.openfoam.com                      |
|    \\/     M anipulation  |                                                 |
\*---------------------------------------------------------------------------*/
FoamFile
{
    version     2.0;
    format      ascii;
    arch        "LSB;label=32;scalar=64";
    class       surfaceScalarField;
    location    "0.0476";
    object      phi;
}
// * * * * * * * * * * * * * * * * * * * * * * * * * * * * * * * * * * * * * //

dimensions      [1 0 -1 0 0 0 0];

oriented        oriented;

internalField   nonuniform List<scalar> 
4475
(
1.86206e-05
-1.7655e-05
2.2236e-05
-2.32305e-05
9.01683e-07
-5.68346e-06
1.53916e-07
4.55592e-06
4.47249e-05
-5.09217e-05
3.73897e-06
2.44376e-06
-5.57738e-06
1.73098e-05
4.54547e-06
-1.6363e-05
-1.9619e-05
1.78318e-05
1.88547e-05
-1.70858e-05
1.64448e-05
-1.30767e-05
-1.85608e-05
1.51745e-05
-4.76325e-06
4.14421e-06
2.46814e-05
-2.40881e-05
-1.51436e-05
-1.99596e-05
1.80378e-05
1.70455e-05
1.84449e-05
-2.04783e-05
-1.76033e-05
-1.97826e-05
-2.56779e-07
2.35265e-06
1.76704e-05
-3.22416e-06
2.83351e-06
-1.94136e-05
-2.11915e-05
3.15194e-06
-1.81973e-06
1.98339e-05
-2.15788e-05
1.06089e-06
-7.00553e-07
-2.18399e-05
5.58042e-07
-3.24563e-07
-2.19314e-05
3.53589e-07
-2.89601e-07
-2.18163e-05
2.59793e-07
-4.01063e-07
3.25465e-07
-2.10275e-05
-1.13795e-06
2.05729e-05
-1.68991e-06
-2.0071e-05
1.16774e-06
2.18759e-05
-1.00074e-06
2.20323e-05
7.65047e-08
2.19157e-05
4.41638e-07
2.17295e-05
7.15658e-07
2.16905e-05
1.07154e-06
2.35769e-05
1.23674e-06
2.05992e-05
-2.72028e-07
1.93963e-05
9.27793e-07
2.43806e-05
3.1023e-06
-8.10165e-06
2.30147e-05
2.4925e-07
1.107e-06
2.56862e-05
-2.56793e-05
-4.79739e-06
-2.05686e-05
-2.17079e-06
2.26037e-05
1.17478e-07
2.9289e-07
2.23892e-05
8.42568e-08
1.38601e-07
2.22809e-05
5.21919e-08
7.47647e-08
2.21653e-05
8.801e-08
5.82179e-08
2.21044e-05
2.03179e-08
8.47062e-08
2.20073e-05
5.33813e-08
1.0209e-07
2.19276e-05
4.51904e-08
1.07957e-07
2.18598e-05
1.55562e-08
1.41392e-07
2.18045e-05
-4.66203e-09
1.65747e-07
2.17285e-05
2.93383e-08
1.694e-07
2.16789e-05
1.14177e-08
1.78097e-07
2.16125e-05
2.12368e-08
2.02242e-07
2.15275e-05
3.57921e-08
2.23024e-07
2.14769e-05
3.56161e-09
2.37343e-07
-5.41498e-08
2.1515e-05
2.23364e-07
-2.14465e-05
2.13513e-05
2.43449e-07
-2.15255e-05
2.6914e-07
-2.1526e-05
2.0646e-07
-2.16004e-05
2.48749e-07
-2.16526e-05
1.99909e-07
-2.16855e-05
1.81446e-07
-2.16985e-05
1.108e-07
-2.18595e-05
2.62777e-07
-2.19088e-05
1.65192e-07
-2.19529e-05
1.53073e-07
-2.21163e-05
2.25261e-07
-2.21995e-05
1.99335e-07
-2.23478e-05
2.17e-07
-2.25079e-05
2.51512e-07
-2.29448e-05
5.52497e-07
-2.42014e-05
1.49453e-06
-1.90277e-05
4.37298e-06
-9.56253e-06
-1.99638e-05
3.26997e-06
-1.93124e-05
2.16127e-06
-1.97811e-05
8.57804e-07
-4.10851e-07
-2.12323e-05
-3.93143e-07
-2.16105e-05
-3.50176e-07
-2.18211e-05
-1.42542e-07
-2.18889e-05
-2.50413e-07
-2.16529e-05
-6.64333e-07
-2.15605e-05
-1.25605e-06
3.6749e-08
2.42115e-07
2.14596e-05
2.3045e-07
2.13756e-05
2.19408e-05
-1.95007e-06
-2.10199e-05
2.20268e-05
-3.97713e-08
2.19653e-05
4.71962e-07
2.18452e-05
8.04318e-07
2.1987e-05
8.98932e-07
2.23011e-05
8.93235e-07
2.14249e-05
5.77753e-07
2.13363e-05
9.9401e-07
2.27821e-05
1.63937e-06
2.27909e-05
1.08733e-06
2.25209e-05
5.59835e-07
2.23485e-05
3.17257e-07
2.22183e-05
2.21846e-07
2.21325e-05
1.7292e-07
2.20479e-05
2.11135e-07
2.19402e-05
2.65893e-07
2.18816e-05
2.37497e-07
2.18044e-05
3.05053e-07
2.17363e-05
3.36713e-07
2.16647e-05
3.60782e-07
2.16294e-05
3.5023e-07
2.15774e-05
4.08218e-07
2.15383e-05
4.3296e-07
2.14927e-05
4.70698e-07
2.14391e-05
4.80964e-07
-2.37697e-06
-2.02737e-05
2.55957e-06
4.65116e-07
2.14359e-05
-4.1345e-06
-1.88304e-05
-2.11544e-05
-2.60135e-06
-2.12245e-05
2.12503e-05
4.10233e-07
-2.13002e-05
5.09481e-07
-2.12761e-05
4.19781e-07
-2.13755e-05
4.64602e-07
-2.1388e-05
4.03801e-07
-2.14184e-05
3.5654e-07
-2.14751e-05
3.47904e-07
-2.16238e-05
3.53248e-07
-2.16191e-05
3.3619e-07
-2.16849e-05
2.93674e-07
-2.18314e-05
3.47792e-07
-2.19122e-05
3.4039e-07
-2.20274e-05
3.36093e-07
-2.21621e-05
3.6266e-07
-2.23866e-05
4.78065e-07
-2.26232e-05
7.81898e-07
-2.26373e-05
1.49377e-06
-2.08279e-05
2.54355e-06
-2.00776e-05
2.49556e-06
-2.00102e-05
2.06759e-06
-2.02746e-05
1.09389e-06
-2.09892e-05
2.91597e-07
-2.14704e-05
9.96042e-08
-2.17132e-05
6.86058e-08
-2.19251e-05
-7.02155e-08
-2.19617e-05
-6.58412e-07
-2.18051e-05
-1.44179e-06
-1.80596e-05
2.61767e-05
-2.32876e-05
1.07703e-05
-1.99947e-05
-6.92873e-06
1.61349e-05
-1.32206e-05
-1.1775e-05
1.45646e-05
1.04161e-05
1.39787e-05
2.46236e-05
1.98955e-06
-4.11688e-06
-2.25321e-05
2.23993e-05
2.37165e-07
2.21207e-05
2.03219e-07
2.1934e-05
6.22898e-07
2.1893e-05
8.09399e-07
2.19064e-05
8.50258e-07
2.19598e-05
8.06046e-07
2.17524e-05
7.54131e-07
2.17582e-05
9.60768e-07
2.2222e-05
1.15327e-06
2.23591e-05
9.34146e-07
2.22841e-05
6.2624e-07
2.21761e-05
4.25943e-07
2.20941e-05
3.15067e-07
2.19673e-05
3.22343e-07
2.18845e-05
3.29013e-07
2.18263e-05
3.72952e-07
2.17075e-05
4.19605e-07
2.16294e-05
4.61667e-07
2.15565e-05
5.04113e-07
2.15468e-05
4.81374e-07
2.14738e-05
5.50689e-07
2.14147e-05
6.11436e-07
2.14072e-05
6.0086e-07
2.14144e-05
6.4056e-07
2.13691e-05
7.19406e-07
2.13011e-05
7.41479e-07
-5.14279e-07
2.13052e-05
7.33142e-07
-2.24072e-07
2.13804e-05
6.81213e-08
2.14057e-05
3.1472e-07
2.13624e-05
-1.73494e-05
1.70329e-05
-1.96635e-05
2.12301e-05
5.55083e-07
-2.16604e-05
-2.05394e-05
2.41033e-05
-1.6194e-05
2.59945e-05
1.2846e-05
-2.26823e-05
-5.05653e-06
-2.0254e-05
2.07731e-05
-1.64144e-05
2.22261e-05
-2.66059e-05
1.8524e-05
1.7902e-05
-1.86137e-05
-2.56145e-05
-1.02833e-08
5.32811e-06
-2.1948e-05
-2.48641e-06
-4.31247e-07
7.21098e-07
2.12524e-05
-1.61562e-07
2.136e-05
1.25407e-07
2.13714e-05
3.43992e-07
2.13918e-05
5.60064e-07
2.12481e-05
-2.10636e-05
7.65576e-07
2.10708e-05
-2.09642e-05
6.55169e-07
-2.10549e-05
6.86645e-07
-2.09923e-05
6.1828e-07
-2.10845e-05
6.68454e-07
-2.10813e-05
6.02791e-07
-2.10989e-05
5.47277e-07
-2.11007e-05
4.68709e-07
-2.1151e-05
4.92999e-07
-2.1238e-05
5.19944e-07
-2.13188e-05
4.81805e-07
-2.14285e-05
4.5395e-07
-2.14979e-05
4.53621e-07
-2.1598e-05
4.63829e-07
-2.17089e-05
4.58513e-07
-2.18135e-05
4.68962e-07
-2.19712e-05
6.28548e-07
-2.20353e-05
8.3028e-07
-2.183e-05
1.26585e-06
-2.10749e-05
1.76077e-06
-2.06411e-05
2.03034e-06
-2.02278e-05
1.62034e-06
-2.03929e-05
1.22354e-06
-2.08405e-05
7.0256e-07
-2.11903e-05
4.12044e-07
-2.15397e-05
3.7997e-07
-2.18082e-05
1.6091e-07
-2.21232e-05
-3.7937e-07
-1.31939e-06
-2.22797e-05
2.19515e-06
-1.85208e-06
-2.31453e-05
2.27732e-05
2.40936e-05
-2.91466e-05
2.5371e-05
-2.03384e-05
1.78773e-05
-1.71056e-05
1.80642e-05
2.20273e-05
1.19915e-06
2.92402e-06
2.32901e-05
3.67982e-06
-4.96817e-06
2.36128e-05
3.79242e-06
2.33473e-05
3.24407e-06
-3.01027e-06
2.29755e-05
2.53289e-06
2.29375e-05
2.06827e-06
-2.06698e-06
2.32595e-05
1.6285e-06
2.25444e-05
9.11821e-07
2.21214e-05
5.84898e-07
2.19118e-05
7.90288e-07
2.18433e-05
8.35521e-07
2.17847e-05
8.6706e-07
2.17942e-05
7.55979e-07
2.16869e-05
8.23292e-07
2.17254e-05
8.87613e-07
2.19154e-05
9.33184e-07
2.19983e-05
8.2702e-07
2.19418e-05
6.65789e-07
2.18442e-05
5.1511e-07
2.17959e-05
3.64808e-07
2.16712e-05
4.59296e-07
2.16086e-05
4.15717e-07
2.15095e-05
5.09091e-07
2.14254e-05
5.54405e-07
2.134e-05
6.12461e-07
2.13509e-05
5.73839e-07
2.12703e-05
6.58238e-07
2.11991e-05
7.33911e-07
2.12209e-05
7.17729e-07
2.12412e-05
7.24676e-07
2.11985e-05
8.42867e-07
2.11973e-05
8.95621e-07
2.11992e-05
9.29533e-07
2.11929e-05
9.43574e-07
9.1732e-07
2.12148e-05
2.37273e-06
4.84303e-05
-3.84279e-05
-1.23863e-05
-2.0629e-05
1.97125e-05
-2.62162e-05
2.55261e-05
9.38617e-06
-8.72528e-06
-1.21337e-06
1.39931e-05
1.20941e-06
-1.40834e-05
-3.59377e-05
-7.73417e-06
1.34104e-05
3.02464e-05
-2.07918e-05
-1.59752e-05
-4.49915e-06
-2.25312e-05
-2.26334e-05
-2.58311e-06
2.33395e-05
-2.06533e-05
2.07203e-05
8.82386e-07
-2.07165e-05
8.90596e-07
-2.06363e-05
7.65951e-07
-2.07366e-05
8.64939e-07
-2.07079e-05
7.72623e-07
-2.07132e-05
7.26721e-07
-2.07322e-05
6.70592e-07
-2.07831e-05
6.09459e-07
-2.08514e-05
6.36893e-07
-2.08756e-05
6.05484e-07
-2.0937e-05
5.90606e-07
-2.1021e-05
5.7208e-07
-2.10773e-05
5.30984e-07
-2.11941e-05
5.89499e-07
-2.12931e-05
5.55633e-07
-2.14317e-05
5.96327e-07
-2.14693e-05
6.46748e-07
-2.1483e-05
8.17062e-07
-2.13135e-05
1.06313e-06
-2.0945e-05
1.35471e-06
-2.05675e-05
1.61188e-06
-2.02727e-05
1.28264e-06
-2.03677e-05
1.2745e-06
-2.06743e-05
9.64212e-07
-2.09731e-05
6.65491e-07
-2.12853e-05
6.47318e-07
-2.16111e-05
4.42955e-07
-2.19158e-05
-1.16836e-07
-2.25081e-05
-7.67759e-07
-2.16124e-06
-2.26376e-05
-1.93784e-05
-1.83248e-05
2.12718e-05
-8.05306e-06
-2.34579e-05
2.25659e-05
8.89773e-06
2.29094e-05
3.0147e-06
-2.47588e-05
2.31632e-05
3.39251e-06
2.32187e-05
3.70164e-06
2.29921e-05
3.43323e-06
2.27874e-05
2.69753e-06
2.2678e-05
2.13482e-06
2.26015e-05
1.66011e-06
2.22607e-05
1.20594e-06
2.18653e-05
9.3195e-07
2.17461e-05
8.59979e-07
2.16033e-05
9.28151e-07
2.15832e-05
8.37076e-07
2.15236e-05
7.66251e-07
2.148e-05
8.19618e-07
2.14924e-05
8.30846e-07
2.15515e-05
8.33656e-07
2.15818e-05
7.61498e-07
2.15835e-05
6.35469e-07
2.15565e-05
5.21297e-07
2.14125e-05
4.97046e-07
2.13567e-05
5.13441e-07
2.12116e-05
5.70349e-07
2.11221e-05
6.20019e-07
2.10345e-05
6.76211e-07
2.10553e-05
6.39526e-07
2.09721e-05
7.19201e-07
2.08945e-05
8.12607e-07
2.09184e-05
8.01711e-07
2.09489e-05
7.94136e-07
2.08895e-05
9.05775e-07
2.08673e-05
1.00119e-06
2.09055e-05
1.00781e-06
2.09132e-05
1.08638e-06
2.09512e-05
1.08327e-06
2.09488e-05
1.11014e-06
-9.20325e-07
1.1048e-06
2.09662e-05
-6.92403e-07
2.12175e-05
-4.19265e-07
2.12292e-05
-1.35643e-07
2.1339e-05
6.56199e-08
2.14368e-05
3.90164e-07
2.13286e-05
6.62528e-07
2.12228e-05
8.69676e-07
2.10888e-05
2.07986e-05
9.86692e-07
-2.85797e-05
-9.64944e-06
1.19896e-05
-1.19313e-06
2.75075e-06
-4.45613e-05
4.29871e-05
-1.17103e-05
9.93014e-06
-9.61786e-06
1.13978e-05
-2.58729e-05
-1.55773e-05
2.21316e-05
2.22329e-05
-2.57715e-05
-7.2581e-06
1.14623e-05
1.59932e-05
-2.2848e-05
-1.85998e-06
-3.50376e-06
-2.36625e-05
-1.71979e-05
-1.98874e-05
1.76904e-05
-2.09681e-05
-1.38523e-05
8.92414e-06
-2.77398e-05
1.64897e-05
-1.94034e-05
3.06339e-05
1.71605e-05
1.92211e-05
2.26156e-05
-2.26911e-05
3.05436e-06
2.23066e-05
3.66278e-06
2.23537e-05
3.61317e-06
2.23268e-05
3.41579e-06
2.22374e-05
2.73975e-06
2.21382e-05
2.18415e-06
2.19921e-05
1.75382e-06
2.17713e-05
1.37245e-06
2.15367e-05
1.11003e-06
2.13641e-05
9.74347e-07
2.13032e-05
9.29583e-07
2.12246e-05
8.55745e-07
2.11494e-05
7.81795e-07
2.11168e-05
7.93864e-07
2.11002e-05
7.9132e-07
2.11078e-05
7.73144e-07
2.11126e-05
7.08304e-07
2.10937e-05
6.1175e-07
2.09973e-05
5.82183e-07
2.08913e-05
5.75749e-07
2.07902e-05
5.96285e-07
2.07108e-05
6.41728e-07
2.06192e-05
7.14449e-07
2.06301e-05
6.79873e-07
2.05555e-05
7.4116e-07
2.04485e-05
8.66229e-07
2.04814e-05
8.33228e-07
2.05149e-05
8.35532e-07
2.04551e-05
9.34845e-07
2.04256e-05
1.02951e-06
2.04834e-05
1.05104e-06
2.04546e-05
1.15702e-06
2.05054e-05
1.16864e-06
2.05553e-05
1.17839e-06
2.05852e-05
1.23643e-06
2.0603e-05
1.25359e-06
-1.10846e-06
1.26214e-06
2.06254e-05
-9.21669e-07
2.0992e-05
-6.18997e-07
2.11567e-05
-4.71913e-07
2.1345e-05
-2.31447e-07
2.13738e-05
1.17339e-07
2.13674e-05
4.05326e-07
2.1314e-05
6.12838e-07
2.12746e-05
8.71372e-07
2.10666e-05
1.05489e-06
2.0821e-05
-2.03084e-05
2.03565e-05
1.17516e-06
-2.02722e-05
1.10988e-06
-2.02816e-05
1.04189e-06
-2.02534e-05
1.002e-06
-2.03153e-05
9.5654e-07
-2.02444e-05
9.10805e-07
-2.02412e-05
8.73805e-07
-2.02491e-05
8.26275e-07
-2.02501e-05
7.50234e-07
-2.03361e-05
7.60943e-07
-2.03722e-05
7.25443e-07
-2.04202e-05
6.92921e-07
-2.04566e-05
6.5372e-07
-2.05422e-05
6.72207e-07
-2.06222e-05
6.13659e-07
-2.06825e-05
6.41555e-07
-2.07613e-05
6.1617e-07
-2.08508e-05
6.59033e-07
-2.09145e-05
6.76348e-07
-2.09167e-05
7.78648e-07
-2.0825e-05
9.25491e-07
-2.06276e-05
1.10753e-06
-2.04409e-05
1.37288e-06
-2.02643e-05
1.05187e-06
-2.03278e-05
1.2836e-06
-2.0425e-05
1.00657e-06
-2.06485e-05
8.34119e-07
-2.0911e-05
8.56064e-07
-2.12415e-05
7.21265e-07
-2.17613e-05
3.5231e-07
-4.26138e-07
-2.21513e-05
-2.04089e-05
-1.92476e-05
2.13146e-05
-2.90663e-06
-2.34801e-05
-2.67462e-05
-3.44466e-06
6.49698e-06
-1.50172e-06
-1.68298e-05
-2.1354e-05
2.25814e-05
-2.14659e-05
-1.49916e-05
2.09112e-05
-1.39345e-05
-1.29202e-05
1.78277e-05
-1.94317e-05
-8.8067e-06
2.01242e-05
2.59614e-06
6.71921e-07
2.21378e-05
2.15034e-06
-2.17283e-05
2.15438e-05
3.60546e-06
2.13091e-05
3.85228e-06
2.12399e-05
3.63434e-06
2.13848e-05
3.21957e-06
2.13909e-05
2.67897e-06
2.13747e-05
2.14252e-06
2.12337e-05
1.83436e-06
2.10994e-05
1.44368e-06
2.09483e-05
1.19529e-06
2.08239e-05
1.03053e-06
2.07623e-05
9.21186e-07
2.06846e-05
8.6238e-07
2.06109e-05
7.84098e-07
2.05585e-05
7.7542e-07
2.05296e-05
7.5094e-07
2.05187e-05
7.17174e-07
2.04693e-05
6.94563e-07
2.04197e-05
6.03111e-07
2.03346e-05
6.1522e-07
2.02425e-05
6.22914e-07
2.01563e-05
6.45682e-07
2.00871e-05
6.83111e-07
2.00599e-05
7.2366e-07
1.99879e-05
7.44375e-07
1.98794e-05
8.53314e-07
1.99218e-05
8.39348e-07
1.99409e-05
8.4161e-07
1.98716e-05
9.44371e-07
1.98317e-05
1.0262e-06
1.98804e-05
1.04428e-06
1.98438e-05
1.16265e-06
1.99183e-05
1.1689e-06
1.99801e-05
1.20413e-06
1.99785e-05
1.28748e-06
2.00309e-05
1.30092e-06
2.00811e-05
1.32919e-06
2.01241e-05
1.35286e-06
-1.24072e-06
2.01407e-05
1.36474e-06
-1.06665e-06
2.06358e-05
-8.71721e-07
2.10195e-05
-6.60936e-07
2.11982e-05
-3.40539e-07
2.12991e-05
-1.19238e-07
2.14404e-05
1.31786e-07
2.14072e-05
3.61022e-07
2.13698e-05
6.55076e-07
2.12511e-05
8.59343e-07
2.11092e-05
1.09457e-06
2.08009e-05
1.24872e-06
2.03788e-05
-1.97514e-05
1.97893e-05
1.34366e-06
-1.97168e-05
1.26694e-06
-1.96841e-05
1.19636e-06
-1.96717e-05
1.14083e-06
-1.96552e-05
1.08802e-06
-1.96414e-05
1.03594e-06
-1.96422e-05
9.94569e-07
-1.96452e-05
9.48996e-07
-1.96634e-05
9.05685e-07
-1.97158e-05
8.5232e-07
-1.97152e-05
7.98537e-07
-1.97732e-05
8.09797e-07
-1.98258e-05
7.60443e-07
-1.98885e-05
7.20078e-07
-1.99308e-05
7.0711e-07
-2.00113e-05
6.76133e-07
-2.00562e-05
6.587e-07
-2.01653e-05
6.88677e-07
-2.02153e-05
6.64864e-07
-2.02734e-05
6.83811e-07
-2.02897e-05
7.38825e-07
-2.02499e-05
8.25203e-07
-2.0162e-05
9.5605e-07
-1.99739e-05
1.11958e-06
-2.00164e-05
1.02789e-06
-1.996e-05
1.161e-06
-2.00642e-05
1.04465e-06
-2.01759e-05
8.80046e-07
-2.03646e-05
9.80933e-07
-2.06314e-05
9.26021e-07
-2.10181e-05
6.79438e-07
1.00677e-07
-2.16008e-05
-2.25954e-05
-1.46103e-06
-1.92429e-05
-2.107e-05
-1.9778e-05
-2.17259e-05
2.22389e-05
8.7601e-06
1.63633e-05
-1.91059e-05
-6.01968e-06
-2.2916e-05
-2.62771e-06
-1.97901e-05
-8.5748e-06
4.86844e-06
-2.12427e-05
-1.14997e-05
-2.14434e-05
-1.37632e-05
-3.99479e-07
-8.00631e-06
-1.8362e-05
-9.11522e-06
-1.99617e-05
1.52604e-06
-2.3842e-05
-3.11531e-06
-1.71461e-05
-2.11685e-05
-2.02497e-05
-1.62111e-05
-1.21609e-06
1.38014e-06
2.01231e-05
-1.06568e-06
2.06774e-05
-8.42939e-07
2.10279e-05
-5.89342e-07
2.12065e-05
-3.65093e-07
2.13595e-05
-6.25078e-08
2.14366e-05
1.69744e-07
2.14774e-05
4.51464e-07
2.13843e-05
6.78332e-07
2.1305e-05
9.40141e-07
2.11039e-05
1.16258e-06
2.0802e-05
1.31147e-06
2.04138e-05
1.38368e-06
1.98559e-05
-1.90709e-05
1.42987e-06
1.91149e-05
-1.89905e-05
1.34928e-06
-1.89604e-05
1.31819e-06
-1.89181e-05
1.23002e-06
-1.89097e-05
1.202e-06
-1.88978e-05
1.13883e-06
-1.88774e-05
1.07049e-06
-1.88844e-05
1.04815e-06
-1.88814e-05
9.83721e-07
-1.89093e-05
9.6192e-07
-1.89459e-05
9.07499e-07
-1.89968e-05
8.57952e-07
-1.9003e-05
8.14432e-07
-1.90603e-05
8.06096e-07
-1.91209e-05
7.59176e-07
-1.91605e-05
7.15508e-07
-1.92371e-05
7.12136e-07
-1.93146e-05
6.87272e-07
-1.93541e-05
6.71667e-07
-1.94344e-05
6.82096e-07
-1.9495e-05
6.75878e-07
-1.95286e-05
6.99488e-07
-1.95285e-05
7.48818e-07
-1.94824e-05
8.31491e-07
-1.93793e-05
9.37112e-07
-1.92871e-05
8.56059e-07
-1.94042e-05
1.19958e-06
-1.93673e-05
9.29441e-07
-1.95545e-05
9.90192e-07
-1.96138e-05
9.65058e-07
-1.97816e-05
1.02138e-06
-2.01333e-05
9.60915e-07
7.03999e-07
-2.08054e-05
-9.61448e-07
-2.21539e-05
1.87095e-05
-1.56157e-05
-2.02183e-05
-1.77159e-05
-2.28979e-05
1.13041e-05
-2.80509e-06
3.85147e-06
-1.24312e-05
3.50689e-05
-1.20099e-06
-3.46011e-05
7.18561e-07
1.98677e-05
4.08595e-06
-2.04012e-05
1.98778e-05
3.78882e-06
2.00402e-05
3.41699e-06
2.02203e-05
2.98082e-06
2.02971e-05
2.53942e-06
2.0331e-05
2.0424e-06
2.02906e-05
1.80556e-06
2.0225e-05
1.43686e-06
2.01406e-05
1.20373e-06
2.00594e-05
1.03295e-06
1.99874e-05
9.11874e-07
1.99438e-05
8.22842e-07
1.98767e-05
7.66945e-07
1.98235e-05
7.44188e-07
1.97752e-05
7.15496e-07
1.97292e-05
6.81093e-07
1.97053e-05
6.39047e-07
1.96061e-05
6.26944e-07
1.95213e-05
6.29744e-07
1.94369e-05
6.43144e-07
1.93588e-05
6.66683e-07
1.9294e-05
6.98745e-07
1.92436e-05
7.33464e-07
1.91877e-05
7.68977e-07
1.92007e-05
8.18935e-07
1.91424e-05
8.86391e-07
1.91092e-05
8.73943e-07
1.90757e-05
9.87438e-07
1.91055e-05
1.01638e-06
1.90696e-05
1.11038e-06
1.91231e-05
1.14921e-06
1.91821e-05
1.15941e-06
1.91639e-05
1.28058e-06
1.9205e-05
1.31296e-06
1.92662e-05
1.314e-06
1.93422e-05
1.33439e-06
1.93751e-05
1.40712e-06
1.9417e-05
1.4151e-06
1.94337e-05
1.4601e-06
-1.99112e-05
-2.3042e-05
2.31578e-05
-2.11058e-05
-2.17071e-05
4.61188e-05
-1.78867e-06
3.59462e-06
-4.79329e-05
-2.04655e-05
-3.8017e-06
-1.52866e-05
-2.27319e-05
-3.33686e-06
-1.8081e-05
1.81217e-05
1.42866e-06
-1.80597e-05
1.36518e-06
-1.79956e-05
1.28843e-06
-1.79898e-05
1.25508e-06
-1.79435e-05
1.18212e-06
-1.79456e-05
1.16214e-06
-1.79483e-05
1.08862e-06
-1.79252e-05
1.03394e-06
-1.79548e-05
1.01508e-06
-1.79457e-05
9.47036e-07
-1.79852e-05
9.33134e-07
-1.80209e-05
8.71414e-07
-1.80674e-05
8.30169e-07
-1.80914e-05
7.90927e-07
-1.81534e-05
7.73395e-07
-1.8222e-05
7.28094e-07
-1.82711e-05
6.97367e-07
-1.83355e-05
6.80705e-07
-1.84072e-05
6.66097e-07
-1.84635e-05
6.55661e-07
-1.85305e-05
6.55657e-07
-1.85787e-05
6.57069e-07
-1.86027e-05
6.79828e-07
-1.85894e-05
7.23941e-07
-1.85386e-05
7.92065e-07
-1.86228e-05
8.46227e-07
-1.84787e-05
9.63389e-07
-1.84775e-05
8.3747e-07
-1.85575e-05
9.81776e-07
-1.86476e-05
9.68838e-07
-1.87014e-05
9.91855e-07
-1.89053e-05
1.08401e-06
-1.95538e-05
1.27305e-06
-2.36647e-07
-2.15953e-05
1.76115e-05
-1.44106e-05
1.54889e-05
-2.35616e-05
-1.53392e-05
-1.39167e-06
1.49029e-06
1.94354e-05
-1.26325e-06
2.01461e-05
-1.08276e-06
2.06953e-05
-8.23418e-07
2.1007e-05
-6.09758e-07
2.12635e-05
-3.91477e-07
2.14358e-05
-1.10573e-07
2.1464e-05
2.30948e-07
2.14483e-05
4.7614e-07
2.14452e-05
7.52555e-07
2.13189e-05
1.00277e-06
2.11187e-05
1.16657e-06
2.08696e-05
1.317e-06
2.0454e-05
1.43043e-06
1.98864e-05
1.47736e-06
1.91615e-05
1.43155e-06
1.82087e-05
2.23674e-05
-1.55141e-05
-2.24886e-05
2.14513e-05
-1.54587e-05
2.04099e-05
-1.27548e-05
1.93168e-05
-1.04442e-05
-8.73469e-06
-1.7095e-05
1.61681e-05
1.80681e-05
-7.32228e-06
-2.57673e-05
-7.3063e-06
6.89055e-06
3.42432e-07
3.54766e-08
-4.68059e-06
-1.38438e-05
1.28592e-05
1.78824e-05
3.63287e-06
-1.74874e-05
1.82668e-05
3.34421e-06
1.86005e-05
3.02127e-06
1.88434e-05
2.67164e-06
1.90263e-05
2.28545e-06
1.90593e-05
1.93448e-06
1.91501e-05
1.63645e-06
1.91404e-05
1.36416e-06
1.91077e-05
1.15007e-06
1.90638e-05
9.87034e-07
1.90155e-05
8.67116e-07
1.89614e-05
7.81357e-07
1.89102e-05
7.20688e-07
1.8863e-05
6.92953e-07
1.882e-05
6.59746e-07
1.87637e-05
6.39571e-07
1.86859e-05
6.20824e-07
1.86035e-05
6.16384e-07
1.85208e-05
6.23423e-07
1.84404e-05
6.39613e-07
1.83661e-05
6.63096e-07
1.83008e-05
6.92814e-07
1.82446e-05
7.25708e-07
1.81961e-05
7.61413e-07
1.81639e-05
8.03481e-07
1.81606e-05
8.50576e-07
1.81137e-05
8.90575e-07
1.81227e-05
9.56972e-07
1.80972e-05
1.029e-06
1.8131e-05
1.07218e-06
1.8185e-05
1.09873e-06
1.81442e-05
1.21119e-06
1.82167e-05
1.22596e-06
1.82909e-05
1.26306e-06
1.83407e-05
1.29398e-06
1.83364e-05
1.3734e-06
1.83958e-05
1.38634e-06
1.84448e-05
1.40796e-06
1.84741e-05
1.47519e-06
1.85104e-05
1.50051e-06
3.17183e-06
4.59278e-05
-2.98921e-06
-2.79028e-06
-2.20405e-05
-1.44569e-05
7.95209e-06
-1.95711e-05
-2.4678e-05
2.43203e-05
-1.9386e-05
-2.46347e-05
-2.16033e-05
-2.31629e-05
-4.7781e-05
-5.59213e-06
5.15741e-05
4.07148e-05
-2.7393e-07
-3.80789e-05
1.95494e-05
-3.16573e-06
-2.34017e-05
2.17644e-06
-2.20504e-05
1.88804e-05
1.37005e-05
-1.45326e-05
-1.03088e-05
-3.12984e-05
1.30071e-05
6.48385e-06
-1.07647e-05
-8.68238e-06
1.28879e-05
-3.63573e-07
-4.65711e-05
-3.10427e-06
5.00229e-05
-1.69507e-05
1.69776e-05
1.39323e-06
-1.69037e-05
1.37026e-06
-1.68476e-05
1.29722e-06
-1.68293e-05
1.25716e-06
-1.679e-05
1.20115e-06
-1.67888e-05
1.16388e-06
-1.67472e-05
1.1002e-06
-1.67526e-05
1.06982e-06
-1.67656e-05
1.01812e-06
-1.67587e-05
9.73909e-07
-1.67849e-05
9.33182e-07
-1.67899e-05
8.91663e-07
-1.68215e-05
8.49924e-07
-1.68613e-05
8.09807e-07
-1.69119e-05
7.74337e-07
-1.69556e-05
7.42933e-07
-1.70168e-05
7.08338e-07
-1.70849e-05
6.78262e-07
-1.71504e-05
6.53262e-07
-1.72121e-05
6.29488e-07
-1.72837e-05
6.24821e-07
-1.73441e-05
6.10168e-07
-1.74026e-05
6.0734e-07
-1.74475e-05
6.14928e-07
-1.74594e-05
6.25837e-07
-1.74293e-05
6.52631e-07
-1.74194e-05
7.28629e-07
-1.74348e-05
8.73101e-07
-1.74339e-05
7.32832e-07
-1.74409e-05
8.88242e-07
-1.74621e-05
8.92691e-07
-1.75196e-05
9.55248e-07
-1.76533e-05
1.12648e-06
-1.77706e-05
1.30128e-06
2.02658e-06
-1.7707e-05
2.11465e-05
-1.32093e-05
-2.8229e-05
2.38088e-05
-1.32656e-05
2.06264e-05
-1.40823e-05
-3.48011e-05
-1.49043e-06
1.52605e-06
1.85226e-05
-1.3925e-06
1.94406e-05
-1.27881e-06
2.01883e-05
-1.07723e-06
2.06977e-05
-8.75585e-07
2.10503e-05
-6.3555e-07
2.1302e-05
-3.20533e-07
2.14237e-05
-1.16103e-08
2.14722e-05
2.36873e-07
2.15213e-05
5.34626e-07
2.14627e-05
8.09538e-07
2.13429e-05
1.02502e-06
2.11763e-05
1.22196e-06
2.09115e-05
1.38413e-06
2.04885e-05
1.46867e-06
1.99504e-05
1.50877e-06
1.92179e-05
1.52555e-06
1.82345e-05
1.45515e-06
1.70362e-05
-1.67792e-05
2.09227e-05
-1.41774e-05
1.92762e-05
-1.11438e-05
1.77352e-05
-8.9429e-06
1.5957e-05
-7.00102e-06
-7.42661e-06
1.45216e-05
1.42341e-06
-2.30752e-06
2.37909e-05
-2.74555e-05
1.59326e-05
3.59858e-06
-1.52883e-05
-4.29947e-06
1.62948e-05
3.20831e-06
1.66915e-05
2.88114e-06
1.70577e-05
2.58615e-06
1.73636e-05
2.29176e-06
1.75752e-05
1.99456e-06
1.77127e-05
1.71312e-06
1.78068e-05
1.4541e-06
1.78427e-05
1.23575e-06
1.78488e-05
1.04697e-06
1.78343e-05
9.00502e-07
1.78041e-05
7.9245e-07
1.77621e-05
7.15303e-07
1.77127e-05
6.59504e-07
1.76625e-05
6.30808e-07
1.76029e-05
6.06056e-07
1.75386e-05
5.90606e-07
1.74634e-05
5.83596e-07
1.73838e-05
5.85537e-07
1.73027e-05
5.97052e-07
1.72239e-05
6.14886e-07
1.71507e-05
6.37443e-07
1.70843e-05
6.65616e-07
1.70264e-05
6.96112e-07
1.69757e-05
7.31081e-07
1.69371e-05
7.67978e-07
1.69114e-05
8.09286e-07
1.68889e-05
8.53216e-07
1.68859e-05
9.07142e-07
1.69096e-05
9.5919e-07
1.69319e-05
1.01046e-06
1.69066e-05
1.09082e-06
1.69681e-05
1.12221e-06
1.70092e-05
1.1621e-06
1.70636e-05
1.19017e-06
1.70649e-05
1.27769e-06
1.71361e-05
1.29002e-06
1.71935e-05
1.31877e-06
1.71981e-05
1.3945e-06
1.72579e-05
1.40708e-06
1.72849e-05
1.46552e-06
1.73164e-05
1.48626e-06
2.27451e-05
-1.5163e-05
-2.31177e-05
-3.07554e-06
-2.13697e-05
1.9827e-05
-2.24563e-05
-2.41113e-05
2.33635e-05
-1.60253e-05
1.67524e-05
-2.47461e-05
-1.72646e-05
1.78803e-05
-1.87774e-05
-2.55579e-05
-2.20089e-05
-3.41264e-06
-2.64745e-05
-2.5019e-05
-2.12793e-05
-2.44227e-05
-2.33922e-05
4.27047e-05
-4.19188e-05
-1.16425e-06
2.00152e-05
-1.4519e-05
1.23756e-05
-1.78982e-05
-4.21639e-05
3.84216e-05
-4.00535e-06
1.82206e-05
-1.16812e-05
1.55613e-05
4.49668e-07
-1.05287e-05
2.13709e-05
1.02864e-05
4.73663e-05
-4.67537e-05
2.97327e-06
3.46445e-06
4.70645e-05
1.61219e-05
1.37927e-06
1.60798e-05
1.24858e-06
1.60745e-05
1.03222e-06
1.60566e-05
8.69055e-07
1.60833e-05
7.57718e-07
1.61241e-05
7.35203e-07
1.60293e-05
7.11815e-07
1.61256e-05
6.5802e-07
1.6116e-05
6.1636e-07
1.60813e-05
5.63372e-07
1.60389e-05
5.42822e-07
1.59803e-05
5.47902e-07
1.59107e-05
5.51763e-07
1.58391e-05
5.57899e-07
1.57731e-05
5.69206e-07
1.56984e-05
5.85737e-07
1.56315e-05
6.05578e-07
1.55633e-05
6.36281e-07
1.5505e-05
6.61454e-07
1.54556e-05
6.92494e-07
1.54083e-05
7.27407e-07
1.53726e-05
7.57104e-07
1.53421e-05
7.9726e-07
1.53198e-05
8.36006e-07
1.53089e-05
8.70805e-07
1.53017e-05
9.12023e-07
1.53008e-05
9.53508e-07
1.53148e-05
9.92953e-07
1.53231e-05
1.03126e-06
1.53371e-05
1.09037e-06
1.5368e-05
1.11134e-06
1.53904e-05
1.17578e-06
1.54139e-05
1.21396e-06
1.5463e-05
1.26014e-06
1.54832e-05
1.31029e-06
1.55353e-05
1.33827e-06
3.5054e-06
4.6486e-05
-4.07297e-06
-1.5146e-06
1.49748e-06
1.73246e-05
-1.48334e-06
1.85401e-05
-1.41846e-06
1.94811e-05
-1.27574e-06
2.02051e-05
-1.07481e-06
2.07055e-05
-8.6464e-07
2.10913e-05
-5.70767e-07
2.12933e-05
-2.80917e-07
2.14441e-05
-1.77107e-08
2.15341e-05
2.81174e-07
2.15521e-05
5.71741e-07
2.14953e-05
8.20385e-07
2.14007e-05
1.04344e-06
2.12336e-05
1.25654e-06
2.09435e-05
1.40195e-06
2.05451e-05
1.49363e-06
2.00112e-05
1.56489e-06
1.92456e-05
1.54716e-06
1.82957e-05
1.51323e-06
1.70576e-05
1.39937e-06
1.55819e-05
2.24851e-05
-1.29722e-05
-5.14654e-06
-2.00569e-05
-1.47944e-05
2.24456e-05
1.56889e-05
1.21704e-05
5.07544e-05
-3.94808e-05
-2.34547e-05
8.13073e-06
-4.37502e-05
5.16089e-06
-4.49705e-05
3.67964e-06
-4.52805e-05
4.54295e-05
2.44888e-06
-4.42067e-05
4.55551e-05
2.83879e-06
4.57169e-05
3.29342e-06
-4.96796e-06
6.63903e-06
4.40365e-05
1.26858e-05
-6.1502e-06
2.29004e-06
4.40314e-05
-4.37828e-05
-2.54892e-06
1.06677e-05
1.87854e-05
-9.46702e-06
9.05768e-06
1.81243e-05
-2.12059e-05
-6.00959e-06
2.00319e-05
-2.40283e-05
-1.50103e-05
2.29911e-05
-2.49565e-05
-1.63563e-05
-1.77212e-05
-2.60313e-05
-3.63022e-06
-2.1583e-05
2.20343e-05
-1.44218e-05
-2.27994e-05
2.13993e-06
-2.95072e-07
2.05254e-05
-1.09278e-05
1.82753e-05
-8.93059e-06
1.63714e-05
-7.07888e-06
1.54097e-05
-6.08284e-06
-5.73452e-06
1.36696e-05
-1.07942e-05
1.7393e-05
7.86317e-06
6.01232e-06
-2.90014e-06
-9.96689e-06
6.82077e-06
1.37511e-05
3.88682e-06
-4.56881e-06
-1.31284e-05
1.42081e-05
3.07902e-06
1.46529e-05
2.69559e-06
1.50606e-05
2.40156e-06
1.54194e-05
2.15218e-06
1.57228e-05
1.90692e-06
1.59638e-05
1.66592e-06
1.61425e-05
1.44164e-06
1.62604e-05
1.23852e-06
1.63365e-05
1.05707e-06
1.63675e-05
9.0858e-07
1.63729e-05
7.82892e-07
1.63552e-05
6.93666e-07
1.63197e-05
6.30619e-07
1.6271e-05
5.8495e-07
1.6219e-05
5.57095e-07
1.61553e-05
5.42456e-07
1.6085e-05
5.32653e-07
1.60076e-05
5.3269e-07
1.59289e-05
5.37031e-07
1.58463e-05
5.54254e-07
1.57658e-05
5.72736e-07
1.56936e-05
5.9031e-07
1.56248e-05
6.19191e-07
1.55672e-05
6.4307e-07
1.55119e-05
6.80882e-07
1.54704e-05
7.09526e-07
1.54374e-05
7.4791e-07
1.54174e-05
7.8433e-07
1.5402e-05
8.39146e-07
1.54139e-05
8.69174e-07
1.54246e-05
9.26561e-07
1.54683e-05
9.78187e-07
1.55038e-05
1.02142e-06
1.55371e-05
1.0663e-06
1.55418e-05
1.1254e-06
1.5582e-05
1.17896e-06
1.56389e-05
1.17543e-06
1.56491e-05
1.25091e-06
1.5709e-05
1.27643e-06
1.57484e-05
1.30815e-06
1.5773e-05
1.37991e-06
1.58131e-05
1.38312e-06
1.58389e-05
1.40669e-06
2.13621e-05
1.36701e-05
-2.26788e-05
1.98147e-05
1.21884e-05
-8.97906e-06
1.08948e-05
1.78697e-05
-3.8e-05
1.78103e-06
3.83982e-05
-2.19601e-06
1.60852e-05
-6.3086e-06
-3.8418e-06
-2.09935e-05
-4.46043e-07
4.47608e-05
3.96833e-07
8.97976e-06
1.39166e-05
-6.84175e-06
5.32642e-06
4.48773e-05
-7.88756e-06
-4.23304e-05
-2.59702e-05
-2.34885e-05
-2.60932e-05
-2.05757e-05
-2.62789e-05
1.37189e-05
-2.26549e-05
2.10991e-05
2.34742e-05
-1.4969e-05
-2.48827e-05
2.21589e-05
4.55923e-05
-2.39757e-05
4.10343e-05
2.44303e-06
-7.8875e-07
-4.57508e-05
8.65853e-06
4.37201e-05
2.85411e-05
-2.47935e-05
-3.29127e-05
-1.79526e-05
-5.25082e-06
1.68592e-05
-7.4211e-06
-4.55814e-05
3.11387e-06
-4.51144e-05
2.36245e-06
-4.3693e-05
1.01929e-06
1.42208e-05
1.05321e-06
1.43874e-05
9.7919e-07
1.4444e-05
8.67397e-07
1.44689e-05
7.30579e-07
1.44694e-05
6.38705e-07
1.45054e-05
5.76e-07
1.44938e-05
5.95772e-07
1.45131e-05
5.07055e-07
1.44685e-05
5.25938e-07
1.44126e-05
4.8166e-07
1.43375e-05
4.78442e-07
1.42807e-05
4.63993e-07
1.42106e-05
4.80789e-07
1.41407e-05
4.87109e-07
1.40671e-05
5.03313e-07
1.39926e-05
5.22863e-07
1.39225e-05
5.4086e-07
1.38581e-05
5.69199e-07
1.37984e-05
5.93352e-07
1.37463e-05
6.20906e-07
1.37004e-05
6.53952e-07
1.36603e-05
6.81995e-07
1.36311e-05
7.15373e-07
1.36114e-05
7.48296e-07
1.35945e-05
7.83302e-07
1.35877e-05
8.17031e-07
1.35894e-05
8.51731e-07
1.35947e-05
8.88697e-07
1.36017e-05
9.25808e-07
1.36306e-05
9.62342e-07
1.36324e-05
1.00937e-06
1.36572e-05
1.04893e-06
1.36954e-05
1.07118e-06
1.37177e-05
1.13024e-06
1.37591e-05
1.15794e-06
1.37814e-05
1.2014e-06
1.38385e-05
1.22401e-06
-1.39519e-05
-4.26081e-06
1.24344e-05
-1.54293e-05
-4.64862e-06
-1.70987e-05
-5.44928e-06
-1.94883e-05
-6.57778e-06
-2.24686e-05
-7.98122e-06
-2.63167e-05
-9.448e-06
-2.31565e-05
1.72667e-05
1.92818e-05
-9.82571e-06
2.17571e-05
-1.79735e-05
1.72918e-05
-1.36614e-05
2.18328e-05
1.23834e-05
1.95821e-05
-2.58858e-06
4.4778e-05
1.83768e-06
2.82312e-06
4.59422e-05
1.40746e-05
-2.55994e-05
-1.11733e-05
-1.61736e-05
-2.64496e-05
2.50265e-05
-8.48682e-06
5.77225e-06
-2.23346e-05
1.825e-06
-2.35051e-05
1.75311e-06
-2.09474e-05
2.24933e-05
-1.3459e-05
9.63997e-06
-5.86809e-06
-3.96247e-05
3.58453e-05
-4.72884e-05
-7.14253e-07
4.48847e-05
-1.01137e-05
-3.0313e-05
-1.5148e-06
1.41977e-06
1.58665e-05
-1.55032e-06
1.73504e-05
-1.51059e-06
1.85496e-05
-1.41509e-06
1.94929e-05
-1.25586e-06
2.02084e-05
-1.06289e-06
2.07252e-05
-8.034e-07
2.10879e-05
-5.4938e-07
2.13302e-05
-2.88415e-07
2.14998e-05
1.46737e-08
2.1563e-05
3.10663e-07
2.15929e-05
5.81129e-07
2.15552e-05
8.38433e-07
2.14569e-05
1.0746e-06
2.12842e-05
1.27144e-06
2.09973e-05
1.42004e-06
2.06028e-05
1.55202e-06
2.00349e-05
1.59562e-06
1.9303e-05
1.58914e-06
1.83463e-05
1.52078e-06
1.71126e-05
1.4029e-06
1.56304e-05
1.253e-06
1.38664e-05
1.06954e-05
-4.05441e-05
8.41118e-06
-4.14737e-05
5.64467e-06
-4.22105e-05
3.36809e-06
-4.30112e-05
1.66875e-06
-4.25144e-05
2.37822e-07
-4.22689e-05
-4.51219e-05
2.84541e-06
-4.34483e-06
-1.96164e-05
-1.3619e-05
2.16158e-05
1.03255e-05
1.64916e-05
-8.5364e-06
1.33533e-05
9.06252e-06
-1.08439e-05
1.30547e-05
4.18952e-06
3.47226e-06
4.58077e-05
-4.55532e-05
2.55022e-06
4.67958e-05
-2.69189e-05
-2.51616e-05
-4.49312e-05
9.97856e-06
-2.96965e-05
2.90809e-05
-1.94157e-05
-2.72089e-05
4.55429e-05
2.07001e-06
-2.05774e-05
-4.09177e-06
5.8898e-06
-4.18243e-06
-3.98987e-05
-4.40572e-06
-2.27061e-05
-2.70782e-05
9.10692e-06
-5.17083e-06
2.86941e-06
-6.84284e-06
1.06873e-05
2.94233e-06
-4.57251e-06
1.1797e-05
2.71827e-06
1.24143e-05
2.39561e-06
1.29006e-05
2.13683e-06
1.33109e-05
1.91493e-06
1.3657e-05
1.724e-06
1.39618e-05
1.51285e-06
1.42075e-05
1.3247e-06
1.43994e-05
1.14886e-06
1.45394e-05
9.92107e-07
1.46219e-05
8.62661e-07
1.46693e-05
7.43811e-07
1.46792e-05
6.50314e-07
1.46663e-05
5.79153e-07
1.46355e-05
5.29597e-07
1.45872e-05
4.97611e-07
1.45275e-05
4.78212e-07
1.44616e-05
4.67497e-07
1.43873e-05
4.64282e-07
1.43087e-05
4.67884e-07
1.4225e-05
4.77415e-07
1.41456e-05
4.91178e-07
1.4071e-05
5.06504e-07
1.39917e-05
5.30897e-07
1.39228e-05
5.52373e-07
1.38536e-05
5.79993e-07
1.38029e-05
6.03302e-07
1.37588e-05
6.2944e-07
1.37214e-05
6.6523e-07
1.36879e-05
7.01957e-07
1.36797e-05
7.35367e-07
1.36634e-05
7.77351e-07
1.36691e-05
8.16124e-07
1.36885e-05
8.56593e-07
1.37131e-05
8.96371e-07
1.37433e-05
9.3681e-07
1.37918e-05
9.77939e-07
1.38594e-05
1.01182e-06
1.38576e-05
1.0766e-06
1.39189e-05
1.08728e-06
1.39249e-05
1.1656e-06
1.39372e-05
1.18835e-06
1.39868e-05
1.21948e-06
1.40257e-05
1.22993e-06
1.40615e-05
1.25305e-06
1.27162e-06
1.40884e-05
3.03356e-05
-1.58966e-05
2.80193e-06
-1.72429e-05
2.68424e-05
8.04681e-06
-2.86679e-05
-6.23765e-06
6.55951e-06
1.76713e-05
2.08537e-05
4.58165e-05
-2.60944e-05
-1.512e-06
1.58386e-06
-6.7156e-07
9.41936e-06
-1.03964e-05
1.81332e-05
2.56739e-05
-1.30418e-05
4.26908e-06
-1.06139e-05
9.20968e-06
3.83085e-06
-2.46921e-06
-1.19459e-05
-2.97304e-06
-1.33962e-05
-3.24154e-06
-1.51451e-05
-3.74081e-06
-1.73061e-05
-4.45386e-06
-1.99329e-05
-5.3881e-06
-2.31009e-05
-6.31053e-06
-2.63459e-05
-6.89657e-06
-9.22004e-06
1.08665e-05
-3.19838e-05
-2.81466e-05
-7.44397e-06
-9.76442e-06
-1.51519e-07
-1.00339e-06
-8.26885e-06
9.69624e-06
-1.00031e-05
4.27614e-07
9.73416e-06
-9.08912e-06
9.88946e-06
1.21043e-05
-7.75041e-07
1.26132e-06
1.22561e-05
9.60469e-07
1.23813e-05
8.22924e-07
1.25047e-05
7.44954e-07
1.25851e-05
6.70479e-07
1.26196e-05
5.73905e-07
1.26398e-05
4.90611e-07
1.26125e-05
4.70177e-07
1.26221e-05
4.47955e-07
1.2582e-05
4.04261e-07
1.25543e-05
4.06676e-07
1.24913e-05
3.94285e-07
1.24193e-05
3.97576e-07
1.23347e-05
3.93919e-07
1.22575e-05
4.02478e-07
1.21771e-05
4.1168e-07
1.2098e-05
4.26865e-07
1.20213e-05
4.44974e-07
1.19454e-05
4.63948e-07
1.18806e-05
4.83538e-07
1.18171e-05
5.08915e-07
1.17636e-05
5.29549e-07
1.17188e-05
5.56867e-07
1.16784e-05
5.83597e-07
1.16474e-05
6.10315e-07
1.1624e-05
6.3799e-07
1.16087e-05
6.6652e-07
1.15996e-05
6.95048e-07
1.15954e-05
7.25297e-07
1.15967e-05
7.56323e-07
1.1604e-05
7.86341e-07
1.16144e-05
8.17621e-07
1.16357e-05
8.50928e-07
1.16608e-05
8.83063e-07
1.16678e-05
9.195e-07
1.16959e-05
9.53052e-07
1.17215e-05
9.78506e-07
1.17549e-05
1.00911e-06
1.17871e-05
1.02774e-06
1.18025e-05
1.06873e-06
-4.40422e-05
2.0232e-06
-4.28327e-05
1.14343e-06
-4.23185e-05
4.96826e-07
-4.11631e-05
-9.24488e-07
-4.37026e-05
7.67267e-06
2.26139e-05
-1.42801e-05
-3.61069e-06
9.57973e-06
-1.56179e-05
-3.95609e-06
-4.95156e-06
2.54262e-05
-8.91263e-06
-2.33608e-05
-6.5999e-06
-7.60907e-06
-8.76182e-06
1.35113e-05
-1.03357e-06
4.15586e-06
-1.42238e-05
-4.25858e-06
-1.81294e-05
-1.25631e-05
2.07474e-05
1.15118e-05
1.83638e-05
-7.99084e-06
1.31442e-05
8.1525e-06
-1.33871e-05
3.85261e-06
1.10509e-05
6.00722e-07
4.76385e-05
1.07978e-06
4.74008e-05
9.46816e-06
-3.34277e-05
-2.58511e-05
2.48228e-05
-1.51097e-05
4.34619e-05
1.28889e-06
-7.01478e-06
2.10421e-05
4.74968e-05
-2.03755e-06
-2.01785e-06
3.61057e-05
1.37591e-05
-2.38937e-06
1.44754e-05
-3.0115e-05
-1.76343e-05
-2.82494e-05
4.65554e-05
2.60246e-07
3.87582e-06
-2.00047e-05
-4.48698e-06
1.99661e-05
5.78389e-06
-1.08919e-07
-1.14913e-05
4.67264e-06
-2.95269e-06
9.71203e-06
1.10227e-05
-9.36751e-06
-3.18734e-05
2.96803e-05
2.61201e-06
-4.30018e-07
-3.54574e-06
1.0082e-05
4.19952e-05
-1.25303e-06
-6.25965e-06
1.05504e-05
-1.27412e-05
-3.77147e-05
9.63003e-06
-3.8711e-05
8.43436e-06
-3.9355e-05
6.56841e-06
-3.96141e-05
4.42396e-06
-4.00719e-05
1.90974e-06
-4.05029e-05
4.68565e-08
-4.06573e-05
-1.67185e-06
-4.05557e-05
-2.96026e-06
-3.98801e-05
2.07787e-05
-1.26539e-05
-1.94588e-05
-4.30215e-06
-2.83611e-05
-2.1571e-05
-2.41731e-05
-2.80836e-05
4.5889e-05
3.0263e-07
6.68922e-06
3.11991e-05
-6.69214e-06
-3.12199e-05
2.74872e-06
-7.68243e-06
8.10197e-06
-3.24609e-06
8.12173e-06
1.59578e-06
9.25822e-06
1.75255e-06
1.00413e-05
1.87258e-06
1.05564e-05
1.81059e-06
1.10177e-05
1.59945e-06
1.14209e-05
1.42972e-06
1.17816e-05
1.27407e-06
1.2071e-05
1.12717e-06
1.23056e-05
9.87901e-07
1.24887e-05
8.57555e-07
1.26184e-05
7.48229e-07
1.27084e-05
6.5234e-07
1.27473e-05
5.78686e-07
1.27565e-05
5.09173e-07
1.27391e-05
4.59299e-07
1.2701e-05
4.25402e-07
1.26476e-05
4.04239e-07
1.25827e-05
3.9253e-07
1.25087e-05
3.87881e-07
1.24283e-05
3.88884e-07
1.23443e-05
3.94578e-07
1.22595e-05
4.042e-07
1.21759e-05
4.16836e-07
1.20919e-05
4.33216e-07
1.2017e-05
4.49956e-07
1.19434e-05
4.72157e-07
1.18805e-05
4.91406e-07
1.18188e-05
5.16367e-07
1.17638e-05
5.38667e-07
1.17233e-05
5.63052e-07
1.16918e-05
5.93475e-07
1.1667e-05
6.22928e-07
1.16553e-05
6.54283e-07
1.16522e-05
6.8606e-07
1.16583e-05
7.18428e-07
1.16719e-05
7.51101e-07
1.16926e-05
7.84031e-07
1.17202e-05
8.16916e-07
1.17459e-05
8.50692e-07
1.17915e-05
8.92562e-07
1.17932e-05
9.43735e-07
1.1848e-05
9.65011e-07
1.18983e-05
9.87595e-07
1.19394e-05
1.02285e-06
1.19625e-05
1.04648e-06
1.19905e-05
1.05985e-06
1.20177e-05
1.07447e-06
-1.27433e-06
1.08816e-06
1.20294e-05
-1.40907e-06
1.40984e-05
-1.48792e-06
1.58757e-05
-1.50647e-06
1.7358e-05
-1.46635e-06
1.85588e-05
-1.36674e-06
1.9502e-05
-1.21267e-06
2.02193e-05
-1.01857e-06
2.07472e-05
-7.9318e-07
2.11227e-05
-5.43877e-07
2.13768e-05
-2.52763e-07
2.15309e-05
2.04658e-08
2.16277e-05
3.0774e-07
2.16486e-05
5.87529e-07
2.16121e-05
8.49957e-07
2.15139e-05
1.0983e-06
2.13282e-05
1.29825e-06
2.10529e-05
1.46827e-06
2.0643e-05
1.5756e-06
2.00861e-05
1.62481e-06
1.93564e-05
1.6315e-06
1.83841e-05
1.57056e-06
1.71593e-05
1.45287e-06
1.56764e-05
1.29086e-06
1.39028e-05
1.18283e-05
1.09151e-06
9.78908e-06
1.57277e-05
1.19232e-06
4.76595e-05
9.91958e-06
-8.25539e-06
-2.98315e-05
1.13108e-05
-3.33954e-05
-3.16078e-05
1.38797e-05
-7.74586e-06
6.28067e-06
3.81761e-07
4.08001e-05
-3.30171e-05
-2.05312e-05
3.32652e-05
-3.32631e-05
-2.85549e-07
2.09361e-05
-1.79914e-05
1.59116e-05
-2.02815e-05
2.54189e-06
-8.20677e-06
-2.06051e-06
-9.43612e-06
-1.79035e-06
-1.08208e-05
-1.90074e-06
-1.24198e-05
-2.18263e-06
-1.42982e-05
-2.61308e-06
-1.65176e-05
-3.20277e-06
-1.90351e-05
-3.82407e-06
-2.15174e-05
-4.44245e-06
-2.3805e-05
-5.18129e-06
-2.54939e-05
-6.58773e-06
2.57837e-05
9.87811e-06
-1.31175e-05
-2.25564e-05
-9.40496e-06
-3.07444e-05
1.03011e-05
-9.13219e-06
-1.6541e-05
1.97713e-05
6.28161e-06
-6.58695e-06
4.74855e-05
-3.4646e-05
1.28627e-06
4.28056e-05
4.30288e-05
8.80128e-06
1.2835e-05
-2.92719e-05
-2.04603e-06
4.65663e-05
-5.00685e-06
4.93616e-06
3.83483e-05
8.78721e-08
-1.27212e-05
-3.20761e-06
4.37607e-06
1.97497e-05
-2.13337e-05
-6.05199e-06
1.74475e-05
-4.32846e-06
1.50508e-05
-3.64729e-06
1.3048e-05
-2.98663e-06
1.13485e-05
-2.29861e-06
9.461e-06
-1.76674e-06
-9.99307e-07
1.06002e-05
-1.92914e-07
7.50874e-06
-1.35074e-06
-8.20063e-06
1.98381e-06
-1.69409e-06
-2.52473e-06
-4.19988e-05
1.12868e-06
-4.05379e-05
5.51025e-07
-3.98326e-05
4.28348e-07
-3.91045e-05
-2.39488e-07
-3.85069e-05
-1.52888e-06
-3.78909e-05
-3.58155e-06
1.93857e-05
-1.1689e-05
-1.92331e-05
-4.75724e-06
2.03598e-06
-1.6045e-06
3.14403e-06
-2.39939e-05
-2.85575e-05
9.66409e-06
-3.44856e-05
-5.11624e-06
2.9933e-05
1.16078e-05
-3.49662e-05
1.03068e-05
-3.64195e-05
8.75458e-06
-3.71644e-05
6.91701e-06
-3.75228e-05
5.00784e-06
-3.77099e-05
2.81996e-06
-3.78888e-05
5.06304e-07
-3.81938e-05
-1.75113e-06
-3.84041e-05
-3.80874e-06
-3.85022e-05
-5.39172e-06
-3.83011e-05
-6.58471e-06
-3.67018e-05
2.31309e-05
-6.72352e-06
1.47649e-05
4.4785e-05
-1.62625e-07
-1.27499e-05
6.59023e-06
2.15491e-05
1.07237e-05
-4.62473e-06
1.98517e-05
-1.85928e-05
6.08986e-06
4.84824e-07
6.76698e-06
8.66132e-07
7.37984e-06
1.08066e-06
7.99812e-06
1.18787e-06
8.57305e-06
1.16215e-06
9.0162e-06
1.07482e-06
9.39329e-06
9.64868e-07
9.71334e-06
8.59038e-07
9.9787e-06
7.60149e-07
1.0191e-05
6.67609e-07
1.03498e-05
5.84311e-07
1.04642e-05
5.12897e-07
1.05336e-05
4.5566e-07
1.05708e-05
4.07804e-07
1.05662e-05
3.74168e-07
1.05374e-05
3.42608e-07
1.04895e-05
3.22495e-07
1.0427e-05
3.10898e-07
1.03537e-05
3.05683e-07
1.02726e-05
3.05239e-07
1.01864e-05
3.08526e-07
1.00976e-05
3.14623e-07
1.00086e-05
3.23145e-07
9.92074e-06
3.33933e-07
9.83651e-06
3.4668e-07
9.75643e-06
3.59883e-07
9.68339e-06
3.76147e-07
9.61381e-06
3.93364e-07
9.55461e-06
4.0974e-07
9.49982e-06
4.29538e-07
9.45381e-06
4.47111e-07
9.41793e-06
4.69191e-07
9.39068e-06
4.91594e-07
9.37267e-06
5.1481e-07
9.36324e-06
5.38483e-07
9.3618e-06
5.62681e-07
9.36748e-06
5.87309e-07
9.37947e-06
6.12177e-07
9.39661e-06
6.37197e-07
9.41783e-06
6.63401e-07
9.44698e-06
6.93082e-07
9.49048e-06
7.24881e-07
9.52367e-06
7.50919e-07
9.54394e-06
7.80614e-07
9.5858e-06
7.88096e-07
9.62036e-06
8.12721e-07
9.6457e-06
8.2913e-07
9.66524e-06
8.43745e-07
9.68181e-06
8.54986e-07
-1.08836e-06
9.68909e-06
8.59797e-07
-1.26928e-06
1.20321e-05
-1.39956e-06
1.41009e-05
-1.47609e-06
1.58805e-05
-1.49424e-06
1.73642e-05
-1.4557e-06
1.85694e-05
-1.36184e-06
1.95175e-05
-1.2175e-06
2.02415e-05
-1.02909e-06
2.07774e-05
-8.03024e-07
2.11602e-05
-5.48341e-07
2.14222e-05
-2.78247e-07
2.15876e-05
1.38539e-08
2.16787e-05
3.0552e-07
2.1705e-05
5.89367e-07
2.16702e-05
8.6233e-07
2.15654e-05
1.10574e-06
2.13816e-05
1.31522e-06
2.11028e-05
1.47389e-06
2.06975e-05
1.5856e-06
2.01351e-05
1.64552e-06
1.94004e-05
1.64952e-06
1.84247e-05
1.58565e-06
1.72079e-05
1.48105e-06
1.57072e-05
1.32947e-06
1.39256e-05
1.11002e-06
1.187e-05
-9.52777e-06
8.62987e-07
9.55529e-06
-9.49698e-06
8.4622e-07
-9.46821e-06
8.31035e-07
-9.45982e-06
8.16389e-07
-9.43219e-06
7.84685e-07
-9.41137e-06
7.67069e-07
-9.38501e-06
7.42253e-07
-9.36973e-06
7.2548e-07
-9.35323e-06
6.93206e-07
-9.33935e-06
6.68603e-07
-9.33048e-06
6.4445e-07
-9.32529e-06
6.20184e-07
-9.32448e-06
5.97117e-07
-9.32989e-06
5.74038e-07
-9.34065e-06
5.50085e-07
-9.35796e-06
5.28287e-07
-9.38207e-06
5.05958e-07
-9.41399e-06
4.84886e-07
-9.45247e-06
4.63047e-07
-9.49922e-06
4.42732e-07
-9.55684e-06
4.24268e-07
-9.6163e-06
4.03587e-07
-9.6869e-06
3.87602e-07
-9.76291e-06
3.72013e-07
-9.84228e-06
3.55451e-07
-9.92583e-06
3.41276e-07
-1.00118e-05
3.28937e-07
-1.00955e-05
3.18605e-07
-1.01798e-05
3.12296e-07
-1.02544e-05
3.0863e-07
-1.03331e-05
3.1251e-07
-1.03826e-05
2.99692e-07
-1.04414e-05
3.11105e-07
-1.04678e-05
3.27439e-07
-1.04874e-05
3.48435e-07
-1.04908e-05
3.58269e-07
-1.0466e-05
4.19327e-07
-1.03711e-05
4.51638e-07
-1.02491e-05
5.05002e-07
-1.00708e-05
5.32318e-07
-9.6943e-06
4.77575e-07
-1.09702e-05
3.90465e-07
-8.84786e-06
1.32355e-06
-3.54683e-06
-9.56017e-06
1.05071e-06
1.77998e-06
-7.24015e-06
-9.80571e-06
-2.04637e-05
-1.00377e-05
-7.67048e-06
5.91243e-07
1.07406e-06
5.9373e-06
2.05006e-05
-6.03251e-06
-1.07073e-06
-2.98411e-05
-2.41109e-05
2.14599e-05
-1.73254e-05
-4.15805e-06
-1.83341e-05
3.24942e-06
-1.71297e-05
-4.19622e-07
1.05966e-05
1.75197e-05
-1.15602e-05
1.96194e-05
-1.42457e-05
5.31856e-06
1.51395e-05
8.69604e-06
3.51442e-07
4.82284e-05
4.40697e-07
4.74875e-05
1.39392e-05
-3.60758e-05
3.63193e-05
4.62749e-06
-3.51098e-05
1.19984e-05
-3.46952e-05
1.60749e-05
3.85575e-05
1.6044e-05
-4.08599e-05
-1.97764e-05
-3.00617e-05
1.6953e-05
-3.32076e-05
4.81354e-05
-2.30854e-07
-4.63505e-05
4.79608e-05
4.07339e-06
-5.6995e-06
1.83789e-05
-5.08148e-06
-5.48167e-06
-1.87951e-05
-2.76535e-07
-3.21137e-05
1.66784e-05
9.99604e-06
-1.73329e-05
2.24913e-05
-3.68082e-05
3.16339e-05
-3.80574e-05
4.82645e-05
7.12264e-06
1.8772e-05
-1.75176e-05
2.07987e-05
-8.48961e-06
1.87275e-05
-4.53882e-06
1.6561e-05
-3.04029e-06
1.44268e-05
-2.3369e-06
1.24408e-05
-1.86976e-06
1.07064e-05
-1.50337e-06
9.24468e-06
-1.18992e-06
7.99556e-06
-9.75752e-07
6.88134e-06
-8.31757e-07
5.79641e-06
-7.53067e-07
-7.66497e-07
4.45217e-06
-3.21597e-05
-2.26161e-06
-5.12649e-06
1.92178e-05
-7.04973e-06
-7.69362e-07
1.7273e-06
-7.5045e-06
-5.98067e-07
-8.57547e-06
-7.43266e-07
-9.91693e-06
-9.99944e-07
-1.15602e-05
-1.38187e-06
-1.34821e-05
-1.76031e-06
-1.55484e-05
-2.29357e-06
-3.25011e-06
-1.65505e-05
1.69697e-05
1.89203e-05
-3.39684e-05
2.35115e-06
3.3424e-05
-3.4727e-05
-4.66579e-08
-3.48494e-05
-1.05622e-06
-3.10798e-06
2.27997e-05
-1.63508e-05
1.27015e-05
-1.45865e-06
1.85483e-05
-1.0658e-05
4.20053e-05
2.19819e-05
-1.38928e-05
5.46024e-06
4.36118e-05
1.24662e-06
-3.36694e-07
8.20366e-06
-3.40184e-05
5.32814e-07
-3.36745e-05
1.95776e-07
-3.33311e-05
7.49627e-08
-3.30986e-05
-4.80349e-07
-3.32225e-05
-1.41181e-06
-3.35735e-05
-3.23582e-06
-3.35431e-05
-6.61879e-06
-1.04647e-05
1.24159e-05
-1.75726e-05
4.61658e-06
6.66408e-07
-4.27645e-06
6.37125e-06
8.28444e-07
-2.66119e-06
5.61314e-06
3.40505e-07
5.94833e-06
5.1619e-07
-9.28059e-07
6.87505e-06
7.69371e-07
7.17313e-06
6.58037e-07
7.80262e-06
5.91531e-07
7.71155e-06
3.72687e-07
7.7762e-06
2.99816e-07
7.88497e-06
3.05379e-07
7.9727e-06
2.9337e-07
8.01416e-06
2.80332e-07
8.03701e-06
2.6058e-07
8.01377e-06
2.39611e-07
7.98442e-06
2.30038e-07
7.93541e-06
2.22958e-07
7.86978e-06
2.17814e-07
7.78947e-06
2.16179e-07
7.71429e-06
2.19479e-07
7.62922e-06
2.21846e-07
7.54044e-06
2.26276e-07
7.45046e-06
2.31512e-07
7.36215e-06
2.38611e-07
7.27681e-06
2.47038e-07
7.19633e-06
2.56018e-07
7.12225e-06
2.66385e-07
7.05328e-06
2.77514e-07
6.99068e-06
2.88069e-07
6.93757e-06
3.00376e-07
6.89102e-06
3.13385e-07
6.85285e-06
3.26346e-07
6.82349e-06
3.40084e-07
6.80116e-06
3.5443e-07
6.78596e-06
3.69337e-07
6.77699e-06
3.83826e-07
6.77457e-06
3.99321e-07
6.77681e-06
4.14914e-07
6.78322e-06
4.30209e-07
6.79363e-06
4.46119e-07
6.80724e-06
4.61988e-07
6.8234e-06
4.78268e-07
6.84819e-06
4.95416e-07
6.86775e-06
5.10577e-07
6.88565e-06
5.29971e-07
6.9025e-06
5.41603e-07
6.93123e-06
5.54267e-07
6.9545e-06
5.67429e-07
6.97623e-06
5.77989e-07
7.00141e-06
5.85702e-07
-3.67436e-05
1.95918e-05
-2.31521e-05
-3.09215e-05
-1.08763e-06
8.61611e-07
9.68988e-06
-1.26817e-06
1.2031e-05
-1.39937e-06
1.41017e-05
-1.47684e-06
1.58844e-05
-1.49847e-06
1.73728e-05
-1.46416e-06
1.85838e-05
-1.3751e-06
1.95381e-05
-1.23451e-06
2.02687e-05
-1.04798e-06
2.08114e-05
-8.22405e-07
2.12009e-05
-5.64987e-07
2.14682e-05
-2.8783e-07
2.16411e-05
3.75751e-09
2.17343e-05
2.99994e-07
2.17611e-05
5.91814e-07
2.17243e-05
8.66788e-07
2.16189e-05
1.11296e-06
2.1436e-05
1.32417e-06
2.11542e-05
1.48837e-06
2.0749e-05
1.596e-06
2.01899e-05
1.6631e-06
1.94381e-05
1.6642e-06
1.84682e-05
1.61547e-06
1.72406e-05
1.49386e-06
1.57534e-05
1.33052e-06
1.39575e-05
1.11727e-06
1.19019e-05
8.71064e-07
9.5778e-06
5.93942e-07
7.02163e-06
-2.11612e-05
-1.93756e-06
9.9249e-06
-8.90568e-06
-3.55086e-05
1.0186e-05
-3.52313e-05
9.1629e-06
-3.54007e-05
7.52923e-06
-3.55349e-05
5.65712e-06
-3.56547e-05
3.71594e-06
-3.57724e-05
1.67279e-06
-3.58489e-05
-5.9145e-07
-3.59326e-05
-2.971e-06
-3.60274e-05
-5.28787e-06
-3.6188e-05
-7.78437e-06
-3.58071e-05
-9.1555e-06
-3.53332e-05
-9.57951e-06
-3.31216e-05
-3.74346e-05
2.46831e-06
-2.99101e-05
1.86742e-06
-9.39911e-06
-3.22758e-05
-2.7555e-06
-5.63418e-06
-3.55511e-05
4.5771e-06
3.30703e-07
-4.57822e-06
4.70771e-06
2.98795e-07
5.05877e-06
4.54883e-07
5.52816e-06
5.45959e-07
6.01771e-06
6.26034e-07
6.46373e-06
6.36897e-07
6.8435e-06
6.0898e-07
7.16894e-06
5.46873e-07
7.44049e-06
4.87887e-07
7.66102e-06
4.3332e-07
7.83088e-06
3.8482e-07
7.95351e-06
3.4202e-07
8.03111e-06
3.08996e-07
8.07215e-06
2.81753e-07
8.08034e-06
2.60257e-07
8.06375e-06
2.45062e-07
8.02227e-06
2.3222e-07
7.96133e-06
2.25809e-07
7.88861e-06
2.20641e-07
7.80692e-06
2.19645e-07
7.71931e-06
2.21126e-07
7.62819e-06
2.24663e-07
7.53595e-06
2.29284e-07
7.44419e-06
2.35396e-07
7.35511e-06
2.42367e-07
7.26985e-06
2.50674e-07
7.18888e-06
2.59595e-07
7.11456e-06
2.69573e-07
7.04742e-06
2.80318e-07
6.98626e-06
2.91658e-07
6.93449e-06
3.03165e-07
6.8885e-06
3.16116e-07
6.85277e-06
3.28914e-07
6.82559e-06
3.43404e-07
6.80688e-06
3.58276e-07
6.79609e-06
3.73532e-07
6.79263e-06
3.89208e-07
6.79585e-06
4.05185e-07
6.80481e-06
4.21432e-07
6.8186e-06
4.37907e-07
6.83688e-06
4.5515e-07
6.86138e-06
4.73395e-07
6.8924e-06
4.92693e-07
6.9248e-06
5.10755e-07
6.96259e-06
5.27978e-07
6.98843e-06
5.40149e-07
7.01774e-06
5.54086e-07
7.044e-06
5.6641e-07
7.06692e-06
5.77688e-07
7.08542e-06
5.87241e-07
7.09962e-06
5.90936e-07
7.10772e-06
5.94254e-07
4.23896e-05
5.83445e-06
1.52561e-05
-3.93513e-05
-2.01894e-07
4.81845e-05
1.30359e-07
4.71803e-05
-1.52233e-05
6.59634e-06
9.60251e-06
1.65709e-05
-5.07704e-06
-1.8067e-05
4.99648e-06
-1.56083e-05
2.65782e-05
-1.99895e-05
-4.3415e-05
-2.5697e-05
-2.69881e-05
-2.92312e-06
2.74111e-06
-1.03327e-08
1.46283e-07
-3.12962e-05
-3.64716e-06
-2.22059e-07
2.73658e-06
-4.3056e-06
-1.70219e-07
-4.82089e-06
-1.37605e-07
-5.44359e-06
-1.69852e-07
-6.2591e-06
-2.28339e-07
-7.34979e-06
-3.30186e-07
-8.68521e-06
-4.59695e-07
-1.03884e-05
-6.21619e-07
-9.65491e-07
2.44976e-05
-2.43714e-06
-2.5181e-05
-2.14462e-05
1.98625e-05
-2.61962e-05
-1.68034e-06
-2.38808e-05
1.49734e-08
-2.40018e-05
5.75956e-08
-5.7499e-07
-3.60357e-06
-1.3282e-07
1.50852e-05
-4.3152e-06
1.27105e-05
-2.18802e-06
1.08008e-05
-1.15636e-06
9.18188e-06
-7.46809e-07
7.81232e-06
-5.32561e-07
6.66289e-06
-3.90121e-07
5.72077e-06
-2.87948e-07
4.92773e-06
-2.26702e-07
4.23793e-06
-1.89001e-07
-1.67679e-07
-1.76591e-05
1.76758e-05
8.42268e-06
4.81782e-05
-4.28085e-05
1.30181e-05
2.19211e-05
-3.56926e-05
2.72132e-06
1.1925e-07
-2.74607e-06
2.79158e-06
1.23613e-07
-2.523e-07
3.1852e-06
2.05763e-07
3.70516e-06
2.31158e-07
3.78031e-06
1.82483e-07
3.99718e-06
2.13293e-07
4.41703e-06
2.58927e-07
4.7368e-06
2.40594e-07
5.00939e-06
2.14429e-07
5.10539e-06
1.65911e-07
5.14909e-06
1.39598e-07
5.19592e-06
1.36421e-07
5.22668e-06
1.34608e-07
5.24033e-06
1.3254e-07
5.23037e-06
1.3018e-07
5.19708e-06
1.26449e-07
5.15057e-06
1.24171e-07
5.09113e-06
1.24203e-07
5.02137e-06
1.23788e-07
4.94347e-06
1.25061e-07
4.86277e-06
1.26544e-07
4.77831e-06
1.28735e-07
4.69319e-06
1.30586e-07
4.60814e-06
1.33182e-07
4.52532e-06
1.36202e-07
4.44632e-06
1.3951e-07
4.37164e-06
1.43319e-07
4.30287e-06
1.47444e-07
4.24084e-06
1.51946e-07
4.18521e-06
1.56486e-07
4.13735e-06
1.61608e-07
4.09791e-06
1.66707e-07
4.06593e-06
1.72575e-07
4.04193e-06
1.78398e-07
4.02553e-06
1.84797e-07
4.01644e-06
1.91425e-07
4.01328e-06
1.98246e-07
4.01612e-06
2.05166e-07
4.0239e-06
2.1239e-07
4.03545e-06
2.19645e-07
4.0504e-06
2.27087e-07
4.06797e-06
2.34518e-07
4.08764e-06
2.42246e-07
4.10987e-06
2.4971e-07
4.13186e-06
2.57542e-07
4.15795e-06
2.64937e-07
4.18001e-06
2.72673e-07
4.20204e-06
2.77765e-07
4.22349e-06
2.84162e-07
4.24426e-06
2.88702e-07
4.26216e-06
2.93214e-07
4.27969e-06
2.96685e-07
-2.33383e-05
5.35829e-07
-2.31515e-05
3.32348e-07
-2.32866e-05
3.19059e-07
-2.31097e-05
-1.12062e-07
-2.327e-05
-3.28417e-07
-2.39575e-05
-7.30886e-07
-2.5312e-05
-1.88632e-06
-2.75589e-05
-4.37553e-06
-2.83806e-05
-1.51272e-05
4.92498e-06
4.73467e-05
1.06492e-06
-2.86038e-05
-2.93246e-05
4.91652e-05
3.99874e-06
-3.34659e-07
4.82252e-05
-1.55913e-05
7.01587e-06
-6.62528e-06
-2.52225e-05
2.21071e-06
2.54709e-05
-2.37357e-05
3.73462e-07
-2.54914e-05
-1.00496e-06
-7.93652e-07
-1.78165e-05
2.29906e-05
1.31682e-05
-2.95262e-05
-1.91949e-05
1.04197e-05
-3.2762e-05
8.74882e-06
-3.35624e-05
7.2942e-06
-3.39482e-05
5.90459e-06
-3.41474e-05
4.53197e-06
-3.4284e-05
3.07203e-06
-3.43142e-05
1.53927e-06
-3.43177e-05
-1.89897e-07
-3.42045e-05
-2.20344e-06
-3.40149e-05
-4.73685e-06
-3.36556e-05
-7.28048e-06
-3.32644e-05
-1.02303e-05
-3.23842e-05
-1.1896e-05
-3.14568e-05
-3.01693e-05
-1.01081e-05
1.07205e-05
-8.51831e-06
8.52152e-06
-8.60093e-07
5.94873e-07
7.11013e-06
-1.08877e-06
9.6902e-06
-1.27114e-06
1.2029e-05
-1.4059e-06
1.41038e-05
-1.48467e-06
1.58878e-05
-1.51111e-06
1.73851e-05
-1.47919e-06
1.86001e-05
-1.39293e-06
1.95618e-05
-1.25324e-06
2.02977e-05
-1.06748e-06
2.08477e-05
-8.40979e-07
2.12426e-05
-5.82913e-07
2.15161e-05
-3.00186e-07
2.16918e-05
-4.08714e-09
2.17885e-05
2.97485e-07
2.18151e-05
5.92137e-07
2.17787e-05
8.67445e-07
2.16751e-05
1.11757e-06
2.14893e-05
1.33085e-06
2.12058e-05
1.49964e-06
2.07978e-05
1.61786e-06
2.02354e-05
1.67646e-06
1.9485e-05
1.67691e-06
1.85124e-05
1.61399e-06
1.72869e-05
1.50899e-06
1.57814e-05
1.3358e-06
1.39972e-05
1.1271e-06
1.19265e-05
8.75768e-07
9.60207e-06
5.96769e-07
7.03991e-06
2.98786e-07
4.29382e-06
2.91111e-06
1.08533e-07
3.02634e-06
1.22913e-07
3.25269e-06
1.624e-07
3.53864e-06
1.88689e-07
3.86843e-06
2.18259e-07
4.17903e-06
2.42048e-07
4.46435e-06
2.33568e-07
4.70282e-06
2.118e-07
4.89679e-06
1.90559e-07
5.0464e-06
1.73707e-07
5.15425e-06
1.60185e-07
5.22332e-06
1.49433e-07
5.26052e-06
1.41631e-07
5.26961e-06
1.35933e-07
5.25466e-06
1.31817e-07
5.21996e-06
1.29786e-07
5.16838e-06
1.27355e-07
5.10391e-06
1.27788e-07
5.02933e-06
1.27221e-07
4.94793e-06
1.28129e-07
4.86246e-06
1.29461e-07
4.77509e-06
1.3133e-07
4.68743e-06
1.33444e-07
4.60121e-06
1.35876e-07
4.51772e-06
1.3859e-07
4.43842e-06
1.41665e-07
4.3641e-06
1.45074e-07
4.2957e-06
1.48967e-07
4.23406e-06
1.53119e-07
4.17984e-06
1.57431e-07
4.13287e-06
1.62217e-07
4.09423e-06
1.67399e-07
4.06306e-06
1.73104e-07
4.04059e-06
1.78948e-07
4.0259e-06
1.85512e-07
4.01872e-06
1.92094e-07
4.01829e-06
1.9914e-07
4.02407e-06
2.06177e-07
4.0348e-06
2.13948e-07
4.05026e-06
2.21358e-07
4.06935e-06
2.29776e-07
4.09287e-06
2.37612e-07
4.11989e-06
2.46734e-07
4.1499e-06
2.54479e-07
4.18064e-06
2.63207e-07
4.20911e-06
2.69635e-07
4.23599e-06
2.77103e-07
4.2615e-06
2.82996e-07
4.28458e-06
2.89365e-07
4.30579e-06
2.94123e-07
4.32102e-06
2.97938e-07
4.33211e-06
3.00487e-07
3.01754e-07
4.33883e-06
-4.23946e-05
1.93571e-05
4.88916e-05
-1.94127e-05
-1.43433e-06
1.43943e-06
-1.42743e-06
4.06674e-06
8.43918e-06
1.44253e-06
8.80253e-07
-1.13074e-06
-5.99148e-07
3.00803e-07
1.34695e-06
-1.51351e-06
1.63014e-06
-1.68624e-06
1.68489e-06
-1.624e-06
1.50647e-06
-1.33673e-06
1.12125e-06
-8.69155e-07
5.89452e-07
-2.94067e-07
-7.49395e-09
3.07483e-07
-5.9269e-07
8.54007e-07
-1.08158e-06
1.26854e-06
-1.40682e-06
1.49358e-06
-1.52235e-06
1.49579e-06
-1.41248e-06
1.27827e-06
-1.09158e-06
8.61873e-07
1.45162e-06
-1.44602e-06
1.45464e-06
-5.95048e-07
3.03182e-07
1.43792e-06
-1.42739e-06
1.41446e-06
-1.4002e-06
1.38373e-06
-1.36642e-06
1.34727e-06
-1.32867e-06
1.31012e-06
-1.29358e-06
1.27846e-06
-1.26613e-06
1.2565e-06
-1.25077e-06
1.24901e-06
-1.25213e-06
1.2604e-06
-1.27438e-06
1.29389e-06
-1.31915e-06
1.34977e-06
-1.38537e-06
1.42541e-06
-1.46959e-06
1.5173e-06
-1.56767e-06
1.61992e-06
-1.6732e-06
1.72659e-06
-1.77908e-06
1.8297e-06
-1.87725e-06
1.92075e-06
-1.95807e-06
1.98962e-06
-2.01209e-06
2.02578e-06
-2.02863e-06
2.01924e-06
-1.99552e-06
1.95445e-06
-1.89313e-06
1.80843e-06
-1.69596e-06
1.55612e-06
-1.40291e-06
1.26864e-06
-1.15808e-06
1.06785e-06
-1.01167e-06
9.63889e-07
-1.03049e-06
1.21734e-06
-1.43768e-06
1.67658e-06
-1.94951e-06
2.27929e-06
-2.70668e-06
3.27187e-06
-4.04689e-06
5.22771e-06
-7.43845e-06
1.17758e-05
-1.00438e-05
9.52392e-06
-9.20506e-06
8.89812e-06
-9.02057e-06
9.35707e-06
-1.00941e-05
1.19847e-05
4.70014e-06
6.02008e-06
-7.21654e-06
4.22881e-06
-2.29051e-06
7.28239e-07
3.57928e-07
-1.15599e-06
1.72535e-06
-2.13823e-06
2.44716e-06
-2.76069e-06
3.16979e-06
-3.84731e-06
4.94953e-06
-6.60897e-06
1.24786e-05
1.51226e-05
-2.45146e-05
-6.4737e-06
-3.14403e-06
-9.27645e-06
1.20768e-05
2.12065e-06
-1.12799e-05
1.02701e-05
-1.06367e-05
1.28367e-05
-1.0386e-05
9.79673e-06
-9.83884e-06
9.8358e-06
-8.13535e-06
6.17593e-06
-4.69332e-06
3.7013e-06
-3.04976e-06
2.55601e-06
-2.1868e-06
1.91391e-06
-1.69374e-06
1.50047e-06
-1.27094e-06
9.9154e-07
-9.02854e-07
9.62536e-07
3.42265e-08
-1.01877e-06
1.15029e-06
-1.29984e-06
1.39446e-06
-1.51644e-06
1.68068e-06
-1.82103e-06
1.92893e-06
-1.9821e-06
2.00315e-06
-2.01549e-06
2.02016e-06
-2.01645e-06
2.00398e-06
-1.9816e-06
1.951e-06
-1.91458e-06
1.87208e-06
-1.82555e-06
1.77571e-06
-1.72392e-06
1.67058e-06
-1.61715e-06
1.56468e-06
-1.51408e-06
1.46629e-06
-1.42198e-06
1.38198e-06
-1.34658e-06
1.3166e-06
-1.29198e-06
1.27335e-06
-1.26026e-06
1.25279e-06
-1.25058e-06
1.25311e-06
-1.25963e-06
1.26969e-06
-1.28245e-06
1.29732e-06
-1.31339e-06
1.33023e-06
-1.34705e-06
1.36381e-06
-1.37982e-06
1.39524e-06
-1.40763e-06
1.41879e-06
-5.77821e-06
-2.73994e-06
-2.07912e-06
4.42647e-07
5.18367e-05
-2.92363e-05
-3.1404e-05
-4.85806e-05
-1.49693e-06
2.73992e-06
-3.00674e-07
-3.22527e-07
-4.80135e-08
-4.44547e-08
-1.66927e-06
1.19529e-05
5.33139e-05
-1.85703e-06
-2.2451e-05
2.14382e-05
-1.79574e-05
-2.10823e-05
-1.62404e-05
-1.72653e-05
2.24843e-05
-1.82203e-05
-2.24841e-05
-1.6264e-05
-1.72832e-05
2.33492e-05
-1.84294e-05
-2.31665e-05
-1.62349e-05
-1.71192e-05
2.3753e-05
-2.33668e-05
2.6709e-05
6.43185e-06
)
;

boundaryField
{
    wall
    {
        type            calculated;
        value           uniform 0;
    }
    outlet
    {
        type            calculated;
        value           nonuniform List<scalar> 
33
(
9.6232e-06
4.30542e-06
7.05764e-06
1.40287e-05
1.19567e-05
1.73258e-05
1.58201e-05
1.953e-05
1.85556e-05
2.08468e-05
2.02825e-05
2.15425e-05
2.12566e-05
2.18347e-05
2.17293e-05
2.18409e-05
2.18714e-05
2.15624e-05
2.1742e-05
2.08837e-05
2.12847e-05
1.95849e-05
2.03287e-05
1.73966e-05
1.8619e-05
1.41038e-05
1.58946e-05
9.68934e-06
1.20296e-05
4.34176e-06
7.11178e-06
1.4448e-06
1.4565e-06
)
;
    }
    inlet
    {
        type            calculated;
        value           nonuniform List<scalar> 
30
(
-2.01974e-05
-1.34175e-05
-1.83408e-05
-2.3727e-05
-3.57543e-06
-1.33567e-05
-2.84688e-05
-2.59235e-05
-3.17016e-05
-3.04454e-05
-3.32165e-05
-3.2569e-05
-3.39047e-05
-3.36349e-05
-3.39704e-05
-3.40052e-05
-3.32706e-05
-3.37382e-05
-3.11024e-05
-3.24601e-05
-2.84625e-05
-8.62002e-06
-8.32361e-06
-3.322e-06
-1.19619e-06
-1.28193e-06
-2.74494e-07
-2.56196e-07
-4.44504e-08
-4.80096e-08
)
;
    }
    frontAndBackPlanes
    {
        type            empty;
        value           nonuniform List<scalar> 0();
    }
}


// ************************************************************************* //
