/*--------------------------------*- C++ -*----------------------------------*\
| =========                 |                                                 |
| \\      /  F ield         | OpenFOAM: The Open Source CFD Toolbox           |
|  \\    /   O peration     | Version:  2212                                  |
|   \\  /    A nd           | Website:  www.openfoam.com                      |
|    \\/     M anipulation  |                                                 |
\*---------------------------------------------------------------------------*/
FoamFile
{
    version     2.0;
    format      ascii;
    arch        "LSB;label=32;scalar=64";
    class       volVectorField;
    location    "0.0299";
    object      U;
}
// * * * * * * * * * * * * * * * * * * * * * * * * * * * * * * * * * * * * * //

dimensions      [0 1 -1 0 0 0 0];

internalField   nonuniform List<vector> 
2308
(
(23.1883 -4.21571 -7.44012e-16)
(-11.0693 -13.0538 0)
(0.277122 -7.76219 6.15935e-17)
(-22.4523 -47.3047 -2.29749e-16)
(-4.4615 68.3943 0)
(-17.9701 67.6198 -1.12207e-18)
(17.8999 66.3399 1.83534e-19)
(18.3105 55.9556 -3.33589e-16)
(1.2429 62.2773 6.1659e-16)
(4.46579 48.6341 -6.76694e-17)
(5.37922 59.0244 1.22002e-16)
(2.16703 71.8695 -1.84378e-16)
(2.61806 80.448 9.09432e-17)
(1.83065 90.7778 -4.71909e-17)
(1.70516 97.4809 7.95982e-18)
(1.09216 100.297 6.59016e-17)
(0.394685 101.666 8.79282e-18)
(1.93155 103.473 2.10417e-17)
(1.66057 102.736 2.75489e-17)
(1.39871 101.48 2.05065e-18)
(0.830713 98.3307 1.58181e-17)
(0.376305 91.4032 -4.52292e-17)
(-2.01793 81.0974 5.79477e-17)
(-1.10644 71.5681 -2.59373e-17)
(-3.22066 61.9575 -1.11531e-16)
(-5.33302 51.2262 -5.23962e-17)
(-2.14407 40.6575 2.6317e-17)
(-2.12082 31.1869 -2.86142e-17)
(10.6926 78.5825 0)
(-0.231514 102.177 -1.94084e-16)
(-1.70308 22.6823 1.50275e-18)
(-1.38253 16.1094 3.79452e-19)
(-1.15842 11.1438 -6.39353e-18)
(-1.0793 7.39137 5.97587e-18)
(-1.09727 4.52266 -6.24597e-18)
(-1.19115 2.43231 5.81479e-18)
(-1.33042 0.910774 -2.85403e-18)
(-1.46173 -0.209459 2.81989e-18)
(-1.55606 -0.99556 -2.76755e-18)
(-1.62615 -1.57129 1.36863e-18)
(-1.64758 -2.02514 2.68959e-18)
(-1.60902 -2.3785 3.97305e-18)
(-1.49478 -2.59952 -7.83704e-18)
(-1.29714 -2.65065 5.15576e-18)
(-1.01621 -2.55484 2.53255e-18)
(-0.487466 -2.14373 -2.54518e-18)
(-0.71533 -2.41038 2.57484e-18)
(-0.858702 -2.48579 -3.92049e-18)
(-0.914147 -2.37727 -4.31628e-18)
(-0.88206 -2.11677 6.73019e-18)
(-0.754368 -1.74201 -1.36701e-18)
(-0.51397 -1.24091 2.786e-18)
(-0.158467 -0.557973 7.14322e-19)
(0.344441 0.457956 -4.29547e-18)
(0.972597 1.91354 -1.46033e-18)
(1.72044 3.93156 2.95084e-18)
(2.62272 6.6745 0)
(3.67113 10.2101 -3.77256e-19)
(4.84297 14.7047 -1.26091e-17)
(6.20762 20.5379 -4.40423e-17)
(7.57148 28.5391 5.25946e-17)
(8.29816 36.0413 5.50828e-17)
(11.7815 42.7976 6.41457e-17)
(11.1257 51.6912 -1.91396e-20)
(11.4774 59.3446 7.32341e-17)
(9.23663 67.5959 -1.38108e-16)
(5.58239 75.7928 -3.19527e-17)
(3.28954 84.685 0)
(2.03018 91.3129 0)
(0.117463 94.3398 0)
(-2.06408 95.6633 0)
(-0.635983 -2.3714 -1.24942e-18)
(-0.142991 -1.74544 1.25338e-18)
(3.35602 97.5682 -9.75459e-17)
(1.47462 95.7694 -1.96944e-18)
(-0.484593 92.7349 7.61713e-18)
(-2.23799 86.0136 0)
(-5.41831 76.2198 -1.41989e-17)
(-7.77057 67.3941 -1.38364e-17)
(-10.1053 57.6589 6.79905e-18)
(-11.9544 48.0332 2.70067e-17)
(-11.492 38.396 0)
(-10.5795 29.2549 5.84461e-20)
(-9.27691 21.5778 4.79598e-20)
(-7.67405 15.3166 -6.12474e-18)
(-6.16144 10.5349 9.06544e-18)
(-4.94535 6.98326 -1.85009e-20)
(-4.06998 4.29628 -5.16484e-18)
(-3.47683 2.33585 0)
(-3.0874 0.889993 -7.15201e-19)
(-2.8192 -0.184426 4.22141e-18)
(-2.64197 -0.949304 -5.54778e-18)
(-2.51834 -1.53064 4.15558e-21)
(-2.40043 -2.01275 5.38541e-18)
(-2.26757 -2.41734 0)
(-2.09745 -2.70935 5.22202e-18)
(-1.88437 -2.83637 -1.96836e-21)
(-1.64219 -2.81442 -2.53739e-18)
(2.68547 102.793 -8.57894e-17)
(-1.41305 -2.69702 -2.49416e-18)
(-0.6443 101.34 8.73107e-17)
(-3.72171 96.622 -3.13496e-20)
(0.435228 -1.54784 -2.51172e-18)
(0.236926 -1.95959 3.18395e-18)
(0.092836 -2.27023 0)
(-0.00394171 -2.4231 -9.86986e-19)
(-0.0304556 -2.41361 2.33007e-18)
(0.0386577 -2.27187 2.70906e-18)
(0.231576 -2.03764 -2.74767e-18)
(0.581851 -1.69618 0)
(1.11576 -1.19314 -7.0761e-19)
(1.87184 -0.360326 1.44027e-18)
(2.90933 0.903126 2.12762e-21)
(4.20281 2.66443 -1.48215e-18)
(5.82615 5.0823 0)
(7.8182 8.16501 2.29324e-18)
(10.1407 11.9345 -9.23137e-18)
(12.6512 16.5928 -6.26336e-18)
(14.86 22.4324 2.57875e-17)
(16.7799 28.7533 9.70198e-17)
(18.3724 34.7846 7.38752e-18)
(17.836 42.0276 7.12941e-17)
(16.1669 48.9008 -3.26931e-17)
(12.8754 56.1214 0)
(8.61071 63.4497 0)
(4.38995 71.2746 0)
(1.76281 77.8853 1.12799e-16)
(-1.24194 80.841 -1.33061e-16)
(-4.68631 82.5369 1.36818e-16)
(24.2464 41.83 -2.68544e-16)
(-26.3414 51.9146 0)
(-17.017 73.5551 0)
(-21.0085 63.7383 0)
(7.98844 85.3499 1.9908e-16)
(5.1858 84.7192 5.56289e-17)
(1.55954 83.0786 -1.67492e-20)
(-1.95649 80.2618 -9.2562e-19)
(-5.15317 73.5374 9.01348e-19)
(-9.56235 64.6245 7.08083e-18)
(-13.6712 56.4097 -1.39401e-17)
(-17.0988 47.8426 -4.57505e-20)
(-19.5291 39.5959 0)
(-19.5855 31.5593 2.93417e-17)
(-18.3802 23.9808 1.90922e-17)
(-16.09 17.6283 -3.10633e-18)
(-13.2825 12.4954 3.07222e-18)
(-10.6849 8.55363 0)
(-8.52208 5.56962 0)
(-6.90578 3.30178 -3.69034e-19)
(-5.722 1.65082 0)
(-4.83449 0.417591 2.14963e-18)
(-4.20126 -0.499129 -2.07949e-21)
(-3.75379 -1.14784 -1.39299e-18)
(-3.42442 -1.66588 0)
(-3.15867 -2.11985 -1.34965e-18)
(-2.90698 -2.52424 1.99402e-18)
(-2.65869 -2.84037 -3.2743e-18)
(-2.40694 -3.00415 0)
(-2.17117 -2.99005 -5.06812e-18)
(-2.0019 -2.79821 1.24645e-18)
(-2.00444 -2.49043 -3.63709e-21)
(-1.28172 -2.69219 0)
(-0.150053 -2.31949 -6.14584e-19)
(0.398872 -1.19326 -1.99706e-18)
(13.1048 61.2244 2.91729e-16)
(0.730778 -0.840378 1.54352e-19)
(28.7114 27.3618 -8.48338e-16)
(33.4731 5.75867 -1.96022e-16)
(-4.4221 97.1239 0)
(17.979 40.8729 2.86314e-16)
(1.86051 71.5128 -5.82423e-16)
(4.04192 100.671 3.60026e-17)
(-7.63006 84.0246 -2.08619e-16)
(-2.39768 -2.79313 -1.21175e-18)
(-1.40379 -3.25202 -1.2097e-18)
(0.530187 -2.89255 -1.51262e-19)
(1.31734 -1.57673 2.42607e-18)
(1.29524 -1.67395 1.51944e-19)
(1.925 -2.42453 0)
(1.66295 -1.05169 1.23596e-18)
(1.52027 -1.53015 2.51962e-18)
(1.39092 -1.80513 -6.34595e-19)
(1.28296 -2.09454 -2.5963e-18)
(1.18973 -2.31103 -2.96903e-18)
(1.15447 -2.41395 4.01522e-18)
(1.21785 -2.4153 1.36144e-18)
(1.42402 -2.34228 -2.76848e-18)
(1.81024 -2.19577 2.10698e-18)
(2.41823 -1.93248 -6.22759e-19)
(3.30913 -1.43614 0)
(4.58382 -0.522294 0)
(6.2746 0.886837 0)
(8.43115 2.80893 3.03251e-18)
(11.107 5.22835 -1.53811e-18)
(14.3017 8.04233 1.04397e-20)
(17.8216 11.2604 -1.27452e-17)
(21.0941 15.0165 0)
(23.6132 19.3838 -1.37497e-17)
(24.8165 23.7835 1.44454e-17)
(23.8355 28.8173 3.0025e-17)
(21.1304 34.1649 1.55523e-17)
(16.6955 39.9921 6.24329e-17)
(11.2708 46.0266 -6.31081e-17)
(5.56586 52.3812 0)
(1.28752 58.3667 1.59327e-17)
(-2.94913 61.9218 -3.23688e-17)
(-7.68183 64.0551 -6.63355e-17)
(14.0773 77.4648 3.26997e-17)
(12.0442 4.08589 0)
(-9.35795 71.3657 1.83136e-19)
(25.9523 40.0148 3.68168e-16)
(24.9047 44.5274 -7.77547e-17)
(23.22 50.7252 8.7528e-17)
(21.0899 55.9438 -1.63123e-17)
(18.0067 60.6713 3.20025e-17)
(14.3068 63.8802 -1.52851e-17)
(10.2077 66.8441 0)
(5.75122 66.859 -1.45431e-17)
(1.00557 65.1433 -1.45773e-17)
(-3.59976 62.0854 0)
(-8.19434 55.7937 0)
(-13.7567 48.1256 8.84197e-19)
(-19.0869 41.007 -7.73938e-18)
(-23.3375 33.9455 0)
(-26.0567 27.4667 0)
(-26.2751 21.5287 -9.8986e-18)
(-24.5355 16.2172 -6.39423e-18)
(-21.3338 11.8827 1.25597e-17)
(-17.6196 8.39042 3.09387e-18)
(-14.2485 5.58035 7.62072e-19)
(-11.473 3.40033 3.00381e-18)
(-9.34874 1.72994 -3.34162e-18)
(-7.7179 0.466229 0)
(-6.44925 -0.457701 -1.43963e-18)
(-5.5268 -1.09631 0)
(-4.84533 -1.56006 0)
(-4.3302 -1.9535 0)
(-3.92823 -2.33662 -5.41986e-18)
(-3.57776 -2.70852 0)
(-3.27341 -3.00942 -2.94932e-18)
(-2.99596 -3.16869 4.83811e-19)
(-2.77253 -3.13892 9.99513e-18)
(-2.61798 -2.90522 0)
(-2.57743 -2.39077 -4.90056e-18)
(-2.7763 -2.85901 7.54493e-20)
(-5.65453 -10.4677 0)
(23.5537 34.5724 4.65428e-16)
(-18.028 -12.0589 8.19354e-16)
(-16.7381 -51.3207 0)
(2.37293 -18.3407 -2.6988e-16)
(31.6849 15.1785 9.75339e-16)
(-9.36066 85.7155 -3.28624e-19)
(9.08632 89.8372 6.92001e-17)
(3.52284 -3.17614 -1.52385e-19)
(3.13629 -1.32547 -1.24311e-18)
(2.99066 -1.60074 1.2607e-18)
(2.84982 -1.69877 0)
(2.72163 -1.92527 0)
(2.60252 -2.16439 1.65401e-19)
(2.54052 -2.36567 -6.72068e-19)
(2.57915 -2.5176 -2.39114e-18)
(2.76956 -2.6317 1.73114e-19)
(3.15836 -2.70937 -3.6319e-19)
(3.79056 -2.72184 -4.39667e-19)
(4.73691 -2.5682 2.00084e-18)
(6.07386 -2.10533 1.88075e-19)
(7.91232 -1.22463 -1.49843e-18)
(10.3248 0.116577 0)
(13.3617 1.78005 6.18482e-18)
(17.033 3.53394 3.54135e-21)
(21.1704 5.24186 3.2177e-17)
(25.2489 6.88939 -2.63737e-17)
(28.4088 8.77899 0)
(29.7472 10.9195 2.82783e-17)
(28.5204 13.5409 -8.80361e-17)
(25.0999 17.0439 4.53252e-17)
(19.9892 20.9781 6.06309e-17)
(13.8209 25.4426 -5.3211e-19)
(7.06121 30.2603 -6.20969e-17)
(1.05356 35.2436 6.24283e-17)
(-4.37435 39.0243 6.33529e-17)
(-9.93977 41.5559 -6.43378e-17)
(-12.1472 66.5816 -1.32981e-16)
(10.9466 44.3082 1.7674e-18)
(34.7478 -14.9053 2.92864e-19)
(31.0621 24.777 -6.50013e-17)
(29.7926 28.0015 -8.50157e-18)
(27.6693 32.254 -2.49516e-17)
(24.776 36.501 -8.06043e-18)
(20.9096 40.1833 0)
(16.3515 42.9198 1.52568e-17)
(11.2473 44.6083 -7.43862e-18)
(5.70504 44.5704 -7.32694e-18)
(-0.150697 42.8322 3.62649e-18)
(-5.9657 39.6491 3.5953e-18)
(-11.8496 34.285 7.10478e-18)
(-18.3613 28.2424 0)
(-24.2993 22.6273 6.9005e-18)
(-28.7975 17.5018 -6.65119e-18)
(-31.2804 13.3726 -1.03733e-19)
(-31.0357 10.0152 -1.96624e-17)
(-28.4999 7.44388 1.61e-18)
(-24.5226 5.47774 -7.90744e-18)
(-20.3051 3.77154 0)
(-16.6047 2.19885 -2.4873e-18)
(-13.6054 0.859575 1.90117e-19)
(-11.2206 -0.222464 3.34988e-18)
(-9.32667 -1.03989 0)
(-7.85781 -1.58095 0)
(-6.73397 -1.91868 -8.88631e-20)
(-5.87061 -2.15641 -2.71628e-18)
(-5.20008 -2.37728 2.7637e-18)
(-4.68247 -2.64425 3.39803e-18)
(-4.26406 -2.93045 -6.68258e-19)
(-3.93603 -3.16056 1.97282e-18)
(-3.6792 -3.27222 -6.45695e-19)
(-3.50225 -3.1996 -5.09291e-18)
(-3.38397 -2.96421 4.9973e-18)
(-3.29158 -2.43129 1.10526e-17)
(-3.29072 -3.21736 4.81044e-18)
(-2.55338 1.48625 0)
(-2.36244 1.14649 -2.44521e-18)
(-2.27698 -0.583891 8.32461e-21)
(-1.63582 -3.52436 2.67938e-18)
(0.282615 -3.24674 8.93548e-19)
(0.812947 0.36922 -1.19123e-18)
(0.880965 1.42995 2.38643e-18)
(1.78225 0.47554 -2.39067e-18)
(3.248 -0.331594 -1.19566e-18)
(-12.5034 -12.5915 -3.11629e-16)
(-7.42151 -7.02443 -7.76371e-17)
(-0.00158036 -0.174962 -1.61813e-16)
(26.7714 23.3763 -4.78341e-16)
(23.2981 2.307 -2.47562e-16)
(-0.680819 -2.35106 9.81754e-17)
(-15.1605 44.6613 0)
(-15.1601 69.3226 2.66271e-16)
(14.7088 35.1061 7.07315e-16)
(22.597 26.1684 2.89391e-16)
(14.9581 9.75046 -3.00852e-16)
(-3.81651 77.9138 5.91705e-16)
(33.1936 8.78066 0)
(31.8444 10.3459 8.34849e-18)
(29.6647 12.6703 -2.03034e-18)
(26.4955 15.3097 -3.76318e-17)
(22.2132 17.7158 7.76331e-18)
(17.0611 19.3678 0)
(11.1752 20.0642 -1.57149e-21)
(4.79985 19.5595 -1.83401e-18)
(-1.95541 17.8145 0)
(-8.83202 15.0087 -3.59564e-18)
(-15.6404 11.0654 -3.5567e-18)
(-22.5872 6.92835 0)
(-28.6038 3.29512 8.61884e-19)
(-32.7922 0.666808 -8.18063e-19)
(-34.4314 -0.668276 8.36029e-19)
(-33.2913 -1.00842 1.22954e-17)
(-29.949 -0.727029 0)
(-25.6342 -0.510402 1.58257e-18)
(-21.4147 -0.669954 -7.79561e-19)
(-17.7916 -1.16237 1.92736e-19)
(-14.8459 -1.76777 5.69056e-19)
(-12.4502 -2.30642 -3.36833e-18)
(-10.5213 -2.66771 0)
(-8.9866 -2.83895 7.26271e-19)
(-7.76198 -2.88818 1.42683e-18)
(-6.78773 -2.88342 1.4057e-18)
(-6.01968 -2.91395 2.12907e-21)
(-5.42608 -3.02866 -6.80674e-19)
(-4.97524 -3.17636 -2.00979e-18)
(-4.65747 -3.27828 -1.31876e-18)
(-4.46692 -3.2863 -1.29412e-18)
(-4.40149 -3.13306 0)
(-4.40176 -2.90362 -5.01945e-18)
(-4.35276 -2.44179 -4.92797e-18)
(-4.57735 -3.74217 -3.62483e-18)
(-2.61859 1.32793 -6.50445e-18)
(-4.31685 -8.1166 2.93037e-18)
(-3.76923 -6.47758 -2.3184e-18)
(-5.02647 -5.67884 0)
(-5.83952 -5.90761 1.1774e-18)
(-3.65423 -7.80941 1.16681e-18)
(0.959415 -7.29988 -2.33689e-18)
(3.12996 -4.299 2.34945e-18)
(2.57891 -4.59059 6.19199e-21)
(2.79621 -6.74242 -1.1836e-18)
(5.1341 -8.43205 3.52854e-18)
(5.95062 -8.62206 -3.56299e-18)
(4.79358 0.777712 6.05123e-19)
(5.09505 -3.2413 -4.59805e-19)
(4.7333 -1.07709 9.33369e-19)
(4.62453 -1.45313 -3.16126e-18)
(4.48603 -1.44325 1.20427e-18)
(4.32664 -1.64771 0)
(4.15444 -1.93464 1.65505e-19)
(4.03378 -2.25168 2.36511e-18)
(4.02969 -2.55807 -3.42656e-19)
(4.19629 -2.86895 8.70863e-19)
(4.56454 -3.17612 6.67396e-22)
(5.17703 -3.47823 3.61996e-19)
(6.09621 -3.6934 -1.82404e-19)
(7.41627 -3.66814 1.29778e-18)
(9.20461 -3.32308 -4.5108e-18)
(11.5734 -2.65566 -1.26323e-22)
(14.6139 -1.77975 3.10622e-18)
(18.3102 -0.995763 -3.16091e-18)
(22.5686 -0.600917 -2.57867e-17)
(26.9588 -0.82932 2.63739e-17)
(30.6346 -1.32147 0)
(32.5615 -1.85603 -5.57442e-17)
(31.6878 -1.96808 4.27643e-17)
(28.3827 -1.07481 -4.41221e-17)
(23.0923 0.591692 0)
(16.3487 3.33839 0)
(8.75614 6.50904 0)
(1.3059 9.99051 -7.66884e-18)
(-5.38455 13.1734 -4.22798e-20)
(-11.6896 16.0196 1.24935e-16)
(5.32006 44.1127 -3.16736e-16)
(-19.1114 48.5624 1.35352e-16)
(-16.1777 71.5569 -1.25243e-16)
(16.3708 71.4926 1.64975e-17)
(18.5666 25.9695 3.42496e-16)
(25.861 15.312 2.9085e-16)
(29.571 12.0833 -5.47918e-19)
(32.5298 6.69507 -2.97729e-16)
(33.8227 -23.6914 -2.04782e-16)
(34.2251 8.49409 -2.01599e-16)
(34.8434 -6.84042 7.27027e-17)
(33.956 -7.06803 -1.67608e-17)
(32.4507 -7.20614 -3.25894e-17)
(30.0761 -6.44417 0)
(26.5463 -5.49656 3.13908e-17)
(21.9135 -4.5991 0)
(16.3472 -4.20737 0)
(9.97769 -4.48089 7.42485e-18)
(3.23785 -5.37281 1.83072e-18)
(-3.98487 -6.87321 0)
(-11.4272 -8.83462 3.58494e-18)
(-18.6591 -11.1076 2.54794e-20)
(-25.377 -12.9438 1.58955e-20)
(-30.7203 -13.9161 3.4233e-18)
(-33.6996 -13.6265 3.81268e-18)
(-34.5393 -12.0333 -3.74523e-18)
(-32.6496 -9.64883 -6.78083e-18)
(-29.1086 -7.27422 2.01509e-19)
(-25.0482 -5.5129 -1.19937e-18)
(-21.2449 -4.56656 3.91897e-19)
(-17.9999 -4.23774 1.54665e-18)
(-15.3153 -4.23016 -1.1435e-18)
(-13.0968 -4.28878 1.5031e-18)
(-11.2913 -4.2602 -1.84181e-21)
(-9.80024 -4.1241 -3.64104e-18)
(-8.57361 -3.90642 1.4388e-18)
(-7.57182 -3.67675 1.41465e-18)
(-6.77539 -3.51045 -2.0811e-18)
(-6.16011 -3.43808 2.73307e-18)
(-5.71947 -3.40474 2.69327e-18)
(-5.44178 -3.32843 0)
(-5.33295 -3.15891 7.80825e-18)
(-5.39428 -2.84229 1.2783e-18)
(-5.56 -2.50907 1.25647e-18)
(-5.415 -1.55254 0)
(-6.6344 -3.82143 0)
(-2.46504 3.09922 3.52726e-18)
(-6.23343 -8.59598 5.9728e-21)
(3.78504 8.95613 -5.61642e-19)
(2.56644 7.2155 5.54253e-19)
(0.211463 7.61168 0)
(-1.658 7.24631 0)
(-2.21558 3.2539 -5.72565e-19)
(-2.57652 -6.35919 1.71547e-18)
(-2.41678 -6.20088 0)
(-1.91459 1.41951 -1.14735e-18)
(-0.9131 4.50704 -1.14516e-18)
(1.08301 2.96861 2.27447e-18)
(2.8315 2.56114 -1.143e-18)
(4.47845 7.21893 3.4547e-18)
(6.50776 6.26698 5.47284e-19)
(6.05325 -8.14452 5.98057e-19)
(6.24676 0.536381 1.20937e-18)
(6.4172 -3.41783 0)
(6.23418 -1.0722 -4.68084e-19)
(6.24669 -1.38907 -1.1904e-19)
(6.11302 -1.19516 7.27565e-19)
(5.92649 -1.31607 -1.62039e-19)
(5.71627 -1.60888 -3.32221e-19)
(5.53975 -2.03252 -2.70833e-18)
(5.47599 -2.5347 6.89267e-19)
(5.58019 -3.06021 -1.74829e-18)
(5.88389 -3.59608 8.8547e-19)
(6.44776 -4.16016 -3.60189e-19)
(7.3003 -4.7091 0)
(8.51054 -5.10986 0)
(10.157 -5.26661 0)
(12.3152 -5.20236 -1.53129e-18)
(15.0736 -5.03871 0)
(18.4436 -5.10275 6.54521e-21)
(22.3394 -5.72987 1.28817e-17)
(26.488 -7.23901 -6.55539e-18)
(30.1788 -9.59264 1.34578e-17)
(32.6123 -12.6466 4.14127e-17)
(32.3915 -15.6042 -2.15441e-20)
(29.9157 -17.3873 -1.43548e-17)
(24.7152 -18.2055 -2.89292e-17)
(17.7814 -17.5084 5.83831e-17)
(9.86391 -16.0234 -2.97988e-17)
(1.78149 -13.9309 -2.34583e-20)
(-5.88381 -11.737 1.50745e-17)
(-12.8459 -8.96492 -8.62732e-20)
(-17.9067 19.2131 -1.92504e-16)
(9.5657 35.448 -3.28809e-16)
(-0.402026 41.8942 6.20388e-16)
(0.874316 -1.03076 0)
(-22.5855 23.7007 -1.32943e-16)
(34.9766 -9.9327 5.33318e-16)
(33.6729 -3.13304 -2.86851e-16)
(31.1611 2.69418 -5.54182e-16)
(-16.2891 71.9011 -4.25059e-17)
(19.8222 58.1039 -4.21692e-17)
(11.2864 83.4278 -1.65227e-17)
(-21.7384 52.1273 3.53044e-19)
(21.641 17.7115 -3.37222e-16)
(27.4294 6.79626 2.80505e-16)
(-1.90032 -12.8791 -5.85237e-19)
(-2.05724 -11.0237 -5.80023e-19)
(-4.10518 -5.63736 0)
(-7.78369 -6.38618 -5.62742e-19)
(-11.7678 -11.7718 5.62581e-19)
(-8.78581 -14.7861 -5.55982e-19)
(-2.96007 -14.732 5.58457e-19)
(2.16038 -11.9314 1.12563e-18)
(5.63367 -12.6547 -1.1344e-18)
(6.58896 -17.7658 2.26239e-18)
(8.02733 -19.5096 -3.4356e-18)
(4.19028 -19.1406 0)
(1.8549 -15.6775 3.57657e-21)
(0.303773 -15.3348 0)
(8.27359 7.28185 -3.48879e-18)
(6.29731 -7.59759 1.18286e-18)
(7.52479 0.730106 0)
(7.66813 -3.28424 0)
(7.59658 -0.877459 3.13622e-19)
(7.74184 -1.20745 -3.98918e-20)
(7.5668 -0.823347 0)
(7.34005 -0.905453 -1.63494e-19)
(7.10209 -1.22635 1.66899e-19)
(6.90407 -1.74354 6.80201e-19)
(6.80917 -2.3991 3.44145e-19)
(6.85936 -3.12522 7.01818e-19)
(7.08405 -3.90546 2.82969e-21)
(7.53396 -4.74804 -1.44383e-18)
(8.24437 -5.60029 3.63429e-19)
(9.27664 -6.35539 1.48785e-18)
(10.7043 -6.94879 3.79281e-19)
(12.5558 -7.39768 -7.66171e-19)
(14.9011 -7.83139 1.5549e-18)
(17.7552 -8.51463 -4.74141e-18)
(21.0058 -9.8239 -6.41871e-18)
(24.4771 -12.1528 3.27826e-18)
(27.6698 -15.5802 -6.67896e-18)
(29.9213 -20.0704 0)
(30.169 -24.7321 -2.08588e-17)
(28.1202 -28.8936 4.27884e-17)
(23.7961 -32.0858 0)
(17.6299 -33.7258 0)
(10.1998 -34.1482 0)
(2.23898 -33.4271 1.1037e-17)
(-5.75059 -32.2736 -6.39739e-20)
(-13.043 -29.5884 -1.25557e-19)
(-19.6412 -5.87649 -1.24213e-16)
(-14.7595 62.0733 -3.1523e-16)
(13.5153 26.8094 -4.17496e-19)
(-23.5846 -45.1104 2.52429e-16)
(1.7935 -17.5623 0)
(33.2909 -20.6425 -1.56666e-17)
(31.3739 -22.1313 0)
(28.7568 -22.816 0)
(25.0113 -23.3759 7.73972e-18)
(20.3086 -23.9022 -1.5327e-17)
(14.7065 -24.5094 0)
(8.30054 -25.582 7.45302e-18)
(1.59194 -26.5698 0)
(-5.58215 -27.3046 -1.81191e-18)
(-12.8964 -27.8579 1.78899e-18)
(-19.7235 -28.1941 -8.81461e-18)
(-25.5633 -27.7408 -1.07724e-20)
(-29.7207 -26.119 -3.42723e-18)
(-31.859 -23.1991 6.76777e-18)
(-31.8026 -19.4875 5.00668e-18)
(-29.8068 -15.4771 -4.92468e-18)
(-26.7178 -11.9914 0)
(-23.3346 -9.40596 2.4692e-21)
(-20.1989 -7.76233 -2.35801e-18)
(-17.4865 -6.86188 0)
(-15.1971 -6.39827 0)
(-13.265 -6.06964 7.53784e-19)
(-11.6643 -5.72878 2.22755e-18)
(-10.3111 -5.34361 -1.4607e-18)
(-9.16954 -4.90509 1.43985e-18)
(-8.22013 -4.47709 -2.82983e-18)
(-7.45284 -4.12107 -6.96972e-19)
(-6.86298 -3.84524 -5.48569e-18)
(-6.45089 -3.61614 2.70272e-18)
(-6.22366 -3.33478 0)
(-6.18832 -2.94659 -5.22601e-18)
(-6.33956 -2.40901 -2.56479e-18)
(-6.67762 -2.06923 0)
(-5.9024 0.203925 2.50606e-18)
(-8.57864 -3.96176 -1.11714e-20)
(-2.14588 5.76314 3.56977e-18)
(-7.75358 -8.27022 3.52693e-18)
(4.31829 11.6496 0)
(-3.32181 -13.552 -1.18486e-18)
(-5.66158 37.2509 -3.0622e-16)
(4.41426 34.465 -6.35252e-16)
(-4.26047 -6.96858 1.2104e-16)
(-23.6586 53.6342 -1.20085e-16)
(22.5902 9.65335 5.78009e-16)
(-26.1383 28.4937 -2.43939e-19)
(1.53826 -13.8658 5.76967e-19)
(9.49407 1.859 2.90954e-18)
(7.02967 -6.63174 -2.36664e-18)
(8.50735 -0.128541 0)
(8.81554 -3.05958 0)
(8.58122 -0.673732 0)
(8.8958 -0.997821 0)
(8.58204 -0.390711 6.49262e-19)
(8.3682 -0.486302 -3.27726e-19)
(8.11846 -0.836271 1.6638e-19)
(7.92026 -1.45664 -1.02148e-18)
(7.83117 -2.2589 6.88226e-19)
(7.86761 -3.15239 3.5149e-19)
(8.04631 -4.10747 -5.33489e-19)
(8.38882 -5.15079 0)
(8.92666 -6.27447 6.57683e-22)
(9.716 -7.37401 -3.71597e-19)
(10.8347 -8.33783 3.7804e-19)
(12.3208 -9.18588 7.67014e-19)
(14.1841 -10.0697 -8.7583e-19)
(16.4365 -11.2138 8.87591e-19)
(18.9916 -12.9304 -2.40476e-18)
(21.6391 -15.5668 -4.88935e-18)
(24.0165 -19.3008 3.31521e-18)
(25.6888 -24.2301 0)
(26.0322 -29.7081 -9.81212e-21)
(24.5563 -35.2423 -2.10493e-17)
(21.1339 -40.0111 1.77942e-17)
(15.9578 -43.4299 -3.60522e-18)
(9.55772 -45.4765 0)
(2.43414 -45.8942 -3.63242e-18)
(-4.98253 -45.7215 5.08009e-17)
(-12.1591 -43.6443 -2.85865e-17)
(-20.0524 -27.8275 1.17437e-16)
(-19.3072 59.5 6.4083e-16)
(17.0105 18.4078 -7.25213e-19)
(14.9635 15.8016 -3.12601e-19)
(15.8538 14.7562 1.62027e-18)
(17.6361 16.1836 2.63093e-19)
(12.1367 18.7746 0)
(-4.54401 17.6064 -5.53422e-19)
(-5.14451 11.3775 5.50913e-19)
(-4.68506 -9.32847 -8.21371e-19)
(-8.88495 -7.21263 -1.92742e-18)
(-8.39678 0.195352 2.20794e-18)
(-6.55064 7.409 0)
(-0.395129 12.0161 -1.08151e-18)
(-0.212016 13.8865 3.29801e-18)
(3.38438 20.7563 -2.2354e-18)
(5.4537 14.2475 -1.08769e-18)
(7.60415 12.9537 1.6765e-18)
(10.8694 -2.01806 -2.2393e-18)
(-20.1194 51.755 6.14566e-16)
(28.0293 -0.676308 -2.63031e-16)
(31.363 -5.11838 2.65201e-16)
(33.4462 -10.7988 5.25303e-16)
(34.201 -17.0919 2.4671e-16)
(-8.87625 80.0749 -9.89783e-19)
(-24.1445 56.7537 1.80007e-16)
(18.6844 -33.1434 0)
(-20.7738 -48.3649 0)
(31.3504 -31.4579 0)
(29.0337 -33.2749 3.93376e-18)
(26.2305 -34.9985 -7.79557e-18)
(22.5187 -36.4901 3.71041e-20)
(17.99 -37.7907 2.28813e-17)
(12.6314 -38.8898 -1.50653e-17)
(6.58456 -40.1675 3.52161e-20)
(0.116615 -40.8813 7.31965e-18)
(-6.46923 -40.6313 -1.26552e-17)
(-12.9442 -39.8728 1.75699e-18)
(-18.7135 -38.5302 7.01882e-18)
(-23.3802 -36.1383 -1.74066e-18)
(-26.5475 -32.7391 1.72397e-18)
(-27.9433 -28.3657 -5.06433e-18)
(-27.626 -23.5598 1.66736e-18)
(-25.9653 -19.0176 4.93839e-18)
(-23.6266 -15.193 -3.24361e-18)
(-21.0751 -12.2962 3.1968e-18)
(-18.6473 -10.2816 1.18384e-18)
(-16.481 -9.00336 2.72764e-18)
(-14.6318 -8.20126 -3.44692e-18)
(-13.0481 -7.58765 2.26753e-18)
(-11.6975 -7.01523 -4.09584e-18)
(-10.5422 -6.44464 -2.93014e-18)
(-9.54982 -5.84555 2.89162e-18)
(-8.70868 -5.24813 1.41965e-18)
(-8.01585 -4.71871 -1.39764e-18)
(-7.48101 -4.26125 0)
(-7.12374 -3.83021 -2.70399e-18)
(-6.96122 -3.31882 1.32727e-18)
(-6.97714 -2.69826 -2.6098e-18)
(-7.13306 -1.86646 -3.84131e-18)
(-7.78664 -2.05393 -2.53195e-18)
(-5.89732 2.23016 -4.95704e-18)
(-10.1239 -4.3206 1.2382e-18)
(-2.22543 7.94146 -1.16875e-18)
(-9.42225 -8.18961 -2.35305e-18)
(4.20039 12.8314 0)
(-6.065 -14.2403 0)
(14.8461 16.2815 0)
(-4.49892 -6.30356 0)
(-24.732 -0.596552 -4.40651e-19)
(-24.3413 55.8317 6.5281e-16)
(-10.1787 30.5692 3.08892e-16)
(8.72062 26.2619 3.16675e-16)
(-0.665132 32.14 6.24992e-16)
(-14.2611 70.7064 -3.11489e-16)
(-5.04756 -6.80258 -1.03197e-16)
(-5.22063 -13.323 0)
(-13.6149 77.2624 -3.49841e-16)
(-28.8713 32.9721 -1.40091e-16)
(-19.0044 -42.6675 -5.18201e-17)
(-3.47179 86.7065 -9.13343e-16)
(-9.10014 -11.3924 3.28393e-16)
(-25.8132 -39.671 2.51227e-16)
(-6.79109 -8.27019 -5.4183e-17)
(15.9771 -2.50153 -1.11069e-18)
(11.9706 -12.4983 -2.8753e-19)
(11.7091 1.23015 -8.88073e-19)
(10.0527 -5.60502 5.091e-21)
(9.58476 0.319723 0)
(10.1714 -2.44592 0)
(9.25128 -0.0217777 0)
(9.64605 -0.652461 -1.59827e-19)
(9.05406 0.148087 -2.03365e-19)
(8.86683 -0.110584 2.04775e-19)
(8.62796 -0.507845 -1.68334e-19)
(8.47181 -1.23435 4.2585e-19)
(8.40854 -2.15654 -5.18681e-19)
(8.44382 -3.19426 0)
(8.5852 -4.31134 0)
(8.84492 -5.50618 0)
(9.24281 -6.79268 0)
(9.80382 -8.11524 0)
(10.5858 -9.3891 0)
(11.6711 -10.5677 -1.91929e-19)
(13.0489 -11.7737 7.78204e-19)
(14.7074 -13.2278 0)
(16.5751 -15.1491 -2.0033e-18)
(18.4614 -17.8333 3.65863e-18)
(20.1119 -21.4954 3.30307e-18)
(21.2233 -26.2988 0)
(21.3515 -31.8431 1.02765e-17)
(20.1942 -37.6697 -1.04526e-17)
(17.5476 -43.0057 -3.508e-18)
(13.3743 -47.3539 7.12118e-18)
(8.07754 -50.344 -1.07912e-17)
(2.05587 -51.9049 5.44662e-18)
(-4.45264 -52.0058 -1.44077e-17)
(-10.3248 -51.4979 3.59016e-18)
(-17.5841 -48.6262 1.12568e-16)
(-24.0693 49.7241 3.42153e-16)
(21.8884 -9.69154 5.01917e-16)
(16.0647 -8.69486 2.46227e-16)
(-5.53037 -21.0876 0)
(2.23805 -20.4748 -1.67594e-21)
(3.78738 -23.3406 -5.71738e-19)
(-1.40107 -14.1391 -2.81836e-19)
(-5.10682 3.81258 -6.77702e-20)
(-2.87979 0.0544764 6.70422e-20)
(-13.4721 -22.8647 0)
(-12.3005 -23.7996 0)
(-3.93575 -25.1957 8.35084e-19)
(0.833723 -31.3977 -2.15801e-18)
(8.78773 -31.7742 2.7482e-18)
(18.0734 -40.8376 0)
(-7.75659 -35.6057 -2.17089e-18)
(-18.8311 -30.6778 2.17301e-18)
(-8.93073 -22.8308 5.66814e-19)
(-6.15208 -28.5732 5.64859e-19)
(-0.567659 -32.8671 0)
(14.3979 -28.7928 0)
(13.5223 67.9922 0)
(27.6008 -7.06456 2.54049e-16)
(30.755 -11.2685 0)
(32.4487 -16.3233 -5.19467e-16)
(33.1199 -21.6388 2.59083e-16)
(32.7001 -27.1226 4.65562e-16)
(2.36913 -18.0296 -8.60998e-17)
(9.97087 10.8658 3.04532e-16)
(28.7741 -37.2149 8.36931e-18)
(27.8892 -38.7602 -6.46475e-17)
(25.9159 -41.0505 2.77515e-17)
(23.1487 -42.781 -3.14079e-17)
(19.6253 -44.5311 -1.34947e-17)
(15.4166 -45.9119 1.91188e-17)
(10.5935 -46.9292 3.73132e-18)
(5.23422 -47.8789 -1.85554e-17)
(-0.685587 -48.2668 1.10033e-17)
(-6.24921 -47.2157 0)
(-11.5709 -45.4292 -8.92945e-18)
(-16.2482 -42.9681 5.2567e-18)
(-19.8588 -39.4546 8.68471e-18)
(-22.2368 -35.1936 1.73025e-18)
(-23.3129 -30.421 -6.76175e-18)
(-23.1072 -25.5673 -3.33932e-18)
(-21.9978 -21.1104 0)
(-20.3809 -17.3426 0)
(-18.5727 -14.3888 -8.01731e-19)
(-16.7818 -12.2199 -3.95389e-19)
(-15.1404 -10.7087 3.90111e-18)
(-13.7288 -9.66858 7.76161e-19)
(-12.512 -8.86562 -2.6476e-18)
(-11.4533 -8.13763 2.21847e-22)
(-10.5376 -7.43426 0)
(-9.73133 -6.71864 0)
(-9.02573 -6.00126 -2.84419e-18)
(-8.4403 -5.32815 4.21087e-18)
(-7.99576 -4.69284 -1.37839e-18)
(-7.70907 -4.04498 7.38097e-21)
(-7.58522 -3.3281 1.33955e-18)
(-7.59579 -2.53411 1.31174e-18)
(-7.62323 -1.21466 7.7205e-18)
(-8.74266 -2.55887 0)
(-5.81389 4.22072 3.69185e-18)
(-11.222 -4.69523 -3.67154e-18)
(-2.85909 10.0564 2.30454e-18)
(-10.9691 -8.40912 -2.43075e-18)
(2.95637 15.9726 2.28751e-18)
(-7.78253 -16.7132 0)
(14.1032 23.4985 0)
(-5.84507 -28.5875 -1.18745e-18)
(-25.1819 40.2177 6.07021e-16)
(-25.4753 -21.8322 -1.21198e-16)
(17.0526 -2.40008 -2.58348e-16)
(-23.9711 23.67 6.06982e-16)
(-18.9787 23.7123 2.0099e-19)
(-13.888 22.9967 6.19667e-16)
(-28.5246 5.44278 1.34063e-16)
(12.1176 17.9332 -6.76495e-16)
(-5.33244 27.9056 0)
(3.89356 25.4564 0)
(-6.027 -12.1849 -5.9568e-17)
(-25.1354 -7.7996 -3.12231e-16)
(2.19413 -13.357 2.40215e-17)
(-12.9489 79.9175 -5.43354e-16)
(-18.4568 -51.3001 -6.06088e-17)
(-27.558 44.4056 -3.79378e-16)
(-3.06411 -6.46726 0)
(-3.37201 -5.82784 -5.30594e-17)
(-13.608 -52.5507 0)
(-9.13525 -53.6778 1.85108e-18)
(-3.95932 -53.929 3.64412e-18)
(1.39767 -53.1411 1.35241e-18)
(6.21361 -50.9924 2.24027e-19)
(10.4686 -47.6713 0)
(13.7647 -43.1521 4.37816e-18)
(15.8947 -37.948 -4.32508e-18)
(16.941 -32.4371 1.70107e-18)
(17.0319 -27.262 -3.34423e-18)
(16.3768 -22.827 8.21748e-19)
(15.2933 -19.3601 0)
(14.0112 -16.7225 1.60112e-18)
(12.7243 -14.7041 -7.90225e-19)
(11.592 -13.0663 7.78582e-19)
(10.6423 -11.6407 -1.34347e-18)
(9.9207 -10.2294 1.53733e-18)
(9.40753 -8.7615 -3.25947e-21)
(9.0389 -7.29736 -7.83324e-19)
(8.78183 -5.89393 3.61181e-19)
(8.61619 -4.58137 -4.02295e-19)
(8.51163 -3.35167 0)
(8.45538 -2.20825 1.72977e-19)
(8.45734 -1.18569 -8.5236e-20)
(8.52993 -0.343432 -3.33719e-19)
(8.70721 0.108859 2.8608e-19)
(8.88354 0.728052 4.06571e-20)
(9.56259 -0.128612 -1.58918e-19)
(9.43857 1.18583 0)
(10.5908 -1.22115 0)
(10.7003 2.70813 -6.01837e-19)
(11.3464 -3.66967 3.27026e-18)
(13.7288 6.1092 -5.88008e-19)
(13.0682 -10.163 0)
(20.0774 14.0784 2.21014e-18)
(12.5453 -21.9018 -2.15548e-20)
(-4.64634 -5.2631 2.80162e-16)
(26.9272 39.4376 9.72992e-19)
(25.2369 17.9638 0)
(25.9255 16.5823 -2.80808e-19)
(28.5424 27.1833 2.86055e-19)
(28.6692 35.9981 6.51655e-19)
(16.4009 39.7805 -5.25966e-19)
(-10.2467 36.8891 1.26483e-19)
(-11.0472 35.8257 2.45677e-19)
(-5.61987 -6.81603 1.8676e-18)
(-15.205 1.65262 -2.6125e-18)
(-9.22477 10.238 -2.11887e-18)
(-17.8513 8.0533 2.09292e-18)
(-6.74419 44.8669 -2.42633e-19)
(-3.26946 55.4897 4.91869e-19)
(-2.85619 33.8306 -2.13227e-18)
(-3.87472 7.44861 -5.0683e-19)
(0.481475 20.525 2.13232e-18)
(10.0064 -1.43915 0)
(5.93397 1.97599 9.85678e-19)
(20.4723 42.5332 -4.99115e-19)
(-28.7252 36.0596 3.15963e-16)
(-24.6009 -36.9988 -1.06488e-16)
(-28.4334 21.8576 -2.98301e-16)
(-5.3195 -8.27822 0)
(-4.60114 -7.91001 0)
(-3.61768 -7.64135 -1.00716e-16)
(-2.46643 -7.02492 -2.53204e-17)
(-1.22753 -6.31491 -3.14435e-17)
(-1.74846 -5.89281 -7.62913e-17)
(-2.08426 -5.52813 1.04689e-16)
(-2.20435 -5.01457 5.61564e-17)
(-19.2782 -46.4615 0)
(-6.16145 -4.57954 -5.45363e-17)
(-29.6564 -9.50319 4.40546e-19)
(-21.2272 -14.4032 2.81008e-16)
(-22.5353 -12.5412 -2.67416e-16)
(-26.7083 15.0829 -3.05057e-16)
(-21.7569 15.6131 0)
(-16.6018 15.325 0)
(-31.3422 11.2485 2.84345e-16)
(-29.1834 28.6513 5.97067e-16)
(-6.15784 -9.0115 -7.58837e-17)
(26.3081 -12.031 2.5693e-16)
(29.1149 -15.6295 -2.61542e-16)
(30.5464 -19.8423 0)
(30.8661 -24.2928 -5.45353e-16)
(30.1903 -28.6427 2.70889e-16)
(30.0256 -33.2299 -3.56929e-16)
(23.2561 -33.9705 -2.22894e-16)
(27.1455 -39.2045 6.87992e-17)
(26.3595 -41.3349 -7.58761e-17)
(24.8781 -43.5149 3.29367e-17)
(22.7684 -45.3891 -3.2192e-17)
(20.1593 -47.0152 0)
(16.9193 -48.4472 -1.93427e-18)
(13.1886 -49.4772 -2.8528e-18)
(9.02334 -50.0984 1.12539e-17)
(4.45888 -50.6163 3.67313e-18)
(-0.595131 -50.5819 -1.8306e-17)
(-5.29649 -49.1306 7.22659e-18)
(-9.44725 -46.6931 8.91497e-18)
(-13.1619 -43.6829 -7.0313e-18)
(-15.9774 -39.8711 4.35049e-18)
(-17.8458 -35.5404 -4.28223e-18)
(-18.7623 -30.9777 -1.70004e-18)
(-18.803 -26.4915 5.00495e-18)
(-18.2019 -22.3593 8.23674e-19)
(-17.187 -18.8024 3.25721e-18)
(-15.973 -15.9229 -3.20209e-18)
(-14.7239 -13.7145 0)
(-13.5611 -12.0845 -7.80137e-19)
(-12.5519 -10.9104 -3.84924e-19)
(-11.6841 -9.99698 -3.79232e-18)
(-10.9289 -9.17676 3.36165e-18)
(-10.2699 -8.39623 -3.67823e-19)
(-9.67088 -7.61137 2.89553e-18)
(-9.13238 -6.80398 -5.35195e-18)
(-8.6688 -6.00078 2.81469e-18)
(-8.30922 -5.20396 1.38233e-18)
(-8.06166 -4.38318 6.78851e-19)
(-7.93267 -3.49689 -1.32811e-18)
(-7.91499 -2.6168 3.93082e-18)
(-7.79724 -0.551226 -3.8586e-18)
(-9.22328 -3.39284 -1.24117e-18)
(-5.92155 5.99679 -3.70881e-18)
(-11.7006 -5.02893 4.92038e-18)
(-3.92315 12.3414 -3.53784e-18)
(-11.5711 -8.41248 2.42528e-18)
(0.725827 20.1629 -4.54392e-18)
(-5.89089 -18.0342 0)
(10.8148 26.0825 2.07748e-18)
(6.37009 -37.9126 -1.14298e-18)
(19.2746 44.6671 -9.82911e-19)
(-25.4263 -4.01216 -7.06831e-16)
(-30.3289 -4.90639 3.24289e-16)
(-33.7235 -7.05709 -3.21474e-16)
(-7.23867 -11.6847 1.67869e-16)
(-32.9566 -11.3591 -3.35925e-16)
(-29.6028 -14.7439 0)
(0.77115 -8.3713 -9.02984e-17)
(-34.7806 -14.491 -3.52944e-16)
(-7.60968 -4.84839 2.53374e-16)
(-0.873223 23.7371 9.17519e-16)
(7.53304 18.0036 -6.20602e-16)
(-9.13327 22.0061 -3.12471e-16)
(-29.9428 0.667587 0)
(-23.838 8.19678 -3.17834e-16)
(-28.7388 7.34856 3.11773e-16)
(-3.47854 -4.96298 -1.64023e-16)
(-25.1021 1.61152 -3.30814e-16)
(-6.72796 -11.7191 3.91724e-17)
(-1.23003 -5.60098 -9.45071e-17)
(7.28432 5.48503 -3.02322e-16)
(-30.7627 -14.6771 1.509e-16)
(-27.5942 -13.1884 2.94128e-16)
(-0.912771 -5.80684 9.58681e-17)
(-0.52213 -5.79774 -9.60256e-17)
(-0.0386248 -5.9851 0)
(-11.8964 -53.3639 -3.78661e-18)
(-7.9581 -53.2858 -2.32773e-18)
(-3.68657 -53.2954 7.34064e-18)
(0.483752 -52.0168 -3.1383e-18)
(4.27828 -49.7653 -4.01066e-18)
(7.62561 -46.4426 4.41451e-19)
(10.2056 -42.1917 -3.48535e-18)
(11.9709 -37.4095 8.56104e-19)
(12.9079 -32.429 1.69008e-18)
(13.1794 -27.7052 0)
(12.8782 -23.6949 -8.23634e-19)
(12.2275 -20.4857 0)
(11.4084 -17.9611 -8.01527e-19)
(10.5762 -15.9193 3.95233e-19)
(9.86536 -14.194 0)
(9.253 -12.6523 0)
(8.8129 -11.0942 -7.79755e-19)
(8.52442 -9.49796 1.49295e-18)
(8.33034 -7.94047 4.19365e-20)
(8.20521 -6.45529 -7.27004e-19)
(8.13158 -5.05874 6.69306e-20)
(8.0563 -3.75427 7.8819e-19)
(7.97606 -2.53919 -1.34031e-18)
(7.90958 -1.43528 1.40442e-18)
(7.88971 -0.481113 -6.72195e-19)
(7.95834 0.0725283 2.5812e-21)
(8.1078 0.981169 -6.47432e-19)
(8.62229 0.362192 7.19108e-19)
(8.93821 2.22785 -1.56369e-19)
(9.75425 0.525165 1.53495e-19)
(11.0833 5.08531 -2.99293e-19)
(10.2552 0.70611 -1.1864e-18)
(15.0653 10.3596 -2.32287e-18)
(8.98942 -0.502352 1.13827e-18)
(19.5646 20.3842 1.66539e-18)
(-1.71178 0.255025 -1.08497e-18)
(9.09406 45.9165 0)
(26.8586 -29.2289 0)
(27.7501 -25.7095 2.80319e-16)
(27.6619 -22.0123 -5.51223e-16)
(26.5617 -18.5082 1.51388e-18)
(24.2212 -15.5425 2.67999e-16)
(20.6528 -13.5041 -2.64445e-16)
(4.41092 -20.6499 1.58058e-16)
(-31.2803 30.251 3.24864e-16)
(-23.6176 -45.3461 4.47399e-16)
(-30.9405 12.8457 0)
(-33.5707 -1.75596 3.12635e-16)
(-2.12273 -4.46338 1.17607e-16)
(-4.74585 -4.04508 -2.10284e-16)
(-20.6146 -4.29131 3.72287e-16)
(-18.539 8.14795 2.30788e-18)
(-2.11749 97.2799 -1.05735e-16)
(-7.27988 -11.6336 4.14125e-17)
(3.80232 -19.8808 2.24375e-16)
(18.5892 48.7699 0)
(-32.3312 23.8089 -5.82148e-16)
(-5.19959 -9.98474 -1.80132e-16)
(-5.87844 -5.90746 -2.89623e-16)
(-5.78055 -7.58402 1.93371e-16)
(16.0118 -12.5785 2.6537e-16)
(-29.988 -72.538 -2.29831e-18)
(-33.155 -47.1491 1.02848e-18)
(-13.665 -34.3162 5.2498e-19)
(6.10583 -33.496 -5.11077e-19)
(3.97772 -44.8087 -2.44982e-19)
(-8.57537 -11.6893 1.41307e-18)
(0.359484 10.5998 -1.02216e-18)
(6.91995 7.98392 2.89173e-21)
(-4.85089 -44.3498 -2.82685e-19)
(-4.77752 -42.5276 2.70725e-19)
(18.9637 -43.8901 2.75972e-19)
(30.0485 -68.0597 2.09786e-18)
(-33.89 -73.5698 -5.67113e-19)
(-49.7609 -66.7192 -1.80006e-18)
(-53.6987 -48.9265 2.15332e-18)
(-22.6178 -40.2954 -2.04521e-18)
(-4.82007 -45.9011 2.87619e-18)
(24.1023 -63.8176 -4.28163e-18)
(1.78907 -82.3338 3.00798e-19)
(-29.576 -70.5798 -1.13144e-18)
(-37.5765 -32.7597 3.27258e-18)
(-31.9749 -6.38955 -3.08647e-18)
(-4.65318 -9.43258 3.14782e-16)
(-3.95093 -8.76319 -3.04703e-16)
(-2.95774 -8.22638 1.52753e-16)
(-1.85215 -7.56295 -7.51704e-17)
(-0.673335 -6.775 6.26841e-18)
(0.455528 -6.28896 1.96828e-16)
(0.406471 -7.43777 -8.03543e-17)
(-29.2918 -29.6135 2.42401e-16)
(-32.2413 17.8516 -2.88004e-16)
(-35.9112 -10.5842 -2.8466e-19)
(-35.0206 -17.6299 0)
(-20.754 -40.5257 -1.22405e-16)
(-0.279375 -4.95582 3.75138e-16)
(-6.00005 -3.31857 9.98358e-17)
(2.76203 18.1959 -9.18992e-16)
(1.93048 -13.0609 0)
(-15.6301 -9.41856 -3.15765e-16)
(-11.88 15.197 0)
(-7.4085 -3.67271 8.36638e-17)
(-33.0596 -7.78618 -2.73153e-16)
(0.503428 -1.57663 0)
(-5.14587 -11.138 1.65772e-16)
(-4.86568 20.2514 -9.26342e-16)
(22.5734 -37.3444 -1.36907e-16)
(23.5187 -39.5466 8.45451e-17)
(23.6494 -41.6945 -7.49715e-17)
(22.9415 -43.8358 6.94821e-17)
(21.6857 -45.9208 0)
(19.8058 -47.514 -4.05683e-18)
(17.44 -48.8264 0)
(14.5912 -49.8742 -9.7532e-19)
(11.3452 -50.5676 -9.54324e-19)
(7.85294 -50.828 0)
(4.08394 -50.6782 1.86236e-18)
(0.0146187 -50.1413 5.4852e-18)
(-3.93945 -48.6646 -7.23045e-18)
(-7.11265 -46.0145 -2.67346e-18)
(-9.97202 -42.8176 2.6364e-18)
(-12.2242 -39.1551 -4.34563e-18)
(-13.7703 -35.1241 -1.0558e-20)
(-14.6318 -30.9836 4.228e-18)
(-14.8932 -26.9347 3.34636e-18)
(-14.6799 -23.1752 -4.11688e-18)
(-14.1161 -19.8868 0)
(-13.3641 -17.159 -3.21446e-18)
(-12.5544 -15.0031 3.55538e-18)
(-11.794 -13.35 3.90462e-19)
(-11.1322 -12.1211 0)
(-10.5734 -11.1543 5.68965e-19)
(-10.0959 -10.2859 0)
(-9.66764 -9.46872 3.68546e-19)
(-9.25876 -8.64563 0)
(-8.87657 -7.78465 -3.57209e-19)
(-8.51525 -6.89829 0)
(-8.20326 -5.97608 0)
(-7.97129 -4.9967 -8.29714e-22)
(-7.82815 -3.92436 -3.33483e-18)
(-7.78544 -2.96246 1.31767e-18)
(-7.63381 -0.111109 1.29088e-18)
(-8.93026 -4.32637 1.27341e-18)
(-5.96957 7.39331 1.24848e-18)
(-11.1513 -5.31614 1.23557e-18)
(-4.60553 13.9908 2.35259e-18)
(-10.8516 -8.18812 -1.17308e-18)
(-1.6734 22.4426 -3.09676e-20)
(-5.0715 -18.3088 -4.73254e-18)
(3.54096 23.9205 -7.63399e-20)
(13.2864 -40.2053 0)
(6.8893 28.3155 0)
(9.72077 -86.2898 0)
(2.33091 -8.328 8.07322e-16)
(-7.41127 -13.1023 -2.01896e-16)
(0.728436 -4.6557 2.86583e-17)
(-32.645 4.89554 1.22669e-20)
(-3.40651 -4.00329 -9.50488e-22)
(-19.9742 1.76289 3.3808e-16)
(-5.72232 -12.5506 8.37912e-17)
(-25.2153 -25.3785 -1.29107e-16)
(7.87028 72.8173 2.62181e-16)
(-6.60669 -7.13641 7.23365e-17)
(-35.2155 16.4448 -2.61728e-16)
(34.5129 -20.9549 -2.79157e-16)
(20.9299 -29.9157 8.66162e-19)
(22.6726 -27.8234 -3.06523e-16)
(23.6918 -25.1265 -2.88471e-16)
(23.8056 -22.2253 5.62428e-16)
(22.9578 -19.4524 -2.79131e-16)
(21.0495 -17.0804 0)
(18.0151 -15.5217 5.29051e-19)
(14.0255 -14.9026 -5.56767e-16)
(10.5803 -12.7274 2.75755e-16)
(9.64472 -15.137 -2.90193e-16)
(-21.948 -37.7839 2.54347e-19)
(-32.6328 -17.4397 1.53834e-16)
(-21.8371 -42.2599 -3.03501e-16)
(25.8274 -35.5711 3.69261e-16)
(-16.2745 -49.8689 1.22534e-16)
(-12.9932 -51.2802 -3.92182e-18)
(-10.3263 -51.9317 5.66931e-18)
(-7.1164 -51.9896 4.6421e-19)
(-3.73277 -51.5789 -7.33417e-18)
(-0.488598 -50.2607 6.30491e-18)
(2.49789 -48.0912 1.11389e-19)
(5.08079 -44.9771 3.08956e-18)
(7.0985 -41.134 -3.46966e-18)
(8.54086 -36.825 8.57582e-19)
(9.38709 -32.3502 0)
(9.75288 -28.1011 0)
(9.67793 -24.5006 1.64619e-18)
(9.33981 -21.5674 1.62665e-18)
(8.86453 -19.1948 8.05373e-19)
(8.37328 -17.1889 -1.18404e-18)
(7.96201 -15.4588 -9.74157e-20)
(7.5911 -13.8703 7.67729e-19)
(7.36021 -12.2098 -7.58997e-19)
(7.23901 -10.5322 -4.66717e-20)
(7.17638 -8.9131 0)
(7.14942 -7.36565 0)
(7.14011 -5.92276 -4.46669e-20)
(7.08318 -4.59041 -8.80517e-20)
(6.97853 -3.33902 -4.33564e-20)
(6.84762 -2.17485 6.37233e-19)
(6.73149 -1.11794 -6.94463e-19)
(6.66946 -0.375739 -6.1798e-19)
(6.81794 0.753709 3.09546e-21)
(7.01227 0.411668 7.20339e-19)
(7.48638 2.6607 -4.68575e-19)
(8.14851 1.8172 1.07803e-18)
(9.59067 6.30404 5.0203e-22)
(8.69841 4.62168 5.9341e-19)
(12.219 12.1832 0)
(6.95509 7.72924 -1.13888e-18)
(12.4603 22.1875 -1.1145e-18)
(-0.979899 8.21059 0)
(-0.6933 37.2707 0)
(-27.2324 -6.4041 1.03092e-18)
(0.190546 -7.39618 1.78672e-16)
(0.413497 -6.84441 9.30141e-17)
(0.819834 -6.62975 -1.90029e-16)
(1.23432 -6.635 -4.34003e-16)
(1.33249 -12.3355 6.24573e-17)
(0.0182649 -6.87277 -2.55617e-17)
(-28.9763 -17.3992 2.91384e-16)
(-28.2792 -15.9806 0)
(-25.4129 -14.7957 2.80793e-16)
(-8.37564 -14.81 -3.58339e-16)
(-16.0372 -14.8432 2.89686e-16)
(-11.5288 -14.9849 3.08997e-16)
(-4.50249 97.5423 -2.86268e-16)
(19.1705 -31.4617 -4.08905e-16)
(-25.159 -43.9794 0)
(-28.681 -38.6974 0)
(-34.307 8.70227 -2.90485e-16)
(-36.1235 -5.60303 6.08012e-16)
(-33.8147 -21.125 0)
(-29.8592 -28.1012 4.68868e-16)
(-1.9574 -3.66076 -1.05085e-16)
(-4.81654 -2.75718 7.41434e-17)
(10.8688 -7.85699 -2.55092e-16)
(5.41887 11.9161 1.2118e-15)
(-9.7409 88.9519 3.20019e-16)
(-7.59191 -6.53229 -2.31006e-16)
(-29.4282 40.7154 0)
(-7.82919 -6.39385 0)
(-6.76792 -7.09414 -2.85508e-16)
(-15.783 -4.08464 -3.52476e-16)
(-13.6914 8.35735 3.20197e-16)
(-6.80434 -2.82818 -2.66363e-19)
(-34.9209 -0.900881 -9.34622e-19)
(-35.6576 9.88805 1.43803e-16)
(-28.0536 -35.2655 -3.01053e-16)
(-30.6859 -20.8244 -2.64609e-16)
(1.69728 -13.3767 2.42677e-16)
(2.03909 -12.9925 -1.07863e-16)
(1.10951 -8.4291 1.63946e-16)
(28.4892 -32.6086 -3.10195e-16)
(25.2351 -32.0847 3.69507e-16)
(-4.42461 -11.0733 -5.26817e-17)
(-4.26932 -10.3793 5.19991e-17)
(-3.861 -9.94744 0)
(-3.20631 -9.42824 1.2736e-16)
(-2.31948 -8.88321 -2.52472e-17)
(-1.26481 -8.19412 0)
(-0.15238 -7.37128 -3.13303e-18)
(0.911575 -6.75161 0)
(1.58825 -6.82233 4.86674e-17)
(-34.8089 11.6881 -2.72525e-16)
(-33.1022 -22.5003 1.53308e-18)
(-7.78552 15.0792 6.18757e-16)
(-1.20518 17.2049 1.43386e-18)
(0.0904731 -4.80072 4.63408e-17)
(-8.9104 -16.1693 7.86802e-16)
(-19.7258 -30.2472 0)
(18.9395 -36.2623 2.53701e-17)
(19.6384 -39.0285 5.25817e-17)
(19.8313 -41.4624 -9.33383e-18)
(19.4681 -43.8965 0)
(18.4649 -46.0822 -1.67624e-17)
(16.9259 -47.6749 1.62223e-17)
(14.943 -48.8667 1.18897e-17)
(12.5972 -49.7113 -6.81708e-18)
(9.89243 -50.1623 3.81785e-18)
(6.99873 -50.1437 -3.77248e-18)
(4.04339 -49.6572 3.7199e-18)
(0.953761 -48.738 -1.84277e-18)
(-2.16486 -47.215 0)
(-4.85556 -44.8162 1.78236e-18)
(-7.01529 -41.706 1.75987e-18)
(-8.80652 -38.2886 -8.65274e-19)
(-10.1228 -34.6587 -2.14111e-18)
(-10.9452 -30.9438 -8.46159e-19)
(-11.3508 -27.3103 3.34555e-18)
(-11.4016 -23.9303 -3.2941e-18)
(-11.1766 -20.9438 0)
(-10.7802 -18.4124 0)
(-10.3203 -16.3575 -5.93923e-19)
(-9.879 -14.7365 -1.95015e-19)
(-9.48828 -13.501 -3.08321e-18)
(-9.17165 -12.513 2.84192e-18)
(-8.91189 -11.6319 3.08492e-18)
(-8.65999 -10.8178 -2.94802e-18)
(-8.39307 -9.98475 -2.85547e-18)
(-8.12138 -9.09619 2.85319e-18)
(-7.83801 -8.1539 0)
(-7.56383 -7.12705 0)
(-7.34159 -5.9985 -3.41332e-19)
(-7.1921 -4.74871 1.66562e-18)
(-7.12159 -3.65908 -1.13929e-20)
(-7.05282 -0.180922 -1.94132e-18)
(-7.90563 -5.3227 1.2716e-18)
(-5.8017 8.11047 -1.18858e-18)
(-9.995 -5.65755 1.28384e-18)
(-5.13658 14.5136 -1.19503e-18)
(-10.0668 -8.35027 3.53166e-18)
(-5.50926 22.4048 2.24647e-18)
(-6.76199 -18.8957 -2.33162e-18)
(-4.2416 19.3736 1.15844e-18)
(3.41353 -38.4009 -2.19591e-18)
(4.93942 15.9814 -3.06246e-20)
(51.7726 -91.7067 -1.55659e-19)
(-4.89296 92.6637 1.63149e-18)
(10.6131 123.14 2.5856e-19)
(9.38119 105.195 9.96021e-19)
(11.9542 46.6995 0)
(14.2744 11.7081 1.00667e-18)
(4.33322 18.536 -1.02197e-18)
(19.8313 61.1433 0)
(8.61308 64.6356 7.00855e-21)
(-4.48745 66.9922 5.62127e-20)
(-9.82695 74.4438 1.92636e-18)
(-18.8742 65.761 -2.01948e-18)
(5.41018 3.35389 -1.94193e-18)
(-15.8314 9.52836 3.80598e-18)
(-3.00747 90.7182 -4.09159e-18)
(-29.2399 96.6422 2.03406e-18)
(-32.2885 82.4621 0)
(-26.5526 55.0553 -4.5598e-18)
(-17.1486 12.3134 4.02638e-18)
(-31.3027 6.27916 1.32576e-18)
(-27.7178 51.2758 2.24076e-18)
(-19.3696 81.1731 -2.69365e-18)
(-24.3526 61.5188 0)
(-13.5293 74.8564 -4.56762e-19)
(-11.2409 68.0013 2.25477e-18)
(1.25898 43.1215 -2.54457e-18)
(-36.758 -14.8597 -3.00506e-16)
(-6.05138 -1.95477 2.21569e-17)
(6.0915 -15.592 6.3793e-16)
(6.60323 -12.9137 3.02296e-16)
(-11.4604 -8.78976 -3.17488e-16)
(14.7378 -26.0549 0)
(-3.96617 -12.609 0)
(-3.93917 -17.6572 -1.97514e-16)
(1.57352 91.8927 1.02333e-15)
(-33.2426 16.0588 -1.56206e-16)
(15.329 -25.4064 -2.91273e-16)
(17.2591 -24.3526 5.44015e-19)
(18.4972 -22.4271 6.62199e-19)
(18.7568 -20.254 2.86222e-16)
(18.1816 -18.1538 -2.83952e-16)
(16.7417 -16.4475 0)
(14.3878 -15.3814 5.6991e-16)
(11.2895 -15.078 2.89321e-16)
(8.02091 -15.627 0)
(5.43304 -16.517 -3.22113e-16)
(2.93888 -17.1874 4.73584e-16)
(3.79309 -15.4764 -7.26513e-16)
(3.88704 -17.194 7.36584e-16)
(-26.9262 -42.4652 0)
(-35.5623 0.834511 -4.71356e-19)
(-31.536 -24.6362 4.63097e-16)
(-3.37855 -2.91813 1.26267e-17)
(9.15481 -2.98818 1.32218e-16)
(-9.7483 87.5454 3.77725e-16)
(-6.18971 -12.1629 -4.18107e-16)
(2.33838 -14.7692 -2.19306e-16)
(-7.45104 -9.11133 -1.87913e-18)
(-15.0599 1.90807 3.30775e-16)
(-5.79019 -1.69312 1.54833e-16)
(-36.5914 6.19539 -1.61372e-16)
(1.24937 -8.30684 -2.86658e-16)
(-30.7743 -31.7691 2.68918e-16)
(-10.8614 -15.9142 0)
(-14.3323 -15.4588 -2.92172e-16)
(-18.3084 -15.0407 -1.24719e-18)
(-21.4978 -15.0781 -2.842e-16)
(-23.4314 -15.6268 0)
(-24.0484 -16.5875 0)
(-23.9287 -17.7994 7.77676e-16)
(-19.9634 -19.5339 -5.52079e-16)
(-4.41082 -13.6982 -8.78761e-17)
(30.4985 -33.1235 -6.08157e-17)
(0.820309 -11.6045 -8.40721e-17)
(0.610861 -10.5633 -4.36317e-17)
(0.805116 -9.49505 -1.80742e-16)
(1.09134 -8.86293 3.72931e-16)
(1.31494 -8.47464 1.91246e-16)
(1.46834 -8.19936 0)
(-36.6583 3.05008 4.9729e-16)
(-35.178 -14.386 -5.63127e-16)
(-0.190425 0.425235 0)
(-4.32245 14.0576 1.21216e-15)
(-2.43753 -13.5711 5.56861e-17)
(-3.35831 -11.9741 -5.89961e-17)
(-3.89328 -11.0304 0)
(-3.59385 -10.6595 0)
(-3.1353 -10.43 -1.01677e-16)
(-2.49288 -10.0607 -2.55078e-17)
(-1.67821 -9.53017 7.58937e-17)
(-0.716052 -8.82972 -1.26011e-17)
(0.300287 -8.00407 -9.68292e-17)
(1.259 -7.25071 1.11101e-16)
(1.84179 -6.9927 -1.95584e-16)
(1.56203 -7.69759 2.45137e-16)
(-7.64212 -17.1533 -5.00173e-16)
(0.383963 -4.3832 0)
(-30.4287 -36.8736 0)
(17.4598 3.90054 7.98747e-16)
(-8.62937 85.3636 1.61595e-16)
(0.347348 0.233625 -1.16e-16)
(13.2045 52.0906 0)
(14.2633 -28.6781 -8.70236e-17)
(14.3821 -31.4848 8.5172e-17)
(14.9144 -34.7149 -3.94462e-17)
(15.2647 -37.6837 0)
(15.3471 -40.5992 0)
(14.8199 -43.2689 4.14974e-18)
(13.7799 -45.3002 -1.21651e-20)
(12.3628 -46.7943 -3.94729e-18)
(10.6213 -47.8692 2.42124e-19)
(8.5802 -48.4605 -2.38882e-19)
(6.36615 -48.5054 -1.87621e-18)
(4.0885 -48.027 8.70914e-21)
(1.77064 -47.0866 0)
(-0.511444 -45.576 9.04825e-19)
(-2.66449 -43.4814 5.34366e-18)
(-4.45216 -40.7711 -5.27755e-18)
(-5.85943 -37.6299 -2.60597e-18)
(-6.9234 -34.3628 -4.30788e-19)
(-7.67574 -31.0535 2.96009e-18)
(-8.13021 -27.7941 -3.34442e-18)
(-8.33749 -24.7539 3.08876e-18)
(-8.35509 -22.0506 -3.25875e-18)
(-8.22125 -19.7276 3.2063e-18)
(-8.0185 -17.802 3.95922e-19)
(-7.80319 -16.2504 1.95396e-19)
(-7.60536 -15.0346 -9.61558e-20)
(-7.45693 -14.0385 -3.03783e-18)
(-7.34978 -13.1674 2.99055e-18)
(-7.22772 -12.3822 -2.94694e-18)
(-7.06392 -11.5697 2.77042e-18)
(-6.86858 -10.6852 3.35239e-20)
(-6.63666 -9.72432 -2.81099e-18)
(-6.38653 -8.63506 -1.60008e-19)
(-6.16364 -7.39393 4.94401e-18)
(-5.99912 -6.00129 -5.03014e-18)
(-5.88947 -4.72074 2.31655e-18)
(-5.922 -0.879945 -6.47897e-19)
(-6.38561 -6.45568 1.28985e-18)
(-5.3203 8.17251 -1.23336e-18)
(-8.07727 -6.05365 1.8426e-18)
(-5.97309 14.4708 1.20732e-18)
(-8.12938 -7.38714 -1.1472e-18)
(-9.85394 24.5043 -3.41006e-18)
(-5.1803 -15.9727 2.31833e-18)
(-10.0968 31.5019 -1.05405e-18)
(-1.43391 -35.0309 3.29732e-18)
(-2.89695 27.4921 -1.03143e-18)
(15.6588 -55.7161 9.32564e-20)
(-12.3326 4.7206 -2.68429e-19)
(10.6151 -199.685 -3.23024e-19)
(-78.4653 -191.669 -1.46801e-18)
(-91.7911 -126.465 1.03014e-19)
(-96.445 -100.869 0)
(-73.1279 -79.0773 1.06297e-18)
(-46.1553 -59.0776 8.66681e-19)
(-36.6416 -76.0245 -4.11825e-18)
(-37.1695 -72.033 1.99464e-18)
(-14.0178 -25.958 1.97009e-18)
(-2.59027 -23.2523 -3.99521e-18)
(17.4459 -23.7388 3.90208e-18)
(46.5029 -88.2673 -2.47619e-19)
(33.526 -115.894 -4.11339e-18)
(-20.4492 -116.954 2.47873e-18)
(-28.5768 -70.4441 -1.98153e-18)
(-19.6066 -53.8516 2.05361e-18)
(-7.80637 -99.713 0)
(-5.32646 -86.0137 0)
(8.64172 -96.9287 -6.68334e-19)
(-38.1068 -119.998 -2.61894e-18)
(-58.2811 -107.548 1.63125e-18)
(-51.5583 -104.05 6.17777e-19)
(-76.0237 -105.698 -1.9799e-18)
(-91.7741 -60.9226 3.96075e-18)
(-90.7155 -46.187 -2.19935e-18)
(-42.1245 -49.0052 5.51543e-19)
(-17.8236 -40.64 0)
(11.3538 4.74008 1.51539e-18)
(-7.87104 -12.5898 4.88537e-19)
(-0.587617 29.1365 0)
(-1.13304 7.96591 0)
(5.73802 20.4685 -5.57602e-19)
(4.72615 9.64259 0)
(7.73827 12.0283 0)
(6.46305 5.60845 0)
(6.74765 6.20283 6.05664e-19)
(6.05717 1.84568 -6.15025e-19)
(5.50863 2.30559 6.28347e-19)
(5.13622 -0.140732 -6.17735e-19)
(5.18427 -0.0976342 -6.51139e-19)
(5.06577 -1.35334 1.32119e-18)
(5.20893 -2.31264 -6.37687e-19)
(5.38804 -3.4475 -2.13066e-20)
(5.55847 -4.6484 7.06351e-19)
(5.67765 -5.90129 -7.45381e-19)
(5.72555 -7.22116 2.23521e-20)
(5.71274 -8.67165 -7.27847e-19)
(5.68727 -10.2496 -9.63266e-20)
(5.66999 -11.9053 1.96408e-20)
(5.69021 -13.6321 7.56398e-19)
(5.78783 -15.3609 1.53832e-18)
(5.98972 -16.9613 -1.46148e-18)
(6.20489 -18.6482 -9.87738e-20)
(6.46496 -20.5731 -1.50046e-18)
(6.69757 -22.7757 1.62714e-18)
(6.82362 -25.4405 -1.64439e-18)
(6.75408 -28.6676 8.38249e-19)
(6.36488 -32.4713 1.58814e-18)
(5.62789 -36.4857 0)
(4.477 -40.3206 4.33059e-18)
(2.90797 -43.7359 -3.52281e-18)
(0.975082 -46.4918 1.18187e-19)
(-1.30102 -48.4401 9.00831e-19)
(-3.76432 -49.593 3.64708e-18)
(-6.30149 -49.9974 -1.85631e-18)
(-8.83421 -49.7795 -7.50227e-18)
(-11.1275 -49.3358 1.8971e-17)
(-14.3778 -46.8177 -1.11577e-16)
(-14.6208 -44.576 0)
(-16.4046 -41.4624 6.35973e-17)
(-18.4049 -38.0212 -6.0615e-17)
(-9.19063 -15.212 3.23282e-16)
(-24.5663 -33.645 0)
(26.9351 -37.7157 -7.5863e-17)
(-16.6544 -22.5323 2.6913e-16)
(-17.6959 -20.6673 0)
(-33.3285 25.1517 -1.67618e-16)
(-12.7316 -12.7964 9.63328e-16)
(1.49766 12.9677 3.00692e-16)
(3.51692 -18.5192 -1.46094e-18)
(-32.4355 -32.2275 2.52585e-16)
(-28.8792 -41.1074 2.37545e-16)
(-37.5138 -10.5949 -2.9329e-16)
(-36.6061 2.90345 0)
(-32.9213 -28.2547 -2.5958e-16)
(-36.2888 -19.2986 2.79659e-16)
(-4.66267 -1.34448 6.81751e-17)
(-1.4967 -2.66272 6.93736e-17)
(6.68936 -8.601 0)
(1.40855 -8.96568 1.95306e-16)
(3.8622 -12.1576 -3.38745e-16)
(-8.8018 -6.90141 -2.12159e-18)
(-7.75795 -1.5284 -5.84901e-16)
(-9.66835 8.99806 3.10373e-16)
(-11.4541 -3.53193 -3.20725e-16)
(-5.90763 -0.444282 0)
(-5.58896 1.93826 8.33979e-17)
(-7.92535 -17.6268 2.74381e-16)
(-37.6471 -8.26051 6.24847e-16)
(-5.97756 0.786706 -5.1952e-18)
(-10.8637 2.74663 1.71395e-19)
(-7.6494 -4.0813 3.04328e-16)
(2.25754 -10.6002 1.85262e-16)
(4.14032 2.47383 5.09902e-16)
(5.31398 -3.54491 -3.17009e-16)
(-3.09212 -1.62239 1.13192e-17)
(-34.7193 -23.9606 -2.62444e-16)
(-37.432 -4.62207 -2.85242e-16)
(-30.7934 -37.9118 -2.44665e-16)
(4.36934 -17.9043 -6.82857e-16)
(5.14332 -16.1755 9.35478e-16)
(6.64405 -14.4976 -2.99649e-16)
(8.52147 -13.474 -2.94289e-16)
(10.3847 -13.299 -5.81834e-16)
(11.8306 -13.8118 2.85727e-16)
(12.6904 -14.7775 5.70848e-16)
(12.9428 -15.9912 1.24905e-19)
(12.5531 -17.1766 2.88642e-16)
(11.7087 -17.9186 2.95399e-16)
(10.8572 -17.9256 -1.55084e-20)
(2.944 8.18303 -6.35958e-16)
(-27.3744 -31.0447 0)
(-30.3759 36.2245 0)
(-15.3066 -13.6222 -2.60291e-16)
(-17.1812 -13.5824 -2.67609e-16)
(-17.9289 -13.4237 -5.57059e-20)
(-17.8633 -13.4774 -4.49259e-19)
(-16.8869 -13.7779 5.44006e-20)
(-14.8028 -14.3099 -2.88643e-16)
(-12.0589 -15.1998 -5.87045e-16)
(-9.65583 -16.3324 -2.91673e-16)
(-22.7562 -28.6422 -2.6428e-16)
(-36.8904 -4.94706 -2.4556e-16)
(-5.55041 -16.5885 1.90755e-17)
(-5.35363 -17.0044 3.92745e-17)
(-4.66699 -17.2497 -4.12638e-17)
(-4.46453 -17.1029 3.80231e-20)
(2.98776 81.9211 -2.70031e-16)
(-9.24475 -17.0761 0)
(-38.0634 -4.3956 9.50268e-19)
(-5.69306 2.19556 -6.00612e-16)
(-33.1569 -31.7952 0)
(0.733838 -4.00447 8.71362e-17)
(-17.0413 -32.2183 3.65472e-16)
(1.12932 -16.6495 0)
(0.604584 -15.0454 -1.00319e-21)
(0.722331 -13.3752 1.80865e-16)
(0.720729 -12.1997 -2.80842e-16)
(0.466471 -11.232 0)
(0.283417 -10.3742 0)
(0.232429 -8.95876 0)
(-37.7727 -13.4499 0)
(32.8209 -27.9743 -2.13066e-16)
(-10.9592 -15.3685 0)
(-10.769 -19.4292 0)
(-12.8087 -22.9184 -6.42382e-17)
(-11.1799 -25.6234 5.37081e-17)
(-11.4422 -30.6762 1.70274e-17)
(-11.8322 -35.1794 0)
(-11.0104 -38.7846 -7.57291e-18)
(-10.1709 -41.9199 0)
(-8.53283 -44.3859 -1.4927e-17)
(-6.96977 -45.6626 -4.90755e-22)
(-5.23234 -46.1907 2.76551e-18)
(-3.46138 -46.2008 3.65193e-18)
(-1.73948 -45.5041 -7.20269e-18)
(-0.164265 -44.0236 3.54137e-18)
(1.19029 -41.7696 0)
(2.32035 -38.8397 -8.67152e-19)
(3.18765 -35.5016 1.28633e-18)
(3.7846 -31.9586 1.1066e-19)
(4.14879 -28.5995 -2.91705e-18)
(4.28727 -25.7401 0)
(4.29404 -23.3439 -1.82928e-18)
(4.2086 -21.3433 -5.43616e-20)
(4.10075 -19.5525 9.64684e-20)
(4.00431 -17.9586 2.33813e-18)
(3.91381 -16.4001 -7.81051e-19)
(3.8858 -14.6755 0)
(3.911 -12.9563 2.33592e-20)
(3.94587 -11.3255 9.20881e-20)
(3.96833 -9.78634 -7.34576e-19)
(3.97909 -8.40665 7.17134e-19)
(3.9348 -7.17856 7.45484e-19)
(3.81578 -6.01726 -6.84758e-19)
(3.64119 -4.88179 2.1331e-20)
(3.44635 -3.75497 -5.25498e-21)
(3.2764 -2.6727 6.17069e-19)
(3.316 -1.40643 -1.29877e-18)
(3.1417 -1.10374 6.40703e-19)
(3.4947 1.36798 -6.26183e-19)
(3.80415 1.04961 1.31e-18)
(3.72526 5.11667 -1.28575e-18)
(3.99395 4.5675 5.94188e-19)
(3.60305 10.5084 0)
(2.90927 8.1668 -5.69166e-19)
(2.34907 18.7469 5.58965e-19)
(1.87841 5.5353 0)
(3.84596 28.3388 0)
(5.77798 -13.7164 -1.06168e-18)
(21.3504 28.8701 -1.02781e-18)
(17.2383 -37.0546 1.39998e-19)
(-8.44809 -1.41752 0)
(-6.56729 9.57658 -5.98245e-16)
(14.3773 241.872 1.96985e-19)
(-7.22503 258.811 -7.36519e-19)
(1.41125 199.624 5.20668e-19)
(-10.9831 184.19 0)
(13.9085 91.1596 6.19211e-20)
(-15.2885 15.3098 2.03472e-18)
(-46.1542 59.6907 -1.83234e-18)
(-51.3609 76.8498 -7.685e-21)
(-40.7695 77.5974 3.18512e-21)
(-23.5653 86.3337 -1.9689e-18)
(-6.08365 81.5418 3.85661e-18)
(-0.160597 100.736 -1.89681e-18)
(-7.76934 115.358 0)
(-12.3577 126.151 1.88869e-18)
(-11.8657 116.704 -1.94814e-18)
(2.90199 107.995 -1.79814e-20)
(6.87672 107.87 -1.24055e-19)
(-1.69536 81.0554 3.09471e-20)
(-12.3353 94.3557 2.34779e-18)
(-16.582 132.594 -3.91286e-18)
(-17.7461 114.85 1.9512e-18)
(-21.4527 106.635 -1.95382e-18)
(-23.2409 140.945 -1.07698e-19)
(-13.1433 145.667 1.97975e-18)
(7.64441 82.5242 0)
(11.1963 22.8216 -9.41342e-19)
(-36.4492 -9.93667 1.01005e-18)
(-71.9583 17.8184 -5.93125e-19)
(-8.2243 -19.1848 -1.43322e-16)
(-2.14321 -12.1354 -1.92888e-16)
(-3.01599 -11.4692 5.60911e-17)
(-3.19164 -11.1916 8.79053e-20)
(-2.91549 -11.1056 2.51778e-17)
(-2.41273 -11.0221 2.52925e-17)
(-1.81481 -10.7321 0)
(-1.08785 -10.2294 -1.13715e-16)
(-0.259938 -9.55106 1.23753e-17)
(0.616579 -8.73939 9.95813e-17)
(1.45346 -7.88644 -1.23708e-17)
(2.04473 -7.28018 9.85842e-17)
(1.94348 -7.29197 -1.21724e-16)
(0.998377 -7.75539 1.93754e-16)
(-2.88768 -17.2747 1.78895e-16)
(-1.287 -17.0722 -5.60911e-16)
(-0.15073 -15.4881 -1.18038e-18)
(0.370327 -12.9752 -4.53572e-19)
(8.58364 -19.3469 0)
(8.81939 -20.9045 0)
(8.95391 -23.2238 0)
(9.37678 -25.9747 -3.16116e-20)
(9.82846 -28.9981 7.06092e-17)
(10.2721 -32.2596 -3.40123e-17)
(10.2851 -35.6114 2.46974e-17)
(9.86023 -38.4851 0)
(9.12614 -40.782 -3.92879e-18)
(8.12472 -42.6101 3.86725e-18)
(6.86979 -43.8924 0)
(5.40669 -44.5441 2.34812e-19)
(3.86159 -44.5459 1.8483e-18)
(2.26951 -44.0093 -9.22571e-19)
(0.668536 -42.8563 1.8001e-18)
(-0.83651 -41.0971 -5.35029e-18)
(-2.21941 -38.8299 8.78148e-19)
(-3.33127 -36.2168 -3.90508e-18)
(-4.14931 -33.3581 1.06301e-22)
(-4.74252 -30.4217 3.80653e-18)
(-5.16957 -27.5409 3.34311e-18)
(-5.45345 -24.8318 -2.88219e-18)
(-5.61451 -22.3923 1.01636e-19)
(-5.64197 -20.28 0)
(-5.60248 -18.506 2.97304e-18)
(-5.53554 -17.056 -3.11829e-18)
(-5.46428 -15.8979 9.63078e-20)
(-5.41555 -14.936 3.03774e-18)
(-5.38942 -14.12 -3.08386e-18)
(-5.34827 -13.4223 0)
(-5.26628 -12.6943 1.02175e-19)
(-5.13187 -11.882 -1.45074e-18)
(-4.94806 -10.9819 1.41107e-18)
(-4.71549 -9.92471 1.73407e-19)
(-4.48557 -8.68085 8.53655e-20)
(-4.30612 -7.26516 1.33773e-18)
(-4.20128 -5.87594 -2.31121e-18)
(-4.16687 -1.95401 1.46026e-18)
(-4.57515 -7.43943 -1.60985e-18)
(-4.20244 7.69573 2.14736e-18)
(-5.44917 -5.8637 -2.18152e-18)
(-5.72659 13.5833 0)
(-5.40857 -4.45321 1.17937e-18)
(-10.2432 23.5789 0)
(-2.64249 -7.44511 -1.16404e-18)
(-13.6208 30.3359 1.0971e-18)
(1.03121 -26.8101 -1.08673e-18)
(-3.80893 33.6464 2.10021e-18)
(-10.6442 -50.2666 0)
(-7.62583 34.6465 -5.23127e-19)
(91.6953 -130.329 -2.57586e-20)
(-16.2265 209.251 0)
(1.10225 -4.12983 0)
(3.76117 -7.24118 3.14624e-16)
(-4.48894 0.286388 -8.2386e-17)
(-1.07355 -1.48554 0)
(-35.0561 -27.0333 0)
(-37.6038 -16.1921 5.6485e-16)
(-34.835 -24.0958 -1.37572e-18)
(-31.672 -35.4585 1.22796e-18)
(1.48972 3.88477 5.72833e-16)
(-1.5929 11.7691 -9.2585e-16)
(4.97131 -10.7721 0)
(0.426489 8.42761 0)
(7.54269 62.6171 -5.8498e-19)
(-6.99012 -6.46881 -5.40437e-16)
(-8.71839 -7.59764 -5.2627e-19)
(-10.4887 -8.60162 -2.67268e-16)
(-11.8469 -9.49885 2.73885e-16)
(-12.784 -10.4286 -2.81689e-16)
(-13.1556 -11.4553 0)
(-12.7794 -12.4537 8.83653e-16)
(-11.6459 -13.4237 -2.99262e-16)
(-10.3694 -14.8335 3.04031e-16)
(-3.41106 -19.8592 1.88063e-16)
(6.09849 96.3256 -2.77984e-16)
(-6.39023 -20.067 4.14479e-16)
(-6.35529 -20.1753 1.23274e-16)
(-4.55166 -20.4326 -1.39141e-16)
(-3.12748 -20.1161 4.62501e-17)
(5.88094 -11.0334 3.24707e-16)
(6.00963 -16.8371 -5.74943e-16)
(6.49922 -14.592 -2.90817e-16)
(6.6374 -12.1796 3.00409e-16)
(6.95395 -10.5832 0)
(7.42205 -9.82711 0)
(7.86401 -9.73556 -2.89731e-16)
(8.0982 -10.0517 0)
(8.04145 -10.5152 8.64789e-19)
(7.62686 -10.9265 -2.84105e-16)
(6.94135 -11.1623 -5.87149e-16)
(-34.0163 -31.6373 2.52256e-16)
(-38.2654 -10.9408 -2.78447e-16)
(-36.5686 -21.8011 -2.80058e-16)
(-2.62388 -0.0588401 2.06743e-17)
(3.04607 -1.34246 -4.55487e-16)
(2.12152 -5.49428 -6.58622e-16)
(-6.85139 0.956162 -2.9761e-16)
(-7.77379 4.24125 0)
(-4.99277 -5.13195 0)
(-4.03938 -4.9371 1.60736e-16)
(-3.7167 -5.71822 -7.3679e-17)
(-4.38401 -7.93547 -6.64837e-17)
(-4.81154 -10.2203 6.49405e-17)
(-5.34076 -12.7899 0)
(-5.76401 -16.7187 0)
(-6.05608 -21.4072 0)
(-6.21251 -25.8979 7.646e-18)
(-6.0744 -29.8077 0)
(-5.35888 -32.9757 3.73642e-18)
(-4.50574 -35.235 0)
(-3.61874 -36.6587 9.20063e-19)
(-2.67922 -37.4652 0)
(-1.70833 -37.5984 0)
(-0.800978 -36.9107 0)
(0.0118225 -35.4396 0)
(0.697041 -33.2716 -1.73535e-18)
(1.25272 -30.6203 4.22493e-19)
(1.68563 -27.7154 1.68648e-18)
(1.98261 -24.9489 -1.25257e-18)
(2.14154 -22.5495 1.64323e-18)
(2.2252 -20.4776 1.77844e-18)
(2.23694 -18.8312 -8.47304e-19)
(2.23415 -17.3689 -7.88618e-19)
(2.19306 -16.0151 7.66498e-19)
(2.17539 -14.615 -7.5602e-19)
(2.1714 -13.0418 0)
(2.17348 -11.4718 0)
(2.20398 -10.0117 -7.26823e-19)
(2.23278 -8.68354 7.37575e-19)
(2.22721 -7.54639 0)
(2.17477 -6.57209 0)
(2.06629 -5.65301 6.68314e-19)
(1.89259 -4.7441 -6.84625e-19)
(1.68839 -3.8388 -1.04896e-20)
(1.50619 -2.93058 3.223e-22)
(1.3779 -1.91906 6.47241e-19)
(1.37157 -1.60517 -6.55601e-19)
(1.50249 0.413012 0)
(1.4314 0.0172472 -6.5436e-19)
(1.35418 3.29838 7.71747e-20)
(1.60581 2.09818 5.94531e-19)
(0.347451 7.6985 -5.81615e-19)
(1.29309 3.2617 1.14337e-18)
(-1.41401 15.197 -8.33347e-19)
(2.45852 0.00475944 -5.53093e-19)
(1.93244 26.1679 5.24107e-19)
(8.69185 -9.81057 0)
(19.4728 43.568 4.93639e-19)
(32.5579 -12.3911 -2.71437e-19)
(-64.7605 55.2569 4.54112e-19)
(2.78551 -19.9581 -1.60926e-16)
(1.50512 -18.8862 -1.05889e-17)
(0.462984 -16.7415 -2.65076e-19)
(0.592484 -14.499 4.53556e-17)
(0.383887 -12.7542 0)
(-0.104547 -10.9858 0)
(-0.616949 -9.46376 0)
(-1.48179 -7.42193 0)
(-0.986605 -6.54415 -1.92348e-16)
(-34.0102 -30.2482 -5.63256e-16)
(-0.488645 -0.424073 -4.05727e-17)
(-4.22922 9.35178 5.50229e-16)
(0.0695564 0.623169 0)
(-4.47157 1.99868 0)
(-36.1696 -24.5277 -1.44125e-18)
(-37.311 -18.8829 -4.37808e-19)
(-1.55418 -19.2695 3.57865e-16)
(0.190514 -18.0816 6.40808e-19)
(1.56889 -15.5683 0)
(1.85984 -12.7095 -3.49432e-16)
(6.54486 53.9342 -6.29231e-16)
(2.30784 -17.1902 -2.23685e-16)
(-1.08573 -10.31 8.3898e-17)
(-2.08712 -10.7877 0)
(-2.54815 -11.0211 -3.01005e-17)
(-2.47408 -11.2777 -1.83506e-17)
(-2.18912 -11.4307 -2.48003e-17)
(-1.74031 -11.4607 -2.49908e-17)
(-1.23665 -11.2303 -1.00821e-16)
(-0.656081 -10.7727 1.24659e-17)
(-0.00864746 -10.1428 2.01743e-16)
(0.672337 -9.35786 4.85368e-19)
(1.34007 -8.45679 -9.95302e-17)
(1.84896 -7.59584 8.59975e-17)
(1.91909 -7.00524 7.81053e-20)
(1.34555 -6.74348 -4.70002e-17)
(-0.479305 -5.96693 -3.54188e-16)
(0.75864 1.1654 0)
(42.8712 -1764.32 1.71243e-17)
(3.03013 -2685.58 0)
(-4.1273 -1419.32 3.2142e-17)
(-10.5213 -1678.11 5.84215e-18)
(11.1431 -1706.45 9.70219e-18)
(189.551 -2969.79 -2.34287e-18)
(67.3738 -3131.08 0)
(-12.0028 -3076.31 0)
(-36.7539 -3068.94 4.41623e-19)
(-48.8265 -3095.89 0)
(-47.3238 -3088.92 1.62054e-18)
(-42.1268 -3066.43 1.81355e-18)
(-46.593 -3033.62 3.22219e-18)
(-46.6693 -2955.9 5.01842e-20)
(-44.3111 -2885.72 -3.11284e-18)
(-29.263 -2887.72 -4.30074e-19)
(-2.06525 -3000.12 -1.81158e-18)
(3.01962 -3124.66 9.06377e-19)
(-16.7707 -3222.4 -1.92549e-18)
(-48.3855 -3243.72 0)
(-59.9513 -3148.13 0)
(-39.3048 -3043.97 1.2607e-17)
(-45.1307 -3119.73 0)
(-121.426 -3211.34 7.6251e-18)
(-26.0927 -2550.25 2.53373e-17)
(77.4905 -3185.52 6.95645e-18)
(-45.0698 -3260.35 -1.32324e-17)
(-139.373 -3104.48 -6.70783e-19)
(-293.907 -2981.63 6.49107e-19)
(-430.093 -2699.77 1.24825e-18)
(4.50219 -11.0434 0)
(4.08994 -11.8305 1.49967e-16)
(3.86247 -12.6543 -2.15993e-16)
(3.91394 -13.9961 -4.22276e-20)
(4.0911 -15.7921 0)
(4.46232 -18.2576 1.64183e-17)
(4.81051 -21.3981 -8.07454e-18)
(4.95734 -24.7072 0)
(4.94025 -27.6764 0)
(4.73773 -30.3085 0)
(4.31181 -32.5135 -4.73314e-19)
(3.67693 -34.1444 1.01698e-21)
(2.91728 -35.1221 -9.22919e-19)
(2.09123 -35.5139 3.65108e-18)
(1.2574 -35.1542 -2.70798e-18)
(0.370626 -34.1592 -8.89273e-19)
(-0.465944 -32.5922 3.51719e-18)
(-1.21791 -30.6356 -1.73784e-18)
(-1.81242 -28.4139 -1.71348e-18)
(-2.23726 -26.0331 1.69174e-18)
(-2.5773 -23.6395 1.04364e-19)
(-2.86741 -21.4294 -2.06068e-19)
(-3.07659 -19.3588 -1.017e-19)
(-3.16694 -17.5708 -1.60665e-18)
(-3.2094 -16.0695 1.58065e-18)
(-3.22774 -14.8449 0)
(-3.22923 -13.8698 -1.54017e-18)
(-3.2336 -13.0741 1.49064e-18)
(-3.23221 -12.4287 0)
(-3.21917 -11.9056 2.301e-20)
(-3.18333 -11.3796 -3.40019e-20)
(-3.08853 -10.7802 0)
(-2.94048 -10.088 0)
(-2.76751 -9.26361 0)
(-2.61718 -8.22229 1.4456e-18)
(-2.49344 -6.95433 -2.72656e-18)
(-2.44582 -5.78105 1.40701e-18)
(-1.8539 -1.79105 -1.6218e-19)
(-2.73177 -7.39989 3.18955e-19)
(-2.39562 7.3744 3.13986e-19)
(-2.11854 -5.17461 -5.90719e-22)
(-3.87151 12.2417 0)
(-2.31177 -2.38356 -5.9205e-19)
(-4.94457 21.9569 -1.14891e-18)
(-2.0941 -2.8935 5.76963e-19)
(-5.61007 30.1976 -2.17922e-18)
(-4.8392 -14.4019 2.22333e-18)
(-8.42692 42.3672 -1.07351e-18)
(-17.3103 -8.65811 -1.0665e-18)
(-35.7146 59.6994 9.88886e-19)
(20.7334 -20.8143 -1.05638e-18)
(21.4058 -26.2774 5.99532e-19)
(176.519 -2845.6 1.06853e-17)
(-5.11577 4.92356 0)
(1.57871 -0.238987 2.91254e-16)
(-1.7717 1.50314 3.67144e-17)
(-37.7411 -17.2595 5.93286e-16)
(-36.6233 -23.0461 -2.61421e-16)
(5.76202 179.399 -2.54782e-20)
(27.8888 -23.6755 1.07838e-19)
(-22.8205 -18.6992 -2.50483e-16)
(-28.414 -22.4127 -4.62811e-16)
(-435.981 -1139.8 0)
(12.0694 8996.25 -8.91777e-19)
(32.858 7160.61 0)
(-46.324 8274.96 1.00078e-18)
(-17.1825 9333.88 -2.85359e-20)
(-59.5517 9081.47 2.00527e-18)
(-37.2644 9165.81 1.82977e-18)
(-63.1099 8881.84 -4.00455e-18)
(-45.6279 8601.39 -3.78896e-18)
(-65.8022 8709.29 1.90237e-18)
(-58.6224 9247.47 1.86754e-18)
(-66.9683 8906.29 1.8983e-18)
(-59.5033 8896.17 1.90001e-18)
(-68.3063 9170.26 -1.89362e-18)
(-52.055 7951.92 0)
(-59.1428 8464.55 -1.88754e-18)
(-50.3375 8110.63 0)
(-51.7318 7849.79 0)
(-52.3496 8614.59 -1.87583e-18)
(-52.9341 8422.69 0)
(-53.5288 8921.21 -1.86962e-18)
(-52.1144 8782.26 3.73783e-18)
(-48.3755 8776.46 0)
(-47.3335 8904.46 0)
(-46.714 8574.27 0)
(-39.2317 8668.62 0)
(-51.9085 7666.17 -1.92194e-20)
(-15.7065 8062.8 1.87809e-18)
(-56.4919 7501.6 0)
(8.21059 7167.54 -2.08195e-18)
(14.8327 172.362 2.47346e-19)
(477.75 -984.712 -2.31538e-17)
(-62.5921 7464.53 0)
(29.7768 6756.4 -1.1825e-19)
(-10.2814 79.4825 -8.95545e-19)
(-29.1517 -33.0784 1.13155e-18)
(-1.84831 39.2213 0)
(-9.05558 0.24916 0)
(1.55164 23.2319 0)
(-3.24579 -27.5384 0)
(-0.108882 15.8609 1.15218e-18)
(-0.276411 -7.93467 5.68195e-19)
(-1.06829 10.6103 2.39681e-18)
(0.439276 -0.0597389 -1.79131e-18)
(-0.579208 8.5821 1.23194e-18)
(0.0393506 -1.66712 -2.17415e-18)
(-0.225156 2.38025 1.2964e-18)
(-0.766899 -3.74526 0)
(-0.642358 -2.09044 4.18859e-20)
(-0.585561 -1.86976 -1.40096e-18)
(-0.850288 -3.68998 1.38046e-18)
(-0.742769 -3.01512 -1.36573e-18)
(-0.99551 -4.51637 0)
(-0.936143 -4.17046 0)
(-1.02954 -4.98466 -2.29966e-20)
(-1.03033 -4.77818 2.26564e-20)
(-0.974831 -5.5053 2.36776e-20)
(-1.01022 -5.20012 0)
(-0.873912 -6.42371 1.56015e-18)
(-0.926342 -5.90429 -1.53461e-18)
(-0.732087 -7.94107 0)
(-0.809376 -7.1017 0)
(-0.528176 -10.0784 -1.64622e-18)
(-0.639796 -8.94117 1.62168e-18)
(-0.227453 -12.4597 0)
(-0.387248 -11.2656 -1.04166e-19)
(0.143916 -14.4355 -1.30115e-18)
(-0.0521319 -13.5479 0)
(0.564911 -15.2328 -1.77521e-18)
(0.354627 -15.0248 1.75216e-18)
(0.820251 -14.3325 -1.81676e-18)
(0.723542 -14.9775 3.58729e-18)
(0.931193 -11.7945 4.65702e-19)
(0.897821 -13.2216 -2.30842e-19)
(0.668824 -8.68212 0)
(0.850293 -10.2256 0)
(0.246519 -6.36209 0)
(0.431281 -7.37059 0)
(0.444856 -4.80343 -1.0224e-16)
(0.295238 -5.52573 3.13918e-17)
(0.888015 -4.63813 -6.4747e-17)
(0.649492 -4.50816 1.26668e-16)
(1.62027 -5.31021 0)
(1.19232 -4.93615 -1.33006e-16)
(2.58267 -5.73298 -4.41284e-19)
(2.09245 -5.54338 0)
(3.90497 -6.30747 8.34327e-16)
(3.25442 -6.0453 -2.88002e-16)
(4.87827 -6.51253 -9.3336e-19)
(4.45343 -6.42891 0)
(5.39228 -6.78826 0)
(5.17097 -6.60198 -2.82488e-16)
(5.8014 -8.0758 -6.16679e-16)
(5.56733 -7.18597 0)
(4.98646 -12.2127 -3.02908e-16)
(5.90291 -9.67481 1.70563e-18)
(4.79987 -16.0223 3.4203e-17)
(3.97932 -15.2617 5.60632e-16)
(1.25043 -12.3359 2.56685e-21)
(2.92938 -14.5435 -4.12102e-17)
(0.441663 -5.94256 4.65623e-17)
(0.303627 -8.78992 1.23491e-19)
(-0.431025 -1.76467 -2.13559e-16)
(0.123836 -3.9845 1.46442e-19)
(-1.03551 -0.0859458 -4.35936e-16)
(-0.891919 -0.719298 -3.74328e-16)
(0.911434 1.15509 0)
(0.980161 -5.88305 -4.70616e-17)
(0.020057 -4.8249 0)
(1.20579 -8.13885 1.2449e-17)
(1.29829 -6.99551 -2.44472e-17)
(0.480089 -10.1486 1.01568e-16)
(0.883118 -9.2194 -1.01033e-16)
(-0.319461 -11.4867 -5.0717e-17)
(0.0735132 -10.9022 0)
(-0.994293 -12.1045 -5.01431e-17)
(-0.671319 -11.9063 1.01008e-16)
(-1.55215 -11.6898 0)
(-1.32331 -12.0431 0)
(-1.58973 -10.0976 0)
(-1.67226 -11.0264 0)
(1.54106 -4.95913 -6.34219e-17)
(-0.985749 -8.89227 0)
(0.357749 -2.21433 8.20569e-16)
(1.4917 -9.16643 2.91204e-16)
(-0.811305 -0.085163 -2.38802e-16)
(0.163644 -0.272636 0)
(1.66587 -1.45977 -2.3509e-16)
(0.877542 0.769978 -2.39124e-16)
(1.38244 -7.81376 2.11857e-16)
(1.64495 -4.93117 4.26521e-16)
(-0.659214 -13.6342 3.36963e-16)
(0.310301 -10.816 -2.02438e-16)
(-0.898698 -14.4759 -4.64873e-17)
(-0.737537 -14.1536 -3.06857e-16)
(-4.18104 -17.334 8.23931e-17)
(-2.38422 -16.2883 4.24965e-17)
(-7.41383 -16.0385 3.30973e-16)
(-6.09771 -17.1474 4.21103e-19)
(-9.01083 -12.8093 -1.99735e-18)
(-8.3701 -14.389 -3.36129e-16)
(-9.41696 -10.3907 9.11533e-16)
(-9.46575 -11.5407 -3.1801e-16)
(-7.5517 -7.45676 2.82582e-16)
(-8.76252 -9.0621 9.47093e-20)
(-4.68212 -4.36942 0)
(-6.1101 -5.86217 0)
(-2.20132 -1.50134 -2.89583e-16)
(-3.32138 -2.94521 2.65265e-16)
(-0.454512 0.5497 0)
(-1.12885 -0.251677 0)
(-0.470289 1.61875 0)
(-0.446912 1.14274 0)
(-0.693973 1.09383 3.09234e-17)
(-0.527007 1.48837 -6.35677e-17)
(-0.776092 -1.39814 1.5637e-17)
(-0.754274 0.237614 -4.66518e-17)
(-0.920379 -5.87409 -3.81279e-18)
(-0.791383 -3.53729 -1.16351e-17)
(-1.35241 -11.2359 -3.72931e-18)
(-1.20166 -8.5113 0)
(-1.17675 -15.5565 0)
(-1.2889 -13.64 0)
(-0.816016 -18.1606 3.58303e-18)
(-1.0299 -17.0921 0)
(-0.390964 -18.3165 3.50087e-18)
(-0.614132 -18.5683 -5.29686e-18)
(-0.0019651 -15.9536 0)
(-0.185061 -17.3775 -1.72539e-18)
(0.284291 -12.478 3.32786e-18)
(0.161954 -14.216 -1.68781e-18)
(0.438152 -9.71136 -7.60929e-19)
(0.363885 -10.9703 -1.63998e-18)
(0.556978 -7.78801 0)
(0.508376 -8.70647 7.98466e-19)
(0.567415 -5.90458 7.67664e-19)
(0.554579 -6.89981 -7.65737e-19)
(0.581008 -3.51317 -7.47508e-19)
(0.578478 -4.71061 7.54792e-19)
(0.548382 -1.57268 0)
(0.568662 -2.45358 -5.74162e-21)
(0.487048 -0.454683 0)
(0.522042 -0.915371 0)
(0.371532 0.201165 0)
(0.435449 -0.105675 0)
(0.220819 0.714298 -6.57228e-19)
(0.301543 0.494547 5.23467e-21)
(0.164284 0.773149 6.34534e-19)
(0.134497 1.12967 4.43738e-21)
(-0.0495295 0.958001 -3.84828e-20)
(0.14743 1.77927 0)
(-0.11361 0.698328 1.18809e-18)
(0.0161136 2.2481 -6.03948e-19)
(-0.0665315 -1.65696 -5.75777e-19)
(-0.460234 4.24492 -5.81648e-19)
(1.67836 -8.77893 2.67417e-19)
(-1.59392 9.52238 8.34977e-19)
(5.99674 -18.3624 -1.36738e-19)
(-1.34208 20.8173 3.89853e-19)
(4.86045 53.7034 -3.11956e-19)
(0.721912 0.639456 7.37828e-16)
(0.235929 0.545768 -1.2675e-16)
(-4.53263 4.11557 6.78782e-17)
(-33.9475 21.2847 -1.67196e-16)
(-39.3534 4563.52 0)
(-2.31214 8.3709 -5.67425e-18)
(47.53 4305.67 1.18777e-19)
(-6.07547 -6.02057 -4.551e-16)
(0.300945 0.391173 0)
(0.0869679 0.141612 -4.77821e-16)
(-0.0906538 0.0906645 0)
(-0.0474507 0.0348426 0)
(0.03195 0.0311089 -1.10583e-17)
(0.00425153 0.00526853 -4.1138e-18)
(-0.00707353 0.00769191 4.11211e-18)
(-29.4013 35.6377 1.05255e-17)
(-7.95701 -12.7427 1.66821e-16)
(-0.456691 4.48937 0)
(-0.315453 3.67463 -5.26045e-16)
(-2.85866 4.94579 2.62836e-16)
(11.5436 80.1516 -9.50117e-17)
(2.75733 97.0278 -1.57199e-16)
(8.38914 93.2961 1.3612e-16)
(0.482954 52.2113 6.27011e-16)
(-10.1325 61.3863 -3.08564e-16)
(-4.92573 58.1373 6.17502e-16)
(-5.52471 47.6793 2.33259e-18)
(-15.7336 52.4341 -6.10985e-16)
(-10.7798 51.0937 -3.03584e-16)
(-10.813 40.5409 -6.17676e-16)
(-20.8523 42.2352 9.84378e-19)
(-15.9865 42.2161 -3.04755e-16)
(-15.2792 32.2062 -6.1956e-16)
(-25.0952 31.8539 -6.01311e-16)
(-20.4239 32.8622 0)
(-5.90712 -14.5858 1.44011e-15)
(-36.433 -20.4226 0)
(-0.634604 0.384619 0)
(33.002 -28.0992 4.89425e-16)
(0.821197 0.522239 0)
(-37.4226 -0.788288 9.45271e-16)
(-21.259 -8.4942 7.78732e-16)
(-8.29773 -15.6422 -8.90763e-16)
(34.7171 -5.60598 0)
(33.9281 0.0280463 -2.02253e-19)
(-25.2986 -37.9864 0)
(-6.95688 90.7038 4.21973e-16)
(4.47545 98.8867 4.31469e-17)
(2.22769 -16.2649 -1.27814e-15)
(-16.0095 -32.8129 -1.18781e-15)
(4.17679 92.2202 1.13573e-15)
(-9.26672 -12.3596 -3.35637e-16)
(-2.92523 -20.2592 0)
(-16.1604 -24.6566 0)
(-5.84493 -9.35367 0)
(-27.479 -41.4031 0)
(30.9212 21.9065 1.3091e-15)
(-8.01879 -16.7676 -1.41247e-15)
(5.40199 84.6916 -5.50783e-16)
(-0.0721362 -1.13575 -1.01038e-15)
(-1.34982 93.7789 -1.82854e-15)
(6.58679 1.57533 -3.68067e-16)
(-27.4487 46.4963 -2.943e-17)
(-19.8476 65.6181 -5.76634e-16)
(21.5132 51.5308 1.11189e-16)
(19.5549 33.2972 -7.15948e-16)
(0.30788 0.240602 -2.82633e-16)
(-5.13142 -6.64608 8.97235e-16)
(13.2938 -1.85722 5.50338e-16)
(8.51529 -17.6769 0)
(-4.3619 -4.39816 0)
(-6.63697 -1.6148 1.65931e-15)
(-2.67287 -14.732 0)
(-0.748 -5.09665 -9.50924e-16)
(-33.1146 -16.104 -7.58423e-16)
(1.62463 -4.30626 -1.23431e-15)
(-18.1506 -45.4565 1.46248e-16)
(-19.0442 -48.4843 -1.37234e-16)
(-17.4278 -49.8987 0)
(-28.3528 -18.7191 -4.87313e-19)
(-0.353073 99.8688 5.43785e-16)
(-6.53323 -5.70559 -1.08229e-16)
(21.614 -34.9762 8.77692e-16)
(19.4457 11.9975 -1.46186e-15)
(-21.6423 56.9774 -3.9512e-16)
(4.90642 64.8444 6.18772e-16)
(3.3441 40.8856 -5.58655e-16)
(-24.6821 -23.8137 2.94841e-16)
)
;

boundaryField
{
    wall
    {
        type            noSlip;
    }
    outlet
    {
        type            inletOutlet;
        inletValue      uniform (0 0 0);
        value           nonuniform List<vector> 
33
(
(12.0694 8996.25 -8.91777e-19)
(32.858 7160.61 0)
(-46.324 8274.96 1.00078e-18)
(-17.1825 9333.88 -2.85359e-20)
(-59.5517 9081.47 2.00527e-18)
(-37.2644 9165.81 1.82977e-18)
(-63.1099 8881.84 -4.00455e-18)
(-45.6279 8601.39 -3.78896e-18)
(-65.8022 8709.29 1.90237e-18)
(-58.6224 9247.47 1.86754e-18)
(-66.9683 8906.29 1.8983e-18)
(-59.5033 8896.17 1.90001e-18)
(-68.3063 9170.26 -1.89362e-18)
(-52.055 7951.92 0)
(-59.1428 8464.55 -1.88754e-18)
(-50.3375 8110.63 0)
(-51.7318 7849.79 0)
(-52.3496 8614.59 -1.87583e-18)
(-52.9341 8422.69 0)
(-53.5288 8921.21 -1.86962e-18)
(-52.1144 8782.26 3.73783e-18)
(-48.3755 8776.46 0)
(-47.3335 8904.46 0)
(-46.714 8574.27 0)
(-39.2317 8668.62 0)
(-51.9085 7666.17 -1.92194e-20)
(-15.7065 8062.8 1.87809e-18)
(-56.4919 7501.6 0)
(8.21059 7167.54 -2.08195e-18)
(-62.5921 7464.53 0)
(29.7768 6756.4 -1.1825e-19)
(-39.3534 4563.52 0)
(47.53 4305.67 1.18777e-19)
)
;
    }
    inlet
    {
        type            inletOutlet;
        inletValue      uniform (0 0 0);
        value           nonuniform List<vector> 
30
(
(-0.680819 -2.35106 9.81754e-17)
(0.503428 -1.57663 0)
(0.728436 -4.6557 2.86583e-17)
(0.0182649 -6.87277 -2.55617e-17)
(0 0 0)
(0 0 0)
(0.980161 -5.88305 -4.70616e-17)
(0.020057 -4.8249 0)
(1.20579 -8.13885 1.2449e-17)
(1.29829 -6.99551 -2.44472e-17)
(0.480089 -10.1486 1.01568e-16)
(0.883118 -9.2194 -1.01033e-16)
(-0.319461 -11.4867 -5.0717e-17)
(0.0735132 -10.9022 0)
(-0.994293 -12.1045 -5.01431e-17)
(-0.671319 -11.9063 1.01008e-16)
(-1.55215 -11.6898 0)
(-1.32331 -12.0431 0)
(-1.58973 -10.0976 0)
(-1.67226 -11.0264 0)
(-0.985749 -8.89227 0)
(0.163644 -0.272636 0)
(0 0 0)
(0 0 0)
(0 0 0)
(0 0 0)
(0 0 0)
(0 0 0)
(0 0 0)
(0 0 0)
)
;
    }
    frontAndBackPlanes
    {
        type            empty;
    }
}


// ************************************************************************* //
