/*--------------------------------*- C++ -*----------------------------------*\
| =========                 |                                                 |
| \\      /  F ield         | OpenFOAM: The Open Source CFD Toolbox           |
|  \\    /   O peration     | Version:  2212                                  |
|   \\  /    A nd           | Website:  www.openfoam.com                      |
|    \\/     M anipulation  |                                                 |
\*---------------------------------------------------------------------------*/
FoamFile
{
    version     2.0;
    format      ascii;
    arch        "LSB;label=32;scalar=64";
    class       volVectorField;
    location    "0.0096";
    object      U;
}
// * * * * * * * * * * * * * * * * * * * * * * * * * * * * * * * * * * * * * //

dimensions      [0 1 -1 0 0 0 0];

internalField   nonuniform List<vector> 
2308
(
(-1.63218 2.42198 -1.02348e-15)
(0.686508 0.749052 0)
(-0.591436 6.01428 7.23973e-17)
(0.261292 1.39484 -3.61068e-16)
(0.0594256 2.33755 0)
(0.336013 2.27694 -2.13589e-20)
(-0.302347 2.28397 8.76573e-21)
(-0.429986 2.28332 -4.98688e-16)
(-0.0714836 2.33285 9.07509e-16)
(-0.0448646 1.92382 -1.20478e-16)
(-0.0499233 1.94255 2.14972e-16)
(-0.0387117 1.97493 -3.15805e-16)
(-0.0270669 2.0195 1.56309e-16)
(-0.0200573 2.06766 -7.91369e-17)
(-0.0132572 2.1193 1.3478e-17)
(-0.00553652 2.17087 1.12004e-16)
(0.00347719 2.21686 1.50011e-17)
(-0.0179518 2.26852 3.46301e-17)
(0.00274992 2.21786 4.66213e-17)
(-0.00298073 2.16466 3.4504e-18)
(0.000832226 2.11284 2.63145e-17)
(0.00683857 2.06189 -7.69214e-17)
(0.0113559 2.01484 9.8814e-17)
(0.0123018 1.97577 -4.55473e-17)
(0.0177328 1.9439 -1.95841e-16)
(0.0237146 1.92795 -9.31522e-17)
(0.0321953 1.92472 4.76532e-17)
(-0.00208204 1.93331 -5.24411e-17)
(-0.186161 2.3147 0)
(0.00945921 2.25826 -3.19578e-16)
(0.00509661 1.95327 2.79257e-18)
(0.00971643 1.98326 7.15359e-19)
(0.0105692 2.02144 -1.22351e-17)
(0.0115442 2.06549 1.15615e-17)
(0.011431 2.11366 -1.22969e-17)
(0.0114082 2.16382 1.15779e-17)
(0.0108575 2.2148 -5.78599e-18)
(0.0101672 2.26514 5.78294e-18)
(0.00911343 2.31396 -5.77819e-18)
(0.00796464 2.36011 2.88692e-18)
(0.00685522 2.40339 5.78145e-18)
(0.00570155 2.44314 8.68476e-18)
(0.00447885 2.47952 -1.74078e-17)
(0.00320154 2.5126 1.16374e-17)
(0.00162697 2.54275 5.81897e-18)
(-0.232189 2.54145 -5.83745e-18)
(-0.228658 2.51106 5.8183e-18)
(-0.224488 2.47791 -8.70832e-18)
(-0.219582 2.44076 -9.42929e-18)
(-0.213676 2.4006 1.44861e-17)
(-0.206753 2.35674 -2.8966e-18)
(-0.198777 2.31038 5.80305e-18)
(-0.190247 2.26036 1.4496e-18)
(-0.181161 2.2103 -8.70272e-18)
(-0.171656 2.15903 -2.90575e-18)
(-0.16137 2.10836 5.80928e-18)
(-0.151185 2.06051 0)
(-0.140198 2.01675 -7.2229e-19)
(-0.129645 1.97903 -2.37395e-17)
(-0.115816 1.94989 -8.18106e-17)
(-0.101679 1.93999 9.64058e-17)
(-0.12547 1.90549 9.9438e-17)
(-0.127383 1.9256 1.14122e-16)
(-0.120666 1.92333 -1.9427e-20)
(-0.107295 1.94314 1.27949e-16)
(-0.0906017 1.9785 -2.3713e-16)
(-0.069131 2.01505 -5.44015e-17)
(-0.0484821 2.06225 0)
(-0.0277214 2.11218 0)
(-0.00599719 2.16205 0)
(0.0176096 2.20867 0)
(0.000137969 2.56973 -2.91111e-18)
(-0.235359 2.56918 2.92593e-18)
(-0.0578873 2.19432 -1.60838e-16)
(-0.0104218 2.15144 -3.25188e-18)
(0.018726 2.1005 1.27421e-17)
(0.0396159 2.04726 0)
(0.058603 1.99954 -2.44346e-17)
(0.0757696 1.95926 -2.39078e-17)
(0.0905197 1.93461 1.19951e-17)
(0.107084 1.91879 4.80993e-17)
(0.119122 1.91091 0)
(0.124421 1.9248 -7.24375e-21)
(0.133988 1.94649 8.91626e-20)
(0.146274 1.97669 -1.15506e-17)
(0.159181 2.01481 1.73321e-17)
(0.171193 2.05916 3.49921e-21)
(0.182578 2.1074 -1.01319e-17)
(0.192492 2.15802 0)
(0.20153 2.20993 -1.4477e-18)
(0.209645 2.2607 8.68081e-18)
(0.216297 2.31004 -1.15685e-17)
(0.221953 2.35686 -1.79018e-21)
(0.226655 2.40072 1.15826e-17)
(0.23057 2.44081 0)
(0.233354 2.47776 1.1598e-17)
(0.23506 2.51113 6.76182e-22)
(0.235875 2.54142 -5.82061e-18)
(-0.0482196 2.30156 -1.36942e-16)
(0.236242 2.569 -5.82503e-18)
(0.00884152 2.28855 1.39679e-16)
(0.0415833 2.24954 -7.43474e-21)
(-0.449694 2.56737 -5.86039e-18)
(-0.445303 2.53802 7.31795e-18)
(-0.439995 2.50721 0)
(-0.433258 2.47231 -2.18846e-18)
(-0.425127 2.43412 5.09951e-18)
(-0.415185 2.39255 5.82567e-18)
(-0.403345 2.34704 -5.82595e-18)
(-0.3898 2.29918 0)
(-0.375123 2.24813 -1.45465e-18)
(-0.358918 2.19691 2.9166e-18)
(-0.341243 2.14425 -2.16972e-22)
(-0.322905 2.09306 -2.9174e-18)
(-0.303663 2.04489 0)
(-0.283751 2.00106 4.37402e-18)
(-0.262974 1.96421 -1.74191e-17)
(-0.244272 1.93607 -1.16481e-17)
(-0.230847 1.91704 4.73012e-17)
(-0.222209 1.89415 1.75324e-16)
(-0.211066 1.90214 1.32319e-17)
(-0.195386 1.9036 1.25795e-16)
(-0.168915 1.92337 -5.68722e-17)
(-0.139767 1.96009 0)
(-0.111284 1.99816 0)
(-0.0796609 2.04287 0)
(-0.0452222 2.09038 1.88227e-16)
(-0.00840321 2.13874 -2.18569e-16)
(0.0294551 2.18449 2.22703e-16)
(-0.538242 2.23507 -4.00571e-16)
(0.423722 2.2203 0)
(0.262878 2.27455 0)
(0.340566 2.26456 0)
(-0.0981023 2.22468 3.20684e-16)
(-0.0100947 2.18307 9.07183e-17)
(0.0126816 2.1284 -9.80614e-22)
(0.0470686 2.07439 -1.54264e-18)
(0.081117 2.02123 1.53421e-18)
(0.112498 1.97436 1.21633e-17)
(0.140812 1.93598 -2.40447e-17)
(0.166788 1.9114 1.46443e-21)
(0.191948 1.89648 0)
(0.215399 1.89114 5.31722e-17)
(0.235205 1.9041 3.49059e-17)
(0.256248 1.92679 -5.78935e-18)
(0.278252 1.95787 5.78384e-18)
(0.300013 1.99684 0)
(0.320872 2.0416 0)
(0.340762 2.09104 -7.25381e-19)
(0.359276 2.14275 0)
(0.376183 2.1959 4.35057e-18)
(0.391414 2.24813 6.31872e-22)
(0.404926 2.29891 -2.90094e-18)
(0.416728 2.3475 0)
(0.426991 2.39239 -2.90157e-18)
(0.435239 2.43379 4.3571e-18)
(0.441715 2.47246 -7.26986e-18)
(0.446672 2.50699 0)
(0.450037 2.53806 -1.16393e-17)
(0.451993 2.56656 2.91513e-18)
(0.453162 2.59218 4.95981e-22)
(0.236006 2.59384 0)
(-0.00103438 2.59452 -1.46041e-18)
(-0.237598 2.59402 -4.75588e-18)
(-0.320821 2.30526 4.3551e-16)
(-0.45317 2.59213 3.66733e-19)
(-0.77187 2.12799 -1.25624e-15)
(-0.998246 2.0341 -2.88936e-16)
(0.0582126 2.28246 0)
(-0.554416 2.29656 4.16379e-16)
(-0.0830307 2.34059 -8.71194e-16)
(-0.0125861 2.32037 5.71693e-17)
(0.0676158 2.22663 -3.36741e-16)
(0.453843 2.61622 -2.92585e-18)
(0.235879 2.61754 -2.9255e-18)
(-0.00170117 2.61782 -3.65993e-19)
(-0.239031 2.61738 5.85598e-18)
(-0.455651 2.61615 3.67212e-19)
(-0.63567 2.61361 0)
(-0.631949 2.58947 2.94194e-18)
(-0.62716 2.5632 5.87923e-18)
(-0.621377 2.53325 -1.46962e-18)
(-0.614281 2.50054 -5.87034e-18)
(-0.605612 2.46404 -6.59168e-18)
(-0.594916 2.42407 8.78828e-18)
(-0.581951 2.38068 2.93009e-18)
(-0.56685 2.33282 -5.86565e-18)
(-0.549896 2.28226 4.39741e-18)
(-0.530815 2.22998 -1.282e-18)
(-0.509892 2.17665 0)
(-0.487502 2.12248 0)
(-0.463738 2.07002 0)
(-0.438795 2.02086 5.8752e-18)
(-0.412912 1.97678 -2.94425e-18)
(-0.386754 1.93866 -4.13919e-21)
(-0.361019 1.90949 -2.37347e-17)
(-0.336879 1.88783 0)
(-0.315501 1.87357 -2.493e-17)
(-0.293307 1.87402 2.57797e-17)
(-0.270129 1.87706 5.30602e-17)
(-0.240546 1.89262 2.70576e-17)
(-0.194745 1.92881 1.07955e-16)
(-0.157056 1.96883 -1.06837e-16)
(-0.114823 2.01048 0)
(-0.0676501 2.05458 2.64736e-17)
(-0.016044 2.09941 -5.32187e-17)
(0.0378213 2.14293 -1.0785e-16)
(-0.176794 2.28046 5.16927e-17)
(-1.07221 2.82 0)
(0.175288 2.3368 -8.268e-21)
(-0.606878 2.19766 5.53391e-16)
(-0.513158 2.21734 -1.18228e-16)
(-0.401293 2.22228 1.34566e-16)
(-0.308092 2.22512 -2.56052e-17)
(-0.226986 2.21812 5.00544e-17)
(-0.154496 2.20022 -2.44924e-17)
(-0.0871432 2.17229 0)
(-0.0266991 2.13135 -2.37229e-17)
(0.03126 2.08029 -2.40694e-17)
(0.0837114 2.02972 0)
(0.130893 1.98211 0)
(0.173103 1.9386 1.50935e-18)
(0.211595 1.9035 -1.35021e-17)
(0.24682 1.87896 0)
(0.279898 1.86556 0)
(0.310296 1.86313 -1.77344e-17)
(0.338752 1.87535 -1.17289e-17)
(0.367209 1.89825 2.33548e-17)
(0.395646 1.93018 5.83159e-18)
(0.423677 1.9709 1.45783e-18)
(0.450874 2.01572 5.82883e-18)
(0.476456 2.06743 -6.56015e-18)
(0.500665 2.12034 0)
(0.522938 2.17519 -2.91349e-18)
(0.543241 2.22937 0)
(0.561522 2.2827 0)
(0.577836 2.33276 0)
(0.591893 2.37944 -1.16583e-17)
(0.603662 2.42349 0)
(0.613474 2.46409 -6.55274e-18)
(0.621253 2.49992 1.09224e-18)
(0.626892 2.53288 2.29486e-17)
(0.630801 2.5626 0)
(0.633537 2.5894 -1.16639e-17)
(0.635688 2.61386 1.82195e-19)
(-0.0835802 6.65282 0)
(-0.700575 2.17949 6.83074e-16)
(2.12428 3.03746 1.09381e-15)
(0.0829893 1.31026 0)
(-1.50148 5.83258 -3.29733e-16)
(-0.977269 2.03514 1.43049e-15)
(0.106957 2.25996 -4.07346e-20)
(-0.122676 2.33164 1.08589e-16)
(-0.769436 2.60987 -3.69512e-19)
(-0.76428 2.58492 -2.95206e-18)
(-0.758376 2.55796 2.95045e-18)
(-0.751147 2.52622 0)
(-0.742676 2.49198 0)
(-0.732404 2.45371 3.68054e-19)
(-0.72006 2.41143 -1.4718e-18)
(-0.705461 2.36598 -5.1456e-18)
(-0.6889 2.31555 3.67508e-19)
(-0.670315 2.26306 -7.58087e-19)
(-0.649658 2.20854 -9.02307e-19)
(-0.627045 2.15269 4.04806e-18)
(-0.602624 2.09752 3.67742e-19)
(-0.576824 2.04261 -2.94954e-18)
(-0.54963 1.99258 0)
(-0.521169 1.94709 1.18224e-17)
(-0.491931 1.90817 -3.57479e-21)
(-0.462261 1.87755 5.98252e-17)
(-0.433119 1.85517 -4.84356e-17)
(-0.404198 1.84278 0)
(-0.373474 1.83973 5.06927e-17)
(-0.341091 1.8486 -1.55371e-16)
(-0.310236 1.8508 7.8803e-17)
(-0.260026 1.88362 1.0482e-16)
(-0.21035 1.93016 6.61122e-21)
(-0.156481 1.96577 -1.03885e-16)
(-0.0966925 2.00462 1.03889e-16)
(-0.0313244 2.04466 1.04374e-16)
(0.0399569 2.08238 -1.04312e-16)
(0.0911151 2.1828 -2.14004e-16)
(-0.388803 2.29689 7.29145e-21)
(-1.07515 1.67967 -4.8846e-20)
(-0.653655 2.06462 -9.77106e-17)
(-0.562503 2.11175 -1.294e-17)
(-0.459982 2.12983 -3.83421e-17)
(-0.356114 2.13785 -1.25251e-17)
(-0.257346 2.13548 0)
(-0.165029 2.12197 2.43167e-17)
(-0.0797813 2.09767 -1.2018e-17)
(-0.000672665 2.06353 -1.19708e-17)
(0.0691672 2.02188 6.01477e-18)
(0.132443 1.97678 6.03167e-18)
(0.189289 1.93306 1.20618e-17)
(0.240216 1.89391 0)
(0.286201 1.86308 1.1968e-17)
(0.327455 1.84015 -1.17496e-17)
(0.365923 1.82885 -1.85952e-19)
(0.401086 1.8288 -3.55414e-17)
(0.434143 1.84163 2.9474e-18)
(0.466226 1.86545 -1.46748e-17)
(0.497568 1.89865 0)
(0.527994 1.94024 -4.75181e-18)
(0.557246 1.98667 3.64744e-19)
(0.58484 2.03957 6.58239e-18)
(0.61091 2.09431 0)
(0.635279 2.15094 0)
(0.657829 2.20786 -1.82852e-19)
(0.67844 2.26289 -5.66359e-18)
(0.696994 2.31462 5.85189e-18)
(0.713237 2.36429 7.31093e-18)
(0.727299 2.41096 -1.45967e-18)
(0.739325 2.45284 4.37935e-18)
(0.749094 2.49064 -1.46176e-18)
(0.756768 2.52608 -1.16916e-17)
(0.76281 2.55691 1.16795e-17)
(0.767483 2.58516 2.6278e-17)
(0.77135 2.61008 1.16685e-17)
(0.774927 2.63261 0)
(0.637681 2.63608 -6.01867e-18)
(0.454763 2.63841 -4.83839e-22)
(0.23609 2.63979 6.59698e-18)
(-0.00215182 2.64012 2.19787e-18)
(-0.240168 2.63927 -2.93429e-18)
(-0.457684 2.63743 5.88019e-18)
(-0.638794 2.63455 -5.88311e-18)
(-0.773878 2.631 -2.95136e-18)
(1.99679 3.46405 -4.06712e-16)
(0.774545 5.84919 -9.35244e-17)
(-1.79868 2.1619 -1.62774e-16)
(-0.885636 2.15608 -6.94039e-16)
(-1.32433 2.42222 -3.43606e-16)
(1.0831 3.58908 9.77503e-17)
(0.113991 2.11771 0)
(0.134102 2.21967 4.28288e-16)
(-0.566386 2.29556 1.01095e-15)
(-0.878181 2.21435 4.14422e-16)
(-0.900988 2.57129 -4.16776e-16)
(0.0512464 2.36205 8.91558e-16)
(-0.753288 1.973 0)
(-0.629316 1.99569 1.27113e-17)
(-0.503715 2.01543 -3.13703e-18)
(-0.38249 2.0301 -5.87193e-17)
(-0.267486 2.03338 1.22105e-17)
(-0.159665 2.02595 0)
(-0.0599037 2.00852 -2.2457e-21)
(0.0314368 1.98243 -2.99776e-18)
(0.113851 1.94951 0)
(0.187797 1.91274 -6.00502e-18)
(0.252839 1.87511 -6.00155e-18)
(0.310298 1.84231 0)
(0.360976 1.81638 1.49296e-18)
(0.406463 1.79734 -1.4954e-18)
(0.447201 1.78921 1.48813e-18)
(0.483841 1.79222 2.224e-17)
(0.517726 1.80665 0)
(0.549644 1.83219 2.9475e-18)
(0.580081 1.86671 -1.47146e-18)
(0.609118 1.90911 3.67709e-19)
(0.636809 1.95806 1.10383e-18)
(0.663305 2.01172 -6.62024e-18)
(0.68822 2.06808 0)
(0.711798 2.12701 1.46946e-18)
(0.733864 2.18564 2.93592e-18)
(0.754339 2.24133 2.93859e-18)
(0.772919 2.29633 1.07363e-21)
(0.789641 2.3485 -1.46554e-18)
(0.804515 2.39646 -4.39469e-18)
(0.817407 2.44011 -2.93224e-18)
(0.828314 2.48079 -2.93e-18)
(0.837535 2.51733 0)
(0.845192 2.55 -1.17123e-17)
(0.851604 2.57959 -1.17018e-17)
(0.857154 2.60489 -8.76292e-18)
(0.862284 2.62772 -1.60582e-17)
(0.867549 2.64752 7.30294e-18)
(0.778689 2.65281 -5.84286e-18)
(0.640114 2.65702 0)
(0.455983 2.65986 2.9334e-18)
(0.236272 2.66104 2.9379e-18)
(-0.00293003 2.66137 -5.86964e-18)
(-0.241521 2.66053 5.88464e-18)
(-0.459759 2.6587 7.49052e-23)
(-0.641967 2.65537 -2.94633e-18)
(-0.778381 2.65074 8.84844e-18)
(-0.865761 2.64522 -8.89067e-18)
(-0.860006 2.62612 1.48187e-18)
(-0.854155 2.6047 -1.10977e-18)
(-0.847939 2.57875 2.21877e-18)
(-0.840773 2.55129 -7.37854e-18)
(-0.832709 2.51783 2.76946e-18)
(-0.823285 2.48228 0)
(-0.812236 2.44196 3.69538e-19)
(-0.799427 2.39813 5.17346e-18)
(-0.784762 2.34982 -7.38503e-19)
(-0.768269 2.29768 1.84452e-18)
(-0.749961 2.24328 -1.52874e-22)
(-0.72989 2.18678 7.44346e-19)
(-0.708123 2.12844 -3.69345e-19)
(-0.68468 2.07207 2.58614e-18)
(-0.659805 2.01516 -8.87138e-18)
(-0.633427 1.9639 1.31485e-21)
(-0.605836 1.91623 5.93685e-18)
(-0.577116 1.87666 -5.96072e-18)
(-0.547411 1.84407 -4.79716e-17)
(-0.516405 1.82068 4.83722e-17)
(-0.484196 1.80682 0)
(-0.449752 1.79953 -9.98716e-17)
(-0.410577 1.81222 7.55538e-17)
(-0.372287 1.81002 -7.67411e-17)
(-0.330685 1.83575 0)
(-0.266767 1.87652 0)
(-0.2027 1.90755 0)
(-0.131493 1.94043 -1.27131e-17)
(-0.0520555 1.97253 -1.344e-20)
(0.0340285 2.00278 2.025e-16)
(-0.224144 2.33866 -4.5488e-16)
(0.187056 2.15265 2.14452e-16)
(0.158691 2.25802 -2.01833e-16)
(-0.236557 2.28696 2.56297e-17)
(-0.7465 2.3014 4.86319e-16)
(-1.05927 2.19715 4.15155e-16)
(-1.10634 2.09161 3.36909e-20)
(-1.12522 1.99143 -4.32523e-16)
(-1.20774 1.61671 -3.01374e-16)
(-0.853366 1.9056 -2.99641e-16)
(-0.954365 1.82101 1.08251e-16)
(-0.797675 1.84486 -2.51329e-17)
(-0.657748 1.86618 -4.96092e-17)
(-0.51974 1.88759 0)
(-0.385528 1.9061 4.89882e-17)
(-0.257577 1.91556 0)
(-0.137891 1.91595 0)
(-0.0274022 1.90706 1.20099e-17)
(0.0733914 1.89076 2.9969e-18)
(0.164772 1.86698 0)
(0.245728 1.8396 5.99135e-18)
(0.316349 1.81144 -1.01301e-22)
(0.377645 1.78594 1.24119e-21)
(0.430765 1.76648 5.96903e-18)
(0.477296 1.75295 6.70701e-18)
(0.517407 1.74969 -6.69915e-18)
(0.552806 1.75662 -1.22483e-17)
(0.5846 1.77363 3.70474e-19)
(0.61361 1.80186 -2.22011e-18)
(0.640767 1.83744 7.38711e-19)
(0.666156 1.88166 2.95569e-18)
(0.6902 1.93202 -2.21609e-18)
(0.713038 1.98708 2.95337e-18)
(0.73478 2.04465 -9.62313e-23)
(0.755447 2.10544 -7.37037e-18)
(0.774999 2.16406 2.95118e-18)
(0.793329 2.22214 2.94929e-18)
(0.810334 2.27954 -4.40996e-18)
(0.825954 2.33243 5.87942e-18)
(0.840151 2.3818 5.88566e-18)
(0.852743 2.42813 0)
(0.863921 2.46994 1.76381e-17)
(0.873798 2.50806 2.93778e-18)
(0.882389 2.54231 2.92996e-18)
(0.889952 2.57225 0)
(0.896735 2.59869 0)
(0.903038 2.62173 8.77116e-18)
(0.909288 2.64141 1.46076e-22)
(0.915926 2.65858 -1.45999e-18)
(0.873459 2.6656 1.46093e-18)
(0.783401 2.67191 0)
(0.643674 2.67676 0)
(0.458059 2.68083 -1.46603e-18)
(0.236878 2.68329 4.39878e-18)
(-0.00358684 2.68351 0)
(-0.243305 2.68215 -2.94577e-18)
(-0.46283 2.67893 -2.9452e-18)
(-0.646213 2.6743 5.89656e-18)
(-0.783658 2.66846 -2.95237e-18)
(-0.871983 2.66157 8.88512e-18)
(-0.914044 2.65432 1.48508e-18)
(-0.9073 2.63892 1.48583e-18)
(-0.900796 2.62017 2.97131e-18)
(-0.894185 2.59801 0)
(-0.88714 2.57203 -1.11333e-18)
(-0.879413 2.54278 -2.783e-19)
(-0.870684 2.50924 1.66922e-18)
(-0.860907 2.47183 -3.71016e-19)
(-0.84995 2.42995 -7.41445e-19)
(-0.837674 2.3846 -5.92271e-18)
(-0.824131 2.33458 1.48087e-18)
(-0.809104 2.28074 -3.70371e-18)
(-0.792644 2.22468 1.85088e-18)
(-0.774792 2.16667 -7.40028e-19)
(-0.75571 2.10666 0)
(-0.735153 2.04846 0)
(-0.713214 1.99093 0)
(-0.69029 1.93707 -2.96867e-18)
(-0.665997 1.88847 0)
(-0.64001 1.8471 8.6294e-22)
(-0.61231 1.81254 2.39512e-17)
(-0.58292 1.78694 -1.20549e-17)
(-0.550957 1.77068 2.43672e-17)
(-0.516253 1.75977 7.40852e-17)
(-0.475288 1.76881 -6.06803e-21)
(-0.430478 1.7688 -2.50703e-17)
(-0.387564 1.78299 -5.00183e-17)
(-0.324275 1.81142 9.92677e-17)
(-0.25115 1.8401 -4.98386e-17)
(-0.170844 1.86459 -4.27328e-21)
(-0.0815051 1.8868 2.47981e-17)
(0.0169235 1.9082 -1.30981e-20)
(0.124891 2.03307 -3.08575e-16)
(-0.408597 2.35476 -4.67814e-16)
(-0.0308322 2.3681 8.827e-16)
(2.13634 3.80884 0)
(0.21903 2.0615 -2.10327e-16)
(-1.26057 1.83724 7.75216e-16)
(-1.26479 1.92535 -4.13457e-16)
(-1.29081 2.04994 -7.91138e-16)
(0.267424 2.2872 -6.74666e-17)
(-0.389369 2.27611 -6.42734e-17)
(-0.127023 2.33203 -2.5627e-17)
(0.265058 2.17943 1.90332e-20)
(-0.946182 2.30802 -4.76514e-16)
(-1.2739 2.16639 3.97348e-16)
(0.923326 2.67266 -1.46184e-18)
(0.880673 2.68096 -1.46108e-18)
(0.789821 2.68892 0)
(0.64888 2.69638 -1.46597e-18)
(0.461871 2.70237 1.46812e-18)
(0.238718 2.70589 -1.46706e-18)
(-0.00393026 2.70661 1.46905e-18)
(-0.245799 2.70412 2.9442e-18)
(-0.467111 2.69902 -2.94713e-18)
(-0.651918 2.69183 5.89849e-18)
(-0.790339 2.6834 -8.86836e-18)
(-0.879292 2.67469 0)
(-0.921408 2.66651 1.164e-22)
(-0.923826 2.65872 0)
(-0.917169 2.64723 -8.92107e-18)
(-0.910622 2.6318 2.97708e-18)
(-0.903984 2.61331 0)
(-0.897174 2.5905 0)
(-0.889874 2.56422 7.4398e-19)
(-0.882084 2.53428 -9.29985e-20)
(-0.873617 2.49967 0)
(-0.864308 2.46152 -3.71862e-19)
(-0.854184 2.41856 3.71672e-19)
(-0.843156 2.37181 1.48506e-18)
(-0.831205 2.32105 7.41819e-19)
(-0.81837 2.26604 1.48399e-18)
(-0.804585 2.20847 -1.73349e-22)
(-0.789862 2.14926 -2.96786e-18)
(-0.774152 2.08878 7.42654e-19)
(-0.757522 2.02841 2.97006e-18)
(-0.739956 1.97025 7.42099e-19)
(-0.721235 1.91512 -1.4871e-18)
(-0.701299 1.86516 2.97536e-18)
(-0.679637 1.82119 -8.94062e-18)
(-0.655764 1.78461 -1.19551e-17)
(-0.629363 1.75621 6.00969e-18)
(-0.599798 1.73591 -1.21042e-17)
(-0.56626 1.72234 0)
(-0.527113 1.72365 -3.68939e-17)
(-0.481005 1.71995 7.45506e-17)
(-0.430399 1.73329 0)
(-0.371608 1.74609 0)
(-0.296378 1.76268 0)
(-0.210433 1.7786 1.83202e-17)
(-0.114528 1.79151 -8.16554e-21)
(-0.00799428 1.80155 -1.1756e-20)
(0.123541 1.92868 -1.98599e-16)
(0.336219 2.29117 -4.67128e-16)
(-0.613048 2.37258 1.03534e-19)
(0.32843 1.18098 3.87321e-16)
(-0.856798 6.34813 0)
(-0.812796 1.71069 -2.36474e-17)
(-0.655825 1.72601 0)
(-0.506852 1.74954 0)
(-0.364269 1.77162 1.2122e-17)
(-0.229095 1.7876 -2.41607e-17)
(-0.102768 1.79684 0)
(0.0133941 1.79712 1.20266e-17)
(0.119725 1.79138 0)
(0.215106 1.77818 -2.99426e-18)
(0.299044 1.7618 2.99159e-18)
(0.371836 1.74406 -1.4955e-17)
(0.434105 1.72775 1.24336e-21)
(0.487254 1.71621 -5.96578e-18)
(0.532196 1.71004 1.19312e-17)
(0.570251 1.71244 8.92983e-18)
(0.602819 1.72393 -8.92812e-18)
(0.631187 1.74462 0)
(0.656328 1.77525 2.39883e-22)
(0.678694 1.81324 -4.45008e-18)
(0.699439 1.85901 0)
(0.718718 1.91065 0)
(0.736955 1.96674 1.48213e-18)
(0.75438 2.02558 4.44266e-18)
(0.771184 2.08659 -2.96047e-18)
(0.787338 2.14634 2.95388e-18)
(0.802453 2.20594 -5.90284e-18)
(0.816807 2.26452 -1.47664e-18)
(0.830345 2.31752 -1.18109e-17)
(0.842855 2.36893 5.89956e-18)
(0.854315 2.41636 0)
(0.864834 2.45905 -1.17901e-17)
(0.874338 2.49906 -5.88168e-18)
(0.883012 2.53352 0)
(0.8909 2.56424 5.8816e-18)
(0.89814 2.59179 -3.12476e-22)
(0.904962 2.61503 8.79404e-18)
(0.911525 2.63439 8.78103e-18)
(0.918165 2.65134 0)
(0.925039 2.66442 -2.92537e-18)
(0.185668 2.39667 -4.3492e-16)
(-0.224511 2.40419 -8.93818e-16)
(0.00664353 6.25913 1.34373e-16)
(0.349237 2.18774 -1.86781e-16)
(-1.20862 2.2732 8.06111e-16)
(0.305945 2.08666 -1.69611e-21)
(-0.894062 2.65099 1.48733e-18)
(-0.888715 2.63975 7.44032e-18)
(-0.883134 2.62423 -5.95726e-18)
(-0.877225 2.60535 0)
(-0.870978 2.58247 0)
(-0.864301 2.55555 0)
(-0.857228 2.52534 0)
(-0.849684 2.49032 1.48917e-18)
(-0.841589 2.4512 -7.44332e-19)
(-0.832889 2.40787 3.72143e-19)
(-0.823617 2.35998 -2.23183e-18)
(-0.813781 2.3087 1.48712e-18)
(-0.803412 2.25347 7.43094e-19)
(-0.792491 2.19511 -1.11496e-18)
(-0.780996 2.13489 0)
(-0.768889 2.074 1.8389e-23)
(-0.756227 2.01292 -7.43269e-19)
(-0.742798 1.95385 7.43635e-19)
(-0.728401 1.89774 1.48759e-18)
(-0.712561 1.84584 -1.67458e-18)
(-0.695022 1.79994 1.67553e-18)
(-0.675438 1.76066 -4.47677e-18)
(-0.652426 1.72885 -8.9809e-18)
(-0.626148 1.70466 6.01221e-18)
(-0.595054 1.6868 0)
(-0.55782 1.68104 -5.10273e-21)
(-0.514549 1.67111 -3.68066e-17)
(-0.463485 1.67821 3.05811e-17)
(-0.402873 1.67886 -6.12332e-18)
(-0.330717 1.68552 0)
(-0.245545 1.68958 -6.04127e-18)
(-0.148722 1.69107 8.3402e-17)
(-0.0406528 1.68974 -4.63134e-17)
(0.109605 1.80946 1.87872e-16)
(0.420894 2.24195 9.56512e-16)
(-0.837714 2.41535 1.25043e-19)
(0.932374 2.67388 -7.32047e-19)
(0.931821 2.68277 4.39256e-18)
(0.889655 2.69286 7.31141e-19)
(0.79865 2.70412 0)
(0.656806 2.71529 -1.46666e-18)
(0.467677 2.72467 1.46698e-18)
(0.24165 2.73074 -2.20459e-18)
(-0.00423715 2.7323 -5.14626e-18)
(-0.249294 2.72858 5.88801e-18)
(-0.47333 2.72019 0)
(-0.659849 2.70899 -2.95071e-18)
(-0.799219 2.69722 8.86275e-18)
(-0.888371 2.68587 -5.91821e-18)
(-0.929873 2.67558 -2.96297e-18)
(-0.930849 2.66668 4.44649e-18)
(-0.899064 2.65916 -5.93963e-18)
(0.486638 2.26427 9.05792e-16)
(-1.45137 2.21005 -3.68262e-16)
(-1.47196 2.03088 3.75403e-16)
(-1.43335 1.86813 7.52168e-16)
(-1.3555 1.74187 3.56977e-16)
(0.14228 2.34822 -4.99898e-20)
(0.409439 2.253 2.74907e-16)
(-0.912622 0.985571 0)
(0.194677 1.28411 0)
(-0.78958 1.54374 0)
(-0.62312 1.57507 5.99801e-18)
(-0.467994 1.60473 -1.20772e-17)
(-0.322561 1.63229 -8.89678e-22)
(-0.186081 1.65565 3.62148e-17)
(-0.0590197 1.6739 -2.41073e-17)
(0.0577493 1.68439 1.51022e-21)
(0.164149 1.68941 1.19898e-17)
(0.258626 1.68807 -2.09566e-17)
(0.341344 1.68313 2.99057e-18)
(0.412487 1.67651 1.19573e-17)
(0.472893 1.67042 -2.98866e-18)
(0.523769 1.66747 2.98553e-18)
(0.566054 1.66925 -8.95165e-18)
(0.601131 1.67829 2.98023e-18)
(0.630195 1.69488 8.92845e-18)
(0.654374 1.71993 -5.95092e-18)
(0.675141 1.75306 5.94864e-18)
(0.693256 1.79372 2.23016e-18)
(0.709567 1.84106 5.20344e-18)
(0.724336 1.89394 -6.68823e-18)
(0.738223 1.95084 4.45845e-18)
(0.751521 2.01043 -8.1688e-18)
(0.764257 2.07151 -5.93852e-18)
(0.776515 2.13254 5.93337e-18)
(0.788476 2.19214 2.96203e-18)
(0.799915 2.25098 -2.96089e-18)
(0.810738 2.30522 0)
(0.820903 2.35742 -5.91491e-18)
(0.830585 2.40518 2.95491e-18)
(0.839538 2.44953 -5.8973e-18)
(0.847846 2.48925 -8.84724e-18)
(0.855675 2.52455 -5.89698e-18)
(0.863016 2.55615 -1.17622e-17)
(0.869846 2.58386 2.93513e-18)
(0.876233 2.60714 -2.93606e-18)
(0.882335 2.62688 -5.87083e-18)
(0.888128 2.64367 0)
(0.893733 2.65636 0)
(0.899191 2.66566 0)
(0.0105709 6.18189 0)
(0.235404 1.95053 -2.78849e-21)
(0.340045 2.23794 1.012e-15)
(0.416327 2.43411 4.31492e-16)
(-0.450866 2.44635 4.43811e-16)
(-0.0123965 2.45933 8.73058e-16)
(0.259095 2.33302 -4.6848e-16)
(-0.0041659 6.23142 -1.1512e-16)
(-0.194066 6.8316 0)
(0.23929 2.31814 -5.32989e-16)
(0.380059 2.10684 -2.17517e-16)
(0.0764823 1.67112 -8.31262e-17)
(0.0490883 2.33404 -1.39908e-15)
(1.83485 3.87721 4.24796e-16)
(0.561332 1.12509 3.80994e-16)
(0.299182 6.29485 -6.20035e-17)
(-0.842669 2.64991 -2.97133e-18)
(-0.84011 2.64102 -7.42891e-19)
(-0.836554 2.62963 -2.23251e-18)
(-0.832391 2.61417 5.10335e-23)
(-0.827827 2.59497 0)
(-0.82281 2.57206 0)
(-0.817519 2.54515 0)
(-0.811851 2.51443 -3.72583e-19)
(-0.805811 2.47952 -4.65393e-19)
(-0.799435 2.43996 4.65316e-19)
(-0.792664 2.39664 -3.72196e-19)
(-0.785571 2.34844 9.30274e-19)
(-0.778022 2.29681 -1.11675e-18)
(-0.770102 2.24134 0)
(-0.761927 2.18295 0)
(-0.753283 2.1223 0)
(-0.744209 2.06112 0)
(-0.734735 1.9998 0)
(-0.724606 1.93985 0)
(-0.713455 1.88281 -3.72179e-19)
(-0.701019 1.82953 1.4887e-18)
(-0.686904 1.78173 0)
(-0.670398 1.73976 -3.72818e-18)
(-0.650972 1.70443 6.72052e-18)
(-0.627599 1.67625 5.98955e-18)
(-0.599677 1.65441 0)
(-0.56638 1.63933 1.81719e-17)
(-0.525804 1.62513 -1.82318e-17)
(-0.477295 1.62308 -6.04893e-18)
(-0.419856 1.61387 1.21411e-17)
(-0.351934 1.60989 -1.81464e-17)
(-0.272693 1.60183 9.00807e-18)
(-0.179488 1.58925 -2.36713e-17)
(-0.0706585 1.57394 5.82637e-18)
(0.0497989 1.57383 1.79624e-16)
(0.541202 2.23591 5.08437e-16)
(-1.7731 2.59198 6.83706e-16)
(-1.63259 2.88636 3.32668e-16)
(0.904173 2.67074 0)
(0.940163 2.67905 -1.07059e-23)
(0.941835 2.68921 -1.46444e-18)
(0.901193 2.70188 -7.32086e-19)
(0.810905 2.71722 -1.83374e-19)
(0.668288 2.73381 1.83358e-19)
(0.476604 2.74933 0)
(0.246532 2.76021 0)
(-0.00439062 2.76315 2.207e-18)
(-0.254623 2.75692 -5.88674e-18)
(-0.482555 2.7434 7.36878e-18)
(-0.67126 2.72611 0)
(-0.811343 2.70833 -5.90198e-18)
(-0.899837 2.6924 5.91154e-18)
(-0.939768 2.67973 1.47936e-18)
(-0.938327 2.67004 1.48055e-18)
(-0.90349 2.66219 0)
(-0.843824 2.65368 0)
(-0.299961 2.32188 0)
(-1.66282 2.2231 3.54235e-16)
(-1.64462 2.02019 0)
(-1.57358 1.83055 -7.3973e-16)
(-1.4712 1.66577 3.7287e-16)
(-1.3606 1.53741 6.76031e-16)
(-1.27271 5.96519 -1.03934e-16)
(-0.743632 2.72983 4.13478e-16)
(-0.854618 1.37372 1.25879e-17)
(-0.704687 1.39613 -9.77386e-17)
(-0.553257 1.42701 4.2538e-17)
(-0.405508 1.4607 -4.85063e-17)
(-0.265252 1.49437 -2.11793e-17)
(-0.13395 1.52549 3.02083e-17)
(-0.0124575 1.55247 6.02637e-18)
(0.0993867 1.57377 -3.0054e-17)
(0.200193 1.58945 1.79995e-17)
(0.289549 1.60039 0)
(0.367327 1.60737 -1.49607e-17)
(0.434002 1.61182 8.96885e-18)
(0.490149 1.61582 1.49419e-17)
(0.536814 1.62193 2.98677e-18)
(0.575115 1.63157 -1.19437e-17)
(0.606285 1.64704 -5.96748e-18)
(0.631806 1.66905 0)
(0.65281 1.6982 0)
(0.670071 1.7343 -1.48944e-18)
(0.684845 1.77718 -7.4461e-19)
(0.697571 1.82616 7.44673e-18)
(0.708986 1.88013 1.48978e-18)
(0.719605 1.93759 -5.21034e-18)
(0.729569 1.99758 -1.28639e-22)
(0.738939 2.05885 0)
(0.747968 2.12013 0)
(0.756837 2.18017 -5.9443e-18)
(0.765239 2.23858 8.90883e-18)
(0.7733 2.29374 -2.96712e-18)
(0.781082 2.34578 -4.97865e-22)
(0.788415 2.39421 2.95639e-18)
(0.795334 2.43859 2.95689e-18)
(0.80193 2.47829 1.77322e-17)
(0.808145 2.51436 0)
(0.814012 2.54616 8.83636e-18)
(0.819551 2.5734 -8.83316e-18)
(0.824757 2.59701 5.88595e-18)
(0.82956 2.61714 -5.87524e-18)
(0.833881 2.63352 5.8746e-18)
(0.837693 2.64666 0)
(0.840729 2.65608 0)
(0.842552 2.66188 -2.9335e-18)
(0.676305 2.20433 8.86963e-16)
(0.241409 1.82456 -1.91387e-16)
(-1.54092 2.65323 -3.50782e-16)
(0.933269 2.26093 8.59725e-16)
(0.816209 2.36279 -1.07389e-19)
(0.66305 2.47263 8.61346e-16)
(0.343737 1.97392 2.10407e-16)
(-0.70547 2.48932 -9.35925e-16)
(0.224112 2.52281 0)
(-0.241351 2.53613 0)
(0.29682 6.53558 -6.80451e-17)
(1.97495 2.52339 -4.24782e-16)
(-1.31131 5.71846 2.89828e-17)
(0.165971 2.24265 -8.43899e-16)
(0.0815099 1.40325 -9.63172e-17)
(0.592146 2.18866 -5.64693e-16)
(-0.00321322 6.26463 0)
(-0.0458064 6.15707 -5.9753e-17)
(-0.019415 1.43426 0)
(-0.112282 1.47315 3.00241e-18)
(-0.203565 1.49878 5.98851e-18)
(-0.285646 1.52044 2.24945e-18)
(-0.357256 1.53785 3.76328e-19)
(-0.418483 1.55195 0)
(-0.470352 1.56809 7.53969e-18)
(-0.513472 1.58061 -7.54948e-18)
(-0.54942 1.60008 3.0014e-18)
(-0.579404 1.62157 -5.98499e-18)
(-0.604161 1.64749 1.49297e-18)
(-0.624786 1.6796 0)
(-0.641627 1.71806 2.98085e-18)
(-0.655899 1.76218 -1.49072e-18)
(-0.667862 1.81158 1.48944e-18)
(-0.678009 1.86598 -2.60704e-18)
(-0.686963 1.92381 3.02585e-18)
(-0.695053 1.98395 1.45049e-22)
(-0.702507 2.04535 -1.5829e-18)
(-0.709377 2.10666 7.44956e-19)
(-0.715706 2.16706 -8.38037e-19)
(-0.721687 2.22533 0)
(-0.727313 2.28047 3.72564e-19)
(-0.732647 2.33212 -1.86318e-19)
(-0.737647 2.37986 -7.45445e-19)
(-0.742231 2.42315 6.46355e-19)
(-0.746527 2.46216 9.31784e-20)
(-0.750549 2.49677 -3.72643e-19)
(-0.754246 2.52744 0)
(-0.757723 2.55356 0)
(-0.761003 2.57638 -1.49056e-18)
(-0.76391 2.59489 8.19304e-18)
(-0.766324 2.61038 -1.48981e-18)
(-0.767914 2.62198 0)
(-0.768077 2.63098 5.95039e-18)
(-0.766164 2.63621 -9.017e-23)
(0.0394558 6.02656 3.19922e-16)
(0.842577 2.66305 2.93287e-18)
(0.908389 2.67088 0)
(0.948363 2.67867 -7.33364e-19)
(0.953664 2.69024 7.32598e-19)
(0.915938 2.70666 1.83308e-18)
(0.827518 2.72826 -1.46679e-18)
(0.6847 2.75345 3.67166e-19)
(0.490307 2.778 7.34958e-19)
(0.254551 2.79572 5.14961e-18)
(-0.00439461 2.80093 -7.35497e-18)
(-0.262435 2.79133 -5.8903e-18)
(-0.496005 2.77021 5.89536e-18)
(-0.687544 2.74351 -7.37227e-19)
(-0.827602 2.7172 1.47547e-18)
(-0.914171 2.69529 -5.90679e-18)
(-0.951165 2.67925 -1.4768e-18)
(-0.946063 2.6682 5.91648e-18)
(-0.907162 2.66074 0)
(-0.843229 2.65346 2.96164e-18)
(-0.761627 2.63742 -1.48311e-18)
(0.726564 2.14859 4.64978e-16)
(0.24097 1.68856 -1.67359e-16)
(1.01372 2.16332 -4.27242e-16)
(-0.0898325 6.4011 0)
(-0.0705077 6.33692 0)
(-0.017239 6.32845 -1.10526e-16)
(0.0241152 6.35207 -2.7689e-17)
(0.0747053 6.41649 -3.45092e-17)
(-0.00984494 6.31982 -8.48368e-17)
(-0.101625 6.19285 1.1823e-16)
(-0.189987 6.05064 6.42874e-17)
(0.244742 1.10728 0)
(0.242203 5.93203 -6.3276e-17)
(1.9276 2.28003 -1.37527e-19)
(2.27018 2.70258 3.8011e-16)
(2.0243 2.69185 -3.62987e-16)
(1.14936 2.25169 -4.30235e-16)
(1.04891 2.38424 0)
(0.912116 2.52367 0)
(0.450271 1.99669 4.39558e-16)
(0.872162 2.13673 8.66745e-16)
(0.078494 6.46524 -8.48588e-17)
(-1.8315 2.29464 3.54295e-16)
(-1.79772 2.02873 -3.66989e-16)
(-1.70146 1.80729 0)
(-1.56673 1.62946 -7.79e-16)
(-1.42402 1.4831 3.91852e-16)
(-1.10752 1.39901 -5.28104e-16)
(-1.12611 1.18016 -3.22858e-16)
(-0.886169 1.21011 1.02263e-16)
(-0.741995 1.23142 -1.13853e-16)
(-0.600529 1.25394 4.99965e-17)
(-0.46208 1.28539 -4.92672e-17)
(-0.327367 1.32266 0)
(-0.198897 1.36246 -3.03815e-18)
(-0.0787101 1.40178 -4.54408e-18)
(0.0322219 1.43783 1.81071e-17)
(0.133642 1.46923 6.01665e-18)
(0.224063 1.49602 -3.00231e-17)
(0.304263 1.51784 1.19891e-17)
(0.374004 1.53541 1.4964e-17)
(0.433626 1.55011 -1.19619e-17)
(0.483535 1.56363 7.47269e-18)
(0.524743 1.57809 -7.47111e-18)
(0.558552 1.59514 -2.9879e-18)
(0.586135 1.61651 8.95662e-18)
(0.608588 1.64305 1.49241e-18)
(0.626901 1.67573 5.96689e-18)
(0.641882 1.71474 -5.96518e-18)
(0.654359 1.75948 0)
(0.664999 1.80971 -1.49118e-18)
(0.674484 1.86428 -7.4546e-19)
(0.682946 1.92206 -7.45455e-18)
(0.690494 1.98244 6.7069e-18)
(0.697512 2.04362 -7.4509e-19)
(0.704173 2.10474 5.95894e-18)
(0.710423 2.16466 -1.11667e-17)
(0.716329 2.22276 5.95123e-18)
(0.721881 2.27775 2.97345e-18)
(0.727154 2.32988 1.48527e-18)
(0.732035 2.37799 -2.96636e-18)
(0.73667 2.42181 8.88113e-18)
(0.741008 2.46179 -8.8642e-18)
(0.745038 2.4974 -2.95118e-18)
(0.748866 2.52875 -8.85257e-18)
(0.752671 2.55536 1.18033e-17)
(0.756247 2.57924 -8.84218e-18)
(0.759336 2.59866 5.89268e-18)
(0.761946 2.61465 -1.17795e-17)
(0.763747 2.6281 0)
(0.764339 2.63759 5.87964e-18)
(0.763026 2.64457 -2.93929e-18)
(0.758931 2.64723 -2.93833e-18)
(1.6907 2.51769 -9.66826e-16)
(1.74583 2.27676 4.49011e-16)
(1.72905 2.07079 -4.49029e-16)
(1.24614 5.82085 2.02235e-16)
(1.88944 2.05299 -4.67275e-16)
(0.367796 1.84519 0)
(-0.837024 5.76097 -1.07809e-16)
(1.77528 1.89987 -4.95067e-16)
(0.516077 5.85858 2.97314e-16)
(0.00238819 2.62834 1.26326e-15)
(-0.494236 2.62465 -8.53629e-16)
(0.479021 2.5927 -4.28079e-16)
(1.5572 2.26041 0)
(1.27727 2.41412 -4.4139e-16)
(1.36053 2.24918 4.35926e-16)
(-0.0817933 6.01106 -1.87453e-16)
(1.49622 2.45297 -4.5653e-16)
(0.579396 6.33901 4.54687e-17)
(-0.254457 6.07428 -1.08753e-16)
(-0.768403 3.04732 -4.0071e-16)
(1.89284 2.07405 2.09348e-16)
(2.03916 2.3612 4.02527e-16)
(-0.13631 6.27701 1.08356e-16)
(-0.00447567 6.42775 -1.07004e-16)
(0.139689 6.53114 0)
(-0.0351175 1.32774 -6.07197e-18)
(-0.131859 1.36919 -3.77725e-18)
(-0.212905 1.40699 1.20208e-17)
(-0.283688 1.43868 -5.25184e-18)
(-0.344959 1.46513 -6.75667e-18)
(-0.397364 1.48821 7.51425e-19)
(-0.441595 1.50916 -6.00426e-18)
(-0.478649 1.53204 1.49653e-18)
(-0.509886 1.5538 2.99103e-18)
(-0.536081 1.58032 0)
(-0.557952 1.60994 -1.4946e-18)
(-0.576038 1.64479 0)
(-0.591189 1.68478 -1.49222e-18)
(-0.60369 1.7305 7.45545e-19)
(-0.61417 1.78103 0)
(-0.623288 1.83559 0)
(-0.631288 1.8934 -1.53727e-18)
(-0.638309 1.95312 2.98079e-18)
(-0.644407 2.01412 9.3274e-20)
(-0.649694 2.07504 -1.49057e-18)
(-0.654434 2.13463 1.39741e-19)
(-0.658681 2.19216 1.67752e-18)
(-0.66238 2.24649 -2.88916e-18)
(-0.665657 2.29728 3.07554e-18)
(-0.66857 2.34412 -1.49138e-18)
(-0.671075 2.38655 5.826e-21)
(-0.6732 2.42447 -1.49128e-18)
(-0.674986 2.45801 1.67747e-18)
(-0.676574 2.48736 -3.72758e-19)
(-0.678134 2.51225 3.72488e-19)
(-0.679577 2.53358 -7.45024e-19)
(-0.680807 2.55086 -2.98062e-18)
(-0.681511 2.56518 -5.9567e-18)
(-0.681387 2.57605 2.97586e-18)
(-0.679714 2.58462 4.46041e-18)
(-0.675537 2.59042 -2.97169e-18)
(-0.667853 2.5933 0)
(-1.47044 1.42829 0)
(-1.63773 1.59421 3.98364e-16)
(-1.79557 1.79248 -7.76748e-16)
(-1.92549 2.02722 -1.97121e-19)
(-2.00974 2.29903 3.67435e-16)
(-2.03743 2.59762 -3.59631e-16)
(-1.88095 5.53802 1.95749e-16)
(0.74367 2.08854 4.84257e-16)
(0.211475 1.54743 7.06178e-16)
(1.21086 2.1257 0)
(1.57096 2.07829 4.39405e-16)
(-0.246037 5.89998 1.36423e-16)
(0.0669004 5.84762 -2.43501e-16)
(1.62709 2.75356 5.02328e-16)
(1.15564 2.58924 -2.03681e-19)
(0.00594023 2.33903 -1.67052e-16)
(0.921348 6.10156 4.91464e-17)
(-1.45482 5.33763 2.73029e-16)
(-0.478108 2.27142 0)
(0.888658 2.06689 -8.5531e-16)
(-0.225703 6.59785 -1.94362e-16)
(0.149386 6.10633 -3.29766e-16)
(0.0691968 6.31675 2.15805e-16)
(-2.00386 2.92598 3.56415e-16)
(0.75174 2.64475 -5.87641e-18)
(0.840534 2.65779 2.9359e-18)
(0.911694 2.66379 1.46729e-18)
(0.956767 2.67164 -1.46699e-18)
(0.967014 2.68517 -7.33442e-19)
(0.933793 2.70622 4.03692e-18)
(0.848775 2.73637 -2.93594e-18)
(0.706842 2.77351 1.64167e-23)
(0.509275 2.81128 -7.35295e-19)
(0.265701 2.8398 7.35795e-19)
(-0.0041689 2.84891 7.35838e-19)
(-0.272993 2.83445 5.89106e-18)
(-0.514257 2.8017 -1.47405e-18)
(-0.709012 2.76107 -5.15789e-18)
(-0.848164 2.72301 5.90043e-18)
(-0.931362 2.69298 -5.90554e-18)
(-0.963837 2.6725 8.85844e-18)
(-0.953841 2.66001 -1.1818e-17)
(-0.909811 2.65321 7.38995e-19)
(-0.840581 2.64796 -2.96154e-18)
(-0.753829 2.63484 8.89279e-18)
(-0.656017 2.59338 -8.89193e-18)
(-0.145194 6.49068 3.3891e-16)
(-0.0817937 6.40848 -3.2831e-16)
(-0.0134973 6.38311 1.64445e-16)
(0.0671762 6.41051 -8.11846e-17)
(0.166445 6.47191 6.78485e-18)
(0.290366 6.57944 2.12391e-16)
(-0.432476 6.25228 -9.29272e-17)
(0.379885 1.70514 3.77169e-16)
(1.05814 2.06838 -4.17399e-16)
(1.65363 1.88851 2.68104e-20)
(1.64154 1.71402 0)
(0.314153 0.996857 -1.86298e-16)
(-0.549961 5.82293 4.40369e-16)
(0.316923 5.69923 1.17183e-16)
(-0.24351 2.74883 -1.24833e-15)
(-1.06931 5.9684 0)
(1.71913 3.01248 -4.18666e-16)
(0.742448 2.67538 0)
(0.660326 5.5969 9.93865e-17)
(0.492657 1.86906 -4.21982e-16)
(-0.919159 2.4277 0)
(-0.341282 6.70885 1.78782e-16)
(0.265889 2.72821 -1.26293e-15)
(-0.941048 1.08403 -1.99608e-16)
(-0.849574 1.07996 1.24943e-16)
(-0.734432 1.08199 -1.11665e-16)
(-0.609263 1.094 1.04468e-16)
(-0.483212 1.11691 0)
(-0.360025 1.15105 -6.20922e-18)
(-0.242403 1.19273 0)
(-0.130776 1.23866 -1.52451e-18)
(-0.0268871 1.28543 -1.51758e-18)
(0.0692235 1.32972 0)
(0.156128 1.37038 3.0121e-18)
(0.233669 1.40638 9.01464e-18)
(0.302078 1.43725 -1.19966e-17)
(0.361198 1.46398 -4.49095e-18)
(0.411489 1.48716 4.48715e-18)
(0.453756 1.50842 -7.47382e-18)
(0.488945 1.52942 -5.00405e-22)
(0.518057 1.55183 7.47073e-18)
(0.542208 1.57737 5.97397e-18)
(0.56209 1.60757 -7.46455e-18)
(0.578434 1.64283 0)
(0.591975 1.68348 -5.96907e-18)
(0.603224 1.72932 6.71381e-18)
(0.612823 1.78 7.45646e-19)
(0.621159 1.83474 0)
(0.628332 1.89266 1.11843e-18)
(0.634625 1.95255 0)
(0.640223 2.01307 7.45558e-19)
(0.645128 2.07361 0)
(0.64943 2.13282 -7.4486e-19)
(0.653303 2.1901 0)
(0.656681 2.24442 0)
(0.659597 2.29563 3.09996e-23)
(0.662153 2.34285 -7.43298e-18)
(0.664419 2.38596 2.9694e-18)
(0.666451 2.42487 2.96566e-18)
(0.668273 2.45928 2.96192e-18)
(0.670064 2.48917 2.95683e-18)
(0.67189 2.51488 2.94896e-18)
(0.673636 2.53718 5.89388e-18)
(0.675116 2.55564 -2.94578e-18)
(0.676078 2.57064 1.93099e-24)
(0.676148 2.58329 -1.17949e-17)
(0.674789 2.59262 2.41567e-22)
(0.671022 2.60006 0)
(0.663743 2.60406 0)
(0.652467 2.60448 0)
(-2.4924 4.50476 8.25442e-16)
(1.93817 4.45803 -2.55512e-16)
(-0.982537 3.33011 2.8466e-17)
(1.39816 2.09613 -1.54545e-19)
(-0.0934254 5.83519 3.73907e-21)
(1.40048 2.65666 4.58508e-16)
(0.0500764 6.68882 9.38767e-17)
(1.00229 1.03901 -1.87484e-16)
(-0.17905 2.29425 3.94601e-16)
(0.469779 6.06948 8.39176e-17)
(0.849774 1.99111 -3.89156e-16)
(-0.997227 1.74647 -4.15975e-16)
(-1.24668 1.18071 -3.87519e-20)
(-1.46265 1.36394 -4.37209e-16)
(-1.66553 1.54916 -4.08294e-16)
(-1.85711 1.76503 7.89229e-16)
(-2.02662 2.0235 -3.85554e-16)
(-2.15619 2.32273 0)
(-2.23124 2.65876 -4.1321e-20)
(-2.24926 3.03097 -7.4405e-16)
(-1.92754 3.3232 3.65445e-16)
(-2.21183 3.44621 -3.84266e-16)
(0.524603 0.937986 -1.99257e-20)
(1.82615 1.64384 2.15675e-16)
(0.320434 1.0175 -4.66873e-16)
(-1.11782 1.20375 5.39407e-16)
(0.0721505 1.13474 1.92298e-16)
(-0.0149535 1.15954 -6.22322e-18)
(-0.076817 1.21892 9.09758e-18)
(-0.14493 1.26325 7.53537e-19)
(-0.208481 1.3044 -1.20179e-17)
(-0.265239 1.34154 1.0497e-17)
(-0.314853 1.37402 1.87167e-19)
(-0.357311 1.40252 5.24555e-18)
(-0.39341 1.42778 -5.99202e-18)
(-0.423771 1.45438 1.49564e-18)
(-0.449858 1.47905 0)
(-0.472027 1.50756 0)
(-0.490956 1.53847 2.98329e-18)
(-0.506904 1.5744 2.98388e-18)
(-0.520282 1.6146 1.49169e-18)
(-0.531513 1.6602 -2.23727e-18)
(-0.541324 1.71003 -1.86429e-19)
(-0.549914 1.76362 1.49127e-18)
(-0.557214 1.82027 -1.49136e-18)
(-0.563408 1.87886 -9.32144e-20)
(-0.568613 1.93843 0)
(-0.572905 1.99777 0)
(-0.576465 2.05567 -9.32183e-20)
(-0.579331 2.11151 -1.86453e-19)
(-0.581547 2.16422 -9.32406e-20)
(-0.58311 2.21322 1.39873e-18)
(-0.584109 2.25806 -1.53857e-18)
(-0.584647 2.29854 -1.39873e-18)
(-0.584827 2.33444 -5.0079e-23)
(-0.584727 2.36578 1.67839e-18)
(-0.584528 2.39263 -1.11883e-18)
(-0.584328 2.41507 2.61015e-18)
(-0.584152 2.43353 5.02475e-23)
(-0.583995 2.44832 1.48964e-18)
(-0.583433 2.45994 0)
(-0.582163 2.46849 -2.97854e-18)
(-0.579472 2.47512 -2.9766e-18)
(-0.574215 2.4798 0)
(-0.564954 2.48319 0)
(-0.550946 2.48515 2.9679e-18)
(-0.204596 6.43846 2.02851e-16)
(0.00607549 6.59703 1.03659e-16)
(0.225771 6.70445 -2.08435e-16)
(0.451679 6.73856 -4.68852e-16)
(-0.751521 6.24716 7.35379e-17)
(-0.871324 4.2815 -2.54727e-17)
(1.79594 1.75722 4.09109e-16)
(2.06518 1.98881 0)
(2.18234 2.32086 3.84598e-16)
(2.09354 4.04849 -4.57159e-16)
(2.29652 3.14283 3.84641e-16)
(2.24409 3.5848 4.06645e-16)
(0.0211286 2.34997 -4.5774e-16)
(-1.05842 1.06253 -5.92118e-16)
(0.373115 1.28884 0)
(0.380874 1.56793 0)
(1.23059 2.00669 -4.1698e-16)
(1.53208 1.91483 8.63778e-16)
(1.48153 1.50864 0)
(1.11612 1.2066 6.8532e-16)
(-0.325161 5.67565 -1.23479e-16)
(0.105134 5.62085 8.73472e-17)
(-1.65252 3.19673 -3.3783e-16)
(-0.501171 2.88397 1.63602e-15)
(0.107728 2.34105 5.08316e-16)
(1.03292 5.5197 -2.80839e-16)
(0.587283 2.15808 0)
(1.28176 5.11464 0)
(1.41606 4.71104 -3.56051e-16)
(1.56095 2.94745 -4.71569e-16)
(1.00825 2.77412 4.31592e-16)
(0.773732 5.28558 2.39885e-20)
(0.6116 1.89423 -8.64791e-21)
(0.831611 1.98329 2.14639e-16)
(0.733456 1.10542 -4.4995e-16)
(1.53371 1.48809 -3.7618e-16)
(-1.5371 4.9777 3.02301e-16)
(-1.45743 5.37802 -1.3353e-16)
(-1.02689 5.47832 1.98318e-16)
(-1.23468 1.31447 -4.5037e-16)
(-1.28114 1.27828 5.32596e-16)
(-0.553492 6.68567 -5.60992e-17)
(-0.34792 6.58071 5.53813e-17)
(-0.207515 6.49841 0)
(-0.0924942 6.43988 1.3546e-16)
(0.00315618 6.4136 -2.70227e-17)
(0.115526 6.43486 0)
(0.255508 6.47839 -3.32611e-18)
(0.432627 6.55997 0)
(0.667202 6.67829 5.19284e-17)
(1.06369 1.97264 -3.99032e-16)
(0.520848 1.73026 -2.16697e-20)
(0.539603 2.84532 8.34979e-16)
(0.0281149 2.88116 -3.39113e-19)
(-0.685804 5.5466 5.5323e-17)
(1.87153 5.5669 9.7241e-16)
(0.576266 0.821603 0)
(-0.779138 0.961706 3.72311e-17)
(-0.680286 0.940071 7.76614e-17)
(-0.577757 0.939612 -1.39368e-17)
(-0.468858 0.952793 0)
(-0.360992 0.978524 -2.55198e-17)
(-0.258221 1.01578 2.49365e-17)
(-0.159342 1.06142 1.84618e-17)
(-0.0668725 1.11231 -1.06729e-17)
(0.0182406 1.16423 6.06626e-18)
(0.095985 1.21463 -6.04034e-18)
(0.165364 1.26188 6.02549e-18)
(0.227481 1.30444 -3.0051e-18)
(0.282071 1.34188 0)
(0.329536 1.37456 2.99457e-18)
(0.369964 1.4031 2.9915e-18)
(0.404092 1.4287 -1.49499e-18)
(0.432809 1.45327 -3.73614e-18)
(0.457053 1.47869 -1.49388e-18)
(0.477657 1.50658 5.97531e-18)
(0.495115 1.53796 -5.9743e-18)
(0.509811 1.57375 0)
(0.522067 1.61448 0)
(0.532343 1.66006 -1.11952e-18)
(0.541203 1.71018 -3.7319e-19)
(0.548845 1.76393 -5.96979e-18)
(0.555342 1.82048 5.59584e-18)
(0.560909 1.8789 6.1549e-18)
(0.565526 1.93811 -5.96755e-18)
(0.569188 1.99703 -5.8754e-18)
(0.572051 2.0546 5.94415e-18)
(0.574275 2.11011 0)
(0.57592 2.16292 0)
(0.577025 2.21218 -7.45053e-19)
(0.577626 2.25757 3.72287e-18)
(0.57784 2.29874 2.3115e-22)
(0.577903 2.33548 -4.45956e-18)
(0.577833 2.36761 2.97013e-18)
(0.577723 2.39519 -2.96669e-18)
(0.577619 2.41861 2.96378e-18)
(0.577656 2.43799 -2.95915e-18)
(0.57772 2.45422 8.87731e-18)
(0.577513 2.46699 5.91584e-18)
(0.576486 2.47743 -5.90445e-18)
(0.57403 2.48526 2.94661e-18)
(0.569052 2.49148 -5.89039e-18)
(0.560164 2.49585 1.61532e-22)
(0.546503 2.49845 -1.35125e-22)
(0.528845 2.49906 5.88274e-18)
(0.637569 2.60087 1.10216e-18)
(0.742031 2.63702 3.30466e-18)
(0.836668 2.64706 0)
(0.913879 2.65119 2.93655e-18)
(0.96476 2.65855 -2.93617e-18)
(0.980787 2.67361 0)
(0.953109 2.69973 2.29448e-20)
(0.872787 2.74038 1.83697e-19)
(0.732664 2.79355 5.51525e-18)
(0.531827 2.85061 -5.88298e-18)
(0.279254 2.89509 -5.51891e-18)
(-0.00359746 2.90997 1.10404e-17)
(-0.285368 2.88859 -1.17806e-17)
(-0.535595 2.8392 5.89245e-18)
(-0.73353 2.77903 0)
(-0.870989 2.72472 -1.32633e-17)
(-0.949716 2.68398 1.17965e-17)
(-0.976789 2.65871 4.42635e-18)
(-0.961193 2.64484 6.64308e-18)
(-0.911452 2.63869 -8.12449e-18)
(-0.836239 2.6354 0)
(-0.743782 2.62585 -1.47939e-18)
(-0.640724 2.58899 6.66076e-18)
(-0.532938 2.48551 -7.4164e-18)
(1.55924 1.71265 -4.29149e-16)
(0.412307 5.4388 2.64517e-17)
(-2.09999 3.87392 8.27579e-16)
(-1.7941 3.69713 3.95307e-16)
(1.67591 3.36352 -4.15621e-16)
(-0.922417 0.937159 0)
(-0.773612 6.80452 0)
(-0.330742 7.01814 -2.17737e-16)
(-0.033369 2.38338 1.56939e-15)
(0.55202 2.01763 -2.40127e-16)
(-1.10934 1.05602 -4.18546e-16)
(-1.38221 1.2689 -6.38916e-20)
(-1.62374 1.47 -6.22753e-20)
(-1.85454 1.70221 3.99575e-16)
(-2.06973 1.97645 -3.92208e-16)
(-2.25291 2.29603 0)
(-2.39064 2.66562 7.68283e-16)
(-2.4674 3.08425 3.85171e-16)
(-2.46976 3.54722 0)
(-2.38314 4.02888 -4.17122e-16)
(-1.95054 4.91374 5.98207e-16)
(-1.91544 4.29338 -9.28885e-16)
(-2.21019 4.50556 9.39522e-16)
(0.388817 1.42385 0)
(1.39054 1.9542 -8.01875e-20)
(1.28563 1.32183 6.70399e-16)
(-0.108987 5.61344 1.48618e-17)
(-1.2382 3.13974 1.76464e-16)
(0.151571 2.28641 6.08993e-16)
(1.4649 5.36605 -5.17548e-16)
(-1.67437 4.64927 -2.78315e-16)
(1.64565 4.27789 1.76058e-19)
(1.2823 2.87229 4.4482e-16)
(0.841766 4.89373 1.9097e-16)
(0.714472 1.92094 -2.42518e-16)
(-1.15833 5.12855 -3.53143e-16)
(0.914779 1.19204 3.99309e-16)
(2.5 3.65362 0)
(2.49544 3.16513 -3.85437e-16)
(2.40482 2.70186 3.22667e-20)
(2.24921 2.29704 -3.88124e-16)
(2.04963 1.96272 0)
(1.79809 1.64954 0)
(1.61612 1.46199 1.10226e-15)
(1.08591 1.05405 -7.95891e-16)
(-0.446635 6.86902 -9.48814e-17)
(-1.02249 1.33089 -9.03722e-17)
(-0.475098 6.45126 -9.70986e-17)
(-0.213661 6.617 -4.94312e-17)
(0.0414773 6.77704 -2.01938e-16)
(0.340893 6.89823 4.09833e-16)
(0.665733 6.92158 2.06955e-16)
(0.994026 6.81162 0)
(1.04707 1.88901 7.3242e-16)
(0.656524 1.75787 -8.59503e-16)
(-0.441966 0.63878 0)
(0.308743 3.03144 1.62004e-15)
(-1.20141 6.60607 5.82504e-17)
(-0.832633 6.58535 -6.16747e-17)
(-0.624121 6.52311 0)
(-0.396173 6.45924 0)
(-0.237414 6.41952 -1.06332e-16)
(-0.0964531 6.38615 -2.65738e-17)
(0.021721 6.36315 7.95199e-17)
(0.155443 6.37354 -1.31681e-17)
(0.322382 6.38793 -1.01324e-16)
(0.537423 6.42567 1.16516e-16)
(0.8238 6.46888 -2.04883e-16)
(1.21936 6.49963 2.56939e-16)
(2.14396 5.01323 -6.27029e-16)
(-0.789281 5.24998 0)
(0.734827 1.24825 0)
(-1.25865 2.5856 1.09192e-15)
(0.153885 2.36688 2.47916e-16)
(0.930859 2.35121 -1.16225e-16)
(-0.367236 2.31073 0)
(-0.761553 0.833819 -1.26724e-16)
(-0.632502 0.790204 1.25315e-16)
(-0.524868 0.764922 -5.85491e-17)
(-0.426541 0.764058 0)
(-0.333057 0.779604 0)
(-0.245545 0.807811 6.32394e-18)
(-0.162265 0.84671 2.85589e-22)
(-0.0852721 0.893702 -6.1497e-18)
(-0.0153795 0.945245 3.80764e-19)
(0.0486553 0.998136 -3.78521e-19)
(0.106419 1.05032 -3.01611e-18)
(0.158337 1.09955 7.55952e-23)
(0.20467 1.1443 0)
(0.245399 1.1839 1.49984e-18)
(0.280726 1.21801 8.98396e-18)
(0.311138 1.24733 -8.97451e-18)
(0.337125 1.27344 -4.48481e-18)
(0.359414 1.29805 -7.47039e-19)
(0.378712 1.32291 5.22945e-18)
(0.395644 1.34968 -5.97563e-18)
(0.410448 1.37972 5.60147e-18)
(0.423017 1.41373 -5.97406e-18)
(0.433708 1.45227 5.97327e-18)
(0.442843 1.49551 7.46577e-19)
(0.450736 1.54309 3.73197e-19)
(0.45754 1.59442 -1.86594e-19)
(0.463287 1.64835 -5.97026e-18)
(0.468013 1.70405 5.9699e-18)
(0.471723 1.76054 -5.96948e-18)
(0.474439 1.81689 5.6891e-18)
(0.476186 1.87194 6.99445e-20)
(0.477144 1.92472 -5.96819e-18)
(0.477476 1.97471 -3.73192e-19)
(0.4772 2.02123 1.08117e-17)
(0.476348 2.0639 -1.118e-17)
(0.475139 2.10216 5.21462e-18)
(0.473743 2.13581 -1.48906e-18)
(0.472227 2.16485 2.97605e-18)
(0.470656 2.18931 -2.97373e-18)
(0.469166 2.20945 4.45684e-18)
(0.467929 2.22543 2.96818e-18)
(0.466965 2.23803 -2.9632e-18)
(0.465981 2.24767 -8.87554e-18)
(0.46455 2.25453 5.91556e-18)
(0.461947 2.25908 -2.95523e-18)
(0.457212 2.26222 8.85118e-18)
(0.448824 2.26499 -2.94764e-18)
(0.435706 2.26791 -1.30413e-22)
(0.41823 2.2717 -1.47247e-18)
(0.399799 2.27634 -4.59889e-19)
(0.510584 2.49719 -2.84925e-18)
(0.622128 2.59232 -1.10406e-23)
(0.732002 2.62301 0)
(0.832113 2.62943 2.93824e-18)
(0.914839 2.63132 2.57113e-18)
(0.970875 2.63775 -1.21206e-17)
(0.992235 2.65427 5.87615e-18)
(0.969399 2.68578 5.8436e-18)
(0.893496 2.73941 -1.19443e-17)
(0.755529 2.81325 1.17655e-17)
(0.552363 2.89568 -3.66979e-19)
(0.29192 2.96154 -1.21404e-17)
(-0.00264581 2.98467 6.99182e-18)
(-0.29608 2.95425 -5.88918e-18)
(-0.554305 2.88275 6.0749e-18)
(-0.754759 2.79704 0)
(-0.890309 2.72227 0)
(-0.964946 2.66901 -1.47402e-18)
(-0.98753 2.63834 -7.37634e-18)
(-0.966806 2.62294 5.16501e-18)
(-0.912148 2.61778 1.47668e-18)
(-0.831478 2.61689 -5.91088e-18)
(-0.733677 2.61126 1.1827e-17)
(-0.625191 2.58025 -6.65494e-18)
(-0.514601 2.48389 1.4809e-18)
(-0.40414 2.26156 0)
(-0.422573 2.25635 4.44952e-18)
(-0.440247 2.25252 1.48507e-18)
(-0.453528 2.25023 0)
(-0.462126 2.24872 0)
(-0.467127 2.247 -1.48809e-18)
(-0.469888 2.24408 0)
(-0.471566 2.239 0)
(-0.472804 2.23121 0)
(-0.474046 2.22018 1.49126e-18)
(-0.47543 2.20532 -1.4917e-18)
(-0.476968 2.18618 1.49195e-18)
(-0.478559 2.16255 -1.44548e-18)
(-0.480083 2.1343 -1.49213e-18)
(-0.481381 2.10143 2.98415e-18)
(-0.482333 2.06384 -1.42212e-18)
(-0.482795 2.02168 -4.66232e-20)
(-0.482573 1.9753 1.51516e-18)
(-0.481583 1.92526 -1.5851e-18)
(-0.479836 1.87216 4.66211e-20)
(-0.477265 1.81682 -1.49172e-18)
(-0.473741 1.76011 -1.86408e-19)
(-0.469274 1.70333 4.6664e-20)
(-0.463867 1.64745 1.4917e-18)
(-0.457494 1.59341 2.98327e-18)
(-0.450022 1.54215 -2.79692e-18)
(-0.441385 1.49471 -1.86478e-19)
(-0.431492 1.45167 -2.79748e-18)
(-0.42002 1.41334 2.98471e-18)
(-0.406527 1.3794 -2.98563e-18)
(-0.390738 1.34932 1.4931e-18)
(-0.372522 1.32224 2.80226e-18)
(-0.351991 1.29745 0)
(-0.32839 1.27187 7.47709e-18)
(-0.300906 1.24492 -5.98491e-18)
(-0.268736 1.21601 1.9871e-19)
(-0.231522 1.18152 1.4967e-18)
(-0.188655 1.14189 5.99697e-18)
(-0.140089 1.0965 -3.00687e-18)
(-0.085939 1.0463 -1.20454e-17)
(-0.0193904 0.989815 3.01274e-17)
(0.0730608 0.970995 -1.75214e-16)
(0.0933073 0.892545 0)
(0.2277 0.854047 9.75494e-17)
(0.336809 0.829685 -9.23139e-17)
(2.44312 4.17272 4.13285e-16)
(0.680804 0.943378 0)
(-1.01312 1.22934 -1.11459e-16)
(0.674949 0.825177 3.95356e-16)
(0.8596 0.907664 0)
(0.7143 2.07214 -2.49531e-16)
(0.882233 0.856596 1.38745e-15)
(-0.231548 3.04437 4.02328e-16)
(-2.03776 5.21129 1.7388e-19)
(0.53995 1.59448 3.87956e-16)
(0.523323 1.32221 3.62647e-16)
(1.46285 1.76254 -4.20017e-16)
(1.21247 1.89197 0)
(1.11292 1.28881 -3.81047e-16)
(1.43138 1.54768 4.01878e-16)
(0.151845 5.35776 8.10712e-17)
(-0.412763 5.41446 8.30831e-17)
(-1.47684 3.548 0)
(-1.26365 4.75741 2.42773e-16)
(-1.60745 4.07676 -4.33307e-16)
(1.53674 3.70015 1.00085e-19)
(1.21688 4.37905 -7.41933e-16)
(0.820689 2.9819 4.1791e-16)
(1.40154 3.24729 -4.2404e-16)
(0.50301 5.12753 0)
(0.636729 4.46709 1.02342e-16)
(2.41026 4.40151 3.48336e-16)
(0.777459 1.79893 9.4173e-16)
(0.590408 4.79206 -6.39001e-18)
(1.11111 3.12475 1.15756e-19)
(1.3692 4.03082 3.91961e-16)
(-1.40689 4.417 2.346e-16)
(-0.769605 3.40004 6.6758e-16)
(-1.08391 3.46368 -4.15245e-16)
(-0.132692 5.35045 1.36812e-17)
(1.27865 1.38889 -3.81441e-16)
(1.34682 1.82355 -4.12261e-16)
(0.550009 1.45597 -3.7616e-16)
(-2.3565 4.64991 -8.61598e-16)
(-2.53017 4.09263 1.20562e-15)
(-2.59466 3.53579 -3.91848e-16)
(-2.55213 3.01193 -3.90001e-16)
(-2.42292 2.55456 -7.80786e-16)
(-2.22894 2.16101 3.92926e-16)
(-1.99477 1.8283 7.89006e-16)
(-1.73857 1.54452 -1.28208e-20)
(-1.47585 1.30052 4.06554e-16)
(-1.21659 1.08651 4.19669e-16)
(-0.968932 0.90307 1.06956e-20)
(-0.4962 3.22159 -8.42304e-16)
(0.886854 1.08282 0)
(0.535543 2.13015 0)
(1.16342 1.06477 -3.70365e-16)
(1.44587 1.28646 -3.7603e-16)
(1.69646 1.5057 -7.82165e-20)
(1.96522 1.79904 -1.44959e-19)
(2.2146 2.14799 -2.88008e-19)
(2.4274 2.57502 -3.8831e-16)
(2.5661 3.09124 -7.76305e-16)
(2.58228 3.70258 -3.81532e-16)
(0.809521 0.974867 -3.89192e-16)
(0.894653 1.77384 -3.66353e-16)
(0.940425 6.15661 2.27247e-17)
(0.577691 6.44154 4.59388e-17)
(0.255811 6.62135 -4.70916e-17)
(-0.00845038 6.7976 1.1267e-21)
(-0.0420227 2.38561 -4.09725e-16)
(2.40148 3.89897 0)
(1.17009 1.79206 -2.95431e-21)
(0.784047 4.16494 -7.65024e-16)
(0.910078 1.29834 0)
(-0.870049 4.91244 1.07405e-16)
(0.376054 0.858772 5.50849e-16)
(-0.501777 6.53462 0)
(-0.19734 6.66958 3.16493e-21)
(0.0704714 6.83559 2.0213e-16)
(0.437625 6.99569 -3.09308e-16)
(0.864297 7.01372 0)
(1.33031 6.82373 0)
(1.69618 6.37133 0)
(1.08848 1.65237 0)
(-0.962011 1.51592 -3.17631e-16)
(0.527607 0.562251 0)
(0.383239 0.565097 0)
(0.376747 0.521323 -9.6364e-17)
(0.237991 0.488535 8.08941e-17)
(0.14892 0.524932 2.59175e-17)
(0.100423 0.581344 0)
(0.0479138 0.627985 -1.17803e-17)
(-0.00196724 0.675201 0)
(-0.0427861 0.715502 -2.37075e-17)
(-0.0836813 0.756154 -1.18297e-21)
(-0.119493 0.798804 4.49229e-18)
(-0.151604 0.838807 5.98964e-18)
(-0.180493 0.874019 -1.19714e-17)
(-0.205916 0.904265 5.97032e-18)
(-0.228233 0.929431 0)
(-0.247719 0.952189 -1.49396e-18)
(-0.264992 0.973291 2.24044e-18)
(-0.280179 0.994449 1.86638e-19)
(-0.29392 1.01697 -5.2264e-18)
(-0.306149 1.0429 0)
(-0.316782 1.07255 -3.35722e-18)
(-0.326022 1.10683 -9.31428e-20)
(-0.334037 1.14595 1.86543e-19)
(-0.340962 1.18966 4.47603e-18)
(-0.34696 1.23723 -1.51522e-18)
(-0.352226 1.28774 0)
(-0.356671 1.34043 4.66173e-20)
(-0.360105 1.39427 1.86467e-19)
(-0.36252 1.44807 -1.5152e-18)
(-0.364043 1.50081 1.4919e-18)
(-0.364692 1.55136 1.58525e-18)
(-0.364572 1.59897 -1.46865e-18)
(-0.363733 1.64298 4.66255e-20)
(-0.362339 1.68272 -1.16572e-20)
(-0.360513 1.7179 1.39889e-18)
(-0.358347 1.74837 -2.98433e-18)
(-0.356011 1.77415 1.49212e-18)
(-0.353653 1.79518 -1.49207e-18)
(-0.35145 1.81161 3.17033e-18)
(-0.349467 1.82372 -3.16978e-18)
(-0.347661 1.83179 1.49125e-18)
(-0.346069 1.83644 0)
(-0.344373 1.83821 -1.48893e-18)
(-0.342174 1.83766 1.48851e-18)
(-0.338535 1.83597 0)
(-0.332433 1.83443 0)
(-0.322808 1.83494 -2.96964e-18)
(-0.309531 1.83913 -2.96758e-18)
(-0.295171 1.84798 3.70519e-19)
(1.21396 3.55216 0)
(0.597067 3.20827 -7.88608e-16)
(0.38729 2.28107 1.4719e-18)
(0.498433 2.49265 -2.94211e-18)
(0.612593 2.57938 7.35024e-19)
(0.725749 2.60414 0)
(0.829304 2.60711 3.67459e-19)
(0.914955 2.60703 6.24701e-18)
(0.973047 2.61232 -5.51196e-18)
(0.996863 2.62984 -4.59343e-20)
(0.975843 2.66783 1.14845e-20)
(0.901127 2.73456 -5.87996e-18)
(0.764109 2.832 1.15824e-17)
(0.56051 2.94418 -5.70074e-18)
(0.297489 3.03587 0)
(-0.00126152 3.06901 5.70355e-18)
(-0.299054 3.02793 -5.84284e-18)
(-0.560317 2.93017 6.16337e-24)
(-0.761669 2.81467 -7.36233e-19)
(-0.896717 2.71608 1.84034e-19)
(-0.970514 2.64973 7.36602e-18)
(-0.991629 2.61262 -1.17998e-17)
(-0.968846 2.59601 5.90273e-18)
(-0.912332 2.59185 -5.90387e-18)
(-0.828705 2.59317 -7.37902e-19)
(-0.72745 2.59157 5.90879e-18)
(-0.616043 2.5675 0)
(-0.502586 2.48029 -2.9589e-18)
(-0.391721 2.2676 2.96028e-18)
(-0.285072 1.86094 -1.85023e-18)
(2.07003 4.68821 -1.79928e-16)
(-1.28947 6.18551 -1.98597e-16)
(-0.894203 6.26942 5.77141e-17)
(-0.629152 6.2837 -1.2051e-21)
(-0.40825 6.27686 2.58816e-17)
(-0.244772 6.27328 2.59975e-17)
(-0.0981486 6.26236 0)
(0.0306187 6.24725 -1.17176e-16)
(0.170872 6.23981 1.2975e-17)
(0.344356 6.22484 1.0284e-16)
(0.570475 6.21479 -1.27951e-17)
(0.867245 6.18849 1.01777e-16)
(1.25555 6.1315 -1.25736e-16)
(1.71678 5.96583 1.99878e-16)
(-0.679084 6.98422 1.93957e-16)
(-1.0756 6.93796 -5.96889e-16)
(-1.5654 6.52358 -3.88721e-20)
(-1.7148 5.93975 -3.03079e-20)
(-0.700657 0.68021 0)
(-0.565575 0.59263 0)
(-0.45413 0.542669 0)
(-0.360014 0.513543 -7.72157e-21)
(-0.279266 0.506351 1.05826e-16)
(-0.209483 0.516231 -5.13491e-17)
(-0.14354 0.540075 3.76407e-17)
(-0.0842634 0.573318 0)
(-0.0327649 0.614298 -6.11523e-18)
(0.0151766 0.659597 6.06785e-18)
(0.058629 0.707319 0)
(0.0973702 0.755122 3.7628e-19)
(0.132051 0.800301 3.0063e-18)
(0.162824 0.841129 -1.50117e-18)
(0.190166 0.876572 2.99952e-18)
(0.21434 0.906514 -8.98594e-18)
(0.235492 0.931859 1.49567e-18)
(0.254162 0.95368 -6.72704e-18)
(0.270556 0.974153 8.21454e-23)
(0.285087 0.995072 6.72361e-18)
(0.298009 1.01781 5.97584e-18)
(0.309437 1.04344 -5.22787e-18)
(0.319464 1.07317 1.86721e-19)
(0.32814 1.1076 0)
(0.335703 1.14695 5.59995e-18)
(0.342202 1.19087 -5.97209e-18)
(0.347708 1.23856 1.86598e-19)
(0.35241 1.28909 5.97131e-18)
(0.356157 1.34171 -6.15749e-18)
(0.358807 1.39538 0)
(0.360386 1.44888 2.09883e-19)
(0.361114 1.50123 -3.03151e-18)
(0.36107 1.55141 2.98471e-18)
(0.360377 1.59883 3.7305e-19)
(0.359098 1.64288 1.86496e-19)
(0.357385 1.68296 2.98321e-18)
(0.355415 1.71865 -5.21894e-18)
(0.353202 1.74978 3.35378e-18)
(0.350899 1.77629 -3.7248e-18)
(0.34859 1.79818 5.21204e-18)
(0.346433 1.81562 -5.20877e-18)
(0.344549 1.82893 0)
(0.342958 1.8386 2.97061e-18)
(0.341533 1.84513 0)
(0.340128 1.84891 -2.96218e-18)
(0.338052 1.85026 2.95854e-18)
(0.334604 1.84977 -2.9563e-18)
(0.328587 1.84942 5.90704e-18)
(0.319002 1.85053 0)
(0.305795 1.85494 -1.47444e-18)
(0.291445 1.86335 3.415e-23)
(0.2813 1.87493 0)
(-0.953763 4.5637 0)
(-1.27778 3.90925 4.06616e-16)
(0.198647 5.04741 -1.00456e-16)
(-0.483071 5.0977 0)
(1.08291 1.37854 0)
(1.36149 1.61982 8.1868e-16)
(0.701114 1.62571 -1.97764e-21)
(0.705704 1.31554 -4.53249e-20)
(-0.510077 3.69174 7.45861e-16)
(0.0513659 3.22704 -1.21874e-15)
(-0.502313 0.446688 0)
(-0.232127 3.44878 0)
(-0.212873 2.32524 -4.64923e-20)
(0.652715 0.606727 -7.75224e-16)
(0.876937 0.780059 -1.26828e-20)
(1.13278 0.977411 -3.76146e-16)
(1.39642 1.18925 3.81303e-16)
(1.67516 1.43845 -3.87634e-16)
(1.95433 1.74243 0)
(2.21404 2.12338 1.18559e-15)
(2.4128 2.59944 -3.95677e-16)
(2.4959 3.18728 3.92319e-16)
(0.0808492 6.24199 2.11627e-16)
(-0.017966 2.24978 -4.44154e-16)
(1.51959 5.375 5.03196e-16)
(1.08783 5.80495 1.47793e-16)
(0.543416 5.9736 -1.62364e-16)
(0.193784 6.03713 5.27658e-17)
(-0.674918 0.599054 4.64412e-16)
(-2.25453 4.42971 -7.21961e-16)
(-2.43891 3.72035 -3.71311e-16)
(-2.49536 3.13503 3.90906e-16)
(-2.41422 2.60538 0)
(-2.22463 2.15029 0)
(-1.97948 1.77479 -3.9438e-16)
(-1.70859 1.46787 0)
(-1.43084 1.2118 -9.71231e-20)
(-1.16135 0.991679 -4.00905e-16)
(-0.909192 0.792718 -8.33098e-16)
(0.705764 1.47139 3.81578e-16)
(1.27043 1.70622 -4.06686e-16)
(1.22816 1.481 -4.08631e-16)
(-0.154883 5.03442 2.52087e-17)
(-0.904623 3.78753 -5.88906e-16)
(-1.09166 4.23483 -8.33185e-16)
(1.00938 3.86261 -3.82934e-16)
(0.891339 3.40517 0)
(0.433128 0.366206 0)
(0.31755 0.250629 2.34804e-16)
(0.220488 0.194986 -1.08679e-16)
(0.186767 0.171475 -9.89996e-17)
(0.137974 0.129042 9.73696e-17)
(0.1037 0.100516 0)
(0.0720143 0.0999882 0)
(0.0384561 0.123628 0)
(0.0107841 0.155106 1.18995e-17)
(-0.0135167 0.186561 0)
(-0.037312 0.218004 5.93983e-18)
(-0.0592366 0.25063 0)
(-0.0790748 0.284542 1.4944e-18)
(-0.0972544 0.316313 0)
(-0.113788 0.344286 0)
(-0.128738 0.367634 0)
(-0.142114 0.386731 0)
(-0.15424 0.403035 -2.98692e-18)
(-0.165063 0.417842 7.46648e-19)
(-0.174955 0.432743 2.98605e-18)
(-0.184072 0.449542 -2.23922e-18)
(-0.192317 0.469603 2.98508e-18)
(-0.199843 0.493909 3.2643e-18)
(-0.206439 0.523156 -1.58542e-18)
(-0.212129 0.557576 -1.49216e-18)
(-0.216896 0.596903 1.46876e-18)
(-0.220699 0.640331 -1.46878e-18)
(-0.223467 0.687042 0)
(-0.225185 0.736508 0)
(-0.22653 0.787703 -1.48021e-18)
(-0.227423 0.839195 1.51532e-18)
(-0.227925 0.889847 0)
(-0.227924 0.938791 0)
(-0.227331 0.985092 1.44543e-18)
(-0.226239 1.02799 -1.49213e-18)
(-0.224724 1.06684 -2.33148e-20)
(-0.222878 1.10129 7.286e-22)
(-0.220828 1.13116 1.49222e-18)
(-0.218746 1.15643 -1.52715e-18)
(-0.216704 1.17708 0)
(-0.214741 1.19325 -1.58532e-18)
(-0.212904 1.20518 1.86502e-19)
(-0.211232 1.21313 1.49155e-18)
(-0.209726 1.21746 -1.49094e-18)
(-0.208326 1.21861 2.97983e-18)
(-0.206917 1.21725 -2.2328e-18)
(-0.205074 1.21431 -1.48733e-18)
(-0.20215 1.21075 1.48631e-18)
(-0.197571 1.20873 0)
(-0.191113 1.21067 1.48355e-18)
(-0.183826 1.21806 -7.4101e-19)
(-0.178464 1.23069 1.2955e-18)
(-0.937817 5.83005 -1.91411e-16)
(-0.490443 5.98667 -1.23494e-17)
(-0.163941 6.01062 2.47505e-21)
(-0.0180792 6.13865 5.10977e-17)
(0.413938 6.34464 0)
(1.01445 6.35337 0)
(1.68952 6.1498 0)
(2.18613 5.68374 0)
(2.10998 5.48985 -1.98324e-16)
(0.891459 1.40898 -8.41951e-16)
(-0.537279 4.75157 -4.99101e-17)
(0.340528 3.44479 7.23189e-16)
(-0.5922 4.4007 0)
(0.251992 4.69035 0)
(1.05147 1.48713 -2.19041e-20)
(0.877511 1.69008 3.52799e-22)
(-0.606348 6.4355 3.89797e-16)
(-1.14799 6.3549 1.74024e-20)
(-1.7577 5.88955 0)
(-2.30304 5.28359 -3.58767e-16)
(-0.219616 2.32324 -9.17483e-16)
(-1.66337 5.47349 -2.7493e-16)
(-1.75057 5.92025 8.52321e-17)
(-1.20857 6.40283 0)
(-0.865864 6.64691 -3.07245e-17)
(-0.603557 6.78802 -1.87676e-17)
(-0.400203 6.8602 -2.53362e-17)
(-0.244173 6.89668 -2.55307e-17)
(-0.100098 6.90696 -1.02637e-16)
(0.0358575 6.89456 1.28503e-17)
(0.178807 6.86089 2.05564e-16)
(0.351185 6.79666 4.03074e-19)
(0.566697 6.69542 -1.01479e-16)
(0.842374 6.55103 8.77133e-17)
(1.21642 6.33353 2.19721e-20)
(1.69169 5.98117 -4.79282e-17)
(2.17443 5.29493 -3.60788e-16)
(1.77004 1.84708 0)
(0.280586 1.88798 7.36874e-19)
(0.387306 2.28533 0)
(0.498683 2.48582 5.15048e-18)
(0.614827 2.5631 -2.20613e-18)
(0.727234 2.58178 -5.5154e-18)
(0.830465 2.58146 5.51406e-18)
(0.914679 2.58017 0)
(0.970395 2.5849 0)
(0.991367 2.60374 4.59494e-20)
(0.966656 2.64855 0)
(0.888373 2.72939 4.59425e-20)
(0.749541 2.85076 1.83872e-19)
(0.547361 2.99382 6.06987e-18)
(0.290679 3.11159 5.68398e-22)
(0.000453637 3.15387 -6.07127e-18)
(-0.289616 3.10363 -4.60016e-20)
(-0.54511 2.97953 -1.84018e-19)
(-0.745793 2.83291 5.52072e-19)
(-0.883141 2.70988 -1.84005e-19)
(-0.960873 2.62866 0)
(-0.986228 2.58449 0)
(-0.966406 2.56731 3.68646e-19)
(-0.91223 2.56406 0)
(-0.829641 2.56692 7.38344e-19)
(-0.728578 2.56868 7.38446e-19)
(-0.618233 2.55138 1.84701e-19)
(-0.502985 2.47443 -3.69546e-19)
(-0.39187 2.27345 -2.95676e-18)
(-0.284372 1.876 2.95848e-18)
(-0.177605 1.24664 1.84906e-19)
(-0.378815 0.345609 0)
(-0.299162 0.259897 2.19049e-16)
(-0.228419 0.184979 -3.18582e-16)
(-0.17454 0.132538 -6.1849e-21)
(-0.131631 0.101919 0)
(-0.0942977 0.091041 2.4845e-17)
(-0.0606913 0.0957457 -1.23327e-17)
(-0.0307065 0.112667 0)
(-0.00175044 0.138619 0)
(0.0240157 0.171836 0)
(0.0471583 0.209459 -7.53085e-19)
(0.0680728 0.248219 -7.49213e-23)
(0.087088 0.285029 -1.50165e-18)
(0.104185 0.318127 6.0012e-18)
(0.119722 0.346277 -4.49518e-18)
(0.133851 0.369365 -1.49748e-18)
(0.146806 0.388013 5.98415e-18)
(0.158503 0.403644 -2.99045e-18)
(0.168937 0.418034 -2.98895e-18)
(0.178254 0.432691 2.98822e-18)
(0.186898 0.449387 1.86758e-19)
(0.194809 0.469377 -3.73372e-19)
(0.201869 0.493709 -1.86702e-19)
(0.208162 0.523064 -2.98654e-18)
(0.213573 0.557683 2.98675e-18)
(0.218021 0.597286 0)
(0.221355 0.640985 -2.98611e-18)
(0.223655 0.687929 2.93908e-18)
(0.224859 0.737505 0)
(0.225666 0.788595 4.6647e-20)
(0.226 0.839822 -6.99675e-20)
(0.225964 0.890068 0)
(0.225498 0.938657 0)
(0.224526 0.984704 0)
(0.223156 1.02757 3.1712e-18)
(0.221483 1.06664 -6.06144e-18)
(0.219586 1.10152 3.17009e-18)
(0.217526 1.13198 -3.72856e-19)
(0.215466 1.15794 7.45517e-19)
(0.213456 1.17939 7.45225e-19)
(0.211536 1.1965 3.1024e-23)
(0.209749 1.20954 0)
(0.20819 1.21887 -1.4874e-18)
(0.206833 1.22486 -2.97137e-18)
(0.20565 1.22778 1.48385e-18)
(0.204368 1.228 -5.927e-18)
(0.202616 1.22604 5.92053e-18)
(0.199732 1.22353 -2.9574e-18)
(0.195125 1.22222 -2.9542e-18)
(0.188654 1.22444 2.95132e-18)
(0.181389 1.23156 -2.58095e-18)
(0.17605 1.24312 1.47465e-18)
(0.175243 1.25718 7.3749e-19)
(0.612245 3.7195 0)
(-0.717252 4.08689 3.72345e-16)
(-0.188709 4.67057 4.5537e-17)
(1.15009 1.58574 8.721e-16)
(0.851935 1.52376 -3.92574e-16)
(-0.0647984 0.432953 -9.21732e-20)
(-0.0654447 0.429969 2.76757e-19)
(1.28475 1.23739 -3.56523e-16)
(1.40713 1.27294 -6.64897e-16)
(-0.0646417 0.437598 0)
(-0.401457 2.27765 -2.96585e-18)
(-0.179941 1.26181 0)
(-0.290877 1.88983 2.96789e-18)
(-0.627096 2.5327 -1.84756e-19)
(-0.513235 2.46641 6.30174e-18)
(-0.832055 2.53577 5.9238e-18)
(-0.734835 2.54242 -1.25949e-17)
(-0.962401 2.53506 -1.22062e-17)
(-0.911497 2.53019 5.92177e-18)
(-0.942626 2.61269 5.91353e-18)
(-0.975725 2.55802 5.91462e-18)
(-0.71554 2.86095 6.09571e-18)
(-0.857277 2.712 -5.91116e-18)
(-0.274437 3.1886 0)
(-0.516566 3.03804 -5.90853e-18)
(0.277286 3.19501 0)
(0.00149448 3.25152 0)
(0.720382 2.8771 -5.90546e-18)
(0.520345 3.05039 0)
(0.948343 2.63227 -5.90537e-18)
(0.862959 2.73051 1.17652e-17)
(0.967438 2.55264 0)
(0.981256 2.57735 0)
(0.832544 2.54994 0)
(0.914492 2.54602 0)
(0.623858 2.54344 -4.89979e-22)
(0.733029 2.55525 5.53799e-18)
(0.396608 2.28617 0)
(0.508756 2.47567 -6.65062e-18)
(0.0641219 0.440688 1.46956e-18)
(0.0638456 0.444077 -1.47005e-18)
(0.177554 1.26825 0)
(0.286975 1.89762 -7.40133e-19)
(0.0657062 0.438285 -2.94114e-18)
(0.0648146 0.438465 2.93946e-18)
(0.0672644 0.443234 0)
(0.0665268 0.440182 0)
(0.0686897 0.447557 0)
(0.0679704 0.446042 0)
(0.0704692 0.444308 2.96101e-18)
(0.0695125 0.447058 1.47874e-18)
(0.0728297 0.430962 5.9331e-18)
(0.0715754 0.438989 -4.44618e-18)
(0.075896 0.40596 2.9695e-18)
(0.0742572 0.420009 -5.19451e-18)
(0.0798166 0.368288 2.97119e-18)
(0.0778664 0.388747 0)
(0.083126 0.317583 9.2884e-20)
(0.081514 0.344517 -3.15763e-18)
(0.0859755 0.255563 2.97283e-18)
(0.0846272 0.287785 -2.97268e-18)
(0.0878276 0.185781 0)
(0.0870683 0.221344 0)
(0.0881193 0.113747 -4.64555e-20)
(0.0882276 0.149645 4.64557e-20)
(0.0800154 0.0434119 4.64616e-20)
(0.0849065 0.0783336 0)
(0.0760767 -0.0189851 2.97403e-18)
(0.077305 0.0104892 -2.97397e-18)
(0.0726104 -0.0663838 0)
(0.074568 -0.0447703 0)
(0.0673699 -0.0980913 -2.97505e-18)
(0.0702319 -0.0839483 2.97502e-18)
(0.0595519 -0.120507 0)
(0.0638457 -0.109838 -1.85972e-19)
(0.0500144 -0.144045 -2.23372e-18)
(0.0547947 -0.131473 0)
(0.0404691 -0.179437 -2.98155e-18)
(0.0453494 -0.159559 2.97968e-18)
(0.0301477 -0.235188 -2.9862e-18)
(0.0353736 -0.204612 5.96674e-18)
(0.0192542 -0.308521 7.47625e-19)
(0.024835 -0.270357 -3.73431e-19)
(0.0077365 -0.381594 0)
(0.0134705 -0.346769 0)
(-0.000694532 -0.424372 0)
(0.00250366 -0.408771 0)
(-0.00150379 -0.400906 -1.5455e-16)
(-0.00184672 -0.423131 4.78474e-17)
(-0.00237696 -0.308249 -9.60612e-17)
(0.000921118 -0.362714 1.89815e-16)
(-0.0384934 -0.146731 0)
(-0.0143368 -0.236322 -1.95994e-16)
(-0.148379 0.0598016 2.02304e-20)
(-0.0783244 -0.0477761 0)
(-0.393504 0.344483 1.18151e-15)
(-0.253397 0.191489 -4.11409e-16)
(-0.757486 0.674657 1.02935e-19)
(-0.564602 0.50453 0)
(-1.17097 1.06205 0)
(-0.963091 0.858989 -3.87074e-16)
(-1.52309 1.60488 -8.1984e-16)
(-1.36756 1.30048 0)
(-1.39733 2.5807 -3.8762e-16)
(-1.5655 2.01685 -1.95175e-19)
(-1.29371 3.61186 4.20017e-17)
(-1.28197 3.27786 7.03022e-16)
(-0.271937 3.48831 4.90385e-22)
(-0.745577 3.4975 -4.91441e-17)
(-0.0706033 3.21141 5.18746e-17)
(-0.0615402 3.23264 -3.35298e-21)
(0.618648 3.55058 -2.30434e-16)
(0.19611 3.53266 3.20734e-22)
(1.65787 3.15433 -4.53521e-16)
(1.14393 3.56114 -3.96283e-16)
(1.64531 1.31684 0)
(0.724664 5.0884 -4.70078e-17)
(1.11155 4.60834 0)
(0.398392 5.71436 1.24433e-17)
(0.565643 5.45464 -2.44535e-17)
(0.168635 6.01943 1.01363e-16)
(0.269733 5.892 -1.00854e-16)
(0.0149436 6.13707 -5.06429e-17)
(0.0849935 6.09789 0)
(-0.115828 6.13397 -5.00606e-17)
(-0.0487084 6.1499 1.00844e-16)
(-0.276622 5.98611 0)
(-0.189991 6.08322 0)
(-0.56021 5.56083 0)
(-0.396031 5.82306 0)
(-2.10603 3.65569 -6.40515e-17)
(-0.785631 5.11378 0)
(2.73441 3.77751 8.32961e-16)
(-1.98196 4.98736 2.96278e-16)
(-1.02754 1.21781 -2.39537e-16)
(-0.595376 1.51732 0)
(-1.71219 2.48836 -2.42281e-16)
(-1.55699 1.39046 -2.42622e-16)
(-1.20198 3.44341 2.23294e-16)
(-1.61193 3.24287 4.39834e-16)
(-0.236164 3.96255 3.68321e-16)
(-0.666914 3.66053 -2.16603e-16)
(-0.0333049 3.3334 -5.28152e-17)
(-0.0433191 3.606 -3.43449e-16)
(0.692607 3.56989 9.82922e-17)
(0.263928 3.55225 4.96349e-17)
(1.41548 2.83333 4.13628e-16)
(1.10931 3.30936 -3.73369e-20)
(1.55526 1.89305 1.98761e-19)
(1.55218 2.34031 -4.2592e-16)
(1.32765 1.26476 1.22531e-15)
(1.47801 1.54761 -4.18862e-16)
(0.945477 0.837388 3.88564e-16)
(1.14225 1.03477 -1.52406e-19)
(0.570387 0.498688 0)
(0.75249 0.660752 0)
(0.256301 0.19257 -4.14091e-16)
(0.40384 0.346145 3.77176e-16)
(0.0675335 -0.0368494 0)
(0.140477 0.0621107 0)
(0.02615 -0.218956 0)
(0.0459219 -0.128872 0)
(0.0141479 -0.346841 4.64082e-17)
(0.0161674 -0.288781 -9.46216e-17)
(0.00888337 -0.417802 2.38958e-17)
(0.0109859 -0.391998 -7.04874e-17)
(0.00342851 -0.407856 -5.91598e-18)
(0.00666979 -0.421166 -1.78623e-17)
(-0.00752855 -0.349591 -5.91699e-18)
(-0.00168108 -0.382852 0)
(-0.0204021 -0.27492 0)
(-0.0138871 -0.312405 0)
(-0.0325658 -0.208874 5.95679e-18)
(-0.026662 -0.239937 0)
(-0.0434613 -0.160925 5.9519e-18)
(-0.0382579 -0.182465 -8.92971e-18)
(-0.0530902 -0.129992 0)
(-0.0483025 -0.143776 -2.97495e-18)
(-0.0626057 -0.106694 5.94667e-18)
(-0.0580287 -0.118151 -2.9737e-18)
(-0.0695372 -0.0799032 -1.39327e-18)
(-0.0664018 -0.0944039 -2.97272e-18)
(-0.0740702 -0.0405746 0)
(-0.0720503 -0.0621053 1.48612e-18)
(-0.0771467 0.0138734 1.48608e-18)
(-0.0757318 -0.0151762 -1.46282e-18)
(-0.0846696 0.080887 -1.48597e-18)
(-0.07972 0.046357 1.48592e-18)
(-0.0892017 0.151657 0)
(-0.0885506 0.116034 -1.16084e-20)
(-0.0884032 0.222866 0)
(-0.0890228 0.18754 0)
(-0.0860455 0.288657 0)
(-0.0873806 0.256823 0)
(-0.0828402 0.344198 -1.48686e-18)
(-0.0845164 0.317917 1.16103e-20)
(-0.0790767 0.38694 1.47454e-18)
(-0.0810794 0.36724 -3.85455e-24)
(-0.0753078 0.41667 -9.28781e-20)
(-0.0770346 0.403394 0)
(-0.0724798 0.434048 2.97116e-18)
(-0.0738123 0.426835 -1.48586e-18)
(-0.0702161 0.440363 -1.48427e-18)
(-0.0712796 0.438487 -1.48514e-18)
(-0.068536 0.437893 7.40857e-19)
(-0.0693093 0.439993 2.22479e-18)
(-0.0670904 0.431327 -3.69725e-19)
(-0.0678089 0.434634 1.11021e-18)
(-0.0662973 0.429436 -9.23401e-19)
(0.920751 1.04527 7.4054e-16)
(0.538103 1.43958 -1.26871e-16)
(0.295367 4.28076 8.53682e-17)
(0.639662 2.03161 -2.52599e-16)
(-0.0639158 0.442061 0)
(0.0429146 3.66624 3.37088e-19)
(0.0630959 0.445813 7.38499e-19)
(0.179297 6.08341 -5.19751e-16)
(0.39947 0.579616 0)
(0.126369 0.195369 -4.77902e-16)
(-0.139609 0.215273 0)
(-0.042443 0.0450097 0)
(0.0383097 0.040766 -1.10585e-17)
(0.00487191 0.00669205 -4.1138e-18)
(-0.00539719 0.00739653 4.11212e-18)
(0.487728 2.12545 1.61765e-17)
(1.83172 5.00794 2.08487e-16)
(-0.242358 4.26434 0)
(-0.259079 3.99273 -6.68048e-16)
(0.330847 4.02001 3.35656e-16)
(-0.125746 2.25979 -1.51213e-16)
(-0.0440882 2.32735 -2.47049e-16)
(-0.0773335 2.30135 2.16624e-16)
(-0.0513654 2.33207 9.05134e-16)
(0.223793 2.31469 -4.54271e-16)
(0.0974757 2.32644 8.98934e-16)
(0.140481 2.34044 5.97651e-20)
(0.401415 2.28997 -8.92725e-16)
(0.285438 2.31506 -4.43313e-16)
(0.354935 2.34528 -8.81707e-16)
(0.598473 2.25311 5.59599e-20)
(0.492362 2.29863 -4.39302e-16)
(0.578738 2.35479 -8.76156e-16)
(0.808874 2.20715 -8.67901e-16)
(0.710027 2.27988 0)
(1.95879 4.80338 1.8105e-15)
(1.01035 1.59847 0)
(-0.458587 0.365301 0)
(-1.05927 1.5694 7.22327e-16)
(0.910058 1.38025 0)
(0.845035 1.7835 1.40315e-15)
(1.82557 2.89378 1.04123e-15)
(2.18681 4.60577 -1.12222e-15)
(-1.06639 1.82425 0)
(-1.13402 1.89515 7.1101e-20)
(0.612869 1.06083 0)
(0.0784557 2.35484 6.40397e-16)
(-0.0331097 2.2786 6.99779e-17)
(-1.71775 5.14177 -1.58097e-15)
(0.293173 0.718363 -1.78041e-15)
(-0.112931 2.35443 1.74677e-15)
(0.517865 0.560391 -4.87518e-16)
(-0.329934 6.73541 0)
(0.561484 0.773748 0)
(-0.0752135 6.53586 0)
(0.499513 1.1563 0)
(-0.823771 2.09937 1.93843e-15)
(1.38801 6.03948 -1.71005e-15)
(-0.122053 2.32449 -8.40328e-16)
(1.99161 3.57934 -1.02062e-15)
(0.0649843 2.35737 -2.80816e-15)
(-0.951874 3.11715 -4.86684e-16)
(0.409989 2.17727 -4.44636e-17)
(0.301082 2.27735 -8.77271e-16)
(-0.477945 2.25584 1.6558e-16)
(-0.653182 2.23026 -1.02545e-15)
(0.410201 0.312522 -2.83047e-16)
(0.0426776 6.17466 1.01251e-15)
(-1.26358 3.00832 7.36754e-16)
(-0.751184 0.735633 0)
(0.433209 0.40636 0)
(0.930815 4.6895 2.06399e-15)
(-0.97321 6.82857 0)
(-0.33604 5.9649 -1.10114e-15)
(1.87417 1.96367 -1.05252e-15)
(-2.33697 3.15127 -1.24967e-15)
(0.187224 1.05079 2.24106e-16)
(0.145578 1.5134 -2.17477e-16)
(0.13951 1.22346 0)
(1.64113 1.51668 -1.82767e-19)
(-0.0039368 2.28205 8.4911e-16)
(0.276078 6.00616 -1.23312e-16)
(-1.00428 1.09037 1.2599e-15)
(-1.07344 2.48588 -2.01627e-15)
(0.487774 2.25519 -5.88421e-16)
(-0.0575285 1.96078 1.06791e-15)
(-0.0555042 1.92822 -9.94609e-16)
(1.16868 1.16167 4.24343e-16)
)
;

boundaryField
{
    wall
    {
        type            noSlip;
    }
    outlet
    {
        type            inletOutlet;
        inletValue      uniform (0 0 0);
        value           nonuniform List<vector> 
33
(
(-0.401457 2.27765 -2.96585e-18)
(-0.179941 1.26181 0)
(-0.290877 1.88983 2.96789e-18)
(-0.627096 2.5327 -1.84756e-19)
(-0.513235 2.46641 6.30174e-18)
(-0.832055 2.53577 5.9238e-18)
(-0.734835 2.54242 -1.25949e-17)
(-0.962401 2.53506 -1.22062e-17)
(-0.911497 2.53019 5.92177e-18)
(-0.942626 2.61269 5.91353e-18)
(-0.975725 2.55802 5.91462e-18)
(-0.71554 2.86095 6.09571e-18)
(-0.857277 2.712 -5.91116e-18)
(-0.274437 3.1886 0)
(-0.516566 3.03804 -5.90853e-18)
(0.277286 3.19501 0)
(0.00149448 3.25152 0)
(0.720382 2.8771 -5.90546e-18)
(0.520345 3.05039 0)
(0.948343 2.63227 -5.90537e-18)
(0.862959 2.73051 1.17652e-17)
(0.967438 2.55264 0)
(0.981256 2.57735 0)
(0.832544 2.54994 0)
(0.914492 2.54602 0)
(0.623858 2.54344 -4.89979e-22)
(0.733029 2.55525 5.53799e-18)
(0.396608 2.28617 0)
(0.508756 2.47567 -6.65062e-18)
(0.177554 1.26825 0)
(0.286975 1.89762 -7.40133e-19)
(-0.0639158 0.442061 0)
(0.0630959 0.445813 7.38499e-19)
)
;
    }
    inlet
    {
        type            inletOutlet;
        inletValue      uniform (0 0 0);
        value           uniform (0 0 0);
    }
    frontAndBackPlanes
    {
        type            empty;
    }
}


// ************************************************************************* //
