/*--------------------------------*- C++ -*----------------------------------*\
| =========                 |                                                 |
| \\      /  F ield         | OpenFOAM: The Open Source CFD Toolbox           |
|  \\    /   O peration     | Version:  2212                                  |
|   \\  /    A nd           | Website:  www.openfoam.com                      |
|    \\/     M anipulation  |                                                 |
\*---------------------------------------------------------------------------*/
FoamFile
{
    version     2.0;
    format      ascii;
    arch        "LSB;label=32;scalar=64";
    class       volVectorField;
    location    "0.0301";
    object      U;
}
// * * * * * * * * * * * * * * * * * * * * * * * * * * * * * * * * * * * * * //

dimensions      [0 1 -1 0 0 0 0];

internalField   nonuniform List<vector> 
2308
(
(23.3675 -7.94633 -7.44116e-16)
(-9.27257 -13.3951 0)
(0.657917 -7.85139 6.17563e-17)
(-21.4828 -46.8288 -2.29901e-16)
(-6.20609 66.2896 0)
(-20.0272 66.2974 -1.03345e-18)
(17.6206 64.8114 3.02093e-19)
(17.8241 53.4632 -3.33735e-16)
(-0.46587 60.016 6.16692e-16)
(4.13054 50.3848 -6.77743e-17)
(4.67095 60.2286 1.22003e-16)
(1.54812 72.2092 -1.8403e-16)
(1.72974 80.1209 9.10326e-17)
(0.50683 89.6607 -4.71519e-17)
(0.156957 96.373 7.97201e-18)
(-0.492384 99.4304 6.58853e-17)
(-1.11881 100.899 8.73395e-18)
(0.620442 102.777 2.11181e-17)
(0.387052 102.109 2.7364e-17)
(0.109547 100.824 2.0367e-18)
(-0.570368 97.2598 1.5857e-17)
(-1.01067 90.0884 -4.52383e-17)
(-3.02268 80.5603 5.7833e-17)
(-2.06165 71.9749 -2.60643e-17)
(-3.77068 63.0513 -1.11478e-16)
(-5.86229 52.696 -5.23274e-17)
(-2.54112 42.3992 2.63615e-17)
(-2.03424 33.0612 -2.86167e-17)
(10.2025 76.9737 0)
(-1.64636 101.33 -1.94167e-16)
(-1.59565 24.4599 1.50275e-18)
(-1.22894 17.7703 3.79607e-19)
(-1.08845 12.6425 -6.39584e-18)
(-1.14883 8.7465 5.97368e-18)
(-1.28753 5.83806 -6.2459e-18)
(-1.44797 3.70818 5.81455e-18)
(-1.59873 2.12876 -2.8545e-18)
(-1.69408 0.899568 2.81941e-18)
(-1.76043 -0.128613 -2.76757e-18)
(-1.7774 -0.969281 1.3682e-18)
(-1.72012 -1.5808 2.68993e-18)
(-1.58649 -1.96458 3.97019e-18)
(-1.38139 -2.1084 -7.83767e-18)
(-1.12483 -2.05184 5.15787e-18)
(-0.837102 -1.89852 2.53209e-18)
(-0.0112383 -1.48425 -2.54564e-18)
(-0.272552 -1.75402 2.5739e-18)
(-0.492199 -1.8954 -3.92166e-18)
(-0.657302 -1.84576 -4.32247e-18)
(-0.745358 -1.56672 6.72552e-18)
(-0.730115 -1.06296 -1.36782e-18)
(-0.594199 -0.330841 2.78651e-18)
(-0.291201 0.602567 7.14463e-19)
(0.131228 1.71521 -4.2944e-18)
(0.730401 3.15028 -1.46167e-18)
(1.52172 5.12569 2.94996e-18)
(2.55446 7.84021 0)
(3.81226 11.4893 -3.77961e-19)
(5.21256 16.2227 -1.26088e-17)
(6.62177 22.2873 -4.40529e-17)
(7.84828 30.3756 5.25826e-17)
(8.56196 38.0958 5.5357e-17)
(11.8271 44.5281 6.40615e-17)
(11.007 53.0509 1.53642e-19)
(11.0779 60.1209 7.33318e-17)
(8.50157 67.6828 -1.38029e-16)
(4.68897 75.1923 -3.19709e-17)
(2.14762 83.3593 0)
(0.523335 89.9898 0)
(-1.62109 93.3641 0)
(-3.88591 94.859 0)
(-0.504721 -1.75609 -1.24863e-18)
(0.345399 -1.2241 1.25381e-18)
(2.67551 96.8277 -9.74529e-17)
(0.594714 95.062 -1.97199e-18)
(-1.61042 91.4835 7.631e-18)
(-3.43818 84.5031 0)
(-6.44709 75.4183 -1.4184e-17)
(-8.67889 67.7214 -1.38668e-17)
(-10.9736 58.6241 6.79322e-18)
(-12.8176 49.2412 2.70075e-17)
(-12.1823 39.858 0)
(-11.0165 30.9025 4.40163e-20)
(-9.55086 23.211 4.79324e-20)
(-7.8075 16.9125 -6.12436e-18)
(-6.21923 12.0895 9.06678e-18)
(-5.03187 8.4426 -1.56146e-20)
(-4.21777 5.69909 -5.16334e-18)
(-3.67424 3.66585 0)
(-3.32018 2.13228 -7.14954e-19)
(-3.08211 0.91948 4.22134e-18)
(-2.88598 -0.112379 -5.54808e-18)
(-2.73246 -0.979529 3.87488e-21)
(-2.57128 -1.63862 5.3857e-18)
(-2.38668 -2.08066 0)
(-2.17195 -2.27874 5.22065e-18)
(-1.94597 -2.25453 -2.31203e-21)
(-1.74252 -2.11473 -2.53809e-18)
(1.64082 102.057 -8.57045e-17)
(-1.61189 -1.98106 -2.49356e-18)
(-2.12849 100.487 8.72261e-17)
(-5.26009 95.6274 -4.69189e-20)
(1.18448 -1.07658 -2.51157e-18)
(0.969578 -1.24849 3.18334e-18)
(0.795192 -1.54533 0)
(0.628435 -1.72793 -9.8727e-19)
(0.494756 -1.7519 2.32992e-18)
(0.433911 -1.58347 2.70698e-18)
(0.494147 -1.21332 -2.74645e-18)
(0.710848 -0.672403 0)
(1.14866 0.0469469 -7.08222e-19)
(1.82594 0.965166 1.44088e-18)
(2.75098 2.15493 2.43201e-21)
(4.02988 3.78292 -1.48115e-18)
(5.74151 6.04813 0)
(7.94604 9.12573 2.2908e-18)
(10.5722 13.1121 -9.23643e-18)
(13.3164 18.0585 -6.26137e-18)
(15.5729 24.1858 2.57929e-17)
(17.3927 30.6951 9.711e-17)
(18.8454 36.5405 7.39663e-18)
(18.0392 43.2513 7.14089e-17)
(16.0801 49.4477 -3.26393e-17)
(12.4533 56.0268 0)
(7.80788 62.7796 0)
(3.25795 69.9689 0)
(0.362493 76.3482 1.12836e-16)
(-2.85666 79.5798 -1.3307e-16)
(-6.35853 81.3247 1.3683e-16)
(23.8193 39.2156 -2.687e-16)
(-27.967 50.9781 0)
(-18.8747 72.2498 0)
(-22.7822 62.5117 0)
(7.60015 84.5447 1.99193e-16)
(4.66617 83.7402 5.57473e-17)
(1.06038 82.1306 -2.49884e-20)
(-2.60101 78.9019 -9.27106e-19)
(-5.94085 71.9578 9.00214e-19)
(-10.5986 63.699 7.11073e-18)
(-14.7961 56.572 -1.39327e-17)
(-18.2171 48.6232 -4.41706e-20)
(-20.7018 40.5801 0)
(-20.7689 32.6101 2.93221e-17)
(-19.3789 25.1336 1.90817e-17)
(-16.8352 18.8747 -3.10437e-18)
(-13.7977 13.8072 3.07159e-18)
(-10.9312 9.95427 0)
(-8.64104 7.009 0)
(-6.97942 4.73674 -3.69207e-19)
(-5.80353 3.0235 0)
(-4.97144 1.71331 2.1495e-18)
(-4.38244 0.631817 -2.20607e-21)
(-3.9241 -0.320294 -1.39278e-18)
(-3.60002 -1.13013 0)
(-3.33841 -1.76768 -1.34965e-18)
(-3.09505 -2.20673 1.99378e-18)
(-2.86958 -2.40732 -3.27388e-18)
(-2.67196 -2.3759 0)
(-2.53248 -2.18698 -5.06524e-18)
(-2.50776 -1.9375 1.24669e-18)
(-2.62875 -1.39568 -4.45375e-21)
(-1.60996 -1.93917 0)
(-0.159132 -1.66085 -6.14543e-19)
(0.715588 -0.410935 -1.9958e-18)
(12.2905 58.7273 2.91579e-16)
(1.39038 0.0933979 1.54464e-19)
(28.3589 24.5867 -8.47908e-16)
(33.6301 2.95317 -1.96257e-16)
(-5.83031 96.0652 0)
(16.869 37.9351 2.86253e-16)
(0.674095 69.2578 -5.82371e-16)
(2.93803 99.6194 3.6129e-17)
(-9.30291 82.8218 -2.087e-16)
(-3.65177 -2.78693 -1.21285e-18)
(-2.01636 -3.04929 -1.21155e-18)
(0.655852 -2.71178 -1.51115e-19)
(2.03081 -1.72891 2.42675e-18)
(2.23127 -1.90029 1.52011e-19)
(2.95858 -2.54095 0)
(2.5554 -0.0413004 1.23587e-18)
(2.42509 -1.05672 2.51917e-18)
(2.30143 -1.08209 -6.35485e-19)
(2.18578 -1.3173 -2.59581e-18)
(2.04029 -1.51836 -2.97051e-18)
(1.90829 -1.6226 4.01525e-18)
(1.84406 -1.582 1.35928e-18)
(1.91266 -1.38295 -2.76786e-18)
(2.17279 -1.04565 2.10663e-18)
(2.65483 -0.590957 -6.22621e-19)
(3.4403 0.0172453 0)
(4.57638 0.841399 0)
(6.18232 1.99184 0)
(8.337 3.62707 3.03346e-18)
(11.168 5.86958 -1.53745e-18)
(14.6646 8.74518 4.68001e-21)
(18.5198 12.2323 -1.27524e-17)
(21.9422 16.3481 0)
(24.4703 20.9985 -1.37511e-17)
(25.5655 25.3997 1.44431e-17)
(24.3341 30.0427 2.99842e-17)
(21.2767 34.7097 1.55765e-17)
(16.5163 39.7744 6.25243e-17)
(10.7403 45.1618 -6.30095e-17)
(4.68141 50.977 0)
(0.0131532 56.7333 1.59496e-17)
(-4.38547 60.3566 -3.23408e-17)
(-9.15345 62.5302 -6.62885e-17)
(13.8564 76.6479 3.28104e-17)
(10.1981 -0.195094 0)
(-11.2489 69.4581 3.21192e-19)
(25.7011 37.5885 3.68883e-16)
(24.6323 42.685 -7.78052e-17)
(22.9998 49.3834 8.75856e-17)
(20.9801 55.0281 -1.63001e-17)
(18.0238 59.9696 3.20174e-17)
(14.381 63.1767 -1.53497e-17)
(10.2443 65.907 0)
(5.7032 65.8617 -1.45625e-17)
(0.887356 64.1648 -1.45999e-17)
(-3.84787 60.7197 0)
(-8.68836 54.2185 0)
(-14.7828 47.1715 8.82689e-19)
(-20.307 40.9807 -7.73419e-18)
(-24.6007 34.4911 0)
(-27.4232 28.1552 0)
(-27.7313 22.1465 -9.9218e-18)
(-25.9571 16.804 -6.39399e-18)
(-22.5083 12.555 1.25629e-17)
(-18.4608 9.21246 3.09516e-18)
(-14.7088 6.62681 7.62338e-19)
(-11.6472 4.65621 3.00356e-18)
(-9.35167 3.09304 -3.3415e-18)
(-7.68103 1.86551 0)
(-6.45492 0.894143 -1.44009e-18)
(-5.53917 0.0480106 0)
(-4.87467 -0.722099 0)
(-4.40484 -1.38602 0)
(-4.06112 -1.94394 -5.41931e-18)
(-3.79094 -2.33475 0)
(-3.58787 -2.49413 -2.9465e-18)
(-3.43305 -2.42321 4.83898e-19)
(-3.35209 -2.17769 9.99338e-18)
(-3.362 -1.89323 0)
(-3.39852 -0.840427 -4.90139e-18)
(-4.41112 -3.10495 7.58936e-20)
(-5.24338 -9.54083 0)
(22.8451 31.6598 4.65536e-16)
(-20.5977 -15.9081 8.19131e-16)
(-15.5275 -51.4245 0)
(2.58137 -19.9818 -2.70551e-16)
(31.4645 12.1164 9.75367e-16)
(-10.9224 84.5784 -1.84204e-19)
(8.47454 88.8828 6.93235e-17)
(4.7467 -3.14918 -1.52352e-19)
(4.11598 -0.238733 -1.24372e-18)
(4.02069 -1.11766 1.26057e-18)
(3.86735 -0.970373 0)
(3.7561 -1.11626 0)
(3.61174 -1.29173 1.65343e-19)
(3.4664 -1.45145 -6.7198e-19)
(3.37731 -1.53914 -2.3915e-18)
(3.42037 -1.52281 1.7304e-19)
(3.66619 -1.41624 -3.62832e-19)
(4.16549 -1.23711 -4.3991e-19)
(4.97374 -0.987487 2.0016e-18)
(6.18317 -0.623211 1.90702e-19)
(7.89815 -0.0255821 -1.49671e-18)
(10.2442 0.894455 0)
(13.3333 2.17896 6.18547e-18)
(17.2135 3.80442 1.94668e-21)
(21.6574 5.67196 3.21646e-17)
(25.9449 7.67651 -2.63935e-17)
(29.138 9.92952 0)
(30.4054 12.2368 2.82897e-17)
(29.0049 14.6432 -8.80948e-17)
(25.3106 17.556 4.5254e-17)
(19.8319 20.7138 6.07181e-17)
(13.3049 24.4991 -3.63885e-19)
(6.23767 28.7953 -6.20235e-17)
(-0.0286174 33.4192 6.2471e-17)
(-5.53687 37.0905 6.34917e-17)
(-11.0623 39.6738 -6.42532e-17)
(-13.6484 65.2108 -1.32996e-16)
(9.12927 41.6577 1.28916e-18)
(35.3523 -17.1209 -8.01258e-20)
(30.8704 22.3817 -6.5039e-17)
(29.5829 26.3033 -8.49648e-18)
(27.5454 31.1221 -2.49775e-17)
(24.814 35.765 -8.0652e-18)
(21.1589 39.6279 0)
(16.7649 42.3288 1.52693e-17)
(11.6754 43.7706 -7.43648e-18)
(6.00312 43.6333 -7.33197e-18)
(0.11024 41.8929 3.61859e-18)
(-5.80428 38.3384 3.59183e-18)
(-12.1261 32.8416 7.09745e-18)
(-19.1837 27.3627 0)
(-25.3799 22.4555 6.90698e-18)
(-30.0046 17.7921 -6.64819e-18)
(-32.6682 13.6901 -1.03795e-19)
(-32.5835 10.1558 -1.96681e-17)
(-30.0961 7.45151 1.60952e-18)
(-25.9239 5.54326 -7.90537e-18)
(-21.3237 4.05779 0)
(-17.199 2.81064 -2.48614e-18)
(-13.8189 1.80227 1.91301e-19)
(-11.1927 0.990694 3.35023e-18)
(-9.19008 0.334243 0)
(-7.68254 -0.235769 0)
(-6.55053 -0.763692 -8.89037e-20)
(-5.74509 -1.26429 -2.71488e-18)
(-5.16713 -1.73366 2.76212e-18)
(-4.77152 -2.14564 3.39867e-18)
(-4.50835 -2.42021 -6.68179e-19)
(-4.3548 -2.48845 1.97423e-18)
(-4.27192 -2.3561 -6.43908e-19)
(-4.25699 -2.06232 -5.09335e-18)
(-4.29335 -1.82847 4.99439e-18)
(-4.12861 -0.393747 1.106e-17)
(-5.24378 -3.75928 4.80179e-18)
(-2.67674 3.87584 0)
(-2.61402 2.98475 -2.44471e-18)
(-2.45762 0.925217 1.18166e-20)
(-1.79857 -2.31644 2.67529e-18)
(-0.0666523 -2.09021 8.93356e-19)
(0.715118 1.44184 -1.19125e-18)
(1.49128 2.64047 2.3851e-18)
(2.83689 1.87672 -2.39234e-18)
(4.46931 1.2439 -1.19594e-18)
(-16.2493 -17.9106 -3.11128e-16)
(-9.72245 -13.0629 -7.77439e-17)
(-1.35122 2.16623 -1.61715e-16)
(26.2426 20.1024 -4.78263e-16)
(22.8655 -1.30001 -2.4755e-16)
(-0.248137 -0.78205 9.82101e-17)
(-16.3217 42.955 0)
(-16.5878 68.1258 2.66354e-16)
(12.9314 32.1702 7.07081e-16)
(21.526 23.0673 2.8936e-16)
(13.0468 6.05709 -3.00875e-16)
(-5.24193 75.9017 5.91881e-16)
(33.042 6.7188 0)
(31.7084 8.92296 8.35157e-18)
(29.6046 11.8127 -2.029e-18)
(26.6064 14.836 -3.7632e-17)
(22.61 17.4092 7.76249e-18)
(17.6996 19.0232 0)
(11.9168 19.518 5.01469e-22)
(5.45575 18.8654 -1.834e-18)
(-1.35202 16.9984 0)
(-8.35361 13.8716 -3.59775e-18)
(-15.6776 9.84459 -3.56641e-18)
(-23.0964 6.11198 0)
(-29.414 2.9977 8.61209e-19)
(-33.8587 0.69871 -8.14991e-19)
(-35.7406 -0.714458 8.35889e-19)
(-34.7991 -1.36297 1.22977e-17)
(-31.5382 -1.23117 0)
(-27.0539 -0.978413 1.5832e-18)
(-22.4683 -0.900083 -7.79965e-19)
(-18.4132 -1.00534 1.92605e-19)
(-15.0831 -1.16052 5.68967e-19)
(-12.4104 -1.30498 -3.36837e-18)
(-10.2952 -1.42431 0)
(-8.65954 -1.54211 7.26073e-19)
(-7.43771 -1.69846 1.42734e-18)
(-6.54429 -1.89731 1.40777e-18)
(-5.91509 -2.12916 -1.28942e-21)
(-5.51009 -2.34761 -6.80274e-19)
(-5.27982 -2.45649 -2.00691e-18)
(-5.1883 -2.39264 -1.31772e-18)
(-5.20303 -2.17487 -1.2914e-18)
(-5.29833 -1.82802 0)
(-5.52906 -1.7869 -5.02176e-18)
(-4.85296 0.200172 -4.92733e-18)
(-7.03326 -4.65581 -3.6226e-18)
(-2.51693 4.42613 -6.48975e-18)
(-7.6636 -8.32609 2.94084e-18)
(-6.94897 -6.1896 -2.31162e-18)
(-7.37441 -5.55359 0)
(-7.62543 -6.11177 1.18099e-18)
(-4.58317 -7.53598 1.16382e-18)
(0.833797 -6.788 -2.33664e-18)
(3.82206 -3.95791 2.35361e-18)
(3.72899 -4.26651 1.04606e-20)
(4.13677 -6.37491 -1.18968e-18)
(6.85002 -8.09633 3.53375e-18)
(7.92877 -8.50199 -3.56929e-18)
(6.17939 2.68122 6.02824e-19)
(6.41177 -3.0776 -4.61982e-19)
(5.75861 0.143333 9.32675e-19)
(5.71542 -0.985272 -3.16177e-18)
(5.53126 -0.699121 1.20419e-18)
(5.40143 -0.834042 0)
(5.22691 -1.00326 1.65553e-19)
(5.04078 -1.2177 2.36541e-18)
(4.91125 -1.42034 -3.42543e-19)
(4.91664 -1.59328 8.70848e-19)
(5.12257 -1.72961 1.02887e-21)
(5.5903 -1.84865 3.618e-19)
(6.3769 -1.96187 -1.82562e-19)
(7.55234 -2.04666 1.29921e-18)
(9.21429 -2.0301 -4.51261e-18)
(11.4992 -1.84552 -7.92092e-21)
(14.4991 -1.47432 3.10225e-18)
(18.2737 -1.01486 -3.16059e-18)
(22.7097 -0.620119 -2.57744e-17)
(27.3043 -0.56276 2.63844e-17)
(31.0749 -0.724345 0)
(32.9547 -0.953756 -5.57488e-17)
(31.9403 -1.0546 4.27933e-17)
(28.3476 -0.463598 -4.4127e-17)
(22.7622 0.54357 0)
(15.7717 2.46935 0)
(8.02516 4.91801 0)
(0.488133 7.95141 -7.66201e-18)
(-6.24433 11.0351 1.23624e-20)
(-12.4992 13.9779 1.24987e-16)
(2.95261 41.5893 -3.17028e-16)
(-20.3731 47.0913 1.35352e-16)
(-17.7152 70.3559 -1.2535e-16)
(16.1697 70.3751 1.6522e-17)
(16.9995 22.8142 3.42333e-16)
(25.0376 12.0875 2.90886e-16)
(29.2711 8.8554 -6.31682e-19)
(32.5443 3.51215 -2.97579e-16)
(34.8611 -25.6202 -2.04969e-16)
(34.2623 5.92083 -2.01796e-16)
(35.0652 -8.9435 7.25244e-17)
(34.029 -8.64 -1.68512e-17)
(32.4363 -8.159 -3.26134e-17)
(30.1152 -6.86356 0)
(26.7808 -5.62459 3.13863e-17)
(22.477 -4.62734 0)
(17.1917 -4.25822 0)
(10.9949 -4.69321 7.42469e-18)
(4.22191 -5.75797 1.83108e-18)
(-3.14696 -7.4714 0)
(-10.8308 -9.74167 3.58548e-18)
(-18.5284 -12.0972 2.32221e-20)
(-25.6557 -13.7033 1.35668e-20)
(-31.3599 -14.3555 3.42703e-18)
(-34.6101 -13.9651 3.81643e-18)
(-35.6961 -12.4876 -3.74636e-18)
(-34.0072 -10.3702 -6.7813e-18)
(-30.5171 -8.15004 2.01473e-19)
(-26.3181 -6.37287 -1.19848e-18)
(-22.2157 -5.21781 3.91826e-19)
(-18.5916 -4.4805 1.54626e-18)
(-15.5617 -3.95992 -1.14387e-18)
(-13.0581 -3.54778 1.50273e-18)
(-11.0352 -3.18498 -2.31396e-21)
(-9.43197 -2.88749 -3.64149e-18)
(-8.20447 -2.67691 1.43876e-18)
(-7.29452 -2.56953 1.414e-18)
(-6.66533 -2.53498 -2.0832e-18)
(-6.27801 -2.51723 2.73125e-18)
(-6.09173 -2.42637 2.69509e-18)
(-6.06992 -2.19648 0)
(-6.18065 -1.8415 7.80438e-18)
(-6.3586 -1.28126 1.28063e-18)
(-7.13251 -1.76922 1.25847e-18)
(-5.32562 1.84928 0)
(-9.34791 -5.0574 0)
(-2.73753 6.38414 3.53381e-18)
(-9.13947 -8.58288 2.43392e-21)
(2.79871 10.6988 -5.57668e-19)
(3.01163 8.63769 5.53263e-19)
(0.631964 8.27624 0)
(-2.30003 7.81475 0)
(-2.41274 4.28708 -5.72717e-19)
(-2.3549 -4.91309 1.7122e-18)
(-2.56458 -4.29439 0)
(-1.99827 3.07093 -1.14335e-18)
(-0.464156 6.42565 -1.14079e-18)
(1.94543 5.065 2.26613e-18)
(3.92031 4.37161 -1.13784e-18)
(5.8374 8.36484 3.44919e-18)
(8.35945 7.26643 5.50294e-19)
(7.88749 -7.8421 6.00553e-19)
(7.86217 2.80735 1.20957e-18)
(7.73816 -2.97318 0)
(7.31817 0.276925 -4.68588e-19)
(7.35067 -0.889042 -1.19276e-19)
(7.11479 -0.420318 7.27352e-19)
(6.96955 -0.506215 -1.62734e-19)
(6.7564 -0.63794 -3.32413e-19)
(6.52073 -0.89666 -2.70864e-18)
(6.33354 -1.23793 6.89309e-19)
(6.27501 -1.60074 -1.74836e-18)
(6.41217 -1.97428 8.85351e-19)
(6.82106 -2.38182 -3.60354e-19)
(7.53897 -2.84003 0)
(8.61271 -3.35096 0)
(10.1238 -3.85982 0)
(12.1785 -4.31649 -1.53063e-18)
(14.8589 -4.72335 0)
(18.2112 -5.21633 5.42496e-21)
(22.1788 -6.00288 1.28799e-17)
(26.4755 -7.39645 -6.54047e-18)
(30.3004 -9.43712 1.34738e-17)
(32.743 -12.1476 4.13999e-17)
(32.4243 -14.9368 -2.83538e-20)
(29.9014 -16.7894 -1.43593e-17)
(24.5624 -18.2276 -2.89722e-17)
(17.4847 -18.3311 5.83724e-17)
(9.45088 -17.5893 -2.97459e-17)
(1.27825 -15.9317 -9.49337e-21)
(-6.38942 -13.8557 1.51159e-17)
(-13.2679 -10.9431 -1.98702e-20)
(-18.6755 17.3695 -1.92426e-16)
(7.19606 32.6434 -3.29097e-16)
(-3.38949 39.416 6.20257e-16)
(1.58728 0.642637 0)
(-23.355 22.168 -1.32971e-16)
(35.5173 -12.5833 5.33224e-16)
(34.0897 -6.19564 -2.86814e-16)
(31.2729 -0.531297 -5.54357e-16)
(-18.0042 70.6137 -4.25322e-17)
(19.457 56.1691 -4.22212e-17)
(10.7534 82.036 -1.64975e-17)
(-23.1213 50.8513 2.89487e-19)
(20.3061 14.4625 -3.37206e-16)
(27.0848 3.49567 2.80412e-16)
(-5.85377 -11.2791 -5.85478e-19)
(-6.37073 -8.62965 -5.80204e-19)
(-7.53256 -4.15756 0)
(-9.37959 -5.51949 -5.62466e-19)
(-12.6339 -11.4168 5.62775e-19)
(-8.94417 -13.6124 -5.53636e-19)
(-2.63808 -13.27 5.56272e-19)
(2.86003 -10.8611 1.12546e-18)
(6.91901 -11.5958 -1.13527e-18)
(7.75778 -16.7898 2.26562e-18)
(8.83569 -18.3791 -3.43672e-18)
(5.28611 -17.9476 0)
(2.74401 -14.5815 2.05454e-21)
(1.04237 -14.12 0)
(10.5583 7.73447 -3.48954e-18)
(7.68068 -7.05919 1.18337e-18)
(9.3661 3.23331 0)
(8.94593 -2.52514 0)
(8.72364 0.600659 3.13429e-19)
(8.86474 -0.629995 -3.98561e-20)
(8.49052 0.0110362 0)
(8.34115 -0.103433 -1.64195e-19)
(8.06959 -0.204162 1.67122e-19)
(7.79866 -0.497054 6.79824e-19)
(7.56536 -0.946025 3.44392e-19)
(7.44448 -1.4947 7.01814e-19)
(7.49721 -2.11788 3.01272e-21)
(7.79275 -2.81532 -1.44387e-18)
(8.37455 -3.58934 3.62865e-19)
(9.28658 -4.45975 1.48809e-18)
(10.5824 -5.42053 3.82148e-19)
(12.3215 -6.41781 -7.63499e-19)
(14.5731 -7.4567 1.5564e-18)
(17.3486 -8.65599 -4.74019e-18)
(20.6181 -10.2386 -6.41523e-18)
(24.2125 -12.5578 3.28395e-18)
(27.5677 -15.7747 -6.68159e-18)
(29.9267 -19.9997 0)
(30.2236 -24.4355 -2.08573e-17)
(28.2607 -28.5857 4.27872e-17)
(23.8884 -32.1067 0)
(17.6005 -34.3604 0)
(10.0441 -35.485 0)
(2.01512 -35.2113 1.10407e-17)
(-5.90748 -34.2118 -4.0632e-20)
(-13.0959 -31.3178 -8.90792e-20)
(-19.9548 -7.60801 -1.24194e-16)
(-17.2217 60.3982 -3.15425e-16)
(11.2788 23.7107 -5.62352e-19)
(-21.7359 -43.6765 2.52217e-16)
(2.00521 -16.9798 0)
(33.6857 -21.722 -1.56751e-17)
(31.723 -22.5766 0)
(29.1895 -22.7878 0)
(25.6709 -23.1184 7.74248e-18)
(21.2483 -23.5532 -1.53269e-17)
(15.8646 -24.2157 0)
(9.60654 -25.4484 7.45696e-18)
(2.86174 -26.5441 0)
(-4.52483 -27.54 -1.8124e-18)
(-12.1588 -28.4897 1.78887e-18)
(-19.4418 -29.069 -8.81388e-18)
(-25.708 -28.5945 -8.91962e-21)
(-30.2525 -26.7716 -3.42709e-18)
(-32.6069 -23.8277 6.76801e-18)
(-32.7459 -20.2665 5.00638e-18)
(-30.9059 -16.4327 -4.92603e-18)
(-27.8485 -13.0722 0)
(-24.3723 -10.5065 2.66554e-21)
(-21.033 -8.72079 -2.35802e-18)
(-18.0352 -7.43326 0)
(-15.4444 -6.42076 0)
(-13.2614 -5.57526 7.5381e-19)
(-11.4489 -4.82339 2.22741e-18)
(-9.98237 -4.16933 -1.46035e-18)
(-8.83427 -3.63376 1.43998e-18)
(-7.97753 -3.23489 -2.82998e-18)
(-7.38201 -2.93477 -6.97322e-19)
(-7.02321 -2.6671 -5.48618e-18)
(-6.87307 -2.36106 2.70341e-18)
(-6.90204 -1.94169 0)
(-7.0903 -1.45875 -5.22685e-18)
(-7.15171 -0.336768 -2.56317e-18)
(-8.68933 -2.02552 0)
(-5.73245 4.02042 2.51794e-18)
(-10.8044 -4.62369 -3.96634e-21)
(-3.6707 9.06676 3.56248e-18)
(-9.83613 -7.81087 3.52905e-18)
(2.21816 13.7478 0)
(-6.60756 -11.9681 -1.17769e-18)
(-9.16057 34.7031 -3.06692e-16)
(1.39052 31.6381 -6.34939e-16)
(-2.69507 -5.41603 1.21046e-16)
(-25.1509 52.4358 -1.20034e-16)
(21.5895 6.29988 5.7806e-16)
(-26.9632 27.271 -3.09315e-19)
(2.91039 -13.011 5.76214e-19)
(11.7825 2.47184 2.90857e-18)
(8.07406 -5.62059 -2.36755e-18)
(10.4085 2.3087 0)
(10.0537 -1.87392 0)
(9.79703 0.855732 0)
(10.0358 -0.277065 0)
(9.51241 0.539539 6.48646e-19)
(9.35349 0.309189 -3.28945e-19)
(9.01878 0.270827 1.67172e-19)
(8.71979 -0.0799491 -1.0216e-18)
(8.46645 -0.627783 6.89242e-19)
(8.31401 -1.32885 3.51455e-19)
(8.30445 -2.14365 -5.33416e-19)
(8.48689 -3.08048 0)
(8.91074 -4.15173 9.59163e-22)
(9.61375 -5.3619 -3.71383e-19)
(10.6283 -6.69054 3.77999e-19)
(12.0027 -8.10372 7.66953e-19)
(13.7851 -9.59946 -8.75882e-19)
(15.9471 -11.3003 8.87861e-19)
(18.458 -13.423 -2.40368e-18)
(21.2039 -16.198 -4.88849e-18)
(23.7594 -19.8016 3.31255e-18)
(25.605 -24.4697 0)
(26.0524 -29.7071 -1.12892e-20)
(24.651 -35.1461 -2.1052e-17)
(21.2694 -40.0883 1.77891e-17)
(16.0978 -43.9748 -3.60385e-18)
(9.66828 -46.617 0)
(2.53235 -47.4823 -3.63477e-18)
(-4.81635 -47.3991 5.08222e-17)
(-11.8303 -45.1861 -2.85772e-17)
(-19.9612 -29.1796 1.17408e-16)
(-21.848 58.1478 6.40716e-16)
(15.1104 15.0901 -7.90778e-19)
(13.5194 17.0809 -3.10743e-19)
(15.3388 15.6213 1.62755e-18)
(17.1136 16.774 2.64042e-19)
(11.1512 19.21 0)
(-5.42978 17.8987 -5.53757e-19)
(-5.03166 12.5209 5.50475e-19)
(-4.18903 -6.95148 -8.20017e-19)
(-8.70993 -4.18741 -1.93001e-18)
(-8.17808 1.87129 2.20909e-18)
(-6.2185 8.30975 0)
(0.478188 12.9114 -1.07784e-18)
(1.01296 13.9175 3.29459e-18)
(4.71036 20.3651 -2.23701e-18)
(6.79154 13.4712 -1.09081e-18)
(9.08245 11.7556 1.67563e-18)
(12.0212 -3.75106 -2.23765e-18)
(-22.8964 50.3008 6.14642e-16)
(28.1472 -4.06689 -2.6314e-16)
(31.9772 -8.3074 2.6515e-16)
(34.3265 -13.6921 5.25246e-16)
(35.1829 -19.5976 2.46501e-16)
(-10.4982 78.3569 -8.43048e-19)
(-26.1449 55.4847 1.80093e-16)
(19.8148 -34.1116 0)
(-19.3878 -47.4303 0)
(32.1469 -32.014 0)
(29.8619 -33.2163 3.93208e-18)
(27.1528 -34.5389 -7.79698e-18)
(23.6371 -35.8486 3.16888e-20)
(19.3203 -37.0965 2.28801e-17)
(14.1417 -38.3104 -1.50686e-17)
(8.16398 -39.7606 2.78238e-20)
(1.66592 -40.5369 7.32406e-18)
(-5.12119 -40.5756 -1.26554e-17)
(-11.946 -40.2525 1.75468e-18)
(-18.1585 -39.1973 7.02006e-18)
(-23.3089 -36.9174 -1.74061e-18)
(-26.8556 -33.5316 1.7216e-18)
(-28.4816 -29.2042 -5.06624e-18)
(-28.3374 -24.489 1.66786e-18)
(-26.7959 -20.0562 4.9382e-18)
(-24.4914 -16.3516 -3.24389e-18)
(-21.8934 -13.5143 3.19648e-18)
(-19.3544 -11.4215 1.18375e-18)
(-17.0106 -9.81897 2.72421e-18)
(-14.9056 -8.47385 -3.44969e-18)
(-13.1029 -7.30766 2.26492e-18)
(-11.5668 -6.26771 -4.09776e-18)
(-10.2951 -5.33403 -2.92901e-18)
(-9.27968 -4.53303 2.89218e-18)
(-8.51423 -3.87463 1.41991e-18)
(-7.97542 -3.33138 -1.39764e-18)
(-7.65355 -2.83019 0)
(-7.53768 -2.30685 -2.70405e-18)
(-7.60179 -1.6737 1.32638e-18)
(-7.86196 -1.21175 -2.61342e-18)
(-7.58749 0.837518 -3.85356e-18)
(-9.81734 -2.30713 -2.5489e-18)
(-6.44604 5.9334 -4.97269e-18)
(-11.3598 -3.78108 1.23548e-18)
(-4.95171 10.9991 -1.16884e-18)
(-10.1337 -7.39136 -2.33862e-18)
(1.30887 15.5996 0)
(-7.21647 -12.9113 0)
(12.851 18.9354 0)
(-3.51364 -5.75275 0)
(-24.9866 -1.95627 -5.18321e-19)
(-25.925 54.6899 6.53485e-16)
(-13.9993 27.8106 3.08773e-16)
(5.80294 23.0813 3.16845e-16)
(-4.20606 29.1184 6.25031e-16)
(-16.3137 69.0702 -3.11302e-16)
(-4.07016 -6.18882 -1.03296e-16)
(-5.09006 -12.9342 0)
(-15.4573 75.8523 -3.49815e-16)
(-29.8318 32.01 -1.40142e-16)
(-18.4781 -43.5079 -5.18687e-17)
(-4.7553 85.11 -9.13278e-16)
(-13.357 -17.9532 3.28399e-16)
(-24.1744 -38.4221 2.51034e-16)
(-7.43265 -10.9807 -5.43118e-17)
(17.277 -3.78852 -1.11201e-18)
(12.9791 -11.7926 -2.87227e-19)
(13.8435 1.69393 -8.86154e-19)
(10.7823 -4.3839 1.34457e-21)
(11.5657 2.57272 0)
(11.247 -0.963707 0)
(10.743 1.57005 0)
(10.7429 0.233995 -1.59795e-19)
(10.1372 1.17829 -2.03127e-19)
(9.87899 0.758879 2.05542e-19)
(9.49602 0.735216 -1.67842e-19)
(9.19212 0.307535 4.25508e-19)
(8.93627 -0.327386 -5.18886e-19)
(8.76892 -1.16691 0)
(8.71751 -2.16033 0)
(8.81337 -3.29255 0)
(9.09739 -4.57878 0)
(9.59427 -6.02927 0)
(10.3192 -7.6474 0)
(11.3257 -9.40049 -1.91939e-19)
(12.6558 -11.238 7.78044e-19)
(14.2754 -13.251 0)
(16.0995 -15.65 -2.00313e-18)
(18.045 -18.5916 3.6582e-18)
(19.8335 -22.2046 3.30256e-18)
(21.1232 -26.7731 0)
(21.4172 -32.0708 1.02746e-17)
(20.3872 -37.7833 -1.04529e-17)
(17.8701 -43.2354 -3.50756e-18)
(13.7962 -47.9362 7.12563e-18)
(8.52987 -51.3856 -1.07937e-17)
(2.55177 -53.3187 5.43697e-18)
(-3.89399 -53.4797 -1.4413e-17)
(-9.67604 -52.6464 3.59115e-18)
(-16.689 -49.5489 1.12583e-16)
(-26.61 48.3805 3.4248e-16)
(22.6538 -13.7211 5.01982e-16)
(16.2194 -13.0991 2.46288e-16)
(-5.46027 -20.694 0)
(-1.15547 -19.1436 -2.12698e-21)
(-0.466362 -21.7414 -5.70753e-19)
(-4.69508 -9.82654 -2.80944e-19)
(-6.15217 6.05906 -6.7709e-20)
(-3.61441 1.77598 6.70293e-20)
(-13.1678 -21.3893 0)
(-11.5921 -22.0761 0)
(-3.13401 -23.6482 8.38874e-19)
(0.511215 -29.9817 -2.16138e-18)
(8.03399 -30.2068 2.74694e-18)
(16.9455 -38.9695 0)
(-8.99945 -33.6042 -2.16785e-18)
(-18.2219 -29.7467 2.17629e-18)
(-8.53768 -22.1804 5.65821e-19)
(-5.64249 -28.1427 5.63139e-19)
(0.62649 -32.3761 0)
(15.9289 -27.933 0)
(13.0252 65.8594 0)
(28.3238 -10.5059 2.5408e-16)
(31.8653 -14.4074 0)
(33.7499 -19.0757 -5.19579e-16)
(34.4467 -24.0174 2.59081e-16)
(33.9948 -29.1567 4.65091e-16)
(2.44636 -18.6266 -8.65161e-17)
(7.39891 6.84487 3.04449e-16)
(29.9748 -37.9155 8.29613e-18)
(29.0519 -38.8064 -6.46765e-17)
(27.1381 -40.5874 2.77516e-17)
(24.4959 -41.9774 -3.14034e-17)
(21.1399 -43.5872 -1.3505e-17)
(17.1055 -44.9299 1.91048e-17)
(12.4345 -46.0635 3.73922e-18)
(7.04837 -47.1946 -1.85443e-17)
(1.04347 -47.6502 1.09942e-17)
(-4.70199 -46.8478 0)
(-10.4091 -45.523 -8.92951e-18)
(-15.5157 -43.4015 5.25919e-18)
(-19.5624 -40.0904 8.68477e-18)
(-22.2859 -35.9287 1.72668e-18)
(-23.6353 -31.2276 -6.76368e-18)
(-23.6329 -26.4585 -3.3395e-18)
(-22.6406 -22.1166 0)
(-21.0715 -18.497 0)
(-19.2551 -15.6445 -8.01625e-19)
(-17.4171 -13.4458 -3.95329e-19)
(-15.6752 -11.6905 3.89823e-18)
(-14.0611 -10.1472 7.70106e-19)
(-12.6485 -8.76478 -2.65032e-18)
(-11.418 -7.52837 -1.70184e-22)
(-10.3656 -6.39627 0)
(-9.50496 -5.38985 0)
(-8.83921 -4.52206 -2.84397e-18)
(-8.37393 -3.76242 4.21062e-18)
(-8.09868 -3.03969 -1.37896e-18)
(-8.00868 -2.29417 8.15588e-21)
(-8.08216 -1.43494 1.34161e-18)
(-8.40062 -1.20967 1.31326e-18)
(-7.80289 2.03735 7.72117e-18)
(-10.4238 -2.37819 0)
(-7.12328 7.34576 3.6984e-18)
(-11.589 -2.8988 -3.66552e-18)
(-6.20238 12.7648 2.32645e-18)
(-10.4792 -7.40118 -2.39529e-18)
(-0.720265 18.3059 2.28696e-18)
(-5.99178 -15.682 0)
(11.4676 23.5927 0)
(-0.437707 -28.6337 -1.16572e-18)
(-28.0631 39.0707 6.06636e-16)
(-25.2321 -22.8545 -1.2111e-16)
(16.4893 -6.32934 -2.58333e-16)
(-27.2975 21.8828 6.0712e-16)
(-22.6904 21.3598 2.34739e-19)
(-17.8335 19.9455 6.19699e-16)
(-28.7906 4.50541 1.34039e-16)
(9.49073 14.4262 -6.76554e-16)
(-9.23718 24.5528 0)
(0.435472 21.977 0)
(-6.78883 -15.6103 -5.96312e-17)
(-26.5223 -10.6887 -3.11267e-16)
(1.90404 -15.1471 2.4008e-17)
(-14.8692 78.8139 -5.43646e-16)
(-17.2536 -51.1786 -6.07129e-17)
(-29.7585 43.4607 -3.79076e-16)
(-1.30228 -4.59509 0)
(-2.05765 -4.79321 -5.31373e-17)
(-12.5466 -53.1484 0)
(-8.17727 -54.7788 1.85138e-18)
(-3.02746 -55.2961 3.64593e-18)
(2.2431 -54.4541 1.35265e-18)
(7.02266 -52.0295 2.23944e-19)
(11.2121 -48.3258 0)
(14.3788 -43.5359 4.37847e-18)
(16.3504 -38.2536 -4.32581e-18)
(17.2311 -32.869 1.70242e-18)
(17.1295 -27.9348 -3.34452e-18)
(16.296 -23.6925 8.19817e-19)
(15.0869 -20.2095 0)
(13.7384 -17.2386 1.60085e-18)
(12.4489 -14.7124 -7.90277e-19)
(11.2969 -12.5113 7.77614e-19)
(10.3616 -10.4308 -1.34342e-18)
(9.66567 -8.44223 1.53748e-18)
(9.17605 -6.62284 -3.76209e-21)
(8.85834 -4.9887 -7.83448e-19)
(8.69477 -3.53611 3.60879e-19)
(8.66415 -2.25071 -4.01405e-19)
(8.7324 -1.11802 0)
(8.87658 -0.159225 1.72845e-19)
(9.09045 0.562926 -8.51281e-20)
(9.36629 1.09769 -3.34724e-19)
(9.75493 1.163 2.86417e-19)
(10.1315 1.78878 4.05822e-20)
(10.7401 1.06804 -1.59243e-19)
(11.1602 2.70211 0)
(11.701 0.500423 0)
(12.6757 4.65284 -6.02042e-19)
(11.9775 -2.46894 3.26935e-18)
(15.4221 6.28322 -5.85608e-19)
(13.7997 -9.8171 0)
(20.7122 12.4165 2.20998e-18)
(13.721 -20.6042 -2.0388e-20)
(-4.21854 -5.8449 2.8041e-16)
(24.3323 43.2094 9.87764e-19)
(23.6793 22.2774 0)
(25.0568 16.2381 -2.79915e-19)
(28.6228 26.2744 2.8548e-19)
(27.4335 34.8632 6.52337e-19)
(14.9311 38.97 -5.25611e-19)
(-11.071 36.6248 1.26645e-19)
(-11.5122 36.2469 2.4625e-19)
(-5.55355 -4.8442 1.87164e-18)
(-14.8683 3.93059 -2.61062e-18)
(-8.73126 10.4145 -2.11872e-18)
(-17.7007 7.55466 2.09522e-18)
(-6.99031 43.7721 -2.42533e-19)
(-3.68551 54.3218 4.91529e-19)
(-2.33668 33.1372 -2.12907e-18)
(-3.21945 8.42067 -5.05976e-19)
(2.2411 20.1009 2.13102e-18)
(10.3429 -3.23504 0)
(6.97367 2.24426 9.83164e-19)
(19.0012 41.6993 -4.992e-19)
(-31.1524 35.1107 3.15789e-16)
(-24.0158 -37.6 -1.06252e-16)
(-31.2405 20.4994 -2.97944e-16)
(-4.55083 -6.80288 0)
(-3.19366 -5.9303 0)
(-1.80104 -5.31988 -1.00779e-16)
(-0.510004 -4.558 -2.53065e-17)
(0.662726 -3.85297 -3.14661e-17)
(0.0356501 -3.86111 -7.63559e-17)
(-0.638407 -4.14781 1.04657e-16)
(-1.2876 -4.57843 5.62657e-17)
(-18.1499 -45.4962 0)
(-6.74675 -6.95387 -5.45987e-17)
(-29.5681 -11.999 5.69487e-19)
(-21.3818 -16.8817 2.80775e-16)
(-23.3619 -15.4261 -2.67534e-16)
(-29.5797 13.0513 -3.04979e-16)
(-25.2716 12.9209 0)
(-20.5364 11.9599 0)
(-31.7207 10.6044 2.84256e-16)
(-31.8607 27.7498 5.96826e-16)
(-6.14646 -9.87983 -7.58971e-17)
(27.6188 -15.6326 2.56907e-16)
(30.694 -18.785 -2.61594e-16)
(32.179 -22.5635 0)
(32.4447 -26.6442 -5.45182e-16)
(31.758 -30.65 2.71039e-16)
(31.239 -34.705 -3.5724e-16)
(24.6578 -35.26 -2.22668e-16)
(28.3868 -40.0131 6.87631e-17)
(27.6075 -41.6599 -7.58965e-17)
(26.2219 -43.2906 3.2932e-17)
(24.2472 -44.676 -3.21888e-17)
(21.8141 -46.0142 0)
(18.7491 -47.3193 -1.93428e-18)
(15.1683 -48.308 -2.85238e-18)
(11.0708 -48.971 1.12637e-17)
(6.39432 -49.6629 3.68944e-18)
(1.16675 -49.7429 -1.83009e-17)
(-3.68672 -48.4606 7.22421e-18)
(-8.25622 -46.4442 8.91536e-18)
(-12.3969 -43.8114 -7.03252e-18)
(-15.6167 -40.2527 4.34914e-18)
(-17.8298 -36.0772 -4.2837e-18)
(-19.0052 -31.6099 -1.69955e-18)
(-19.2429 -27.2367 5.00548e-18)
(-18.7527 -23.2756 8.2398e-19)
(-17.791 -19.9138 3.25803e-18)
(-16.5934 -17.1701 -3.20159e-18)
(-15.3343 -14.9711 0)
(-14.1158 -13.1718 -7.80206e-19)
(-12.9589 -11.5496 -3.84638e-19)
(-11.9173 -10.0575 -3.7899e-18)
(-10.9979 -8.7157 3.36301e-18)
(-10.1695 -7.45837 -3.68248e-19)
(-9.46751 -6.29783 2.89464e-18)
(-8.90838 -5.25388 -5.35157e-18)
(-8.51685 -4.30381 2.81477e-18)
(-8.2807 -3.38322 1.38133e-18)
(-8.19357 -2.44126 6.78565e-19)
(-8.2521 -1.33257 -1.32173e-18)
(-8.57721 -1.44284 3.93473e-18)
(-7.90708 3.08009 -3.85909e-18)
(-10.4926 -2.44071 -1.24677e-18)
(-7.47698 8.4536 -3.704e-18)
(-11.5968 -2.13853 4.88978e-18)
(-7.20706 14.442 -3.55337e-18)
(-10.4035 -6.79202 2.39585e-18)
(-3.52893 20.9468 -4.56275e-18)
(-2.90827 -17.2088 0)
(7.1755 22.3659 2.11619e-18)
(13.7563 -38.94 -1.1119e-18)
(15.1968 44.7814 -9.97889e-19)
(-27.4373 -6.97559 -7.06717e-16)
(-31.0237 -7.33176 3.2421e-16)
(-33.1987 -8.98077 -3.21506e-16)
(-10.26 -19.3285 1.67119e-16)
(-31.589 -13.3168 -3.35812e-16)
(-29.2963 -15.2545 0)
(0.653577 -9.5672 -9.03631e-17)
(-32.405 -15.7891 -3.53114e-16)
(-9.08172 -8.74009 2.53378e-16)
(-4.7474 19.8444 9.17817e-16)
(4.44477 14.1608 -6.20683e-16)
(-13.2527 18.2538 -3.12202e-16)
(-31.396 -1.704 0)
(-26.9069 5.28546 -3.17804e-16)
(-30.8878 5.10659 3.11748e-16)
(-2.6988 -5.00528 -1.64034e-16)
(-27.6725 -1.40043 -3.30811e-16)
(-8.2474 -16.9725 3.92534e-17)
(-0.124561 -4.80539 -9.45512e-17)
(4.75294 0.657192 -3.02308e-16)
(-28.9707 -16.3442 1.50809e-16)
(-26.8498 -15.3652 2.9416e-16)
(0.509943 -4.22018 9.58673e-17)
(1.11232 -3.73278 -9.61958e-17)
(1.61292 -3.61211 0)
(-10.7228 -53.7355 -3.78528e-18)
(-6.83512 -54.2496 -2.3285e-18)
(-2.57958 -54.5674 7.33544e-18)
(1.56918 -53.2791 -3.14638e-18)
(5.3324 -50.8061 -4.01302e-18)
(8.59851 -47.1682 4.41455e-19)
(11.0521 -42.7061 -3.48402e-18)
(12.6617 -37.8792 8.54279e-19)
(13.4301 -33.0333 1.68944e-18)
(13.5222 -28.556 0)
(13.0586 -24.7063 -8.24288e-19)
(12.2917 -21.4288 0)
(11.392 -18.5211 -8.01566e-19)
(10.5198 -15.9547 3.94921e-19)
(9.76115 -13.6509 0)
(9.14469 -11.429 0)
(8.70292 -9.28419 -7.79466e-19)
(8.41173 -7.317 1.49294e-18)
(8.23294 -5.55487 4.20048e-20)
(8.15806 -3.97104 -7.26743e-19)
(8.17074 -2.55637 6.68386e-20)
(8.2233 -1.31508 7.88433e-19)
(8.32075 -0.256455 -1.34039e-18)
(8.4766 0.56054 1.40514e-18)
(8.70614 1.21549 -6.71858e-19)
(9.04596 1.39588 2.57944e-21)
(9.44021 2.20871 -6.47497e-19)
(10.0614 1.79192 7.19243e-19)
(10.6583 3.77136 -1.56402e-19)
(11.1181 2.39355 1.53608e-19)
(12.6876 6.70281 -2.99799e-19)
(11.0558 1.8243 -1.18504e-18)
(16.1717 10.4704 -2.32128e-18)
(9.72463 -0.810091 1.13784e-18)
(19.5525 19.2364 1.66594e-18)
(-0.460262 -0.424143 -1.08532e-18)
(6.59933 44.5137 0)
(28.6031 -31.1669 0)
(29.6077 -28.0263 2.80354e-16)
(29.607 -24.7658 -5.51335e-16)
(28.5546 -21.7406 1.3637e-18)
(26.0903 -19.2394 2.67962e-16)
(22.2006 -17.5803 -2.64517e-16)
(4.91405 -22.4804 1.58132e-16)
(-33.2192 29.5887 3.25161e-16)
(-22.462 -45.1161 4.47487e-16)
(-32.9754 11.2975 0)
(-33.9219 -3.5654 3.12349e-16)
(-1.68821 -4.96526 1.17607e-16)
(-4.99144 -5.81719 -2.10451e-16)
(-23.7114 -8.08011 3.72085e-16)
(-22.308 4.53261 1.92242e-18)
(-3.20493 96.2387 -1.06309e-16)
(-9.62494 -18.3425 4.14305e-17)
(4.05811 -20.57 2.24594e-16)
(17.8715 46.0668 0)
(-34.3329 23.1598 -5.81876e-16)
(-4.33066 -7.30329 -1.80446e-16)
(-5.96413 -7.74037 -2.90406e-16)
(-5.29864 -7.53519 1.93626e-16)
(17.1024 -17.0751 2.65448e-16)
(-27.7321 -70.8579 -2.26078e-18)
(-35.8029 -47.1974 1.03531e-18)
(-15.5318 -31.7029 5.25975e-19)
(4.49271 -31.5084 -5.10472e-19)
(1.85802 -43.0766 -2.45555e-19)
(-8.90663 -8.99726 1.41312e-18)
(-0.0613515 11.2638 -1.02219e-18)
(6.758 8.67204 3.15673e-21)
(-4.89351 -43.2542 -2.8193e-19)
(-4.74686 -40.6786 2.70796e-19)
(18.3825 -42.2287 2.76395e-19)
(27.8215 -65.3857 2.08514e-18)
(-35.3876 -70.7802 -5.79462e-19)
(-49.1529 -65.2083 -1.79845e-18)
(-51.5945 -47.8292 2.14113e-18)
(-21.2338 -40.8593 -2.05379e-18)
(-4.87947 -45.901 2.88006e-18)
(23.1828 -64.194 -4.2748e-18)
(-0.580736 -80.9852 2.99773e-19)
(-29.7552 -68.1672 -1.13548e-18)
(-35.8757 -29.8206 3.26856e-18)
(-31.7515 -7.82027 -3.08281e-18)
(-3.37952 -6.48519 3.14887e-16)
(-2.34018 -5.79764 -3.04706e-16)
(-1.06763 -5.27515 1.52741e-16)
(0.108003 -4.66401 -7.51772e-17)
(1.14786 -4.03946 6.27429e-18)
(1.98745 -3.77301 1.96721e-16)
(1.05483 -6.57262 -8.064e-17)
(-28.5513 -29.5825 2.42496e-16)
(-34.3222 16.9453 -2.88019e-16)
(-34.2867 -12.0252 -7.52408e-19)
(-31.9662 -18.4919 0)
(-19.3289 -38.899 -1.22774e-16)
(-0.134514 -5.84413 3.75243e-16)
(-7.18089 -6.88006 9.98972e-17)
(-0.873684 13.9129 -9.18648e-16)
(1.87328 -13.7827 0)
(-18.9124 -13.7124 -3.14856e-16)
(-16.0677 11.0887 0)
(-9.6297 -9.03729 8.34834e-17)
(-32.848 -7.95684 -2.73244e-16)
(-0.174567 1.20134 0)
(-4.60031 -8.84983 1.65801e-16)
(-9.01678 15.9069 -9.2657e-16)
(23.8057 -38.3353 -1.3696e-16)
(24.6887 -40.3206 8.45884e-17)
(24.7992 -42.2362 -7.49304e-17)
(24.1773 -43.9801 6.94972e-17)
(23.0731 -45.5586 0)
(21.3899 -46.7235 -4.05349e-18)
(19.246 -47.7722 0)
(16.5901 -48.6896 -9.74719e-19)
(13.4522 -49.328 -9.54562e-19)
(9.95765 -49.5613 0)
(6.04608 -49.4629 1.86261e-18)
(1.72776 -49.0567 5.49043e-18)
(-2.4615 -47.7274 -7.22732e-18)
(-5.95539 -45.3686 -2.67408e-18)
(-9.25503 -42.5689 2.63703e-18)
(-11.8953 -39.2027 -4.34517e-18)
(-13.777 -35.3851 -8.74811e-21)
(-14.8854 -31.4073 4.22902e-18)
(-15.3041 -27.5351 3.34681e-18)
(-15.1809 -23.9998 -4.11664e-18)
(-14.6714 -20.9405 0)
(-13.9504 -18.3711 -3.21514e-18)
(-13.1497 -16.2537 3.55524e-18)
(-12.3595 -14.4911 3.90211e-19)
(-11.5974 -12.8741 0)
(-10.8789 -11.3454 5.68775e-19)
(-10.2485 -9.96842 0)
(-9.64222 -8.66496 3.68038e-19)
(-9.09662 -7.40654 0)
(-8.63723 -6.22242 -3.56758e-19)
(-8.29143 -5.10492 0)
(-8.07024 -4.00412 0)
(-7.97751 -2.8579 6.13658e-22)
(-8.01371 -1.48254 -3.32222e-18)
(-8.24454 -1.833 1.32261e-18)
(-7.78604 3.81382 1.2907e-18)
(-9.99083 -2.61916 1.26778e-18)
(-7.36386 9.25669 1.24928e-18)
(-10.9537 -1.4945 1.2235e-18)
(-7.62405 15.4699 2.36229e-18)
(-9.51454 -5.69095 -1.17087e-18)
(-5.84608 21.8538 -7.71294e-21)
(-1.82322 -17.4058 -4.65212e-18)
(0.0489761 17.5275 -5.97906e-20)
(16.8288 -39.0149 0)
(6.49056 24.8907 0)
(16.9818 -86.1102 0)
(0.110753 -3.26771 8.0762e-16)
(-11.4619 -20.5906 -2.01728e-16)
(0.331306 -1.13478 2.87089e-17)
(-33.7995 3.18895 2.73906e-19)
(-3.2797 -5.15554 -4.87973e-20)
(-23.4584 -2.01832 3.37866e-16)
(-5.90315 -13.9831 8.38733e-17)
(-22.3396 -26.021 -1.2941e-16)
(7.06144 70.5306 2.62227e-16)
(-7.91166 -11.7211 7.24276e-17)
(-36.4324 16.1377 -2.61927e-16)
(35.0612 -22.5143 -2.79297e-16)
(22.4452 -31.4098 6.58385e-19)
(24.4645 -29.7396 -3.065e-16)
(25.7526 -27.4712 -2.88397e-16)
(26.0387 -25.0437 5.62456e-16)
(25.2737 -22.8288 -2.79045e-16)
(23.3959 -20.968 0)
(20.2178 -19.8143 4.35035e-19)
(15.8725 -19.5371 -5.5682e-16)
(11.0736 -17.4606 2.75986e-16)
(10.9811 -19.91 -2.90453e-16)
(-20.1268 -36.6492 2.0936e-20)
(-28.6734 -18.7453 1.53857e-16)
(-20.4823 -41.201 -3.03804e-16)
(27.1753 -36.882 3.69475e-16)
(-14.9221 -49.0534 1.22491e-16)
(-11.8367 -50.9598 -3.92123e-18)
(-9.21373 -52.2552 5.67125e-18)
(-5.98497 -52.8445 4.64382e-19)
(-2.57663 -52.7514 -7.33013e-18)
(0.665719 -51.4802 6.30924e-18)
(3.62001 -49.1366 1.11384e-19)
(6.13871 -45.7706 3.08733e-18)
(8.06393 -41.7543 -3.47145e-18)
(9.38421 -37.4292 8.57328e-19)
(10.0883 -33.1021 0)
(10.3072 -29.0886 0)
(10.1003 -25.6198 1.64568e-18)
(9.65145 -22.588 1.6266e-18)
(9.08067 -19.8038 8.04247e-19)
(8.53534 -17.2554 -1.18489e-18)
(8.07875 -14.9216 -9.74363e-20)
(7.70291 -12.6275 7.67303e-19)
(7.45766 -10.3851 -7.59192e-19)
(7.30307 -8.33789 -4.67035e-20)
(7.20805 -6.4993 0)
(7.16371 -4.83082 0)
(7.16819 -3.32878 -4.46556e-20)
(7.18253 -1.99893 -8.79153e-20)
(7.21902 -0.840459 -4.32965e-20)
(7.30013 0.0982715 6.37985e-19)
(7.47846 0.900531 -6.93866e-19)
(7.72887 1.25287 -6.18063e-19)
(8.1062 2.24101 2.62849e-21)
(8.57049 2.08453 7.19763e-19)
(9.14407 4.19731 -4.67974e-19)
(9.52677 3.64962 1.07785e-18)
(10.9596 7.6271 -2.98266e-22)
(9.49167 5.58713 5.92823e-19)
(13.1699 12.1293 0)
(7.58323 7.02763 -1.1393e-18)
(12.8549 21.3753 -1.1145e-18)
(-0.184665 6.47248 0)
(-1.12185 36.0373 0)
(-27.1499 -8.85601 1.03439e-18)
(1.30533 -5.61874 1.79058e-16)
(1.72667 -4.75139 9.29921e-17)
(2.12991 -4.38857 -1.90008e-16)
(2.38727 -4.35985 -4.33942e-16)
(1.61273 -12.0923 6.25821e-17)
(-0.132789 -2.35009 -2.56015e-17)
(-25.6288 -18.2039 2.9122e-16)
(-25.4128 -17.1458 0)
(-24.0794 -16.544 2.80924e-16)
(-12.1261 -21.3586 -3.58246e-16)
(-18.0079 -18.5219 2.89692e-16)
(-14.8166 -20.2293 3.09189e-16)
(-5.82879 96.6064 -2.86666e-16)
(20.4975 -32.5939 -4.09101e-16)
(-23.6168 -42.8654 0)
(-27.4918 -38.0854 0)
(-35.4108 7.6277 -2.9017e-16)
(-35.3912 -6.94179 6.07712e-16)
(-30.2952 -21.8868 0)
(-26.3991 -28.1287 4.68923e-16)
(-2.14233 -5.19249 -1.05031e-16)
(-5.67407 -5.70959 7.41713e-17)
(10.4546 -12.3212 -2.55113e-16)
(2.20652 7.2971 1.21185e-15)
(-11.3491 87.8541 3.202e-16)
(-10.8155 -13.5055 -2.30791e-16)
(-31.3513 39.855 0)
(-11.6868 -13.8675 0)
(-10.8195 -14.7617 -2.84837e-16)
(-19.7485 -8.63364 -3.52335e-16)
(-17.9172 3.92113 3.19804e-16)
(-9.66109 -9.06088 -2.89213e-19)
(-34.8862 -0.878019 -8.77203e-19)
(-36.2635 9.81219 1.43569e-16)
(-25.725 -34.549 -3.01013e-16)
(-27.0575 -21.5832 -2.64308e-16)
(1.20457 -17.0461 2.43405e-16)
(1.58596 -15.8446 -1.08583e-16)
(0.581056 -10.6984 1.64113e-16)
(29.9675 -34.2217 -3.09813e-16)
(26.8136 -33.6335 3.69476e-16)
(-3.92887 -7.53779 -5.26931e-17)
(-3.36428 -6.68304 5.20189e-17)
(-2.57203 -6.21542 0)
(-1.60872 -5.79869 1.27421e-16)
(-0.521547 -5.43663 -2.52985e-17)
(0.535707 -4.97891 0)
(1.45677 -4.44481 -3.13002e-18)
(2.19881 -4.1571 0)
(2.49546 -4.53957 4.87428e-17)
(-35.9903 11.2399 -2.728e-16)
(-32.3528 -22.0912 1.62863e-18)
(-12.0375 10.3452 6.18698e-16)
(-5.25419 12.5581 1.31442e-18)
(-0.31911 -6.69824 4.6408e-17)
(-12.873 -23.6513 7.84715e-16)
(-17.8395 -30.1128 0)
(19.929 -37.0284 2.5377e-17)
(20.6506 -39.5838 5.25482e-17)
(20.8725 -41.8155 -9.33821e-18)
(20.5914 -43.9352 0)
(19.7704 -45.6673 -1.67627e-17)
(18.4555 -46.8821 1.62222e-17)
(16.7244 -47.8262 1.18907e-17)
(14.5609 -48.4994 -6.80992e-18)
(11.9373 -48.8199 3.82077e-18)
(9.02671 -48.7026 -3.76902e-18)
(5.93575 -48.1697 3.72029e-18)
(2.59118 -47.2986 -1.8384e-18)
(-0.855145 -45.9642 0)
(-3.8472 -43.8246 1.78278e-18)
(-6.36393 -41.051 1.76003e-18)
(-8.52561 -37.9856 -8.65542e-19)
(-10.1457 -34.6337 -2.14142e-18)
(-11.1942 -31.1674 -8.46135e-19)
(-11.7366 -27.7835 3.3466e-18)
(-11.8647 -24.6654 -3.29357e-18)
(-11.6875 -21.9266 0)
(-11.321 -19.5714 0)
(-10.8711 -17.5822 -5.93828e-19)
(-10.4123 -15.8964 -1.95198e-19)
(-9.96337 -14.3389 -3.08088e-18)
(-9.49622 -12.824 2.84411e-18)
(-9.08749 -11.4431 3.08336e-18)
(-8.66342 -10.1392 -2.94926e-18)
(-8.24911 -8.83385 -2.8542e-18)
(-7.87627 -7.55981 2.85398e-18)
(-7.56746 -6.30508 0)
(-7.35428 -5.02779 0)
(-7.25969 -3.66833 -3.39796e-19)
(-7.30588 -2.06265 1.65882e-18)
(-7.40478 -2.45274 -2.93488e-21)
(-7.31288 4.07255 -1.93051e-18)
(-8.9218 -3.06972 1.2711e-18)
(-6.88692 9.46647 -1.21638e-18)
(-9.80293 -0.899822 1.24932e-18)
(-7.81653 15.4123 -1.19531e-18)
(-8.83501 -5.14901 3.53261e-18)
(-8.39762 20.7966 2.28845e-18)
(-4.27337 -17.374 -2.29004e-18)
(-5.15999 13.3537 1.14135e-18)
(5.0823 -36.5815 -2.19557e-18)
(5.81927 13.6233 -2.63587e-20)
(52.333 -87.0083 -1.5321e-19)
(-11.6063 76.9333 1.62485e-18)
(14.4731 125.982 2.67276e-19)
(5.1176 109.787 1.00958e-18)
(9.13716 56.818 0)
(12.1774 11.6178 1.00996e-18)
(2.81989 17.2418 -1.01994e-18)
(17.0415 58.2236 0)
(7.61046 62.8323 7.00464e-21)
(-3.05563 66.2593 5.6275e-20)
(-8.53026 73.6672 1.92733e-18)
(-18.0291 64.0503 -2.0197e-18)
(5.20328 2.60405 -1.94601e-18)
(-16.1731 11.0596 3.8095e-18)
(-3.29433 89.6016 -4.08202e-18)
(-30.6505 95.224 2.03669e-18)
(-33.9007 80.7012 0)
(-26.0737 51.0228 -4.55455e-18)
(-18.5001 13.9129 4.029e-18)
(-31.718 8.96778 1.32437e-18)
(-27.3446 52.2478 2.23897e-18)
(-18.8375 78.4807 -2.69696e-18)
(-23.5589 62.508 0)
(-13.7838 76.2745 -4.57711e-19)
(-12.3666 67.6158 2.25763e-18)
(3.20334 40.0549 -2.54436e-18)
(-34.2705 -15.7765 -3.00494e-16)
(-8.07891 -6.6859 2.21861e-17)
(6.83665 -20.3311 6.3822e-16)
(6.46115 -17.7814 3.02563e-16)
(-15.5142 -14.2587 -3.16989e-16)
(15.7723 -27.1263 0)
(-3.75584 -9.14105 0)
(-4.10924 -17.3729 -1.97989e-16)
(0.583774 90.3927 1.02402e-15)
(-33.8601 15.5716 -1.56238e-16)
(16.7474 -26.7132 -2.91632e-16)
(19.0168 -26.183 3.60529e-19)
(20.6953 -24.7661 4.1791e-19)
(21.3402 -23.1363 2.86262e-16)
(20.9576 -21.5734 -2.84033e-16)
(19.5782 -20.3285 0)
(17.1731 -19.7343 5.69993e-16)
(13.8307 -19.7653 2.89461e-16)
(10.0829 -20.3875 0)
(6.84807 -21.1332 -3.22372e-16)
(3.14818 -20.9876 4.75333e-16)
(3.93234 -20.0479 -7.26871e-16)
(4.61668 -21.464 7.3758e-16)
(-25.6448 -41.4561 0)
(-35.7179 -0.40523 -8.66513e-20)
(-28.1138 -25.1951 4.62537e-16)
(-3.91339 -5.17003 1.2609e-17)
(7.88146 -7.53835 1.32228e-16)
(-11.41 86.3979 3.78134e-16)
(-9.48671 -20.0756 -4.16633e-16)
(1.98274 -19.0073 -2.19765e-16)
(-11.8023 -16.4611 -1.86036e-18)
(-19.2272 -2.65873 3.30691e-16)
(-8.94955 -8.51257 1.54715e-16)
(-36.8849 6.18711 -1.61145e-16)
(0.371307 -11.6137 -2.87315e-16)
(-27.9848 -31.3787 2.68941e-16)
(-14.1002 -21.0743 0)
(-15.9711 -18.8623 -2.91387e-16)
(-18.0988 -17.005 -1.16196e-18)
(-19.8825 -16.252 -2.83534e-16)
(-20.5762 -16.3483 0)
(-20.5889 -17.0528 0)
(-19.941 -18.0074 7.79622e-16)
(-16.9049 -19.9951 -5.52042e-16)
(-3.96518 -11.6628 -8.79282e-17)
(31.634 -34.3344 -6.08379e-17)
(1.41754 -10.3695 -8.40858e-17)
(1.46463 -8.64536 -4.35101e-17)
(1.77872 -7.35298 -1.80729e-16)
(2.00322 -6.68593 3.72879e-16)
(2.07148 -6.31351 1.91297e-16)
(2.06633 -6.05388 0)
(-36.8723 3.02845 4.96586e-16)
(-34.5122 -13.8905 -5.62824e-16)
(-0.468526 0.815635 0)
(-8.50214 8.89861 1.21249e-15)
(-2.47689 -8.98823 5.5691e-17)
(-2.98152 -7.4315 -5.90085e-17)
(-3.45063 -6.5679 0)
(-2.74824 -6.23543 0)
(-1.9869 -6.11876 -1.01681e-16)
(-1.07855 -5.98386 -2.54864e-17)
(-0.129275 -5.76444 7.59092e-17)
(0.780058 -5.43595 -1.25953e-17)
(1.58742 -4.98962 -9.6755e-17)
(2.23704 -4.62516 1.11108e-16)
(2.48921 -4.7043 -1.95402e-16)
(2.01483 -5.60505 2.45155e-16)
(-11.6173 -24.7592 -5.00514e-16)
(-0.533275 -7.32671 0)
(-27.8372 -35.8916 0)
(16.2618 0.194496 7.98788e-16)
(-10.1825 83.8865 1.6187e-16)
(0.588384 1.00395 -1.15967e-16)
(12.0749 49.4422 0)
(15.1664 -29.509 -8.69235e-17)
(15.2033 -32.1435 8.52485e-17)
(15.7299 -35.1901 -3.94573e-17)
(16.1306 -37.934 0)
(16.2903 -40.5682 0)
(15.9144 -42.8633 4.14955e-18)
(15.1023 -44.5415 -8.03191e-21)
(13.9184 -45.7783 -3.94987e-18)
(12.3486 -46.6189 2.42286e-19)
(10.3839 -46.9852 -2.38645e-19)
(8.1356 -46.8457 -1.87766e-18)
(5.71803 -46.2574 5.56108e-21)
(3.18429 -45.3051 0)
(0.624372 -43.9409 9.04152e-19)
(-1.86156 -42.1487 5.34467e-18)
(-3.93576 -39.7791 -5.27701e-18)
(-5.61743 -36.9869 -2.60647e-18)
(-6.95095 -34.0695 -4.32146e-19)
(-7.90033 -31.0814 2.95949e-18)
(-8.47878 -28.1393 -3.34607e-18)
(-8.75141 -25.4056 3.08763e-18)
(-8.79699 -22.9735 -3.26025e-18)
(-8.67443 -20.843 3.20544e-18)
(-8.47417 -18.9996 3.9595e-19)
(-8.25451 -17.4034 1.95228e-19)
(-8.0361 -15.9304 -9.62551e-20)
(-7.76128 -14.4628 -3.03671e-18)
(-7.50735 -13.108 2.99168e-18)
(-7.22255 -11.8378 -2.9457e-18)
(-6.90063 -10.5218 2.77126e-18)
(-6.59408 -9.19409 3.35379e-20)
(-6.32124 -7.84121 -2.80953e-18)
(-6.11823 -6.42306 -1.57396e-19)
(-6.01426 -4.8842 4.94059e-18)
(-6.04272 -3.15053 -5.02128e-18)
(-6.05469 -3.34494 2.32023e-18)
(-6.27847 3.79484 -6.48024e-19)
(-7.32271 -3.90096 1.28236e-18)
(-6.17922 9.07377 -1.23971e-18)
(-7.88281 -0.546888 1.83903e-18)
(-7.84754 15.025 1.20239e-18)
(-7.36573 -4.21818 -1.15513e-18)
(-10.5031 22.0972 -3.43316e-18)
(-3.94156 -15.7392 2.30944e-18)
(-6.00917 25.0075 -1.04478e-18)
(-2.91316 -30.1326 3.29229e-18)
(-1.25948 22.7879 -1.01143e-18)
(11.5909 -52.6324 9.99172e-20)
(-13.2272 -4.89744 -2.83604e-19)
(29.017 -191.834 -3.06077e-19)
(-74.8731 -192.995 -1.46303e-18)
(-88.9154 -114.584 1.27043e-19)
(-91.3513 -86.2741 0)
(-77.3951 -82.4008 1.0587e-18)
(-44.7906 -56.1429 8.61142e-19)
(-34.0156 -73.3336 -4.09711e-18)
(-35.1701 -71.3049 1.98609e-18)
(-13.4977 -25.9044 1.97274e-18)
(-1.86941 -23.2702 -3.99707e-18)
(17.8037 -23.4092 3.90323e-18)
(46.1099 -86.6031 -2.40149e-19)
(32.8764 -113.056 -4.1132e-18)
(-19.2192 -112.524 2.47426e-18)
(-26.5785 -65.0064 -1.98028e-18)
(-18.2357 -48.8889 2.05748e-18)
(-5.07871 -99.3585 0)
(-5.29658 -85.2703 0)
(4.09822 -96.5008 -6.70181e-19)
(-39.374 -117.631 -2.61715e-18)
(-57.3129 -106.869 1.63276e-18)
(-52.713 -103.851 6.16243e-19)
(-77.3644 -100.098 -1.97828e-18)
(-88.5806 -55.4753 3.97088e-18)
(-88.6854 -45.8723 -2.18611e-18)
(-39.4312 -49.479 5.46922e-19)
(-18.9944 -39.4124 0)
(11.7919 2.24415 1.51436e-18)
(-4.99185 -13.2468 4.90809e-19)
(0.0168337 26.8765 0)
(0.0788913 6.0404 0)
(6.37157 19.8027 -5.57519e-19)
(5.40704 8.84167 0)
(8.44199 12.0419 0)
(7.17037 6.42734 0)
(7.84578 7.31579 6.05766e-19)
(7.30163 3.55467 -6.14517e-19)
(6.94516 3.79107 6.28752e-19)
(6.6577 1.74121 -6.16998e-19)
(6.37702 1.71341 -6.51015e-19)
(5.98457 0.578858 1.32149e-18)
(5.83421 0.0515922 -6.38111e-19)
(5.72551 -0.886872 -2.13174e-20)
(5.70936 -1.95867 7.06088e-19)
(5.72933 -3.1994 -7.45719e-19)
(5.75796 -4.58372 2.23251e-20)
(5.77988 -6.13339 -7.2748e-19)
(5.81577 -7.84858 -9.57273e-20)
(5.86506 -9.72225 2.00606e-20)
(5.93912 -11.8017 7.56472e-19)
(6.06695 -14.0908 1.53917e-18)
(6.28053 -16.4075 -1.46022e-18)
(6.53311 -18.7273 -9.87828e-20)
(6.84925 -21.2303 -1.5003e-18)
(7.18091 -23.8764 1.62707e-18)
(7.3999 -26.6478 -1.64275e-18)
(7.42194 -29.7465 8.41509e-19)
(7.13172 -33.3112 1.5896e-18)
(6.49137 -37.1587 0)
(5.42237 -40.9823 4.33228e-18)
(3.90559 -44.5336 -3.52096e-18)
(1.99809 -47.5194 1.18186e-19)
(-0.249564 -49.6001 9.00958e-19)
(-2.71329 -50.6523 3.64776e-18)
(-5.2667 -50.7274 -1.85688e-18)
(-7.81508 -49.9249 -7.504e-18)
(-10.0835 -48.8461 1.89718e-17)
(-13.3841 -46.0688 -1.11639e-16)
(-13.5075 -43.0789 0)
(-15.174 -39.9134 6.35516e-17)
(-16.8844 -36.6081 -6.06545e-17)
(-13.2044 -21.5314 3.21672e-16)
(-22.4743 -33.357 0)
(28.189 -38.8146 -7.5798e-17)
(-14.6326 -22.6605 2.69268e-16)
(-15.1845 -21.1067 0)
(-34.6455 24.6248 -1.67162e-16)
(-10.5336 -13.4683 9.63249e-16)
(-2.24752 8.07367 3.00815e-16)
(4.02212 -21.6472 -8.74433e-19)
(-31.1864 -31.403 2.52297e-16)
(-26.9544 -39.6602 2.37701e-16)
(-35.8059 -11.4466 -2.93055e-16)
(-36.7505 2.32383 0)
(-29.7773 -28.1318 -2.59179e-16)
(-33.2518 -19.9037 2.79601e-16)
(-6.35611 -5.43642 6.81627e-17)
(-2.28307 -5.28485 6.93924e-17)
(5.7468 -13.5555 0)
(0.321347 -13.0842 1.95247e-16)
(3.24561 -16.9654 -3.38684e-16)
(-13.2673 -13.3698 -1.89414e-18)
(-12.255 -8.62849 -5.84342e-16)
(-14.115 3.81497 3.10562e-16)
(-15.9085 -8.94089 -3.2062e-16)
(-8.67036 -6.12113 0)
(-9.23516 -5.04703 8.32293e-17)
(-11.7244 -24.4533 2.74753e-16)
(-37.0948 -7.85148 6.24641e-16)
(-9.30588 -5.70046 -5.18894e-18)
(-15.4052 -2.65446 2.20212e-19)
(-12.1799 -11.1909 3.04459e-16)
(1.26134 -15.2332 1.85469e-16)
(1.48817 -2.8643 5.0987e-16)
(3.58003 -8.59464 -3.17104e-16)
(-4.33999 -4.98639 1.13626e-17)
(-31.4957 -24.2703 -2.62802e-16)
(-36.6242 -5.35739 -2.85347e-16)
(-29.1546 -36.6676 -2.45114e-16)
(5.44069 -21.7224 -6.82376e-16)
(7.00296 -20.6389 9.36096e-16)
(9.23675 -19.2752 -2.99656e-16)
(11.5836 -18.2535 -2.94251e-16)
(13.6332 -17.8351 -5.81733e-16)
(15.0423 -17.8948 2.85694e-16)
(15.6807 -18.2956 5.70398e-16)
(15.5599 -18.931 2.7084e-19)
(14.7366 -19.489 2.8853e-16)
(13.445 -19.6688 2.95499e-16)
(12.1042 -19.3359 -2.69507e-19)
(-0.453472 3.01667 -6.36006e-16)
(-24.6356 -30.8815 0)
(-31.8883 35.4297 0)
(-12.5017 -14.0609 -2.60809e-16)
(-13.8689 -13.6102 -2.68002e-16)
(-14.6619 -13.4221 1.17777e-19)
(-15.0609 -13.6215 -9.15221e-19)
(-15.1573 -14.3105 -4.48711e-19)
(-14.5016 -15.6964 -2.88199e-16)
(-13.5407 -18.2579 -5.86727e-16)
(-12.8006 -21.4566 -2.91668e-16)
(-20.1575 -28.5316 -2.64078e-16)
(-36.3705 -4.56731 -2.45729e-16)
(-7.49532 -23.7547 1.91004e-17)
(-6.64612 -22.6605 3.93771e-17)
(-5.36541 -21.0356 -4.1277e-17)
(-4.71127 -18.7806 3.81825e-20)
(1.94897 79.8832 -2.69877e-16)
(-13.0572 -23.7081 0)
(-37.3153 -4.5159 3.24997e-19)
(-9.72013 -4.51881 -6.00674e-16)
(-30.4142 -31.1781 0)
(-0.674565 -7.92917 8.72554e-17)
(-15.3953 -31.1105 3.65872e-16)
(1.48063 -15.0037 0)
(1.17576 -12.6935 -2.76469e-20)
(1.35643 -10.8687 1.80641e-16)
(1.31938 -9.69331 -2.81029e-16)
(0.997176 -8.7162 0)
(0.745331 -7.88662 0)
(0.649277 -6.66968 0)
(-36.2437 -13.1825 0)
(33.697 -29.1422 -2.13275e-16)
(-9.30921 -15.805 0)
(-9.56666 -19.1229 0)
(-11.4478 -22.4141 -6.42666e-17)
(-10.0437 -24.3776 5.36496e-17)
(-10.3537 -29.0477 1.70134e-17)
(-10.8247 -33.412 0)
(-10.0963 -37.0936 -7.57106e-18)
(-9.26285 -40.7943 0)
(-7.66579 -43.7701 -1.49316e-17)
(-6.10326 -45.5795 -1.98611e-21)
(-4.35626 -46.7256 2.76392e-18)
(-2.61268 -47.1266 3.65006e-18)
(-0.923864 -46.5618 -7.2022e-18)
(0.631532 -44.9691 3.54417e-18)
(1.96979 -42.5089 0)
(3.07181 -39.481 -8.67047e-19)
(3.88916 -36.179 1.28716e-18)
(4.43033 -32.8105 1.12895e-19)
(4.7419 -29.6823 -2.91575e-18)
(4.83945 -26.9482 0)
(4.79501 -24.4584 -1.82928e-18)
(4.63426 -22.0084 -5.34297e-20)
(4.46403 -19.6128 9.8007e-20)
(4.33781 -17.367 2.33795e-18)
(4.22827 -15.0927 -7.81439e-19)
(4.16775 -12.8289 0)
(4.1404 -10.7807 2.33441e-20)
(4.10731 -8.94459 9.20138e-20)
(4.06151 -7.26172 -7.34868e-19)
(4.01949 -5.7496 7.16813e-19)
(3.9606 -4.39367 7.45629e-19)
(3.89895 -3.15802 -6.84587e-19)
(3.86646 -2.05552 2.13231e-20)
(3.89862 -1.07391 -5.25415e-21)
(3.97076 -0.38307 6.17787e-19)
(4.3263 0.773481 -1.29866e-18)
(4.3649 0.868888 6.40676e-19)
(4.58073 2.75354 -6.25951e-19)
(4.789 2.65179 1.3094e-18)
(4.62193 6.0652 -1.28533e-18)
(4.5865 5.30782 5.94469e-19)
(4.2468 10.6424 0)
(3.71446 7.48041 -5.68766e-19)
(3.02549 18.6298 5.59504e-19)
(3.43424 3.695 0)
(4.28249 27.8232 0)
(9.43706 -14.5104 -1.05904e-18)
(20.408 26.665 -1.0286e-18)
(17.1738 -34.2304 1.37475e-19)
(-13.0115 -7.63757 0)
(-10.9139 3.83142 -5.98001e-16)
(18.5782 216.698 2.03816e-19)
(-10.503 261.455 -7.47249e-19)
(4.37863 197.66 5.13717e-19)
(-12.9123 185.761 0)
(23.8938 102.148 6.18678e-20)
(-11.7185 10.1669 2.03696e-18)
(-45.5786 56.6979 -1.83013e-18)
(-49.6792 76.0946 -7.68705e-21)
(-39.5885 76.7355 3.19492e-21)
(-23.0969 84.6915 -1.96956e-18)
(-5.62394 80.2941 3.85898e-18)
(0.227929 99.202 -1.89404e-18)
(-7.80661 112.498 0)
(-13.0615 121.298 1.8908e-18)
(-12.8821 111.993 -1.94466e-18)
(1.66565 105.024 -1.80817e-20)
(5.92412 106.987 -1.24079e-19)
(-3.79142 80.1088 3.09453e-20)
(-14.0387 94.3577 2.34352e-18)
(-18.6982 128.826 -3.90763e-18)
(-19.7344 111.949 1.95341e-18)
(-23.4139 105.782 -1.94993e-18)
(-24.8284 137.575 -1.05221e-19)
(-12.4244 141.905 1.97978e-18)
(9.30412 80.5624 0)
(11.2921 20.941 -9.3882e-19)
(-36.3735 -12.9276 1.01182e-18)
(-74.1214 12.0515 -5.94736e-19)
(-11.8838 -27.0705 -1.43226e-16)
(-2.41183 -7.04331 -1.92857e-16)
(-2.85139 -6.34926 5.60912e-17)
(-2.85189 -6.10587 7.58537e-20)
(-2.2739 -6.16536 2.51712e-17)
(-1.525 -6.31003 2.52838e-17)
(-0.720277 -6.36 0)
(0.0853846 -6.28092 -1.13677e-16)
(0.833707 -6.0548 1.24643e-17)
(1.52422 -5.67292 9.96215e-17)
(2.11543 -5.20794 -1.23745e-17)
(2.45773 -4.94818 9.84371e-17)
(2.20899 -5.17808 -1.21739e-16)
(1.24559 -5.60429 1.93787e-16)
(-2.96968 -15.3217 1.79016e-16)
(-1.2009 -13.1928 -5.61125e-16)
(-0.654132 -10.5818 -1.18013e-18)
(-0.263149 -7.77622 -4.74793e-19)
(9.54555 -20.3104 0)
(9.6106 -21.725 0)
(9.65405 -23.8758 0)
(10.035 -26.4958 3.05552e-20)
(10.4973 -29.3325 7.06707e-17)
(10.9935 -32.302 -3.39929e-17)
(11.1015 -35.2857 2.46917e-17)
(10.847 -37.8019 0)
(10.2927 -39.7782 -3.93071e-18)
(9.42332 -41.2854 3.86358e-18)
(8.21999 -42.2444 0)
(6.73575 -42.6221 2.3459e-19)
(5.08852 -42.4503 1.84966e-18)
(3.32674 -41.8732 -9.18983e-19)
(1.53217 -40.8375 1.80168e-18)
(-0.212172 -39.3704 -5.34894e-18)
(-1.86713 -37.5198 8.78579e-19)
(-3.16968 -35.2901 -3.90645e-18)
(-4.16595 -32.7975 -2.42368e-21)
(-4.93066 -30.2602 3.80543e-18)
(-5.45388 -27.7621 3.34531e-18)
(-5.77861 -25.4072 -2.88094e-18)
(-5.94307 -23.2667 1.017e-19)
(-5.96728 -21.3569 0)
(-5.92855 -19.6647 2.97472e-18)
(-5.86625 -18.173 -3.11752e-18)
(-5.7938 -16.8161 9.62152e-20)
(-5.66662 -15.4553 3.03707e-18)
(-5.5074 -14.1803 -3.08438e-18)
(-5.3361 -13.0069 0)
(-5.10248 -11.7576 1.02042e-19)
(-4.86105 -10.4446 -1.4498e-18)
(-4.63678 -9.07367 1.4118e-18)
(-4.44567 -7.60298 1.73191e-19)
(-4.32785 -5.98478 8.50547e-20)
(-4.30253 -4.23505 1.33461e-18)
(-4.42384 -4.26687 -2.32113e-18)
(-4.45534 3.0753 1.4556e-18)
(-5.06574 -4.62102 -1.60248e-18)
(-5.2214 8.23649 2.17233e-18)
(-5.19246 -0.120843 -2.15844e-18)
(-6.61094 14.061 0)
(-4.957 -2.36733 1.1796e-18)
(-9.20524 21.016 0)
(-2.15674 -10.6533 -1.17639e-18)
(-8.40909 27.7996 1.08552e-18)
(-2.18698 -27.0222 -1.0926e-18)
(-4.79974 34.0262 2.09746e-18)
(-9.01076 -42.1396 0)
(-9.688 30.4362 -5.25073e-19)
(92.424 -134.802 -2.28415e-20)
(-23.6333 206.172 0)
(-0.711912 -8.76434 0)
(2.34708 -12.4089 3.14887e-16)
(-6.94704 -4.87166 -8.24779e-17)
(-2.44426 -5.17288 0)
(-32.2823 -26.7219 0)
(-35.2391 -16.6002 5.65066e-16)
(-33.638 -23.369 -1.03014e-18)
(-29.7632 -34.4368 1.22694e-18)
(-1.55662 -1.71446 5.73586e-16)
(-5.66677 6.25351 -9.25512e-16)
(5.97846 -11.9629 0)
(-3.188 2.66655 0)
(6.41503 60.1939 -3.97663e-19)
(-5.48355 -6.83724 -5.40696e-16)
(-6.7831 -7.65737 -7.25396e-19)
(-8.08573 -8.25162 -2.67451e-16)
(-9.19215 -8.90486 2.74067e-16)
(-10.2862 -9.8565 -2.81909e-16)
(-11.4139 -11.1914 0)
(-12.3579 -13.0539 8.84542e-16)
(-12.9583 -15.9006 -2.98639e-16)
(-13.4148 -19.5737 3.03061e-16)
(-3.41274 -20.9191 1.89445e-16)
(5.06791 95.4431 -2.77588e-16)
(-9.07682 -28.3137 4.13998e-16)
(-8.50154 -27.4567 1.22975e-16)
(-5.83599 -26.2003 -1.3908e-16)
(-3.55315 -23.629 4.63886e-17)
(7.19679 -12.4815 3.24569e-16)
(7.13531 -19.8384 -5.75365e-16)
(8.72773 -18.6015 -2.90737e-16)
(9.80184 -16.6563 3.00425e-16)
(10.6289 -15.0616 0)
(11.2116 -14.0614 0)
(11.4589 -13.6046 -2.88861e-16)
(11.3664 -13.4959 0)
(10.8214 -13.4651 8.6875e-19)
(9.85867 -13.3276 -2.84161e-16)
(8.64346 -13.0247 -5.86905e-16)
(-32.3587 -30.6049 2.52288e-16)
(-36.7118 -11.1797 -2.7858e-16)
(-33.88 -21.856 -2.80799e-16)
(-4.52658 -4.48773 2.07003e-17)
(0.839017 -6.65345 -4.55424e-16)
(0.35405 -10.5503 -6.58423e-16)
(-11.2271 -5.74345 -2.97618e-16)
(-12.2654 -1.84406 0)
(-3.97338 -5.96707 0)
(-3.32065 -5.57987 1.60737e-16)
(-3.11242 -6.18146 -7.3695e-17)
(-3.69696 -7.97205 -6.65253e-17)
(-4.11327 -9.80581 6.49136e-17)
(-4.67569 -11.8109 0)
(-5.06791 -15.2038 0)
(-5.37649 -19.5611 0)
(-5.53311 -24.002 7.64798e-18)
(-5.425 -28.441 0)
(-4.6959 -32.1682 3.7365e-18)
(-3.86342 -34.9805 0)
(-2.98188 -37.0132 9.20178e-19)
(-2.08592 -38.2543 0)
(-1.16314 -38.5468 0)
(-0.288887 -37.7782 0)
(0.499093 -36.1423 0)
(1.17076 -33.896 -1.73539e-18)
(1.70619 -31.3043 4.21533e-19)
(2.10849 -28.5729 1.68569e-18)
(2.38546 -26.0069 -1.25434e-18)
(2.53542 -23.7149 1.64165e-18)
(2.59833 -21.5831 1.77865e-18)
(2.56208 -19.5011 -8.48017e-19)
(2.48088 -17.403 -7.89725e-19)
(2.42888 -15.3633 7.66488e-19)
(2.40517 -13.249 -7.57296e-19)
(2.38431 -11.1512 0)
(2.35703 -9.26504 0)
(2.33932 -7.61255 -7.28497e-19)
(2.30838 -6.13704 7.38264e-19)
(2.25064 -4.84523 0)
(2.17249 -3.69551 0)
(2.09088 -2.63226 6.68732e-19)
(2.00563 -1.6801 -6.84568e-19)
(1.95467 -0.873052 -1.04891e-20)
(1.93816 -0.302158 3.22351e-22)
(2.07937 0.542487 6.47323e-19)
(2.01002 0.446122 -6.55757e-19)
(2.27508 1.82622 0)
(2.11773 1.56701 -6.539e-19)
(1.91479 4.20556 7.79337e-20)
(2.06504 2.77871 5.95035e-19)
(0.672405 8.03192 -5.80495e-19)
(2.05483 2.79532 1.14511e-18)
(-1.16209 15.4048 -8.32245e-19)
(3.61046 -1.63984 -5.53302e-19)
(2.01962 26.0662 5.22585e-19)
(10.4667 -10.5019 0)
(18.8521 42.2554 4.9537e-19)
(33.4526 -10.2163 -2.69266e-19)
(-66.9449 50.7565 4.53909e-19)
(2.74887 -19.058 -1.61393e-16)
(1.53996 -16.7419 -1.0619e-17)
(0.676417 -13.7483 -6.90776e-20)
(0.821709 -11.402 4.5556e-17)
(0.656675 -9.73755 0)
(0.301507 -8.02331 0)
(-0.0316635 -6.56108 0)
(-0.599273 -4.90238 0)
(-0.35567 -4.10756 -1.92377e-16)
(-31.7395 -29.4043 -5.63224e-16)
(-2.39805 -5.06914 -4.05108e-17)
(-8.51628 3.35899 5.50394e-16)
(-2.50697 -4.53304 0)
(-7.77055 -4.06819 0)
(-33.8535 -24.01 -1.35799e-18)
(-35.9444 -18.2388 -6.59834e-19)
(-1.86144 -17.3002 3.58425e-16)
(-0.285765 -13.9742 9.98713e-19)
(0.366164 -10.0972 0)
(0.0367105 -7.3105 -3.49033e-16)
(4.78632 51.4759 -6.29402e-16)
(2.3667 -19.8312 -2.23591e-16)
(-1.71935 -5.35287 8.3877e-17)
(-2.32975 -5.48168 0)
(-2.53099 -5.63085 -3.01039e-17)
(-2.27934 -5.89637 -1.83573e-17)
(-1.78645 -6.23271 -2.48147e-17)
(-1.17149 -6.55546 -2.50046e-17)
(-0.54376 -6.73419 -1.00802e-16)
(0.0731515 -6.76972 1.25261e-17)
(0.654438 -6.62823 2.01742e-16)
(1.20626 -6.28447 4.29706e-19)
(1.71773 -5.75121 -9.95463e-17)
(2.08446 -5.19463 8.59633e-17)
(2.0493 -4.84843 8.95847e-20)
(1.49208 -4.70736 -4.69805e-17)
(-0.00887903 -3.79092 -3.54334e-16)
(1.30433 1.80227 0)
(46.2284 -2006.87 1.70364e-17)
(-66.7368 -2853.32 0)
(-13.2844 -1455.46 3.23706e-17)
(15.3537 -1663.01 5.92926e-18)
(18.1181 -1712.49 9.57784e-18)
(195.338 -2977.33 -2.28269e-18)
(72.0738 -3122.78 0)
(-9.39442 -3090.07 0)
(-34.7126 -3084.27 4.42946e-19)
(-47.6839 -3092.51 0)
(-48.6487 -3067.48 1.6253e-18)
(-43.1302 -3054.88 1.80932e-18)
(-46.0048 -3041.66 3.21852e-18)
(-46.1411 -2977.04 5.18444e-20)
(-44.0547 -2911.09 -3.1162e-18)
(-31.0003 -2908.37 -4.30751e-19)
(-3.90192 -3010.05 -1.80842e-18)
(2.94261 -3132.72 8.60433e-19)
(-17.0449 -3232.22 -1.92651e-18)
(-48.4977 -3259.36 0)
(-59.9026 -3164.01 0)
(-39.9254 -3052.08 1.27156e-17)
(-47.637 -3127.8 0)
(-119.657 -3221.49 7.61279e-18)
(-26.6925 -2624.44 2.56587e-17)
(73.6611 -3188.13 7.00994e-18)
(-44.3567 -3259.29 -1.33497e-17)
(-136.943 -3073.23 -6.66127e-19)
(-290.663 -2975.06 6.41806e-19)
(-431.499 -2714.59 1.22699e-18)
(5.29734 -12.0386 0)
(4.77198 -12.7135 1.49785e-16)
(4.46926 -13.4837 -2.1605e-16)
(4.47232 -14.7674 2.68166e-20)
(4.63038 -16.4532 0)
(4.9968 -18.6757 1.64238e-17)
(5.37914 -21.4178 -8.0779e-18)
(5.59286 -24.2694 0)
(5.65504 -26.8039 0)
(5.51671 -29.0172 0)
(5.11444 -30.7809 -4.73656e-19)
(4.4635 -32.0379 4.79562e-22)
(3.64568 -32.7586 -9.23582e-19)
(2.72314 -33.0437 3.65193e-18)
(1.76044 -32.7906 -2.70701e-18)
(0.752015 -32.0753 -8.8989e-19)
(-0.252137 -30.9468 3.51774e-18)
(-1.17345 -29.4719 -1.73656e-18)
(-1.85246 -27.6633 -1.71455e-18)
(-2.37183 -25.7165 1.69115e-18)
(-2.76524 -23.7849 1.04396e-19)
(-3.06664 -21.9542 -2.06024e-19)
(-3.26842 -20.1985 -1.01669e-19)
(-3.35677 -18.612 -1.60767e-18)
(-3.40125 -17.1869 1.58025e-18)
(-3.42121 -15.9188 0)
(-3.4224 -14.7711 -1.54133e-18)
(-3.39394 -13.6336 1.49163e-18)
(-3.29319 -12.5597 0)
(-3.19216 -11.5648 2.30259e-20)
(-3.043 -10.5116 -3.40003e-20)
(-2.8707 -9.36492 0)
(-2.70393 -8.13844 0)
(-2.57059 -6.81781 0)
(-2.49821 -5.35693 1.44373e-18)
(-2.2979 -3.65373 -2.72128e-18)
(-2.7578 -3.97792 1.40951e-18)
(-2.16361 3.24108 -1.62377e-19)
(-2.19245 -3.9946 3.18851e-19)
(-3.78474 7.7461 3.13383e-19)
(-1.93717 0.131115 -8.02506e-23)
(-3.88199 12.7689 0)
(-2.02104 -1.18848 -5.92239e-19)
(-3.26031 19.5945 -1.14555e-18)
(-2.35596 -7.33268 5.84333e-19)
(-2.15221 28.8419 -2.17976e-18)
(-5.9493 -5.38109 2.22223e-18)
(-16.2631 37.4695 -1.09296e-18)
(-9.9709 -0.403665 -1.08626e-18)
(-30.4882 55.2999 9.76096e-19)
(19.6001 -30.995 -1.03683e-18)
(14.7203 -29.4014 5.98921e-19)
(219.635 -2873.25 1.05407e-17)
(-9.24303 -1.64902 0)
(-0.897085 -5.67649 2.91718e-16)
(-4.20003 -4.01512 3.67601e-17)
(-35.7663 -17.0926 5.92762e-16)
(-35.2078 -22.2922 -2.61442e-16)
(5.68167 178.378 -2.57208e-20)
(28.8152 -21.6915 1.06675e-19)
(-19.6961 -19.3143 -2.50502e-16)
(-24.1862 -23.108 -4.63335e-16)
(-440.154 -1166.39 0)
(10.8466 9061.3 -8.99423e-19)
(31.8841 7253.65 0)
(-48.1661 8360.62 9.92308e-19)
(-16.9282 9380.49 -2.2593e-20)
(-58.9048 9148.63 2.01017e-18)
(-36.9422 9216.34 1.83911e-18)
(-62.2253 8908.14 -3.9908e-18)
(-46.497 8677.45 -3.7818e-18)
(-66.0872 8772.2 1.90682e-18)
(-58.7984 9304.61 1.87245e-18)
(-67.8417 8977.48 1.90156e-18)
(-58.2734 8940.28 1.9021e-18)
(-67.5147 9221.04 -1.88826e-18)
(-51.1027 8017.96 0)
(-57.841 8502.94 -1.88348e-18)
(-49.6595 8205.5 0)
(-50.8201 7942.69 0)
(-51.9087 8695.98 -1.87367e-18)
(-52.4955 8506.37 0)
(-53.1759 8983.25 -1.87104e-18)
(-52.3183 8859.6 3.73743e-18)
(-48.9125 8832.21 0)
(-47.9313 8957.42 0)
(-48.0667 8594.08 0)
(-39.7677 8724.6 0)
(-50.6353 7594.24 -2.97832e-20)
(-15.3116 7986.66 1.87317e-18)
(-60.3506 7558.85 0)
(7.89239 7110.15 -2.08912e-18)
(19.1505 172.007 2.47619e-19)
(517.56 -1122.2 -2.38221e-17)
(-59.0991 7519.66 0)
(27.8828 6710.04 -1.18425e-19)
(-4.9081 80.4985 -8.3618e-19)
(-35.6658 -49.276 1.26566e-18)
(-4.59638 31.4185 0)
(-5.5315 -1.793 0)
(3.51381 22.4725 0)
(-3.71576 -12.4525 0)
(0.942181 14.2531 1.14366e-18)
(-0.669254 -14.0228 5.70455e-19)
(-0.911803 10.7695 2.40614e-18)
(0.508749 -0.690302 -1.79958e-18)
(-1.31716 8.67128 1.24299e-18)
(0.0716127 2.34201 -2.1545e-18)
(-0.443936 6.11672 1.2939e-18)
(-0.228909 0.12489 0)
(-0.495338 1.12797 4.18453e-20)
(-0.798781 -0.0602769 -1.40119e-18)
(-0.746405 -1.49354 1.37914e-18)
(-0.653876 -0.554122 -1.36749e-18)
(-0.905875 -3.37286 0)
(-0.826514 -2.47185 0)
(-1.01926 -4.91301 -2.29813e-20)
(-0.975254 -4.19607 2.26408e-20)
(-1.03809 -6.26877 2.36664e-20)
(-1.03481 -5.5744 0)
(-0.948563 -7.63256 1.56089e-18)
(-0.998269 -6.95545 -1.53424e-18)
(-0.810446 -9.10671 0)
(-0.886427 -8.34716 0)
(-0.606863 -10.7364 -1.64754e-18)
(-0.718351 -9.90867 1.62089e-18)
(-0.28914 -12.2669 0)
(-0.4637 -11.5231 -1.04168e-19)
(0.127658 -13.3873 -1.29961e-18)
(-0.098041 -12.9373 0)
(0.671006 -13.4063 -1.77666e-18)
(0.411176 -13.5353 1.75384e-18)
(1.01561 -12.2902 -1.81876e-18)
(0.862403 -12.981 3.59346e-18)
(1.17171 -10.3203 4.65906e-19)
(1.13192 -11.3768 -2.30571e-19)
(0.970424 -8.1161 0)
(1.10898 -9.19921 0)
(0.637263 -6.51955 0)
(0.789266 -7.22358 0)
(0.75575 -5.36449 -1.02245e-16)
(0.649394 -5.91759 3.13994e-17)
(1.18302 -5.19883 -6.46623e-17)
(0.951955 -5.12954 1.26638e-16)
(1.90883 -5.6812 0)
(1.47452 -5.38638 -1.32991e-16)
(3.02362 -6.18238 -2.30878e-19)
(2.42479 -5.89952 0)
(4.91471 -7.40949 8.34116e-16)
(3.91087 -6.75296 -2.87949e-16)
(6.8161 -8.56 -8.72443e-19)
(5.90408 -7.99895 0)
(8.22669 -9.72296 0)
(7.591 -9.09341 -2.82422e-16)
(8.7781 -11.6274 -6.16087e-16)
(8.61678 -10.4865 0)
(6.66112 -15.2427 -3.02669e-16)
(8.38156 -13.176 1.46384e-18)
(4.91953 -16.3363 3.42374e-17)
(4.94893 -17.0901 5.60601e-16)
(1.05789 -9.83787 2.71401e-21)
(2.87909 -13.3124 -4.12156e-17)
(0.288309 -3.34635 4.63428e-17)
(0.144628 -5.86049 2.83462e-20)
(-0.133188 -0.156231 -2.13553e-16)
(0.0876729 -1.88601 2.60108e-20)
(-0.124965 1.09627 -4.3594e-16)
(-0.25201 0.734882 -3.74342e-16)
(1.39173 1.58601 0)
(1.04046 -3.81794 -4.70573e-17)
(0.190852 -2.93087 0)
(1.308 -5.61247 1.24558e-17)
(1.36596 -4.69197 -2.44556e-17)
(0.692997 -7.07443 1.0161e-16)
(1.04224 -6.45871 -1.01091e-16)
(-0.0598066 -7.50831 -5.07583e-17)
(0.32064 -7.41562 0)
(-0.836188 -7.12749 -5.0186e-17)
(-0.446458 -7.3971 1.01085e-16)
(-1.53969 -6.12684 0)
(-1.23173 -6.69476 0)
(-1.69712 -4.71536 0)
(-1.74216 -5.44816 0)
(0.0718127 -1.08197 -6.35002e-17)
(-1.19704 -3.78858 0)
(1.26903 -0.505448 8.20878e-16)
(0.554328 -4.67583 2.91594e-16)
(-1.54039 1.16092 -2.38821e-16)
(-0.410084 1.07702 0)
(-0.636203 2.57378 -2.35256e-16)
(-0.922114 2.66465 -2.39148e-16)
(-0.0682642 -3.01239 2.1177e-16)
(-0.407853 0.251824 4.26314e-16)
(-0.702095 -11.6641 3.37092e-16)
(-0.278184 -7.09383 -2.02469e-16)
(-1.01757 -16.7868 -4.6407e-17)
(-0.85925 -14.2549 -3.07075e-16)
(-5.77019 -23.8055 8.2153e-17)
(-3.05268 -20.9911 4.23777e-17)
(-10.1475 -22.3389 3.30209e-16)
(-8.39385 -24.0956 3.92805e-19)
(-10.7739 -15.4874 -1.73293e-18)
(-11.035 -19.1996 -3.35168e-16)
(-8.29746 -9.09304 9.13708e-16)
(-9.70235 -11.9675 -3.16665e-16)
(-5.2867 -5.34979 2.82563e-16)
(-6.71044 -6.95488 -3.98648e-19)
(-3.15326 -3.1661 0)
(-4.11783 -4.1186 0)
(-1.70024 -1.44417 -2.89472e-16)
(-2.34335 -2.33384 2.65328e-16)
(-0.440733 -0.282396 0)
(-0.933888 -0.730889 0)
(-0.436849 0.719021 0)
(-0.439799 0.202631 0)
(-0.58069 0.796728 3.09341e-17)
(-0.46587 0.842929 -6.35807e-17)
(-0.637237 -0.856969 1.56502e-17)
(-0.636305 0.356354 -4.66411e-17)
(-0.676916 -4.9551 -3.80876e-18)
(-0.617207 -2.67725 -1.1619e-17)
(-1.00112 -10.7742 -3.73027e-18)
(-0.85946 -7.69647 0)
(-0.879919 -15.9934 0)
(-0.989985 -13.5865 0)
(-0.584289 -19.0284 3.57736e-18)
(-0.757071 -17.889 0)
(-0.228871 -18.9364 3.50137e-18)
(-0.429073 -19.327 -5.29731e-18)
(0.126166 -16.6392 0)
(-0.044716 -17.958 -1.72625e-18)
(0.40599 -13.6116 3.32828e-18)
(0.281007 -15.1153 -1.68935e-18)
(0.567955 -10.9475 -7.61094e-19)
(0.493783 -12.2421 -1.63847e-18)
(0.615965 -8.08513 0)
(0.618503 -9.59164 7.98295e-19)
(0.60345 -4.88882 7.68046e-19)
(0.603862 -6.52953 -7.65215e-19)
(0.589811 -1.80917 -7.46769e-19)
(0.594756 -3.24393 7.55025e-19)
(0.583139 0.383999 0)
(0.591727 -0.618224 -5.74039e-21)
(0.509423 1.86069 0)
(0.554543 1.19544 0)
(0.425234 2.83391 0)
(0.462674 2.41292 0)
(0.390387 3.09408 -6.5678e-19)
(0.410391 3.08962 5.23391e-21)
(0.34561 2.55377 6.33859e-19)
(0.421724 3.21477 4.04537e-21)
(0.211047 2.12811 -3.84854e-20)
(0.468238 3.00022 0)
(0.104334 1.03054 1.18849e-18)
(0.219917 3.02981 -6.03231e-19)
(0.335794 -2.29179 -5.77135e-19)
(-0.395326 4.77762 -5.81914e-19)
(2.26667 -10.59 2.67037e-19)
(-1.65525 10.0743 8.34069e-19)
(7.11807 -18.7371 -1.37256e-19)
(-1.47232 21.1097 3.88664e-19)
(4.95857 53.046 -3.12471e-19)
(0.934667 0.872421 7.37838e-16)
(0.385525 0.897577 -1.26715e-16)
(-8.06895 -1.9751 6.78153e-17)
(-34.9085 20.8868 -1.67051e-16)
(-38.8609 4659.49 0)
(-6.03734 2.65473 -5.27785e-18)
(53.4954 4377.57 1.18737e-19)
(-5.81354 -6.85959 -4.57038e-16)
(0.370211 0.475606 0)
(0.104253 0.160459 -4.77818e-16)
(-0.159174 0.213596 0)
(-0.0529148 0.0475616 0)
(0.0362124 0.0345042 -1.10582e-17)
(0.00422886 0.00594833 -4.1138e-18)
(-0.00661417 0.0087078 4.11211e-18)
(-30.5613 34.757 1.05473e-17)
(-12.0264 -20.6327 1.65918e-16)
(-3.37997 -0.98252 0)
(-3.45513 -1.82466 -5.26035e-16)
(-6.40096 -1.22918 2.62976e-16)
(11.2915 79.3715 -9.5108e-17)
(1.6924 96.0672 -1.57234e-16)
(7.61367 92.4284 1.36343e-16)
(-1.87261 49.9297 6.2643e-16)
(-12.4891 59.551 -3.08737e-16)
(-7.24712 56.1015 6.16927e-16)
(-8.47724 45.5263 1.48548e-18)
(-18.5765 50.8627 -6.11006e-16)
(-13.6731 49.2584 -3.04267e-16)
(-14.2493 38.4373 -6.18005e-16)
(-23.9744 40.8687 5.65855e-19)
(-19.2971 40.5078 -3.05049e-16)
(-18.9689 30.0254 -6.19459e-16)
(-28.2169 30.5828 -6.0171e-16)
(-23.8585 31.1671 0)
(-9.68661 -22.0866 1.43231e-15)
(-34.7481 -19.5487 0)
(-0.792816 0.598714 0)
(33.9759 -29.5177 4.90018e-16)
(1.17045 1.09767 0)
(-37.4761 -0.5397 9.44984e-16)
(-23.9995 -11.8817 7.72309e-16)
(-12.5085 -22.8984 -8.78877e-16)
(34.8947 -8.04073 0)
(34.1878 -2.95486 1.65775e-19)
(-23.374 -36.9236 0)
(-8.18771 89.4907 4.21947e-16)
(3.68013 97.8429 4.31146e-17)
(2.16438 -19.5635 -1.28073e-15)
(-14.919 -31.7198 -1.18736e-15)
(3.51355 90.9117 1.13632e-15)
(-8.15753 -12.8697 -3.35587e-16)
(-3.25746 -19.6709 0)
(-14.2099 -24.6177 0)
(-4.98565 -7.90608 0)
(-25.6481 -40.4468 0)
(30.9243 19.2936 1.30947e-15)
(-11.6214 -24.5314 -1.4049e-15)
(4.51133 82.8656 -5.51349e-16)
(0.645273 0.369342 -1.01042e-15)
(-2.43177 92.2899 -1.82808e-15)
(4.47568 -3.27754 -3.68169e-16)
(-28.8544 45.4962 -2.94425e-17)
(-21.6859 64.3929 -5.76901e-16)
(21.1993 49.2171 1.11151e-16)
(18.1342 30.2935 -7.16177e-16)
(0.404713 0.292138 -2.82581e-16)
(-4.73756 -6.60725 9.01419e-16)
(12.174 -6.25342 5.50424e-16)
(9.45232 -18.7188 0)
(-3.69809 -4.91871 0)
(-10.6165 -8.92755 1.65092e-15)
(-2.45511 -10.989 0)
(-0.327402 -5.04705 -9.5176e-16)
(-30.083 -16.9038 -7.57887e-16)
(-0.613396 -0.347144 -1.23464e-15)
(-16.6984 -44.1216 1.46204e-16)
(-18.1921 -48.6859 -1.37619e-16)
(-16.285 -49.4081 0)
(-24.2743 -19.7142 -2.84491e-19)
(-1.96479 99.0544 5.44719e-16)
(-7.61872 -8.58028 -1.08289e-16)
(22.8678 -36.1034 8.77629e-16)
(17.9669 8.49373 -1.46202e-15)
(-24.0441 55.6117 -3.94799e-16)
(4.24722 65.7821 6.19225e-16)
(3.47822 42.6528 -5.58221e-16)
(-21.6987 -23.9941 2.94429e-16)
)
;

boundaryField
{
    wall
    {
        type            noSlip;
    }
    outlet
    {
        type            inletOutlet;
        inletValue      uniform (0 0 0);
        value           nonuniform List<vector> 
33
(
(10.8466 9061.3 -8.99423e-19)
(31.8841 7253.65 0)
(-48.1661 8360.62 9.92308e-19)
(-16.9282 9380.49 -2.2593e-20)
(-58.9048 9148.63 2.01017e-18)
(-36.9422 9216.34 1.83911e-18)
(-62.2253 8908.14 -3.9908e-18)
(-46.497 8677.45 -3.7818e-18)
(-66.0872 8772.2 1.90682e-18)
(-58.7984 9304.61 1.87245e-18)
(-67.8417 8977.48 1.90156e-18)
(-58.2734 8940.28 1.9021e-18)
(-67.5147 9221.04 -1.88826e-18)
(-51.1027 8017.96 0)
(-57.841 8502.94 -1.88348e-18)
(-49.6595 8205.5 0)
(-50.8201 7942.69 0)
(-51.9087 8695.98 -1.87367e-18)
(-52.4955 8506.37 0)
(-53.1759 8983.25 -1.87104e-18)
(-52.3183 8859.6 3.73743e-18)
(-48.9125 8832.21 0)
(-47.9313 8957.42 0)
(-48.0667 8594.08 0)
(-39.7677 8724.6 0)
(-50.6353 7594.24 -2.97832e-20)
(-15.3116 7986.66 1.87317e-18)
(-60.3506 7558.85 0)
(7.89239 7110.15 -2.08912e-18)
(-59.0991 7519.66 0)
(27.8828 6710.04 -1.18425e-19)
(-38.8609 4659.49 0)
(53.4954 4377.57 1.18737e-19)
)
;
    }
    inlet
    {
        type            inletOutlet;
        inletValue      uniform (0 0 0);
        value           nonuniform List<vector> 
30
(
(-0.248137 -0.78205 9.82101e-17)
(0 0 0)
(0.331306 -1.13478 2.87089e-17)
(-0.132789 -2.35009 -2.56015e-17)
(0 0 0)
(0 0 0)
(1.04046 -3.81794 -4.70573e-17)
(0.190852 -2.93087 0)
(1.308 -5.61247 1.24558e-17)
(1.36596 -4.69197 -2.44556e-17)
(0.692997 -7.07443 1.0161e-16)
(1.04224 -6.45871 -1.01091e-16)
(-0.0598066 -7.50831 -5.07583e-17)
(0.32064 -7.41562 0)
(-0.836188 -7.12749 -5.0186e-17)
(-0.446458 -7.3971 1.01085e-16)
(-1.53969 -6.12684 0)
(-1.23173 -6.69476 0)
(-1.69712 -4.71536 0)
(-1.74216 -5.44816 0)
(-1.19704 -3.78858 0)
(0 0 0)
(0 0 0)
(0 0 0)
(0 0 0)
(0 0 0)
(0 0 0)
(0 0 0)
(0 0 0)
(0 0 0)
)
;
    }
    frontAndBackPlanes
    {
        type            empty;
    }
}


// ************************************************************************* //
