/*--------------------------------*- C++ -*----------------------------------*\
| =========                 |                                                 |
| \\      /  F ield         | OpenFOAM: The Open Source CFD Toolbox           |
|  \\    /   O peration     | Version:  2212                                  |
|   \\  /    A nd           | Website:  www.openfoam.com                      |
|    \\/     M anipulation  |                                                 |
\*---------------------------------------------------------------------------*/
FoamFile
{
    version     2.0;
    format      ascii;
    arch        "LSB;label=32;scalar=64";
    class       volVectorField;
    location    "0.0134";
    object      U;
}
// * * * * * * * * * * * * * * * * * * * * * * * * * * * * * * * * * * * * * //

dimensions      [0 1 -1 0 0 0 0];

internalField   nonuniform List<vector> 
2308
(
(-2.26872 126.275 -7.39381e-16)
(-10.5163 -23.4567 0)
(7.70761 173.9 6.15354e-17)
(19.6274 22.0053 -2.29824e-16)
(3.00996 97.7982 0)
(3.80147 74.037 2.13362e-18)
(-11.5874 73.1229 -5.23282e-19)
(-8.27625 95.5424 -3.33342e-16)
(2.25404 103.837 6.16059e-16)
(4.05098 17.896 -6.75175e-17)
(3.48972 20.0082 1.22233e-16)
(2.35499 23.906 -1.83088e-16)
(1.8861 25.8636 9.13215e-17)
(1.49264 28.1475 -4.67365e-17)
(0.935842 30.0979 8.07176e-18)
(0.182587 32.1335 6.79567e-17)
(-0.843043 34.4033 9.60188e-18)
(-4.50557 35.3945 2.12866e-17)
(-4.3209 33.1641 2.86223e-17)
(-3.09338 31.1711 2.08957e-18)
(-1.8756 29.3419 1.56406e-17)
(-0.86383 27.333 -4.54516e-17)
(0.079136 24.9074 5.76502e-17)
(1.19219 22.3691 -2.60988e-17)
(1.98682 20.2038 -1.11221e-16)
(2.83588 17.6783 -5.23601e-17)
(4.0173 15.6044 2.62627e-17)
(4.30948 16.003 -2.85248e-17)
(-8.54675 73.443 0)
(-1.91506 36.838 -1.97441e-16)
(4.66149 16.2167 1.49849e-18)
(4.62462 17.317 3.78638e-19)
(4.49939 18.8134 -6.37358e-18)
(4.43031 19.7767 5.98135e-18)
(4.44149 19.7451 -6.22935e-18)
(4.48387 18.7846 5.78122e-18)
(4.50406 17.1804 -2.86564e-18)
(4.40767 14.8164 2.80553e-18)
(3.96405 11.6043 -2.7856e-18)
(2.9951 8.33339 1.34662e-18)
(1.55735 6.61134 2.6794e-18)
(-0.0266122 7.098 3.96901e-18)
(-1.37486 8.57279 -7.83122e-18)
(-2.27196 9.03139 5.14239e-18)
(-2.83874 6.92333 2.57096e-18)
(-3.10472 6.19883 -2.52576e-18)
(-2.187 8.05701 2.58694e-18)
(-1.01443 7.26911 -3.93475e-18)
(0.449563 5.51935 -4.32705e-18)
(2.0272 5.06679 6.72554e-18)
(3.29901 7.15239 -1.36164e-18)
(4.07769 10.9459 2.76581e-18)
(4.4323 14.5993 6.79872e-19)
(4.55169 17.1786 -4.30578e-18)
(4.62054 18.8471 -1.4478e-18)
(4.69388 19.8011 2.94076e-18)
(4.82803 19.7709 0)
(5.03013 18.769 -3.78904e-19)
(5.25526 17.3604 -1.26067e-17)
(5.29509 16.3703 -4.39236e-17)
(5.10204 15.9702 5.23572e-17)
(4.53049 16.8425 5.49789e-17)
(4.57045 17.894 6.40836e-17)
(4.04419 20.0362 -4.06785e-20)
(4.0102 22.3189 7.32956e-17)
(3.81115 24.5619 -1.37595e-16)
(3.52269 26.688 -3.18736e-17)
(3.49974 28.8213 0)
(3.32764 30.9246 0)
(2.91577 33.1663 0)
(2.17484 35.6121 0)
(-3.20678 0.825649 -1.21264e-18)
(-3.80914 0.308181 1.2526e-18)
(-6.75552 32.7481 -9.8346e-17)
(-5.5497 30.1924 -1.96067e-18)
(-4.59375 28.2993 7.59322e-18)
(-3.35673 26.2169 0)
(-1.95305 23.7497 -1.42603e-17)
(-0.530048 21.2721 -1.36718e-17)
(0.814397 18.8581 6.8231e-18)
(1.99424 16.5482 2.69179e-17)
(2.98446 15.2 0)
(3.60175 15.2951 1.18695e-20)
(3.8567 15.9793 4.76797e-20)
(3.77245 17.3411 -6.10178e-18)
(3.72166 18.8285 9.05141e-18)
(3.78848 19.6954 -3.04322e-20)
(3.99208 19.5767 -5.12617e-18)
(4.236 18.6125 0)
(4.38784 17.121 -7.13923e-19)
(4.32271 15.0752 4.23212e-18)
(3.81733 12.4 -5.54659e-18)
(2.72748 9.67553 -1.85858e-20)
(1.22072 8.22274 5.36415e-18)
(-0.263905 8.59828 0)
(-1.38693 9.6423 5.22138e-18)
(-1.93019 9.64994 1.37735e-20)
(-2.10954 7.2787 -2.51477e-18)
(-5.29808 38.6297 -8.56383e-17)
(-2.07891 1.02813 -2.49891e-18)
(-2.83647 40.5676 8.72908e-17)
(1.12025 38.5041 4.62791e-19)
(-3.34935 -0.516371 -2.47904e-18)
(-2.51115 5.19447 3.21925e-18)
(-1.43727 6.88017 0)
(-0.191193 5.88399 -1.00038e-18)
(1.21616 4.02262 2.31469e-18)
(2.59705 3.75234 2.70588e-18)
(3.53688 6.28697 -2.76308e-18)
(4.01024 10.5314 0)
(4.2148 14.4635 -7.06221e-19)
(4.31886 17.1529 1.43692e-18)
(4.44999 18.8217 1.21651e-21)
(4.61169 19.7319 -1.47595e-18)
(4.87105 19.6252 0)
(5.1749 18.5899 2.29546e-18)
(5.4156 17.2566 -9.19534e-18)
(5.42909 16.4008 -6.24128e-18)
(5.27669 16.1978 2.56821e-17)
(5.02992 17.0007 9.66791e-17)
(4.92232 18.3429 7.38404e-18)
(4.76938 20.4633 7.12076e-17)
(4.79835 22.7248 -3.2661e-17)
(4.9113 24.8943 0)
(4.95138 26.9798 0)
(5.26523 29.1083 0)
(5.46634 31.3355 1.13101e-16)
(5.44781 33.7432 -1.32481e-16)
(5.0717 36.5209 1.36862e-16)
(-10.4558 101.499 -2.69484e-16)
(8.61122 67.6583 0)
(2.33977 63.0214 0)
(4.8807 66.5617 0)
(-12.3769 35.5349 1.98473e-16)
(-11.0611 31.8438 5.52562e-17)
(-9.47469 29.0393 -3.50604e-20)
(-7.77341 26.9843 -9.18421e-19)
(-5.9812 24.8403 9.0674e-19)
(-4.15999 22.3907 7.043e-18)
(-2.4466 19.8806 -1.38112e-17)
(-0.827884 17.3882 9.3869e-22)
(0.573719 15.4162 0)
(1.61994 14.5741 2.93778e-17)
(2.29298 14.7657 1.90133e-17)
(2.57169 15.7529 -3.0912e-18)
(2.6069 17.275 3.07072e-18)
(2.74177 18.6799 0)
(3.05594 19.4011 0)
(3.5169 19.1804 -3.67662e-19)
(3.97644 18.2678 0)
(4.27971 17.0038 2.14781e-18)
(4.25483 15.3798 1.62027e-21)
(3.68848 13.295 -1.38629e-18)
(2.50183 11.0972 0)
(0.954449 9.80482 -1.36868e-18)
(-0.398697 9.91442 1.99275e-18)
(-1.25297 10.4247 -3.27609e-18)
(-1.51835 9.9324 0)
(-1.37168 7.26233 -5.06288e-18)
(-1.07702 1.00524 1.27971e-18)
(-1.47219 -7.76194 5.36661e-20)
(-2.21443 -8.46818 0)
(-3.53724 -8.70501 -6.13973e-19)
(-4.47445 -8.69141 -2.0532e-18)
(-5.05256 98.404 2.92173e-16)
(-4.2212 -8.79226 1.54267e-19)
(-13.1743 104.973 -8.4718e-16)
(-18.9183 101.194 -1.93663e-16)
(-0.179444 42.1815 0)
(-3.492 115.184 2.84086e-16)
(-0.712943 94.2654 -5.82015e-16)
(-7.66881 43.4611 3.62154e-17)
(4.1111 39.7781 -2.08685e-16)
(-3.70723 -15.0937 -1.18383e-18)
(-2.89822 -16.3131 -1.2114e-18)
(-3.41441 -16.6132 -1.50154e-19)
(-3.9431 -15.8331 2.36987e-18)
(-3.69358 -14.8904 1.52375e-19)
(-2.22624 -14.0845 0)
(-2.59591 -8.88566 1.23878e-18)
(-1.82735 -1.29639 2.48881e-18)
(-1.09189 4.25685 -6.78297e-19)
(-0.12976 5.77216 -2.60646e-18)
(0.982055 4.65574 -2.97278e-18)
(2.13877 2.81494 4.00287e-18)
(3.0845 2.86496 1.35971e-18)
(3.49939 5.8728 -2.76413e-18)
(3.57431 10.4176 2.11548e-18)
(3.58391 14.4346 -6.28933e-19)
(3.67901 17.0799 0)
(3.87724 18.6673 0)
(4.14285 19.4893 0)
(4.56108 19.285 3.03657e-18)
(5.02366 18.2518 -1.5279e-18)
(5.37983 17.0723 -6.29356e-21)
(5.52291 16.4378 -1.27035e-17)
(5.51872 16.486 0)
(5.42052 17.2498 -1.37306e-17)
(5.28509 18.7227 1.44425e-17)
(5.26385 20.681 3.00535e-17)
(5.43571 22.8335 1.55105e-17)
(5.79118 24.9984 6.26174e-17)
(6.22284 26.9865 -6.27832e-17)
(6.78937 29.0811 0)
(7.31826 31.5157 1.5919e-17)
(7.67962 34.2193 -3.22927e-17)
(7.73098 37.3062 -6.6106e-17)
(-13.8801 49.7787 3.3296e-17)
(5.9551 135.239 0)
(3.51559 91.1729 8.75371e-19)
(-13.283 94.0374 3.67656e-16)
(-14.1753 84.3643 -7.78322e-17)
(-14.6517 73.1458 8.72774e-17)
(-15.6565 61.0426 -1.70041e-17)
(-16.7727 49.3555 3.12787e-17)
(-16.974 39.7971 -1.55661e-17)
(-15.9027 34.0106 0)
(-14.4304 30.086 -1.44995e-17)
(-12.604 27.3734 -1.45179e-17)
(-10.603 25.2933 0)
(-8.49445 23.1201 0)
(-6.366 20.7237 8.79309e-19)
(-4.42014 18.2477 -7.77695e-18)
(-2.57283 15.8536 0)
(-1.10419 14.2058 0)
(-0.0589751 13.7603 -9.77117e-18)
(0.666544 14.2697 -6.38312e-18)
(1.03105 15.5133 1.25805e-17)
(1.29632 17.0482 3.10561e-18)
(1.70974 18.2809 7.61957e-19)
(2.32831 18.8244 3.00121e-18)
(3.08398 18.5607 -3.3377e-18)
(3.77454 17.7495 0)
(4.18813 16.795 -1.4395e-18)
(4.16809 15.6979 0)
(3.53601 14.2842 0)
(2.21682 12.6176 0)
(0.579036 11.3739 -5.41511e-18)
(-0.713008 11.0421 0)
(-1.34424 10.9742 -2.94114e-18)
(-1.34632 9.96472 4.82673e-19)
(-0.854185 7.06274 9.99502e-18)
(-0.577166 1.32213 0)
(-1.72324 -5.40366 -4.86757e-18)
(-6.1142 -12.2368 7.55466e-20)
(-23.2776 150.283 0)
(-8.62271 112.378 4.62831e-16)
(4.20243 122.549 8.21562e-16)
(13.3316 18.2273 0)
(8.5676 162.504 -2.54702e-16)
(-15.5273 108.05 9.60149e-16)
(2.584 43.5933 -3.29036e-19)
(-10.5778 49.9182 6.909e-17)
(0.193076 -13.8058 -1.5213e-19)
(-0.0712493 -8.93946 -1.2395e-18)
(0.298568 -1.82238 1.26443e-18)
(0.681371 3.61887 0)
(1.34503 4.93871 0)
(2.1622 3.75871 1.656e-19)
(2.90042 2.07978 -6.71226e-19)
(3.24707 2.58377 -2.38645e-18)
(3.05627 5.99031 1.76491e-19)
(2.71847 10.616 -3.62428e-19)
(2.55226 14.4878 -4.37712e-19)
(2.67242 16.9324 1.99734e-18)
(2.95948 18.3817 1.81372e-19)
(3.38579 19.074 -1.49462e-18)
(4.01673 18.7567 0)
(4.70533 17.7599 6.19811e-18)
(5.2541 16.7606 1.9332e-20)
(5.58069 16.3444 3.20216e-17)
(5.74031 16.5861 -2.63525e-17)
(5.76009 17.4601 0)
(5.69 18.9863 2.82701e-17)
(5.7329 20.8222 -8.79622e-17)
(5.94975 22.7889 4.52457e-17)
(6.456 24.6842 6.0801e-17)
(7.19818 26.6059 -8.24777e-20)
(7.99223 28.7835 -6.1814e-17)
(8.87705 31.2894 6.24516e-17)
(9.66583 34.1529 6.34574e-17)
(10.1413 37.5027 -6.41307e-17)
(7.44771 40.8282 -1.33097e-16)
(0.951877 115.094 -4.61369e-19)
(-22.603 82.5659 4.23385e-19)
(-17.7961 91.8464 -6.4794e-17)
(-17.921 82.5316 -8.48326e-18)
(-18.0597 71.8835 -2.4885e-17)
(-18.7712 60.0995 -7.95609e-18)
(-19.6804 48.3613 0)
(-20.0451 38.6113 1.52786e-17)
(-19.3005 32.1438 -7.43063e-18)
(-17.5218 27.9966 -7.3033e-18)
(-15.493 25.229 3.66434e-18)
(-13.2182 23.1011 3.61002e-18)
(-10.8595 20.9766 7.12717e-18)
(-8.53446 18.7229 0)
(-6.42681 16.3891 6.85551e-18)
(-4.50944 14.2615 -6.6782e-18)
(-3.09284 13.0247 -1.0402e-19)
(-2.03733 12.8803 -1.96156e-17)
(-1.2491 13.6618 1.59747e-18)
(-0.695319 15.0754 -7.89499e-18)
(-0.105135 16.5235 0)
(0.669253 17.5557 -2.48038e-18)
(1.65693 17.9256 1.93334e-19)
(2.73366 17.6497 3.3486e-18)
(3.61684 17.0823 0)
(4.06169 16.574 0)
(3.95957 16.0705 -8.88957e-20)
(3.19472 15.3788 -2.7017e-18)
(1.82426 14.2987 2.74894e-18)
(0.0674499 13.0299 3.40828e-18)
(-1.37797 12.1203 -6.66234e-19)
(-1.90639 11.3302 1.97027e-18)
(-1.59717 9.66007 -6.60204e-19)
(-0.696769 6.72936 -5.1195e-18)
(-0.389305 2.16121 4.95282e-18)
(-2.24595 -1.36686 1.10373e-17)
(-7.42535 -8.28179 4.74511e-18)
(-10.9667 -3.18988 0)
(-8.27211 -8.4607 -2.45394e-18)
(-5.63923 -12.7927 8.93088e-22)
(-4.08104 -15.4176 2.66333e-18)
(-3.39584 -16.5337 8.83791e-19)
(-2.98737 -15.6397 -1.19843e-18)
(-2.6801 -14.2628 2.3781e-18)
(-1.71424 -12.7606 -2.40078e-18)
(0.174669 -12.2386 -1.19493e-18)
(1.47653 140.964 -3.09192e-16)
(-15.4112 181.099 -7.90558e-17)
(-49.2995 62.8556 -1.61431e-16)
(-10.9861 116.431 -4.70423e-16)
(-1.62779 129.567 -2.44939e-16)
(11.6286 72.9335 9.71022e-17)
(10.1591 41.2053 0)
(6.89438 44.782 2.69109e-16)
(0.139827 120.134 7.06288e-16)
(-7.03375 120.32 2.85538e-16)
(3.96093 132.085 -2.94517e-16)
(-0.179222 86.1872 5.92203e-16)
(-20.8625 86.8555 0)
(-21.3837 78.5162 8.34615e-18)
(-21.6042 68.5398 -2.05436e-18)
(-21.8806 57.5122 -3.76671e-17)
(-22.274 46.4275 7.662e-18)
(-22.4399 36.9454 0)
(-21.7647 30.1257 3.20772e-20)
(-20.0834 25.6999 -1.83154e-18)
(-17.8637 22.8437 0)
(-15.4138 20.6527 -3.57881e-18)
(-12.9173 18.5932 -3.51271e-18)
(-10.5397 16.4982 0)
(-8.33276 14.3976 8.58246e-19)
(-6.48565 12.6744 -8.76601e-19)
(-5.11435 11.8507 8.30503e-19)
(-4.02162 11.9889 1.22738e-17)
(-3.17305 12.9603 0)
(-2.36627 14.3576 1.58496e-18)
(-1.41373 15.6283 -7.80973e-19)
(-0.251012 16.4364 1.92022e-19)
(1.08945 16.6649 5.69736e-19)
(2.38817 16.5043 -3.36553e-18)
(3.34415 16.3479 0)
(3.75756 16.4237 7.22721e-19)
(3.5394 16.6085 1.41959e-18)
(2.64222 16.5524 1.41344e-18)
(1.21339 15.9871 -2.34333e-20)
(-0.511249 14.869 -6.83029e-19)
(-2.13533 13.3161 -2.00363e-18)
(-2.76868 11.4995 -1.32711e-18)
(-2.29164 9.00175 -1.30983e-18)
(-1.13527 6.11714 0)
(-0.560152 3.20366 -5.03517e-18)
(-2.28196 2.40123 -4.97884e-18)
(-6.46286 -3.06424 -3.68236e-18)
(-12.5718 1.96511 -6.43089e-18)
(-14.9403 -11.986 2.90376e-18)
(-16.2387 -13.3159 -2.32098e-18)
(-13.8911 -13.37 0)
(-10.0844 -14.2049 1.19139e-18)
(-6.93013 -15.2407 1.18163e-18)
(-3.90265 -15.6073 -2.32198e-18)
(-1.59156 -14.3765 2.34207e-18)
(-0.646337 -13.2332 2.97771e-22)
(0.0470163 -12.2282 -1.18146e-18)
(1.12772 -12.1516 3.52793e-18)
(3.71003 -12.72 -3.54278e-18)
(3.2505 -12.406 6.02719e-19)
(3.3239 -13.7423 -4.54528e-19)
(2.78413 -8.64967 9.22057e-19)
(2.41083 -1.72753 -3.15775e-18)
(2.2928 3.44856 1.21952e-18)
(2.53355 4.50411 0)
(2.99134 3.31533 1.6579e-19)
(3.2242 1.9404 2.35852e-18)
(2.93532 2.93547 -3.43904e-19)
(2.20936 6.60429 8.66547e-19)
(1.54088 11.0834 -2.47079e-21)
(1.27392 14.5814 3.61102e-19)
(1.47157 16.7037 -1.82557e-19)
(1.86216 17.9551 1.29616e-18)
(2.49369 18.4317 -4.51562e-18)
(3.37828 17.9685 -2.10921e-20)
(4.33743 17.0358 3.0883e-18)
(5.14048 16.2568 -3.15506e-18)
(5.66709 16.1114 -2.57603e-17)
(5.98458 16.5592 2.63207e-17)
(6.08924 17.5718 0)
(6.0903 19.1175 -5.57328e-17)
(6.17441 20.7998 4.27739e-17)
(6.46722 22.5626 -4.4031e-17)
(7.03199 24.2137 0)
(7.85429 25.9769 0)
(8.85981 28.0465 0)
(10.0183 30.5213 -7.65164e-18)
(11.1903 33.473 8.10757e-20)
(12.1871 36.8673 1.24632e-16)
(4.44986 116.452 -3.16298e-16)
(9.48155 45.1363 1.34933e-16)
(5.4707 49.1267 -1.27988e-16)
(-12.9624 60.9075 1.65141e-17)
(-1.74955 123.391 3.42311e-16)
(-8.4663 122.381 2.84255e-16)
(-12.7224 117.204 -4.27518e-19)
(-16.361 109.551 -2.94402e-16)
(-22.4861 70.185 -2.05468e-16)
(-20.1504 94.3123 -2.01173e-16)
(-23.2006 85.1101 7.24148e-17)
(-24.2145 78.685 -1.63776e-17)
(-24.7724 71.3209 -3.2376e-17)
(-24.797 62.6944 0)
(-24.5275 53.1194 3.14943e-17)
(-24.3226 43.3441 0)
(-24.0806 34.6348 0)
(-23.3207 27.9577 7.45321e-18)
(-21.7883 23.3068 1.83337e-18)
(-19.5631 20.3025 0)
(-17.0735 18.1335 3.57259e-18)
(-14.5702 16.1734 1.47297e-21)
(-12.2212 14.2307 1.16451e-20)
(-10.0923 12.4361 3.43531e-18)
(-8.38092 11.1613 3.78139e-18)
(-7.0277 10.6695 -3.752e-18)
(-5.89581 11.0275 -6.75362e-18)
(-4.87639 12.0632 2.02616e-19)
(-3.75391 13.3181 -1.1885e-18)
(-2.4486 14.3613 3.94125e-19)
(-0.955185 14.9725 1.5459e-18)
(0.603617 15.1887 -1.14299e-18)
(1.96129 15.2978 1.4984e-18)
(2.85833 15.6434 -4.88154e-21)
(3.19114 16.3451 -3.63731e-18)
(2.89783 17.2304 1.4396e-18)
(1.94102 17.8451 1.4077e-18)
(0.455958 17.6451 -2.09495e-18)
(-1.15076 16.6389 2.72137e-18)
(-2.77167 14.6696 2.69966e-18)
(-3.72474 11.7621 0)
(-3.41619 8.2761 7.81839e-18)
(-2.21523 5.23808 1.28289e-18)
(-1.29415 3.60749 1.24837e-18)
(-1.83973 4.97911 0)
(-5.00164 2.61927 0)
(-10.4419 5.81416 3.69116e-18)
(-12.1908 -8.817 5.11569e-20)
(-16.8751 -1.83211 -5.34077e-19)
(-16.3158 3.04116 5.66204e-19)
(-12.4457 10.3429 0)
(-9.66589 13.1757 0)
(-9.03938 13.9775 -5.79342e-19)
(-6.37815 12.9291 1.71127e-18)
(-2.27443 7.68243 0)
(0.28669 3.20315 -1.14664e-18)
(0.265856 1.47049 -1.14611e-18)
(0.492188 3.25164 2.24176e-18)
(1.56711 3.33168 -1.14545e-18)
(3.75412 2.00927 3.45887e-18)
(5.99242 2.1409 5.16997e-19)
(7.21301 -12.8805 5.92854e-19)
(7.00525 -12.1892 1.20187e-18)
(6.73298 -13.275 0)
(5.49567 -7.65131 -4.69875e-19)
(4.09133 -0.926911 -1.22084e-19)
(3.3886 3.78817 7.24138e-19)
(3.16303 4.49123 -1.64576e-19)
(3.21365 3.32468 -3.31869e-19)
(2.98884 2.35988 -2.70573e-18)
(2.19093 3.82678 6.82304e-19)
(1.09052 7.5809 -1.75077e-18)
(0.279179 11.6936 8.92578e-19)
(0.0259921 14.646 -3.61066e-19)
(0.319779 16.3788 0)
(0.80594 17.3708 0)
(1.67346 17.5442 0)
(2.82951 16.9262 -1.52953e-18)
(4.03052 16.0655 0)
(5.07443 15.5336 -1.03276e-20)
(5.78338 15.6801 1.28529e-17)
(6.25928 16.384 -6.55358e-18)
(6.42773 17.5945 1.3449e-17)
(6.46862 19.1738 4.13829e-17)
(6.58926 20.7139 -2.20917e-20)
(6.89491 22.2146 -1.4365e-17)
(7.46364 23.567 -2.90035e-17)
(8.35388 25.0843 5.83195e-17)
(9.46984 26.9814 -2.96944e-17)
(10.7786 29.3379 5.33528e-21)
(12.2027 32.2051 1.51771e-17)
(13.6584 35.4663 -3.20362e-20)
(12.822 40.5026 -1.92226e-16)
(4.14992 119.819 -3.27829e-16)
(7.17335 117.863 6.20406e-16)
(72.1197 99.7222 0)
(12.9129 44.6152 -1.32545e-16)
(-20.5277 96.1771 5.3208e-16)
(-16.8136 105.2 -2.85635e-16)
(-13.4113 115.987 -5.54618e-16)
(2.25373 54.6398 -4.29886e-17)
(-11.2383 84.1639 -4.27017e-17)
(-11.0007 60.3443 -1.64892e-17)
(8.00102 49.6351 -5.07612e-19)
(-3.69935 124.894 -3.35321e-16)
(-8.9329 122.575 2.75367e-16)
(-8.44973 -23.0498 -5.61549e-19)
(-3.84903 -18.4597 -5.65377e-19)
(-5.5806 -11.9324 0)
(-9.13242 1.6298 -5.56576e-19)
(-10.4955 3.51801 5.64595e-19)
(-11.7858 -4.62934 -5.47329e-19)
(-11.0092 -20.1671 5.32759e-19)
(-6.23972 -24.6248 1.13144e-18)
(0.0815745 -26.4626 -1.12467e-18)
(4.08322 -28.4293 2.29128e-18)
(4.01092 -29.9818 -3.50002e-18)
(4.68944 -31.3143 0)
(5.48189 -30.1952 4.46195e-20)
(6.51555 -25.8311 0)
(8.26943 4.34985 -3.48847e-18)
(10.6065 -12.4901 1.1842e-18)
(10.7151 -11.2143 0)
(9.86442 -11.9506 0)
(7.52455 -5.50012 3.14562e-19)
(4.98413 0.799072 -4.00178e-20)
(3.68874 4.72184 0)
(3.05149 4.93227 -1.62642e-19)
(2.77504 3.76281 1.66352e-19)
(2.21847 3.20818 6.81842e-19)
(1.12688 5.04849 3.42776e-19)
(-0.113676 8.69736 6.95404e-19)
(-0.882792 12.2748 -9.87736e-21)
(-0.993408 14.6159 -1.44533e-18)
(-0.62908 15.9583 3.6686e-19)
(0.0012911 16.6078 1.48923e-18)
(1.09786 16.407 3.85524e-19)
(2.47206 15.6573 -7.59684e-19)
(3.85719 14.8884 1.55938e-18)
(5.04498 14.6409 -4.73155e-18)
(5.90311 15.0981 -6.42106e-18)
(6.49684 16.0986 3.2612e-18)
(6.71269 17.5467 -6.66647e-18)
(6.80868 19.1447 0)
(6.95513 20.5648 -2.08561e-17)
(7.27299 21.8292 4.27249e-17)
(7.81064 22.8733 0)
(8.65347 24.1109 0)
(9.74685 25.7507 0)
(11.0682 27.8533 1.10368e-17)
(12.6488 30.3772 2.19033e-20)
(14.506 33.1429 2.28977e-19)
(14.9269 38.8897 -1.23707e-16)
(6.74703 95.8813 -3.15892e-16)
(2.59714 122.337 1.83694e-18)
(17.1212 8.01138 2.51474e-16)
(11.998 170.276 0)
(-26.8708 69.6149 -1.56878e-17)
(-27.4213 63.0874 0)
(-27.0391 55.93 0)
(-26.2711 47.8469 7.83019e-18)
(-25.5347 39.5011 -1.52031e-17)
(-24.8533 31.8302 0)
(-23.8799 25.6523 7.41327e-18)
(-22.4208 20.9756 0)
(-20.4194 17.8116 -1.80632e-18)
(-18.0843 15.6258 1.78406e-18)
(-15.7153 13.8008 -8.80986e-18)
(-13.5104 12.1022 6.67198e-21)
(-11.6137 10.6642 -3.41719e-18)
(-10.0526 9.73438 6.75976e-18)
(-8.70369 9.48416 4.98499e-18)
(-7.47029 9.94011 -4.93652e-18)
(-6.20813 10.8891 0)
(-4.7832 11.9472 -5.62618e-21)
(-3.18314 12.797 -2.36614e-18)
(-1.50354 13.3033 0)
(0.0876106 13.6448 0)
(1.35023 14.1534 7.53955e-19)
(2.09334 15.0482 2.22424e-18)
(2.31927 16.351 -1.45394e-18)
(2.00638 17.8713 1.44249e-18)
(1.1731 19.082 -2.82765e-18)
(-0.128788 19.2364 -6.99234e-19)
(-1.60459 18.3295 -5.50881e-18)
(-3.12029 16.1557 2.68442e-18)
(-4.4259 12.3954 0)
(-4.73694 7.76216 -5.20826e-18)
(-3.94889 4.20491 -2.55242e-18)
(-2.82841 3.07719 0)
(-2.31884 6.41776 2.48334e-18)
(-4.25377 5.89891 -4.90823e-21)
(-6.76934 9.01032 3.57368e-18)
(-9.63859 -4.66612 3.46703e-18)
(-14.3385 -2.11957 0)
(-10.8327 -27.408 -1.13386e-18)
(9.56835 119.263 -3.10009e-16)
(6.55256 120.797 -6.31538e-16)
(-9.44922 144.254 1.21203e-16)
(6.77134 55.3734 -1.20235e-16)
(-3.3207 127.796 5.62723e-16)
(12.3638 49.3938 -5.96153e-19)
(7.83411 -19.8953 5.99382e-19)
(10.5123 6.51751 2.94227e-18)
(13.5659 -12.2399 -2.3726e-18)
(13.8316 -9.74805 0)
(11.8499 -9.56709 0)
(8.18733 -2.06721 0)
(4.80729 3.29554 0)
(3.19571 6.07903 6.46887e-19)
(2.35778 5.6494 -3.28925e-19)
(1.92767 4.4059 1.65345e-19)
(1.17947 4.23587 -1.01497e-18)
(-0.0721095 6.3611 6.91342e-19)
(-1.27992 9.74184 3.48539e-19)
(-1.88974 12.6667 -5.37115e-19)
(-1.77377 14.4399 0)
(-1.32382 15.4068 -3.74396e-22)
(-0.468805 15.6468 -3.71649e-19)
(0.826407 15.0915 3.77733e-19)
(2.32892 14.2303 7.66174e-19)
(3.81015 13.5877 -8.7515e-19)
(5.04184 13.624 8.8833e-19)
(6.00936 14.3865 -2.40209e-18)
(6.64861 15.7297 -4.88602e-18)
(6.92374 17.4172 3.32631e-18)
(7.08812 19.0314 0)
(7.27861 20.3505 8.21719e-21)
(7.56704 21.4245 -2.10933e-17)
(8.0245 22.2501 1.77442e-17)
(8.71953 23.2249 -3.59545e-18)
(9.66397 24.5294 0)
(10.8677 26.2255 -3.64053e-18)
(12.4082 28.1762 5.07603e-17)
(14.438 30.2184 -2.86815e-17)
(16.3616 35.9394 1.17342e-16)
(7.43922 89.0741 6.41008e-16)
(0.845904 126.124 1.4985e-18)
(-9.05714 -0.463503 -2.68872e-19)
(-5.63095 -2.53612 1.64001e-18)
(-2.5999 6.00062 2.70587e-19)
(5.47473 19.5787 0)
(3.01689 25.0743 -5.48004e-19)
(-16.1425 30.5725 5.51769e-19)
(-26.0207 32.6922 -8.23305e-19)
(-17.8874 30.4604 -1.98017e-18)
(-4.42999 23.196 2.16696e-18)
(-1.23846 21.009 0)
(0.857077 24.0146 -1.02831e-18)
(2.97568 25.0795 3.252e-18)
(5.13616 23.6853 -2.22628e-18)
(6.24685 25.2074 -1.02573e-18)
(8.03942 26.8039 1.69996e-18)
(10.1739 29.3292 -2.25449e-18)
(10.1371 100.146 6.14701e-16)
(-7.53051 121.574 -2.62621e-16)
(-12.8358 110.254 2.63522e-16)
(-16.8064 97.6203 5.22295e-16)
(-19.7576 84.6753 2.45756e-16)
(0.715593 77.2977 4.20837e-18)
(8.22499 74.8632 1.83332e-16)
(-4.46297 6.33021 0)
(17.1693 15.4478 0)
(-28.0695 57.6787 0)
(-28.5613 53.2581 3.92049e-18)
(-28.2302 47.9343 -7.86553e-18)
(-27.1456 41.6229 -1.16645e-19)
(-25.9225 34.9624 2.29294e-17)
(-24.7844 28.5949 -1.50658e-17)
(-23.5402 23.0919 -7.46126e-20)
(-22.0871 18.6453 7.34617e-18)
(-20.3168 15.4762 -1.26352e-17)
(-18.3037 13.3046 1.75679e-18)
(-16.2404 11.6292 7.02503e-18)
(-14.3379 10.2132 -1.73881e-18)
(-12.689 9.08996 1.70989e-18)
(-11.2609 8.38946 -5.06987e-18)
(-9.9313 8.23672 1.66809e-18)
(-8.58633 8.66376 4.91822e-18)
(-7.09012 9.46302 -3.24124e-18)
(-5.41179 10.3307 3.20219e-18)
(-3.63913 11.0588 1.18106e-18)
(-1.94784 11.6212 2.7115e-18)
(-0.52859 12.2267 -3.45535e-18)
(0.488886 13.184 2.25238e-18)
(1.0534 14.5858 -4.10293e-18)
(1.20988 16.3701 -2.91333e-18)
(0.999742 18.3683 2.89946e-18)
(0.452014 20.0338 1.42166e-18)
(-0.473748 20.5276 -1.3927e-18)
(-1.66086 19.7859 0)
(-3.00366 17.693 -2.69826e-18)
(-4.57774 13.5887 1.34849e-18)
(-5.79828 8.0238 -2.60833e-18)
(-6.03004 3.60326 -3.87298e-18)
(-5.27334 2.26174 -2.50586e-18)
(-4.34644 6.71782 -4.92973e-18)
(-4.64644 7.46403 1.21324e-18)
(-5.21737 11.4721 -1.18796e-18)
(-7.42232 -0.318762 -2.36404e-18)
(-10.7626 -0.828797 0)
(-8.66856 -27.9739 0)
(-12.0828 -2.41339 0)
(-9.66563 151.507 0)
(15.7341 42.7397 7.57677e-20)
(7.1651 60.8391 6.58167e-16)
(11.4691 121.257 3.06355e-16)
(5.56275 123.269 3.17348e-16)
(8.86677 121.269 6.21971e-16)
(4.14152 82.7867 -3.08786e-16)
(-16.7714 147.137 -1.0325e-16)
(-30.5982 159.221 0)
(1.08349 69.339 -3.47451e-16)
(11.5119 54.8171 -1.40384e-16)
(16.9605 31.94 -5.19805e-17)
(-2.55346 71.3239 -9.15527e-16)
(0.196515 158.98 3.28381e-16)
(17.8235 2.71564 2.52229e-16)
(-19.1065 170.506 -5.50612e-17)
(11.4831 28.9254 -1.11546e-18)
(9.87658 -16.8863 -2.97054e-19)
(13.6253 6.15448 -8.72238e-19)
(16.8041 -12.8507 -1.01969e-20)
(16.1554 -7.74304 0)
(12.0351 -5.77307 0)
(7.42405 2.25778 0)
(3.88353 6.11366 -1.58591e-19)
(2.306 7.51481 -2.01364e-19)
(1.51848 6.43116 2.05307e-19)
(1.04012 5.15543 -1.68832e-19)
(0.100169 5.37435 4.26645e-19)
(-1.25057 7.63205 -5.19936e-19)
(-2.3454 10.5899 0)
(-2.71077 12.8039 0)
(-2.39462 14.0565 0)
(-1.76689 14.6486 0)
(-0.646376 14.453 0)
(0.824088 13.628 0)
(2.38233 12.724 -1.91827e-19)
(3.84553 12.2474 7.77531e-19)
(5.06273 12.5373 0)
(6.04902 13.6023 -2.00023e-18)
(6.65177 15.299 3.66094e-18)
(6.98428 17.1932 3.30591e-18)
(7.23478 18.8261 0)
(7.4932 20.1047 1.02832e-17)
(7.78023 21.0484 -1.04503e-17)
(8.13902 21.688 -3.51076e-18)
(8.61513 22.4323 7.12707e-18)
(9.25233 23.4188 -1.078e-17)
(10.2136 24.6134 5.44542e-18)
(11.7435 25.7882 -1.44187e-17)
(13.8488 26.9615 3.60499e-18)
(15.9617 28.0895 1.11914e-16)
(10.7768 93.7913 3.44837e-16)
(-0.758377 117.791 5.01702e-16)
(6.51908 131.451 2.46882e-16)
(-5.56881 -37.2752 0)
(-12.0193 -34.4688 -3.42734e-21)
(-2.37972 -26.0965 -5.54015e-19)
(15.4619 -29.277 -2.73359e-19)
(10.7954 -30.5321 -6.65429e-20)
(1.50969 0.118405 6.83198e-20)
(-2.14472 5.84226 0)
(-1.44575 -5.02485 0)
(-4.73545 -34.3697 8.83296e-19)
(-8.3568 -34.9098 -2.17121e-18)
(0.569034 -36.3714 2.77507e-18)
(7.14526 -40.7699 0)
(9.10779 -44.7422 -2.16538e-18)
(6.97241 -51.9137 2.19171e-18)
(-5.68327 -52.716 6.30032e-19)
(-14.3153 -46.8084 6.07403e-19)
(-11.5328 -32.7655 0)
(-1.18313 -29.9859 0)
(-7.63996 85.5923 0)
(-8.31531 114.605 2.55885e-16)
(-12.48 99.9013 0)
(-15.2348 84.7651 -5.19745e-16)
(-17.2135 70.6092 2.57709e-16)
(-19.7258 57.9748 4.63589e-16)
(9.51539 163.602 -8.21222e-17)
(6.06462 132.231 3.01992e-16)
(-26.3359 46.3947 8.74513e-18)
(-27.7039 45.0547 -6.432e-17)
(-28.2215 42.5977 2.79237e-17)
(-27.9371 39.4011 -3.11763e-17)
(-26.6241 35.0482 -1.36457e-17)
(-25.1599 30.1461 1.89693e-17)
(-23.7587 25.0879 3.82579e-18)
(-22.353 20.3614 -1.85469e-17)
(-20.9079 16.3379 1.09396e-17)
(-19.3398 13.3482 0)
(-17.6852 11.2973 -8.92714e-18)
(-16.0448 9.79403 5.25969e-18)
(-14.5346 8.60746 8.67974e-18)
(-13.19 7.68729 1.71066e-18)
(-11.9339 7.09806 -6.76924e-18)
(-10.6314 6.93625 -3.33738e-18)
(-9.14734 7.20552 0)
(-7.42603 7.77914 0)
(-5.57787 8.51904 -7.98324e-19)
(-3.80453 9.29938 -3.93645e-19)
(-2.29966 10.1076 3.88164e-18)
(-1.19412 11.0913 7.44297e-19)
(-0.495175 12.4464 -2.65941e-18)
(-0.102846 14.2166 8.36047e-23)
(0.044735 16.3224 0)
(0.0297541 18.5891 0)
(-0.115318 20.5521 -2.84084e-18)
(-0.54911 21.3849 4.19345e-18)
(-1.38719 20.9223 -1.37e-18)
(-2.52109 19.1931 -2.06884e-20)
(-4.24488 15.3575 1.28456e-18)
(-6.35494 9.43038 1.29046e-18)
(-7.98173 3.9916 7.70925e-18)
(-8.19866 1.75703 0)
(-7.47779 6.20706 3.68814e-18)
(-6.21511 7.38353 -3.66847e-18)
(-5.8238 12.5832 2.41836e-18)
(-6.47683 2.13041 -2.3091e-18)
(-8.51817 -0.579285 2.2938e-18)
(-6.14622 -25.2344 0)
(-12.8732 -5.99049 0)
(3.50475 -36.2155 -1.13506e-18)
(13.3772 103.116 6.03757e-16)
(17.9754 39.2093 -1.20661e-16)
(2.86795 133.247 -2.58209e-16)
(15.6696 117.969 5.93722e-16)
(14.3495 121.67 -1.37292e-19)
(12.83 124.45 6.1852e-16)
(15.7242 47.2509 1.34107e-16)
(4.24062 127.503 -6.56507e-16)
(10.3047 122.691 0)
(7.63474 123.129 0)
(-23.8668 176.547 -5.94184e-17)
(8.94653 112.986 -3.10612e-16)
(7.1104 177.659 2.33694e-17)
(1.07425 58.2665 -5.45267e-16)
(16.4597 21.9505 -6.0654e-17)
(11.3665 84.8263 -3.76173e-16)
(-3.6876 143.947 0)
(-4.32597 150.722 -5.32982e-17)
(13.8108 23.297 0)
(11.7432 23.7864 1.85142e-18)
(10.1551 23.7623 3.64932e-18)
(9.10743 23.3221 1.35597e-18)
(8.55814 22.5497 2.23471e-19)
(8.28871 21.7836 0)
(8.05658 21.1914 4.36933e-18)
(7.78186 20.6312 -4.32057e-18)
(7.49399 19.744 1.6984e-18)
(7.17447 18.4748 -3.34254e-18)
(6.84903 16.8075 8.22123e-19)
(6.4814 14.77 0)
(5.96344 12.7709 1.60158e-18)
(5.0914 11.3867 -7.89449e-19)
(3.93856 10.8598 7.75161e-19)
(2.54963 11.1522 -1.34216e-18)
(0.981157 11.9987 1.53642e-18)
(-0.620128 12.9693 -5.283e-21)
(-2.00706 13.5609 -7.82999e-19)
(-2.89443 13.4117 3.62613e-19)
(-3.31075 12.6602 -4.00758e-19)
(-3.181 11.1753 0)
(-2.19888 8.83892 1.73841e-19)
(-0.73743 6.62283 -8.55792e-20)
(0.456893 5.96877 -3.34423e-19)
(0.990513 7.09123 2.85996e-19)
(1.50285 8.69993 4.07607e-20)
(2.61872 8.65222 -1.58428e-19)
(5.52208 6.61914 0)
(9.94028 -0.356596 0)
(16.2101 -3.66406 -6.02067e-19)
(18.8575 -13.0825 3.23498e-18)
(17.0439 3.56621 -5.69486e-19)
(12.1049 -16.7906 0)
(14.4292 25.3154 2.14907e-18)
(6.6241 -37.6608 -7.78207e-20)
(-9.2168 157.5 2.78075e-16)
(-13.1892 34.3478 1.00809e-18)
(-12.2279 41.9644 0)
(-2.40107 33.8947 -2.72045e-19)
(4.39847 6.50754 2.94437e-19)
(2.9023 20.4654 6.49837e-19)
(19.1778 46.7511 -5.27579e-19)
(17.0812 51.1705 1.22167e-19)
(-17.9182 60.0608 2.41705e-19)
(-34.0629 64.2107 1.91102e-18)
(-27.5813 49.7391 -2.55748e-18)
(-13.5199 25.7811 -2.12895e-18)
(-7.54333 21.6672 2.10686e-18)
(-3.73246 27.5396 -2.38374e-19)
(-0.214314 33.2921 4.71297e-19)
(1.49688 48.2796 -2.13131e-18)
(0.367616 57.8616 -4.46047e-19)
(-1.11288 43.2937 2.15926e-18)
(8.25546 29.9301 0)
(3.03185 32.0527 9.34311e-19)
(14.7499 40.16 -4.60949e-19)
(14.0312 95.7886 3.1413e-16)
(19.4481 33.924 -1.05575e-16)
(16.7697 111.54 -2.97093e-16)
(-21.6697 142.022 0)
(-15.938 139.4 0)
(-8.95762 136.746 -9.98966e-17)
(-2.74921 136.762 -2.54164e-17)
(3.99966 138.497 -3.12853e-17)
(2.55392 145.947 -7.59367e-17)
(1.58218 152.664 1.04451e-16)
(-0.418025 158.019 5.62802e-17)
(15.0218 8.13896 0)
(-12.051 164.221 -5.5183e-17)
(9.19725 89.6399 3.91963e-18)
(0.625587 62.9375 2.78201e-16)
(4.73281 95.7015 -2.66515e-16)
(16.6447 118.245 -3.02254e-16)
(14.9825 124.821 0)
(12.7508 129.053 0)
(15.1935 52.31 2.82923e-16)
(16.4111 104.324 5.93527e-16)
(-24.458 161.527 -7.58079e-17)
(-7.16827 100.649 2.54356e-16)
(-10.2919 82.5568 -2.63107e-16)
(-11.4605 66.7645 0)
(-12.1473 54.0589 -5.44625e-16)
(-13.5886 44.083 2.7079e-16)
(-20.1073 44.9173 -3.59039e-16)
(-7.26224 15.0263 -2.22819e-16)
(-21.6218 33.0236 6.88394e-17)
(-24.1586 33.8783 -7.55773e-17)
(-25.6697 33.8842 3.30343e-17)
(-26.1593 33.0238 -3.19876e-17)
(-25.9054 31.5113 0)
(-24.7366 28.9941 -1.94056e-18)
(-23.2576 25.5681 -2.87491e-18)
(-21.7993 21.6509 1.13652e-17)
(-20.3758 17.7233 3.82019e-18)
(-19.0018 14.2008 -1.83117e-17)
(-17.6607 11.5011 7.19282e-18)
(-16.3644 9.65388 8.92935e-18)
(-15.169 8.33068 -7.02238e-18)
(-14.0874 7.30365 4.34222e-18)
(-13.0622 6.46964 -4.28535e-18)
(-11.9567 5.82167 -1.68926e-18)
(-10.6235 5.4453 5.01138e-18)
(-8.98378 5.44191 8.24921e-19)
(-7.13562 5.85017 3.24052e-18)
(-5.30182 6.62588 -3.21408e-18)
(-3.73482 7.65725 0)
(-2.57917 8.85524 -7.78868e-19)
(-1.83939 10.2396 -3.83922e-19)
(-1.41817 11.9024 -3.76967e-18)
(-1.17624 13.8721 3.37329e-18)
(-0.985664 16.097 -3.67537e-19)
(-0.754636 18.4262 2.88175e-18)
(-0.499908 20.5319 -5.35142e-18)
(-0.44056 21.7376 2.8021e-18)
(-0.946531 21.7264 1.37458e-18)
(-1.85526 20.5806 6.75102e-19)
(-3.57356 17.5572 -1.37913e-18)
(-6.28862 12.0017 3.88769e-18)
(-9.36326 5.75955 -3.85798e-18)
(-10.9354 2.12396 -1.26375e-18)
(-10.8052 5.34113 -3.73548e-18)
(-8.27339 6.49412 4.84655e-18)
(-7.41826 12.8129 -3.59792e-18)
(-6.1942 3.68021 2.40729e-18)
(-8.03186 -0.564815 -4.56603e-18)
(-6.17188 -20.8522 0)
(-12.121 -12.6219 2.15313e-18)
(-1.85766 -28.9865 -1.09922e-18)
(-15.2664 3.87511 -1.02954e-18)
(10.9597 123.586 -7.04371e-16)
(13.1663 105.072 3.22238e-16)
(13.157 85.9917 -3.22598e-16)
(-9.70492 180.718 1.64559e-16)
(8.04301 68.6767 -3.32856e-16)
(18.8405 43.3803 0)
(6.60436 176.293 -8.99836e-17)
(7.27603 52.1437 -3.53106e-16)
(-15.2737 173.671 2.53346e-16)
(8.80809 124.15 9.17602e-16)
(6.28832 126.962 -6.14961e-16)
(11.191 126.557 -3.09695e-16)
(15.6555 113.573 0)
(14.3763 126.295 -3.15818e-16)
(16.884 116.872 3.11209e-16)
(-4.9276 156.904 -1.63348e-16)
(12.9558 126.159 -3.29665e-16)
(-20.2395 181.333 3.84951e-17)
(6.28462 162.334 -9.51276e-17)
(7.41183 138.481 -3.00998e-16)
(4.17794 45.045 1.5235e-16)
(3.88108 69.0474 2.94607e-16)
(6.95245 157.053 9.61478e-17)
(9.4541 150.459 -9.51107e-17)
(11.2113 142.38 0)
(11.5663 19.7379 -3.78813e-18)
(9.74362 21.1857 -2.32608e-18)
(8.48425 22.0295 7.33221e-18)
(7.80009 22.1935 -3.1367e-18)
(7.6014 21.8067 -4.00726e-18)
(7.63773 21.1747 4.40572e-19)
(7.62204 20.5847 -3.48631e-18)
(7.42101 19.9654 8.60756e-19)
(7.14604 19.0712 1.69069e-18)
(6.81113 17.7735 0)
(6.4689 16.0911 -8.21101e-19)
(6.11406 13.9942 0)
(5.69884 11.793 -8.00421e-19)
(5.03918 10.0927 3.94932e-19)
(4.03623 9.29694 0)
(2.72816 9.3747 0)
(1.14861 10.0816 -7.77363e-19)
(-0.5494 11.0923 1.49214e-18)
(-2.13521 12.0098 4.21522e-20)
(-3.26561 12.4124 -7.25666e-19)
(-3.72775 12.21 6.68441e-20)
(-3.66365 11.4421 7.91523e-19)
(-2.79588 9.90188 -1.34094e-18)
(-1.22726 7.93783 1.40441e-18)
(0.325916 6.85114 -6.68135e-19)
(1.1365 7.51468 2.58211e-21)
(1.46035 9.23911 -6.47711e-19)
(1.93885 10.2409 7.18365e-19)
(3.77298 9.86554 -1.55597e-19)
(6.98384 5.24464 1.52447e-19)
(13.6814 2.05204 -2.87739e-19)
(17.7049 -11.0016 -1.17526e-18)
(21.4063 1.39008 -2.29132e-18)
(17.9017 -16.5124 1.13972e-18)
(21.1391 15.6109 1.65643e-18)
(13.8464 -38.8876 -1.07424e-18)
(21.6199 31.7821 0)
(-6.42564 26.4904 0)
(-5.36127 34.0352 2.79097e-16)
(-4.82426 43.4047 -5.50464e-16)
(-4.24747 56.1554 -1.48586e-18)
(-2.59732 73.2363 2.65553e-16)
(1.1961 93.7731 -2.62533e-16)
(8.21873 112.096 1.57114e-16)
(15.0232 84.7595 3.25436e-16)
(19.2765 29.1137 4.49202e-16)
(18.2713 109.965 0)
(16.5251 98.8049 3.09458e-16)
(-1.26624 162.832 1.17219e-16)
(-8.68887 162.838 -2.09329e-16)
(8.16906 137.114 3.64232e-16)
(11.475 133.795 8.439e-19)
(-3.49324 51.2304 -1.06719e-16)
(-15.2449 183.136 4.12196e-17)
(4.67495 100.972 2.23172e-16)
(-6.6025 105.83 0)
(17.0113 95.0512 -5.80698e-16)
(-22.6721 130.701 -1.79958e-16)
(-20.0222 161.501 -2.89217e-16)
(-17.41 153.871 1.92213e-16)
(6.56573 115.23 2.63387e-16)
(6.59725 -58.1084 -2.22775e-18)
(24.6071 -73.4631 1.06751e-18)
(-15.0399 -62.938 5.08026e-19)
(-31.9922 -72.5976 -5.26089e-19)
(-9.70954 -49.8946 -2.1969e-19)
(25.721 -63.2186 1.39028e-18)
(17.1922 -67.4918 -1.05023e-18)
(6.12111 7.36363 1.02608e-21)
(8.89667 6.20009 -2.80365e-19)
(14.6475 -21.2722 2.92912e-19)
(10.8109 -85.4227 3.125e-19)
(-12.6709 -82.6607 2.11926e-18)
(-9.12734 -76.3898 -5.29852e-19)
(-6.77684 -71.9035 -1.76621e-18)
(6.41436 -70.5319 2.0916e-18)
(3.61816 -74.9796 -2.11188e-18)
(-23.5042 -74.1232 2.82074e-18)
(-44.1291 -87.1875 -4.24649e-18)
(-29.8261 -57.3283 3.30304e-19)
(-6.58337 -53.2812 -1.22336e-18)
(19.4443 -69.721 3.39265e-18)
(-3.4286 -79.6024 -3.13362e-18)
(-17.2337 127.753 3.11894e-16)
(-13.2665 126.56 -3.03423e-16)
(-7.9367 126.011 1.51939e-16)
(-1.91932 126.585 -7.49024e-17)
(4.54083 128.077 6.19227e-18)
(11.4758 130.871 1.95646e-16)
(8.71095 169.679 -8.01334e-17)
(20.7716 37.7945 2.41495e-16)
(18.4958 103.239 -2.88595e-16)
(12.4992 68.1657 -3.69671e-18)
(6.46573 34.1907 0)
(11.1662 -5.54908 -1.21728e-16)
(3.18852 169.555 3.72107e-16)
(-10.814 169.532 9.89327e-17)
(7.392 127.843 -9.11463e-16)
(9.60144 179.418 0)
(5.89601 136.689 -3.12449e-16)
(10.4772 133.202 0)
(-12.7627 176.555 8.27554e-17)
(18.8892 48.1465 -2.72713e-16)
(-14.0406 52.6123 0)
(-28.4567 135.954 1.64684e-16)
(9.44809 128.436 -9.25195e-16)
(-10.9016 15.4726 -1.35803e-16)
(-15.1593 19.6215 8.42826e-17)
(-18.4121 22.2961 -7.49195e-17)
(-20.7852 24.0591 6.9189e-17)
(-22.2887 25.1515 0)
(-22.8658 25.5491 -4.02868e-18)
(-22.6359 25.1733 0)
(-21.7438 23.9363 -9.7044e-19)
(-20.4196 21.6328 -9.57622e-19)
(-19.0773 18.6482 0)
(-17.7804 15.3752 1.85798e-18)
(-16.5572 12.2888 5.53359e-18)
(-15.47 9.89059 -7.19367e-18)
(-14.5148 8.26979 -2.68199e-18)
(-13.6928 7.106 2.63337e-18)
(-12.9478 6.12786 -4.34458e-18)
(-12.1523 5.18431 -2.19413e-22)
(-11.1466 4.27002 4.23165e-18)
(-9.7905 3.55643 3.33757e-18)
(-8.11777 3.2898 -4.1219e-18)
(-6.32649 3.64981 0)
(-4.71935 4.64471 -3.19404e-18)
(-3.5105 6.09036 3.56992e-18)
(-2.73892 7.73225 3.89567e-19)
(-2.32359 9.45745 0)
(-2.12124 11.3235 5.68004e-19)
(-1.97472 13.3555 0)
(-1.72512 15.5161 3.67649e-19)
(-1.29018 17.7644 0)
(-0.734092 19.9378 -3.56169e-19)
(-0.301163 21.5476 0)
(-0.492784 22.1175 0)
(-1.28349 21.6673 -3.80331e-21)
(-2.82236 19.7666 -3.37905e-18)
(-5.57415 15.3566 1.27487e-18)
(-9.46187 8.95559 1.30206e-18)
(-12.4893 3.61323 1.27759e-18)
(-13.1669 4.23665 1.22499e-18)
(-9.9666 4.67565 1.21246e-18)
(-8.58232 11.5497 2.39418e-18)
(-5.78229 4.04117 -1.11578e-18)
(-8.23957 0.442277 1.04364e-19)
(-8.91833 -17.645 -4.46884e-18)
(-14.0352 -11.8563 -1.45864e-20)
(-16.2868 -27.6581 0)
(-12.4137 7.45444 0)
(-18.1314 -63.3727 0)
(-63.0473 93.0082 8.00867e-16)
(-0.900915 158.625 -2.00946e-16)
(-8.29924 63.5387 2.77688e-17)
(18.2106 105.952 1.43065e-18)
(-5.0598 162.144 1.88289e-19)
(9.6703 136.374 3.321e-16)
(-27.719 170.035 8.33176e-17)
(1.45033 -14.9171 -1.3012e-16)
(-4.86796 89.1441 2.60672e-16)
(-19.1869 177.705 7.08659e-17)
(18.4166 81.7876 -2.62746e-16)
(-24.9307 76.2788 -2.78376e-16)
(-0.859051 8.00838 5.19504e-19)
(0.68145 11.301 -3.0522e-16)
(2.23605 15.6117 -2.88324e-16)
(3.06199 21.1452 5.62668e-16)
(3.19063 29.0468 -2.77198e-16)
(3.24665 41.2646 0)
(4.67726 59.279 2.77734e-18)
(8.66681 82.5459 -5.58344e-16)
(11.9314 132.121 2.73955e-16)
(13.0258 106.737 -2.93475e-16)
(11.6337 -10.732 2.84093e-19)
(0.715891 24.5704 1.52091e-16)
(13.8374 0.986917 -3.03309e-16)
(-12.7899 23.6452 3.68262e-16)
(11.6588 9.68017 1.22662e-16)
(9.78595 13.3905 -3.92626e-18)
(8.45917 16.6911 5.66126e-18)
(7.34935 18.9596 4.63493e-19)
(6.61494 20.3555 -7.32122e-18)
(6.29344 20.9147 6.28329e-18)
(6.34972 20.747 1.11109e-19)
(6.58341 20.1949 3.0788e-18)
(6.75778 19.4204 -3.47022e-18)
(6.68508 18.6165 8.5743e-19)
(6.43178 17.6264 0)
(6.12637 16.283 0)
(5.8117 14.5925 1.64632e-18)
(5.511 12.4905 1.62649e-18)
(5.22239 10.2145 8.06511e-19)
(4.80861 8.27617 -1.18296e-18)
(4.03784 7.15434 -9.74816e-20)
(2.82131 6.94556 7.6566e-19)
(1.24923 7.47031 -7.59467e-19)
(-0.485109 8.49076 -4.68153e-20)
(-2.14289 9.70979 0)
(-3.39116 10.7511 0)
(-3.91353 11.2576 -4.45462e-20)
(-3.73948 11.2029 -8.76934e-20)
(-2.95339 10.5037 -4.33312e-20)
(-1.38564 9.08535 6.41877e-19)
(0.50018 7.77486 -6.88795e-19)
(1.77475 7.77687 -6.16808e-19)
(2.11177 9.19967 2.54883e-21)
(2.0984 10.6873 7.19114e-19)
(2.70507 11.5051 -4.73333e-19)
(4.30728 9.48374 1.08088e-18)
(9.20812 7.39432 1.97675e-20)
(13.1546 -3.85595 6.03704e-19)
(23.3923 6.11947 0)
(20.1637 -12.2513 -1.13377e-18)
(28.8004 21.2407 -1.11138e-18)
(14.9838 -28.9952 0)
(34.6311 46.1331 0)
(-25.1081 -47.4891 1.01725e-18)
(13.677 164.687 1.78685e-16)
(15.2243 157.572 9.32635e-17)
(18.435 148.987 -1.89246e-16)
(19.3371 135.946 -4.31354e-16)
(12.4637 179.37 6.27635e-17)
(-4.00817 74.2474 -2.51765e-17)
(-4.75619 10.6652 2.94386e-16)
(-3.21224 23.8646 0)
(-1.74945 39.2874 2.78884e-16)
(0.563217 139.644 -3.52836e-16)
(0.995944 89.7532 2.89275e-16)
(0.569035 115.801 3.08529e-16)
(-1.5528 45.4672 -2.90402e-16)
(-2.05378 6.22418 -4.07298e-16)
(20.093 15.4351 0)
(21.8031 31.4934 0)
(19.4134 99.3806 -2.88218e-16)
(16.4473 82.7209 6.06646e-16)
(3.69245 17.5747 0)
(3.8399 -2.94526 4.69182e-16)
(-1.40821 167.056 -1.04103e-16)
(-8.31685 167.428 7.43082e-17)
(11.7019 141.722 -2.50672e-16)
(7.03252 133.573 1.208e-15)
(-0.38287 53.7308 3.23912e-16)
(-11.8435 182.06 -2.30464e-16)
(10.4991 75.5801 0)
(-7.5557 179.897 0)
(-5.6372 176.427 -2.79838e-16)
(5.90144 144.986 -3.50165e-16)
(8.73307 140.104 3.1769e-16)
(-10.2838 178.756 -3.50142e-19)
(18.3394 54.1695 -7.27259e-20)
(15.7825 71.7313 1.41053e-16)
(13.6693 -2.21667 -2.99666e-16)
(-3.6623 5.8489 -2.6139e-16)
(8.69195 171.485 2.43576e-16)
(7.20306 175.62 -1.04746e-16)
(5.29686 176.311 1.60815e-16)
(-14.1838 33.126 -3.09748e-16)
(-7.11652 19.9968 3.68146e-16)
(-26.0766 118.982 -5.04686e-17)
(-20.0082 115.643 5.01588e-17)
(-15.7547 114.528 0)
(-11.3519 114.578 1.23388e-16)
(-6.82184 115.207 -2.42833e-17)
(-1.728 116.463 0)
(4.07675 118.377 -3.04911e-18)
(10.81 120.938 0)
(19.1109 125.016 4.71863e-17)
(19.0064 91.0404 -2.74557e-16)
(21.4155 41.7495 5.00151e-19)
(8.08824 136.932 6.16718e-16)
(7.96895 132.035 1.17611e-17)
(2.28413 171.679 4.62763e-17)
(-3.65088 155.517 7.87851e-16)
(4.47658 -18.9331 0)
(-7.89874 8.4368 2.52548e-17)
(-11.4782 11.8316 5.2438e-17)
(-14.3939 14.5489 -9.29627e-18)
(-16.5665 16.9131 0)
(-17.951 18.7993 -1.67932e-17)
(-18.5297 20.0979 1.61473e-17)
(-18.3989 20.5723 1.18845e-17)
(-17.762 20.0287 -6.73303e-18)
(-16.8008 18.4357 3.84715e-18)
(-15.7155 16.0133 -3.74001e-18)
(-14.6617 13.1489 3.73886e-18)
(-13.7121 10.3438 -1.80865e-18)
(-12.9318 8.14521 0)
(-12.2766 6.63642 1.7882e-18)
(-11.7111 5.49803 1.76775e-18)
(-11.1586 4.42584 -8.6161e-19)
(-10.5044 3.25258 -2.14046e-18)
(-9.59111 1.97782 -8.46655e-19)
(-8.28522 0.889618 3.34055e-18)
(-6.72895 0.422946 -3.29804e-18)
(-5.21625 0.892694 0)
(-4.00318 2.26844 0)
(-3.16438 4.17151 -5.92985e-19)
(-2.69126 6.22598 -1.94717e-19)
(-2.51213 8.25027 -3.06042e-18)
(-2.48116 10.2466 2.85601e-18)
(-2.41374 12.2438 3.067e-18)
(-2.14543 14.2617 -2.95639e-18)
(-1.6392 16.3659 -2.84211e-18)
(-0.947579 18.5507 2.85712e-18)
(-0.313834 20.5677 0)
(-0.233858 21.87 0)
(-1.0188 22.2021 -3.42244e-19)
(-2.34697 21.2783 1.68863e-18)
(-4.61941 18.288 6.27133e-20)
(-8.14637 12.5665 -1.9104e-18)
(-11.7495 5.88854 1.27979e-18)
(-13.1571 3.13891 -1.2469e-18)
(-10.2966 2.26831 1.21609e-18)
(-8.58423 9.18127 -1.21228e-18)
(-5.75281 4.24018 3.5293e-18)
(-9.24856 3.51093 2.36585e-18)
(-12.5439 -12.784 -2.21635e-18)
(-17.9541 -4.74185 1.13679e-18)
(-23.5783 -28.0386 -2.17722e-18)
(-10.7938 31.0461 -6.00244e-20)
(-15.4685 -58.614 -1.89102e-19)
(-1.79874 98.6125 1.66443e-18)
(23.7547 40.1943 2.46255e-19)
(0.596791 16.4929 9.98866e-19)
(17.8087 97.0765 0)
(-17.5339 104.796 1.01617e-18)
(-11.7665 84.6528 -1.02131e-18)
(-1.52264 16.2075 0)
(-14.4516 49.1799 5.75848e-21)
(35.4591 110.921 4.83146e-20)
(7.76763 102.529 1.88526e-18)
(-29.1912 106.036 -2.00518e-18)
(-19.3988 110.092 -1.97069e-18)
(-15.9439 121.425 3.88036e-18)
(-1.62649 81.33 -4.09107e-18)
(1.04767 61.9395 2.01564e-18)
(9.80907 55.3302 0)
(11.6711 64.004 -4.41785e-18)
(24.0969 110.81 4.15022e-18)
(-16.5354 114.865 1.26469e-18)
(-28.6497 101.429 2.23771e-18)
(-13.6844 31.718 -2.59381e-18)
(-23.3754 32.7433 0)
(-13.5771 76.2766 -4.30043e-19)
(-0.242484 108.336 2.25809e-18)
(-4.06375 77.4959 -2.4743e-18)
(11.4208 49.9317 -3.02616e-16)
(-9.49102 173.003 2.21642e-17)
(15.7658 128.918 6.33268e-16)
(15.4345 145.536 2.99245e-16)
(2.012 155.605 -3.15079e-16)
(2.06598 -0.736203 0)
(-34.2316 124.038 0)
(-34.6844 164.532 -1.99635e-16)
(-5.74723 64.2964 1.01091e-15)
(14.5203 58.2593 -1.56306e-16)
(4.36724 -0.809632 -2.90451e-16)
(6.71848 0.28798 7.94832e-19)
(9.00569 1.76996 8.1468e-19)
(10.5983 3.83485 2.8471e-16)
(11.1611 6.87627 -2.82315e-16)
(10.9175 12.1787 0)
(10.7206 22.45 5.6822e-16)
(11.4155 40.5119 2.8763e-16)
(13.7425 65.7584 0)
(16.2203 94.8225 -3.20878e-16)
(11.1755 150.295 4.61631e-16)
(14.0836 148.353 -7.21511e-16)
(15.3978 125.088 7.30592e-16)
(21.8971 23.8496 0)
(18.619 93.0882 2.02792e-18)
(3.82195 3.21296 4.58985e-16)
(-4.8754 166.262 1.25044e-17)
(10.9771 140.776 1.26431e-16)
(0.436192 48.1889 3.87035e-16)
(-5.57892 173.225 -4.14914e-16)
(10.3614 162.627 -2.11416e-16)
(-2.51427 169.561 -1.73378e-18)
(7.02369 144.133 3.20615e-16)
(-6.57125 177.809 1.55587e-16)
(17.3912 61.6723 -1.5971e-16)
(5.00876 175.169 -2.77786e-16)
(12.5645 1.68111 2.70322e-16)
(0.113486 80.7432 0)
(-1.61596 54.6493 -2.91057e-16)
(-4.12572 33.3382 -6.19895e-19)
(-7.06021 17.3705 -2.82161e-16)
(-8.63572 6.70923 0)
(-10.2193 -1.63991 0)
(-10.6462 -6.42769 7.82754e-16)
(-7.91553 -19.3619 -5.50299e-16)
(-32.2581 142.98 -8.73988e-17)
(-23.8849 46.96 -6.05552e-17)
(15.6324 177.176 -8.37965e-17)
(18.8618 173.081 -4.39253e-17)
(21.9553 166.825 -1.79945e-16)
(25.4551 158.404 3.71366e-16)
(28.1619 144.845 1.90877e-16)
(30.2149 131.884 0)
(18.3871 78.9068 4.9237e-16)
(21.0733 46.788 -5.61666e-16)
(-14.9953 19.1586 0)
(6.04991 141.386 1.21502e-15)
(-37.5935 116.717 5.52669e-17)
(-30.0785 114.383 -5.85081e-17)
(-23.372 111.929 0)
(-17.9929 110.014 0)
(-13.8551 109.572 -9.9264e-17)
(-9.89908 109.946 -2.45166e-17)
(-5.85466 110.892 7.44209e-17)
(-1.25499 112.385 -1.21855e-17)
(4.16762 114.405 -9.45976e-17)
(10.5422 116.848 1.08503e-16)
(18.6464 120.484 -1.91094e-16)
(29.7115 125.24 2.43074e-16)
(0.161088 124.386 -5.03406e-16)
(1.82285 172.298 0)
(17.7009 8.88664 0)
(2.79345 133.209 7.84248e-16)
(-1.65782 63.2906 1.62091e-16)
(15.6629 55.0938 -1.13532e-16)
(-2.69471 108.826 0)
(-1.1945 1.57851 -8.68906e-17)
(-4.29731 3.65698 8.47696e-17)
(-7.3353 6.52456 -3.93088e-17)
(-9.92398 9.2389 0)
(-11.8868 11.8557 0)
(-13.1397 14.1532 4.15595e-18)
(-13.6981 15.9174 2.31201e-21)
(-13.6705 16.8688 -3.93544e-18)
(-13.2411 16.7073 2.42649e-19)
(-12.6527 15.4219 -2.3669e-19)
(-11.9387 13.1107 -1.89216e-18)
(-11.2347 10.2873 -1.14418e-20)
(-10.6363 7.49823 0)
(-10.1511 5.26914 9.02819e-19)
(-9.78371 3.65818 5.35017e-18)
(-9.38752 2.35419 -5.27237e-18)
(-8.96225 1.06218 -2.60693e-18)
(-8.39693 -0.42374 -4.38476e-19)
(-7.56869 -2.11398 2.95649e-18)
(-6.40861 -3.53515 -3.34152e-18)
(-5.12126 -4.01147 3.09071e-18)
(-4.04596 -3.25336 -3.23819e-18)
(-3.2416 -1.4778 3.22177e-18)
(-2.69207 0.848384 3.95408e-19)
(-2.40261 3.31268 1.95208e-19)
(-2.34706 5.6498 -9.5953e-20)
(-2.41679 7.79516 -3.01906e-18)
(-2.40379 9.7641 2.9999e-18)
(-2.17826 11.6683 -2.93313e-18)
(-1.71446 13.6667 2.77501e-18)
(-1.03493 15.8777 3.34765e-20)
(-0.375542 18.2594 -2.80191e-18)
(-0.129538 20.3919 -1.59915e-19)
(-0.769898 21.5234 4.94514e-18)
(-1.96394 21.3577 -5.01569e-18)
(-3.61195 19.356 2.2845e-18)
(-6.08196 14.5734 -6.54151e-19)
(-8.89046 7.28728 1.30201e-18)
(-10.3624 1.78593 -1.22569e-18)
(-8.55871 -0.746869 1.83452e-18)
(-7.00368 6.54438 1.1905e-18)
(-5.43708 4.78347 -1.15236e-18)
(-9.95965 8.08251 -3.4773e-18)
(-14.473 -5.42596 2.28448e-18)
(-21.0494 5.50507 -1.04541e-18)
(-24.0988 -25.2174 3.28076e-18)
(-11.2218 42.4891 -9.57424e-19)
(10.9774 -41.5172 2.04468e-19)
(17.3527 78.5921 -3.2155e-19)
(43.8507 -57.3381 -2.96323e-19)
(97.2718 -84.6978 -1.32529e-18)
(89.5939 -149.721 9.258e-20)
(-20.6202 -168.312 0)
(-39.0649 -95.4835 9.81068e-19)
(-3.03267 -65.4866 6.87291e-19)
(36.282 -133.594 -4.16238e-18)
(27.5914 -167.645 2.08571e-18)
(-27.8852 -165.99 2.06794e-18)
(-45.0047 -98.2735 -4.05497e-18)
(-8.621 -11.9557 3.73418e-18)
(13.474 -21.7494 -3.60278e-19)
(33.4553 -70.2255 -4.24911e-18)
(45.2961 -148.026 2.70348e-18)
(38.8924 -161.367 -1.9945e-18)
(18.6152 -156.995 2.0755e-18)
(-4.75241 -155.388 0)
(-44.0546 -149.595 0)
(-25.4594 -46.7709 -8.25446e-19)
(-5.32432 -18.4763 -2.49474e-18)
(23.384 -150.76 1.7512e-18)
(-31.885 -175.136 8.38497e-19)
(-99.467 -167.778 -2.02314e-18)
(-118.271 -151.764 3.99049e-18)
(-101.909 -116.097 -2.21298e-18)
(-79.0286 -90.3308 6.51286e-19)
(-36.9351 -55.0025 0)
(14.6487 55.7153 1.48902e-18)
(-3.5645 -7.74764 4.72124e-19)
(32.9363 46.6298 0)
(12.7986 2.71317 0)
(27.951 22.0098 -5.50853e-19)
(14.2859 -2.56167 0)
(16.5749 9.65922 0)
(7.10043 4.24311 0)
(3.96048 10.2978 5.99108e-19)
(1.98509 10.5861 -6.19782e-19)
(1.91394 10.9103 6.25786e-19)
(2.41232 9.51691 -6.17675e-19)
(2.82455 8.1139 -6.48132e-19)
(2.29229 7.40987 1.31738e-18)
(0.660044 8.109 -6.41998e-19)
(-1.23813 9.27905 -2.12156e-20)
(-2.64632 9.93798 7.02263e-19)
(-3.48407 9.86839 -7.4715e-19)
(-3.70535 9.13541 2.2306e-20)
(-3.15783 7.76074 -7.27689e-19)
(-1.99462 6.06399 -9.82829e-20)
(-0.460099 4.4917 1.75533e-20)
(1.18401 3.39716 7.54828e-19)
(2.67411 3.03058 1.53748e-18)
(3.74312 3.5831 -1.46001e-18)
(4.26187 5.04649 -9.87433e-20)
(4.46524 7.11044 -1.49876e-18)
(4.61624 9.33364 1.62709e-18)
(4.84134 11.354 -1.64416e-18)
(5.12426 13.0306 8.35356e-19)
(5.4025 14.4222 1.58571e-18)
(5.60043 15.6231 0)
(5.53174 16.7521 4.32983e-18)
(5.243 17.7901 -3.51286e-18)
(4.91452 18.447 1.17648e-19)
(4.69746 18.58 8.97585e-19)
(4.71457 17.8778 3.64756e-18)
(5.04507 16.2611 -1.84876e-18)
(5.69314 13.5709 -7.49621e-18)
(6.62597 9.73237 1.89816e-17)
(7.93012 6.2554 -1.11155e-16)
(8.41048 0.0512316 0)
(8.85174 -4.08558 6.34405e-17)
(9.0547 -9.03065 -6.06093e-17)
(1.0134 111.63 3.20857e-16)
(10.2311 -12.3359 0)
(-18.1786 30.4538 -7.56654e-17)
(-2.70879 -22.5227 2.68304e-16)
(-4.78465 -21.9506 0)
(13.6873 74.7585 -1.62692e-16)
(-10.3756 -22.6515 9.54376e-16)
(7.51914 138.332 2.86261e-16)
(9.69906 132.051 -4.33997e-18)
(22.6273 35.2699 2.51791e-16)
(21.3913 16.2124 2.37127e-16)
(15.8561 65.3482 -2.90496e-16)
(19.5303 86.4273 0)
(11.086 7.72712 -2.58395e-16)
(9.9497 32.7076 2.76305e-16)
(-7.47388 170.325 6.75466e-17)
(-1.31815 169.591 6.94396e-17)
(12.5316 150.045 0)
(6.14745 172.799 1.92911e-16)
(12.5204 158.092 -3.40076e-16)
(-0.321433 164.434 1.42435e-18)
(-4.79545 175.126 -5.65183e-16)
(6.09763 146.938 3.00412e-16)
(2.52746 157.404 -3.18358e-16)
(-8.04429 174.804 0)
(-4.66887 173.186 8.05956e-17)
(2.69534 84.9268 2.73412e-16)
(20.1488 53.6858 6.21584e-16)
(-6.01188 174.741 -5.13765e-18)
(3.7446 154.648 -7.70352e-18)
(-2.81941 171.019 2.99568e-16)
(8.6844 167.356 1.86962e-16)
(5.32936 145.863 5.12862e-16)
(8.19898 149.073 -3.14814e-16)
(-4.48643 168.878 1.14896e-17)
(9.28122 18.0163 -2.63053e-16)
(18.4556 78.0014 -2.8726e-16)
(23.3098 25.4626 -2.44815e-16)
(14.7117 89.691 -6.82198e-16)
(15.7605 50.8629 9.34557e-16)
(14.8886 22.1944 -2.97481e-16)
(15.6349 5.18878 -2.9354e-16)
(16.8422 -2.3296 -5.76832e-16)
(17.2562 -5.18713 2.87017e-16)
(16.7875 -6.24846 5.70044e-16)
(15.3295 -6.67379 -6.34125e-19)
(13.1666 -6.69056 2.87779e-16)
(10.4096 -6.44846 2.94075e-16)
(7.80077 -5.90395 1.92225e-19)
(6.22208 143.287 -6.40596e-16)
(6.98181 -8.85269 0)
(11.547 67.0924 0)
(-12.554 -18.4899 -2.62857e-16)
(-13.7912 -14.2212 -2.64529e-16)
(-13.9205 -9.05652 3.06204e-18)
(-12.109 -3.94744 1.41537e-18)
(-9.8984 2.94025 3.11301e-18)
(-6.49674 12.667 -2.86164e-16)
(-2.42141 27.281 -5.8431e-16)
(1.40168 50.2005 -2.9145e-16)
(2.66548 -17.6073 -2.6394e-16)
(19.6948 60.4533 -2.45537e-16)
(-11.504 167.134 1.89264e-17)
(-16.4211 173.224 3.90163e-17)
(-23.1171 172.44 -4.11061e-17)
(-27.8447 171.211 -1.91106e-19)
(-3.21862 80.1459 -2.72388e-16)
(4.74538 39.8682 0)
(18.8354 71.8715 -1.63709e-18)
(-4.48375 171.538 -5.86849e-16)
(16.7922 12.8671 0)
(1.84799 171.991 8.28315e-17)
(3.3712 -15.1841 3.67413e-16)
(17.4662 172.607 0)
(20.6323 172.795 1.94407e-19)
(25.0345 169.099 1.80952e-16)
(31.2359 164.143 -2.79887e-16)
(37.1504 152.907 0)
(43.7359 139.216 0)
(44.6015 130.31 0)
(19.6673 56.3318 0)
(-26.8384 61.2341 -2.11662e-16)
(-2.47265 -25.4372 0)
(-1.28848 -24.9912 0)
(3.02966 -21.3185 -6.41157e-17)
(2.35663 -18.7039 5.33296e-17)
(3.81483 -13.5159 1.69749e-17)
(4.21753 -8.50067 0)
(4.45906 -3.49768 -7.58442e-18)
(3.97495 1.398 0)
(3.5598 5.49978 -1.48751e-17)
(3.15102 9.10745 -1.27533e-21)
(2.90689 11.7275 2.7671e-18)
(2.90666 13.247 3.64222e-18)
(3.12916 13.7801 -7.1812e-18)
(3.44878 13.4312 3.53491e-18)
(3.80908 12.475 0)
(4.11096 11.1122 -8.67367e-19)
(4.23598 9.62917 1.28462e-18)
(4.1278 8.16637 1.07688e-19)
(3.89262 6.70977 -2.91767e-18)
(3.66704 5.1099 0)
(3.52889 3.25672 -1.82981e-18)
(3.47296 1.1672 -5.76112e-20)
(3.38276 -0.926952 9.13199e-20)
(3.02739 -2.66095 2.33542e-18)
(2.18297 -3.53508 -7.79839e-19)
(0.940487 -3.24938 0)
(-0.402411 -1.93793 2.32418e-20)
(-1.61426 0.0932124 9.16459e-20)
(-2.53399 2.44774 -7.32446e-19)
(-3.00983 4.6682 7.17126e-19)
(-2.8706 6.33608 7.46544e-19)
(-2.07579 7.17839 -6.82103e-19)
(-0.87331 7.2043 2.13795e-20)
(0.684311 6.48139 -5.30398e-21)
(2.28312 5.4455 6.21374e-19)
(3.07054 5.2096 -1.29522e-18)
(2.61997 6.0136 6.36754e-19)
(1.42529 7.59047 -6.28187e-19)
(0.593251 8.15298 1.31237e-18)
(0.124298 9.61178 -1.28756e-18)
(2.56865 5.96355 5.89014e-19)
(5.84849 10.9703 0)
(8.83236 0.766345 -5.66194e-19)
(16.8101 20.7737 5.60135e-19)
(12.6386 5.45449 0)
(19.3994 40.5255 0)
(6.63929 -4.05176 -1.02356e-18)
(16.0398 47.3679 -1.02536e-18)
(-8.91619 -41.6222 1.57579e-19)
(-0.277415 163.848 0)
(3.4967 151.564 -6.02107e-16)
(-8.14608 46.2353 2.56521e-19)
(-20.8061 136.32 -7.57795e-19)
(-9.25719 230.227 4.98319e-19)
(-16.7537 227.51 0)
(-10.8603 126.285 6.25371e-20)
(-10.2295 105.79 2.02076e-18)
(-1.31973 165.286 -1.89162e-18)
(-9.11161 209.059 -7.7864e-21)
(-13.3093 211.789 2.62924e-21)
(-26.205 200.579 -1.96607e-18)
(-11.1527 175.099 3.86063e-18)
(10.1061 177.049 -1.87386e-18)
(14.7481 189.255 0)
(9.48311 211.824 1.88182e-18)
(4.68819 186.994 -1.97314e-18)
(1.13225 172.383 -1.0674e-20)
(-2.35372 182.56 -1.25604e-19)
(-2.68441 194.691 3.14119e-20)
(-1.72808 133.808 2.3137e-18)
(15.5967 153.722 -3.86653e-18)
(26.8875 202.879 1.98763e-18)
(17.9638 222.782 -1.94353e-18)
(6.61072 225.687 -6.32692e-20)
(0.290995 210.957 2.01063e-18)
(6.77162 158.244 0)
(10.1339 98.1015 -9.87725e-19)
(11.8765 41.1003 9.7606e-19)
(-6.296 19.1351 -5.70898e-19)
(4.21289 71.7694 -1.43575e-16)
(-34.451 111.5 -1.92099e-16)
(-25.2952 113.921 5.46394e-17)
(-18.7006 116.305 -3.28866e-19)
(-13.6315 118.452 2.43566e-17)
(-9.72936 120.529 2.44397e-17)
(-6.51974 122.375 0)
(-3.36984 123.97 -1.10944e-16)
(0.199327 125.069 1.24346e-17)
(4.60446 125.276 9.74501e-17)
(10.1449 124.92 -1.22249e-17)
(17.5608 123.977 9.68325e-17)
(28.3292 122.759 -1.20751e-16)
(42.9676 125.748 1.93791e-16)
(-39.4151 151.22 1.75734e-16)
(-41.8567 136.72 -5.53396e-16)
(-49.5829 121.636 -2.37263e-18)
(-49.1135 115.071 -1.30261e-18)
(3.94427 -3.58457 0)
(1.28693 -1.68153 0)
(-1.29099 0.458063 0)
(-3.60821 2.88583 -2.4545e-20)
(-5.62675 5.36738 7.0385e-17)
(-7.19178 7.86056 -3.40061e-17)
(-8.24914 10.1196 2.46369e-17)
(-8.7839 11.8808 0)
(-8.87801 12.8293 -3.93779e-18)
(-8.68661 12.5808 3.83046e-18)
(-8.41509 11.1554 0)
(-8.10445 8.61011 2.34684e-19)
(-7.79452 5.4577 1.86193e-18)
(-7.58796 2.31011 -8.98462e-19)
(-7.36891 -0.242728 1.81726e-18)
(-7.14212 -2.20213 -5.3407e-18)
(-6.88213 -3.87057 8.80426e-19)
(-6.55641 -5.48941 -3.91124e-18)
(-6.07503 -7.33839 -1.31119e-20)
(-5.37578 -9.38558 3.7995e-18)
(-4.44444 -11.0099 3.33521e-18)
(-3.57263 -11.3231 -2.88091e-18)
(-2.92413 -10.2037 1.01596e-19)
(-2.42509 -8.05562 0)
(-2.07484 -5.34026 2.94701e-18)
(-1.91367 -2.46198 -3.13779e-18)
(-1.93581 0.273129 9.6258e-20)
(-2.03771 2.66996 3.02127e-18)
(-2.06476 4.72513 -3.09248e-18)
(-1.92962 6.63545 0)
(-1.54295 8.60817 1.01947e-19)
(-0.94681 10.914 -1.44408e-18)
(-0.353215 13.6783 1.41283e-18)
(-0.0631511 16.5782 1.73205e-19)
(-0.401224 18.6162 8.58133e-20)
(-1.37945 19.0583 1.34454e-18)
(-2.45296 17.6024 -2.30942e-18)
(-3.81796 13.357 1.44332e-18)
(-5.23517 5.71291 -1.6285e-18)
(-5.95764 -1.28994 2.1793e-18)
(-5.04169 -5.13132 -2.13801e-18)
(-4.66819 2.85061 0)
(-4.84007 4.27102 1.1894e-18)
(-8.60023 11.6963 0)
(-15.1436 0.600757 -1.18187e-18)
(-23.2648 12.2325 1.06007e-18)
(-22.7775 -21.9304 -1.08705e-18)
(-13.6851 42.659 2.14099e-18)
(-5.07113 -33.5303 0)
(8.17177 60.1498 -5.06714e-19)
(10.347 -68.1498 -8.12443e-23)
(1.80014 33.8191 0)
(2.77522 170.689 0)
(9.63779 159.996 3.09241e-16)
(-6.29411 171.686 -8.23565e-17)
(-0.907639 170.54 0)
(15.6176 20.9887 0)
(14.9384 48.2454 5.67954e-16)
(21.8572 40.7923 1.62238e-19)
(22.3525 17.182 -4.48155e-19)
(1.67366 155.59 5.68955e-16)
(4.61259 148.143 -9.3495e-16)
(5.68808 -5.60398 0)
(2.47535 152.283 0)
(-1.85135 101.427 1.07325e-18)
(-13.1683 -21.1422 -5.38892e-16)
(-13.848 -19.2116 -1.29517e-18)
(-14.3487 -16.313 -2.66949e-16)
(-14.1667 -12.6117 2.73082e-16)
(-12.6224 -8.76187 -2.80685e-16)
(-10.1764 -4.39766 0)
(-6.6596 1.09596 8.79416e-16)
(-2.3106 8.43377 -2.97636e-16)
(2.25725 19.6093 3.01967e-16)
(-23.1535 144.128 1.85918e-16)
(-10.6094 37.2761 -2.77244e-16)
(2.09446 107.724 4.1106e-16)
(-2.20501 130.018 1.23969e-16)
(-10.2174 130.561 -1.38631e-16)
(-16.3175 138.199 4.56332e-17)
(8.04305 -7.21216 3.23587e-16)
(13.5145 47.1189 -5.71121e-16)
(15.239 9.37277 -2.90342e-16)
(16.2545 -6.18306 2.9854e-16)
(18.1233 -10.8281 0)
(18.9044 -12.3444 0)
(18.7942 -12.531 -2.87869e-16)
(17.6442 -11.9554 0)
(15.788 -11.1374 1.30964e-19)
(13.5459 -10.1314 -2.83416e-16)
(10.8347 -8.85898 -5.84827e-16)
(23.4179 29.2797 2.5099e-16)
(18.0205 62.0755 -2.80632e-16)
(14.8005 32.5331 -2.79014e-16)
(-3.66841 170.18 2.01865e-17)
(6.49399 158.029 -4.45643e-16)
(5.36321 167.083 -6.52557e-16)
(-2.98694 169.167 -2.87344e-16)
(0.60137 159.886 0)
(-7.90254 -25.6264 0)
(-8.12064 -27.381 1.59119e-16)
(-6.73786 -27.3783 -7.41359e-17)
(-3.52737 -26.7243 -6.74389e-17)
(-1.3106 -24.1537 6.45513e-17)
(0.0198745 -21.3556 0)
(0.984494 -17.6309 0)
(1.33617 -13.4706 0)
(1.54022 -9.02155 7.62038e-18)
(1.43706 -4.72787 0)
(1.40512 -0.869558 3.73692e-18)
(1.33457 2.37964 0)
(1.3529 4.73404 9.18039e-19)
(1.53425 6.03041 0)
(1.81331 6.31194 0)
(2.11247 5.71949 0)
(2.40748 4.48251 0)
(2.61615 2.86208 -1.73368e-18)
(2.69255 1.12925 4.24821e-19)
(2.63518 -0.50836 1.68725e-18)
(2.46995 -1.99826 -1.25129e-18)
(2.32368 -3.49449 1.6439e-18)
(2.2472 -5.19309 1.77988e-18)
(2.23459 -7.1738 -8.4493e-19)
(2.19491 -9.30722 -7.87956e-19)
(1.97093 -11.2516 7.67823e-19)
(1.41245 -12.3435 -7.53952e-19)
(0.563084 -12.0649 0)
(-0.357407 -10.4969 0)
(-1.19301 -8.02836 -7.25203e-19)
(-1.8293 -5.1112 7.39964e-19)
(-2.15419 -2.20234 0)
(-2.07301 0.248532 0)
(-1.54603 1.8046 6.71156e-19)
(-0.657597 2.31635 -6.80833e-19)
(0.381354 1.93063 -1.04924e-20)
(1.48041 0.868128 3.22067e-22)
(2.1752 -0.0588964 6.52783e-19)
(2.00039 -0.201225 -6.50053e-19)
(0.722015 1.20723 0)
(-0.192409 1.98663 -6.5566e-19)
(-2.06417 5.28863 7.27303e-20)
(0.172682 2.45103 5.92463e-19)
(-1.29356 9.36554 -5.82315e-19)
(3.97461 -0.646508 1.14818e-18)
(2.34214 19.1103 -8.27974e-19)
(9.60909 -0.705082 -5.54592e-19)
(2.13269 37.7047 5.16956e-19)
(15 -10.9493 0)
(15.8631 53.6327 4.80636e-19)
(36.9445 -34.6037 -2.91207e-19)
(-45.7258 46.1948 4.81085e-19)
(7.17438 125.286 -1.60727e-16)
(13.4336 131.409 -1.05796e-17)
(19.5768 139.623 -5.29786e-19)
(24.2128 142.93 4.49053e-17)
(31.7123 148.184 0)
(40.4964 144.996 0)
(51.302 137.009 0)
(58.2519 129.489 0)
(59.99 124.633 -1.89146e-16)
(20.0876 24.7823 -5.60868e-16)
(-0.699004 170.172 -3.85846e-17)
(1.66198 157.8 5.52218e-16)
(0.0683124 168.403 0)
(-4.85269 171.542 0)
(18.9471 33.0247 2.89405e-18)
(19.9471 49.7325 -2.30981e-19)
(-36.0686 136.672 3.62843e-16)
(-44.5067 136.389 9.11528e-18)
(-56.5895 120.505 0)
(-64.782 111.825 -3.48893e-16)
(1.74017 109.609 -6.2845e-16)
(8.91096 163.005 -2.12045e-16)
(-29.8917 118.08 8.45311e-17)
(-21.902 120.385 0)
(-17.747 122.504 -2.98132e-17)
(-13.4298 125.836 -1.82816e-17)
(-10.156 128.694 -2.46209e-17)
(-7.54959 131.215 -2.47945e-17)
(-5.29229 133.304 -9.84176e-17)
(-3.06052 134.856 1.26695e-17)
(-0.686228 135.711 1.97258e-16)
(2.53719 135.593 5.64128e-19)
(6.80676 134.733 -9.71685e-17)
(11.979 133.17 8.42716e-17)
(18.8222 132.031 1.39895e-18)
(28.2174 127.789 -4.54324e-17)
(49.0146 118.037 -3.56402e-16)
(55.9278 66.4599 0)
(103.682 -1914.67 1.17454e-17)
(-42.6065 -1947.53 0)
(-111.348 -1737.73 2.03321e-17)
(-67.9202 -1420.77 3.22541e-18)
(23.2894 -1359.69 2.55548e-18)
(66.4391 -1613.65 -4.12125e-19)
(-41.1788 -1782.88 0)
(-55.9259 -1283.06 0)
(25.0049 -818.787 3.00825e-19)
(22.7167 -701.922 0)
(-13.8021 -707.476 6.31654e-19)
(-7.47616 -794.078 1.20079e-18)
(-18.6664 -844.845 2.62496e-18)
(-53.0099 -878.618 -6.49685e-20)
(25.6663 -1107.3 -2.78599e-18)
(77.3641 -1835.72 -3.19117e-19)
(-27.337 -1750.22 -1.126e-18)
(-29.3314 -1632.24 1.90223e-18)
(13.9453 -1639.01 -1.14416e-18)
(53.8453 -1865.99 0)
(-16.0769 -2059.76 0)
(-21.6506 -1798.37 7.11632e-18)
(4.4313 -1520.1 0)
(-21.3097 -1503.56 5.55905e-18)
(36.4391 -1814.63 1.55113e-17)
(80.3027 -2255.12 4.05797e-18)
(14.5379 -2299.23 -7.9401e-18)
(-40.9997 -2314.7 -7.59143e-19)
(-155.989 -2293.58 7.53408e-19)
(-272.139 -2143.07 1.16286e-18)
(3.61104 -4.17954 0)
(1.93495 -2.55481 1.49752e-16)
(0.414487 -0.834452 -2.15305e-16)
(-0.914768 0.962474 -5.45979e-20)
(-2.09346 2.80846 0)
(-3.06741 4.65265 1.63751e-17)
(-3.79109 6.32842 -8.0568e-18)
(-4.23045 7.5524 0)
(-4.41171 7.91909 0)
(-4.44351 7.1047 0)
(-4.47632 5.05576 -4.767e-19)
(-4.56809 1.85202 -2.57231e-21)
(-4.59822 -1.92375 -9.29405e-19)
(-4.6776 -5.68993 3.65626e-18)
(-4.73772 -8.85298 -2.70129e-18)
(-4.64946 -11.2212 -8.91107e-19)
(-4.52856 -13.1585 3.51785e-18)
(-4.32323 -15.0404 -1.73425e-18)
(-4.0034 -17.1521 -1.71524e-18)
(-3.53149 -19.4346 1.67792e-18)
(-2.92083 -20.9864 1.0406e-19)
(-2.37706 -20.9921 -2.05989e-19)
(-1.90808 -19.5153 -1.01647e-19)
(-1.49168 -16.9886 -1.59386e-18)
(-1.1547 -13.8216 1.59116e-18)
(-0.948411 -10.4575 0)
(-0.925441 -7.33086 -1.53097e-18)
(-0.981858 -4.67861 1.49916e-18)
(-1.00366 -2.47662 0)
(-0.938945 -0.542147 2.3e-20)
(-0.73661 1.41109 -3.39894e-20)
(-0.40486 3.82251 0)
(0.0207381 6.92457 0)
(0.25346 10.39 0)
(0.162014 13.1266 1.44952e-18)
(-0.446892 13.9957 -2.72557e-18)
(-1.08195 12.6003 1.39116e-18)
(-1.40301 8.28709 -1.62636e-19)
(-1.62942 0.260374 3.19996e-19)
(-1.62254 -7.3759 3.13928e-19)
(-1.52052 -10.8369 2.02618e-21)
(-3.52926 -2.15907 0)
(-3.16856 0.334 -5.86533e-19)
(-6.21525 12.6881 -1.17783e-18)
(-13.1676 3.6281 5.53991e-19)
(-18.1964 11.7213 -2.21167e-18)
(-15.2062 -27.6751 2.20006e-18)
(-11.8263 39.3222 -1.0403e-18)
(-6.34624 -33.1262 -1.23277e-18)
(3.44277 74.9732 8.84468e-19)
(-33.1275 -54.9206 -1.29375e-18)
(29.7011 99.4811 5.00771e-19)
(197.475 -1617.94 8.72806e-18)
(-1.87687 164.27 0)
(1.94412 164.659 2.97583e-16)
(-3.24114 169.941 3.55679e-17)
(18.2971 46.0039 5.93658e-16)
(23.045 36.6905 -2.60832e-16)
(13.3698 174.084 -2.4736e-20)
(35.4002 -46.3464 1.13917e-19)
(-7.84035 -14.2344 -2.44259e-16)
(-4.02619 -2.65226 -4.65973e-16)
(-299.784 -1063.44 0)
(-11.74 5635.68 -9.1765e-19)
(15.6038 5170.73 0)
(-47.2069 5546.76 9.65905e-19)
(-23.5944 5595.28 -4.18925e-20)
(-41.9623 5575.21 1.96896e-18)
(-29.3666 5315.98 1.86952e-18)
(-36.6962 5444.51 -3.94763e-18)
(-32.2423 5073.97 -3.8173e-18)
(-35.0876 5185.24 1.87094e-18)
(-28.9543 4232.85 1.85102e-18)
(-36.3842 4828.88 1.90841e-18)
(-25.258 3582.17 1.90495e-18)
(-28.5943 3654.89 -1.91452e-18)
(-22.3229 4209.91 0)
(-19.9687 3770.46 -1.88512e-18)
(-21.6699 4269.08 0)
(-16.9858 4358.86 0)
(-25.0326 3924.18 -1.86671e-18)
(-22.2014 4058.55 0)
(-25.2068 4067.02 -1.88469e-18)
(-29.0402 4009.37 3.75455e-18)
(-13.9353 4162.56 0)
(-22.5473 4056.49 0)
(-7.74759 3465.29 0)
(-9.05695 4035.64 0)
(-13.4441 3086.51 2.23559e-20)
(-9.56159 2907.95 1.82528e-18)
(-11.8363 4421.87 0)
(-5.39596 3862.6 -1.98399e-18)
(-15.5634 199.616 2.49985e-19)
(141.134 -395.721 -1.50414e-17)
(-16.7417 3758.73 0)
(6.0041 4301.52 -1.18539e-19)
(2.29398 75.8284 -8.05188e-19)
(-33.7465 -94.5502 1.36011e-18)
(-4.47638 18.5028 0)
(-5.50189 -58.785 0)
(-6.05406 -1.69056 0)
(-5.08109 -39.5837 0)
(-2.24246 7.05836 1.16389e-18)
(-5.31972 -1.24612 5.71741e-19)
(-1.63117 -9.4078 2.39589e-18)
(-0.681189 -5.13071 -1.79245e-18)
(0.0890073 -15.6201 1.25504e-18)
(-0.100956 -16.9045 -2.12898e-18)
(0.00613258 0.50773 1.27949e-18)
(-0.02914 -8.05884 0)
(0.386915 8.40864 4.1848e-20)
(0.0870733 5.93568 -1.4165e-18)
(0.581806 5.93672 1.37486e-18)
(0.609914 8.18644 -1.36649e-18)
(0.203781 0.607996 0)
(0.430925 3.03177 0)
(-0.008687 -2.3649 -2.29612e-20)
(0.079968 -1.05896 2.26199e-20)
(-0.176059 -5.36528 2.36497e-20)
(-0.102256 -3.70214 0)
(-0.295318 -10.5359 1.54369e-18)
(-0.21241 -7.62454 -1.54299e-18)
(-0.632194 -16.9586 0)
(-0.455909 -13.7897 0)
(-0.913404 -21.5746 -1.62707e-18)
(-0.781127 -19.6685 1.61627e-18)
(-1.33048 -21.1725 0)
(-1.0901 -22.1527 -1.03377e-19)
(-1.65113 -18.0254 -1.28954e-18)
(-1.52685 -19.4998 0)
(-1.80696 -15.6137 -1.76554e-18)
(-1.73435 -16.8192 1.74636e-18)
(-1.96188 -11.492 -1.82007e-18)
(-1.89655 -13.9621 3.57873e-18)
(-1.80041 -4.46931 4.674e-19)
(-1.96214 -8.1757 -2.28819e-19)
(-1.31428 1.48708 0)
(-1.52428 -1.07033 0)
(-0.879374 3.85197 0)
(-1.10685 3.12271 0)
(-0.631596 3.46269 -1.02054e-16)
(-0.718483 3.895 3.12646e-17)
(-0.162782 2.07438 -6.46626e-17)
(-0.464112 2.81052 1.26435e-16)
(0.814285 0.348589 0)
(0.261486 1.25843 -1.32628e-16)
(2.41303 -1.87904 -1.04463e-18)
(1.53431 -0.706944 0)
(5.3114 -4.52287 8.31453e-16)
(3.67004 -3.12204 -2.87096e-16)
(8.49962 -7.44548 -1.09882e-19)
(6.9643 -5.98859 0)
(11.5222 -10.6289 0)
(10.0553 -8.95568 -2.80508e-16)
(13.2681 -13.6023 -6.15008e-16)
(12.4406 -12.1759 0)
(10.1517 -13.7854 -3.01586e-16)
(12.9957 -14.0461 -6.80488e-19)
(1.51034 22.9891 3.40388e-17)
(2.4603 -0.726527 5.62063e-16)
(-0.140367 48.5926 2.51967e-21)
(-3.0976 37.5246 -4.13926e-17)
(3.53742 55.7979 4.66945e-17)
(1.94249 50.3099 2.34593e-19)
(27.4731 82.0205 -2.12713e-16)
(12.5448 71.4777 3.16099e-19)
(62.4863 95.1263 -4.23872e-16)
(46.1705 90.7821 -3.70259e-16)
(64.1902 54.1678 0)
(1.41318 90.9789 -4.50243e-17)
(6.97978 85.5941 0)
(-1.84813 98.0738 1.17928e-17)
(-0.923253 95.4581 -2.32759e-17)
(-1.20339 99.9071 9.86038e-17)
(-1.46626 99.3552 -9.78994e-17)
(-0.56607 99.3946 -4.93168e-17)
(-0.869074 99.7952 0)
(0.131553 97.3738 -4.86832e-17)
(-0.267805 98.5683 9.81118e-17)
(1.30125 94.074 0)
(0.689975 95.8604 0)
(1.05249 88.6344 0)
(1.52456 91.8109 0)
(-40.2829 87.6956 -6.39658e-17)
(-2.18676 83.8647 0)
(73.9201 98.7992 7.97653e-16)
(-38.9553 108.344 2.93732e-16)
(-31.7682 37.698 -2.39912e-16)
(-14.9791 36.9602 0)
(-56.4012 66.5114 -2.1956e-16)
(-51.4566 51.7938 -2.30349e-16)
(-42.3077 81.2872 2.049e-16)
(-53.302 80.3443 4.19032e-16)
(-12.3588 79.1484 3.34885e-16)
(-23.9604 74.2561 -2.00248e-16)
(-1.72276 61.552 -4.52683e-17)
(-5.695 65.3783 -3.09105e-16)
(4.07487 58.0203 8.20541e-17)
(0.6522 61.992 4.25183e-17)
(6.5946 23.7721 3.30683e-16)
(6.98289 42.3767 -3.38328e-19)
(0.935423 3.79902 -1.11482e-18)
(3.80987 10.6434 -3.34757e-16)
(-4.25133 -3.74288 9.10837e-16)
(-1.66407 -0.327034 -3.17248e-16)
(-8.92011 -9.27377 2.80449e-16)
(-6.78402 -6.75686 1.38295e-18)
(-11.2127 -13.6308 0)
(-10.4493 -11.5346 0)
(-10.2301 -17.8158 -2.83733e-16)
(-11.2473 -15.7311 2.65764e-16)
(-8.59244 -20.4656 0)
(-9.45523 -19.253 0)
(-4.81371 -22.8072 0)
(-6.44231 -21.9607 0)
(-1.78164 -21.4157 3.08201e-17)
(-3.2819 -22.8602 -6.36895e-17)
(-0.0264188 -16.7323 1.5551e-17)
(-0.690182 -19.2514 -4.62632e-17)
(0.375485 -10.3458 -3.80763e-18)
(0.250494 -13.7679 -1.1583e-17)
(0.275514 -3.65841 -3.71921e-18)
(0.33826 -6.8236 0)
(0.307169 0.946787 0)
(0.257403 -0.994729 0)
(0.625088 2.07103 3.58373e-18)
(0.449197 1.97102 0)
(0.89247 0.153484 3.49878e-18)
(0.753509 1.39958 -5.31055e-18)
(1.0709 -2.99748 0)
(1.02441 -1.4038 -1.72609e-18)
(0.896933 -5.71139 3.32211e-18)
(1.02524 -4.44763 -1.68471e-18)
(0.793972 -8.35618 -7.5938e-19)
(0.818026 -6.9324 -1.63716e-18)
(0.744312 -12.0869 0)
(0.780938 -10.0946 7.9469e-19)
(0.424138 -15.1822 7.62976e-19)
(0.638489 -14.0122 -7.64446e-19)
(-0.128779 -13.3495 -7.44245e-19)
(0.142324 -14.9396 7.51628e-19)
(-0.654476 -7.97059 0)
(-0.402584 -10.9013 -5.71504e-21)
(-0.916805 -2.72319 0)
(-0.848398 -5.07692 0)
(-0.500105 -1.06986 0)
(-0.806353 -1.3202 0)
(0.311185 -3.47505 -6.64831e-19)
(-0.0941275 -1.86614 5.2391e-21)
(0.51257 -6.34665 6.2687e-19)
(0.576161 -5.21222 -1.02101e-20)
(-0.464456 -5.54152 -3.82509e-20)
(0.0897649 -5.75951 0)
(-0.596261 -5.49187 1.1889e-18)
(-1.38007 -1.47347 -6.03785e-19)
(0.530164 -12.9385 -5.81429e-19)
(-2.51327 2.23052 -5.79365e-19)
(5.26255 -26.7951 2.64435e-19)
(-3.0911 7.36685 8.31275e-19)
(17.6724 -47.3291 -1.39247e-19)
(-2.36152 22.826 3.84752e-19)
(10.6835 67.1901 -3.12688e-19)
(30.9321 36.9916 7.39029e-16)
(15.1203 38.5789 -1.24278e-16)
(-3.44252 169.793 6.57504e-17)
(13.8383 65.5303 -1.65588e-16)
(-36.7215 3590.05 0)
(0.292446 160.798 -4.68147e-19)
(31.6482 2692.25 1.19289e-19)
(-13.2288 159.048 -4.55073e-16)
(14.9542 19.14 0)
(4.5105 6.96663 -4.76957e-16)
(-4.38447 6.93445 0)
(-1.63586 1.56179 0)
(1.66348 1.57841 -1.10346e-17)
(0.193058 0.284212 -4.11241e-18)
(-0.188355 0.28025 4.11075e-18)
(10.2187 60.74 1.05325e-17)
(-4.00519 170.2 1.65924e-16)
(-1.755 167.867 0)
(-1.87346 162.517 -5.21275e-16)
(-3.06195 166.655 2.55574e-16)
(-14.0078 40.711 -9.46119e-17)
(-7.31022 50.6383 -1.57022e-16)
(-10.9091 41.9551 1.36292e-16)
(4.78273 112.029 6.24043e-16)
(5.99252 101.74 -3.08922e-16)
(5.36688 106.91 6.13936e-16)
(7.73357 114.377 -8.62361e-19)
(9.02049 105.578 -6.10266e-16)
(8.35542 110.187 -3.07025e-16)
(10.2504 116.596 -6.18846e-16)
(11.9405 108.651 -8.8976e-19)
(11.0388 113.12 -3.0534e-16)
(12.5127 118.982 -6.18469e-16)
(14.7448 110.913 -6.00844e-16)
(13.587 115.78 0)
(0.513952 141.654 1.39858e-15)
(19.3337 43.9074 0)
(-16.1058 12.6686 0)
(-24.4739 62.6814 4.91052e-16)
(39.0332 42.1872 0)
(19.4867 61.8555 9.31134e-16)
(6.31168 132.661 7.73756e-16)
(0.461548 138.89 -8.37704e-16)
(-21.9309 90.2154 0)
(-19.6077 100.217 1.15895e-18)
(14.2483 -3.77366 0)
(-1.4881 58.9606 4.20112e-16)
(-8.72656 34.5549 4.35926e-17)
(9.54362 163.29 -1.15798e-15)
(5.31928 -14.3035 -1.18309e-15)
(-6.405 58.8775 1.12847e-15)
(-6.99999 -27.7529 -3.28629e-16)
(-34.1321 149.997 0)
(1.00876 -21.2381 0)
(-21.2059 142.248 0)
(19.9137 8.68366 0)
(-16.1255 98.8982 1.30899e-15)
(-9.93335 170.319 -1.40112e-15)
(-6.50507 73.2626 -5.61725e-16)
(35.5433 90.0304 -9.89583e-16)
(-5.77454 57.7849 -1.81982e-15)
(8.35831 140.708 -3.57456e-16)
(8.71709 62.2645 -2.92117e-17)
(4.03581 59.1885 -5.73324e-16)
(-10.9792 91.5894 1.11104e-16)
(-3.8546 118.239 -7.11054e-16)
(16.3554 12.2569 -2.76998e-16)
(-16.0889 154.222 8.88413e-16)
(6.76772 138.488 5.16393e-16)
(5.94252 -5.73114 0)
(-11.6488 -24.9818 0)
(-6.12557 176.231 1.61296e-15)
(-36.22 125.012 0)
(4.92311 166.077 -9.4155e-16)
(2.91037 38.7195 -7.52395e-16)
(-53.9773 76.7835 -1.21313e-15)
(11.5767 2.2305 1.4533e-16)
(17.3801 27.2885 -1.37988e-16)
(14.773 14.9617 0)
(-4.8058 2.52818 7.18277e-18)
(-3.44252 44.3504 5.39772e-16)
(-18.5906 167.417 -9.8966e-17)
(-7.43075 12.0711 8.69267e-16)
(0.555527 130.398 -1.41377e-15)
(6.93387 82.1031 -3.89991e-16)
(2.78653 22.0024 6.17006e-16)
(4.7108 16.698 -5.57491e-16)
(-4.99264 -13.1129 2.90585e-16)
)
;

boundaryField
{
    wall
    {
        type            noSlip;
    }
    outlet
    {
        type            inletOutlet;
        inletValue      uniform (0 0 0);
        value           nonuniform List<vector> 
33
(
(-11.74 5635.68 -9.1765e-19)
(15.6038 5170.73 0)
(-47.2069 5546.76 9.65905e-19)
(-23.5944 5595.28 -4.18925e-20)
(-41.9623 5575.21 1.96896e-18)
(-29.3666 5315.98 1.86952e-18)
(-36.6962 5444.51 -3.94763e-18)
(-32.2423 5073.97 -3.8173e-18)
(-35.0876 5185.24 1.87094e-18)
(-28.9543 4232.85 1.85102e-18)
(-36.3842 4828.88 1.90841e-18)
(-25.258 3582.17 1.90495e-18)
(-28.5943 3654.89 -1.91452e-18)
(-22.3229 4209.91 0)
(-19.9687 3770.46 -1.88512e-18)
(-21.6699 4269.08 0)
(-16.9858 4358.86 0)
(-25.0326 3924.18 -1.86671e-18)
(-22.2014 4058.55 0)
(-25.2068 4067.02 -1.88469e-18)
(-29.0402 4009.37 3.75455e-18)
(-13.9353 4162.56 0)
(-22.5473 4056.49 0)
(-7.74759 3465.29 0)
(-9.05695 4035.64 0)
(-13.4441 3086.51 2.23559e-20)
(-9.56159 2907.95 1.82528e-18)
(-11.8363 4421.87 0)
(-5.39596 3862.6 -1.98399e-18)
(-16.7417 3758.73 0)
(6.0041 4301.52 -1.18539e-19)
(-36.7215 3590.05 0)
(31.6482 2692.25 1.19289e-19)
)
;
    }
    inlet
    {
        type            inletOutlet;
        inletValue      uniform (0 0 0);
        value           uniform (0 0 0);
    }
    frontAndBackPlanes
    {
        type            empty;
    }
}


// ************************************************************************* //
