/*--------------------------------*- C++ -*----------------------------------*\
| =========                 |                                                 |
| \\      /  F ield         | OpenFOAM: The Open Source CFD Toolbox           |
|  \\    /   O peration     | Version:  2212                                  |
|   \\  /    A nd           | Website:  www.openfoam.com                      |
|    \\/     M anipulation  |                                                 |
\*---------------------------------------------------------------------------*/
FoamFile
{
    version     2.0;
    format      ascii;
    arch        "LSB;label=32;scalar=64";
    class       surfaceScalarField;
    location    "0.042";
    object      phi;
}
// * * * * * * * * * * * * * * * * * * * * * * * * * * * * * * * * * * * * * //

dimensions      [1 0 -1 0 0 0 0];

oriented        oriented;

internalField   nonuniform List<scalar> 
4475
(
0.000551122
-0.000555369
0.000705766
-0.000701505
6.5895e-05
-0.000215861
-3.5852e-06
0.000153692
0.00125853
-0.00143478
0.000129178
4.7068e-05
-0.000292763
0.000821085
0.000168632
-0.000696677
-0.000496961
0.000452283
0.000478075
-0.000433391
0.000421213
-0.0003132
-0.000476146
0.000368145
-0.000136092
0.000129448
0.000607905
-0.00060124
-0.000378848
-0.000518157
0.000450289
0.000446728
0.000472656
-0.000519611
-0.00045
-0.000412559
-6.49472e-06
4.76837e-05
0.000371524
-6.78175e-05
5.97002e-05
-0.000404267
-0.000447879
6.30295e-05
-3.23392e-05
0.000417263
-0.000461205
2.00756e-05
-6.69237e-06
-0.000473114
9.67285e-06
2.29381e-06
-0.000482067
5.68375e-06
3.31918e-06
-0.00048705
4.03274e-06
9.85866e-07
6.08291e-06
-0.000476752
-1.63473e-05
0.000465051
-3.75238e-05
-0.000459615
3.21094e-05
0.000487556
-1.6395e-05
0.000483479
8.14511e-06
0.000473555
1.56524e-05
0.000462701
2.0573e-05
0.000455806
2.70485e-05
0.000490808
2.80796e-05
0.000427051
-3.91121e-06
0.000401908
1.88176e-05
0.000511508
6.0244e-05
-0.000169639
0.000490166
2.67246e-06
1.89313e-05
0.000629755
-0.000637369
-0.000128461
-0.000472932
-4.13201e-05
0.000492928
-2.38517e-06
-8.34255e-08
0.000507233
-6.73356e-06
-7.19498e-06
0.000540493
-1.43844e-05
-1.83191e-05
0.000603285
-2.57774e-05
-3.61008e-05
0.00071502
-4.52278e-05
-6.47547e-05
0.000843491
-5.89603e-05
-6.77545e-05
0.000964959
-5.84999e-05
-6.12841e-05
0.00101173
-2.28308e-05
-2.28458e-05
0.00102647
-1.21426e-05
-1.413e-06
0.000998631
7.14593e-06
2.19027e-05
0.000964213
9.857e-06
2.5855e-05
0.000935434
6.97091e-06
2.31674e-05
0.000925601
-1.86003e-06
1.33456e-05
0.000950003
-2.08896e-05
-1.08427e-06
-2.91048e-05
0.000989931
-6.68027e-06
-0.000977208
0.00100203
-5.02372e-05
-0.00097099
-2.49714e-05
-0.000982281
1.09359e-05
-0.000999393
2.51368e-05
-0.000995408
6.83367e-06
-0.000969302
-1.73071e-05
-0.000910324
-6.84345e-05
-0.000844139
-8.79006e-05
-0.000787925
-0.000113762
-0.000728122
-0.000117378
-0.000651497
-0.000120813
-0.000573822
-0.00010252
-0.000531128
-5.65585e-05
-0.000508147
-2.93738e-05
-0.000503006
-7.21926e-06
-0.000521048
2.09834e-05
-0.000404873
8.5995e-05
-0.00020196
-0.000422974
6.59699e-05
-0.000409904
4.68013e-05
-0.000421303
2.45333e-05
-1.30358e-05
-0.000455615
2.0462e-06
-0.000468133
5.90382e-06
-0.000478457
1.26892e-05
-0.000486595
1.1512e-05
-0.000488565
3.0005e-06
-0.000494324
-1.05506e-05
-4.61052e-05
-2.35586e-05
0.00106719
-0.000103295
0.00106629
0.000493122
-2.69539e-05
-0.000482531
0.0004864
1.49055e-05
0.000477019
2.50786e-05
0.000467385
3.02595e-05
0.000464827
2.9671e-05
0.000468008
2.4991e-05
0.000448144
1.61418e-05
0.000446129
2.10225e-05
0.000477847
2.87359e-05
0.000484799
1.22296e-05
0.000494616
-9.61936e-06
0.000520419
-3.2563e-05
0.000567793
-6.51036e-05
0.000648035
-0.000115254
0.000712241
-0.000127896
0.000763283
-0.000117957
0.000816949
-0.000114243
0.000887744
-9.31242e-05
0.000953054
-6.41552e-05
0.000988219
-1.11993e-05
0.000999847
1.57231e-05
0.000987438
3.71456e-05
0.000973204
2.94658e-05
0.000972466
2.27048e-06
0.000992736
-2.27225e-05
-5.47789e-05
-0.000471556
6.67382e-05
-7.52178e-05
0.00105193
-8.9393e-05
-0.000438298
-0.000492814
-4.27994e-05
-0.00105648
0.00107567
-0.000117007
-0.00105019
-5.18048e-05
-0.00106098
-1.03658e-05
-0.00104964
3.36228e-06
-0.000995207
-2.72405e-05
-0.000918107
-6.9626e-05
-0.000838178
-9.40325e-05
-0.000789552
-0.000115359
-0.000750148
-0.000126647
-0.000725853
-0.000137458
-0.000703158
-0.000139352
-0.000676806
-0.000146531
-0.000642331
-0.000136371
-0.000580705
-0.000117462
-0.000539087
-7.05389e-05
-0.000515549
-3.04065e-05
-0.000498585
4.30376e-06
-0.00045623
4.38885e-05
-0.000440375
5.03422e-05
-0.00044074
4.73755e-05
-0.000446573
3.05626e-05
-0.000462645
1.81904e-05
-0.000475644
1.90166e-05
-0.000485998
2.31452e-05
-0.000496856
2.24433e-05
-0.000504337
1.05387e-05
-0.000507708
-7.1318e-06
-0.000458838
0.000694563
-0.000614557
0.000252288
-0.000514029
-0.000153563
0.000415321
-0.000315484
-0.000302491
0.00034771
0.000270277
0.000358032
0.000571101
7.49104e-05
-0.000115594
-0.000530382
0.000510654
3.35329e-05
0.00049508
3.05247e-05
0.000482755
3.74565e-05
0.000475736
3.73442e-05
0.000472519
3.29667e-05
0.000469675
2.79897e-05
0.00046416
2.18217e-05
0.000466715
1.86417e-05
0.000482763
1.28987e-05
0.000505031
-9.7808e-06
0.000536759
-4.0984e-05
0.000591864
-8.7126e-05
0.000649581
-0.000121896
0.000673631
-0.000138631
0.000693696
-0.000147352
0.000715958
-0.000139645
0.000736344
-0.000134104
0.000768139
-0.000124296
0.000818188
-0.000113202
0.000903129
-9.41928e-05
0.000988569
-6.5844e-05
0.00104409
-1.56702e-05
0.00105639
1.90133e-05
0.00104839
1.25851e-05
0.00104978
-2.05182e-05
0.00106702
-8.6458e-05
5.28143e-05
0.00110795
-8.20646e-05
5.96886e-06
0.00111566
-3.27202e-05
0.00112342
-7.59946e-05
0.0011257
-0.000437094
0.000425316
-0.000506369
0.00110942
-0.000102159
-0.000592279
-0.000540043
0.000673508
-0.000484488
0.000727743
0.000408825
-0.000652042
-0.000102875
-0.000479307
0.000557725
-0.000431969
0.000565963
-0.000691711
0.000462937
0.000455694
-0.000466341
-0.000607
1.03263e-05
0.000125136
-0.00051845
-3.20149e-05
3.67349e-05
-5.0473e-05
0.00112516
5.24024e-06
0.00115001
-1.87579e-05
0.00115054
-5.19272e-05
0.00116183
-6.68479e-05
0.00112742
-0.00109273
-8.31192e-05
0.00111067
-0.00108497
-0.000105492
-0.00111581
-8.13937e-05
-0.00113042
-3.21455e-05
-0.00106388
-7.0727e-05
-0.000951202
-0.000106095
-0.000856548
-0.000119688
-0.000797316
-0.000127334
-0.000756772
-0.000132854
-0.00073334
-0.000137777
-0.00071689
-0.000142486
-0.000707548
-0.000146279
-0.000695868
-0.000150538
-0.000690399
-0.000151561
-0.000680873
-0.000145429
-0.000662702
-0.000135153
-0.000619137
-0.000113545
-0.000568066
-8.0731e-05
-0.000531582
-3.17535e-05
-0.000492776
5.38072e-06
-0.000475046
3.2836e-05
-0.000462808
3.53351e-05
-0.000467305
3.52438e-05
-0.000479115
3.01746e-05
-0.000488932
2.90011e-05
-0.000498617
3.29947e-05
-0.000509356
3.32891e-05
-0.000522099
2.3361e-05
2.20222e-06
-0.000531368
8.19935e-05
-6.37896e-05
-0.000562718
0.000544538
0.000647508
-0.000782727
0.000704603
-0.000569381
0.00044696
-0.000429136
0.000460256
0.000570836
6.59041e-05
5.78416e-05
0.000591642
0.000128434
-0.000149217
0.000590254
0.000130864
0.000575926
0.000117072
-0.00010271
0.000558738
9.9214e-05
0.000549286
8.84816e-05
-7.8995e-05
0.000548085
7.61501e-05
0.000523105
5.85599e-05
0.000505583
4.81035e-05
0.000494657
4.84594e-05
0.000490137
4.19518e-05
0.000484415
3.8843e-05
0.000483889
2.86692e-05
0.000485313
2.05847e-05
0.000500287
3.893e-06
0.00052933
-1.58264e-05
0.000569897
-4.98812e-05
0.00062745
-9.7691e-05
0.000662614
-0.000121873
0.000681486
-0.000140307
0.000687942
-0.000144684
0.000692125
-0.000151159
0.000701346
-0.000148439
0.000710094
-0.000142349
0.000724427
-0.000137982
0.000748789
-0.000136785
0.000784886
-0.000129173
0.00084109
-0.000119986
0.000936079
-0.000107849
0.00105687
-9.79044e-05
0.00113092
-5.49925e-05
0.00112433
-8.36613e-06
0.00109304
-4.96835e-05
0.00109186
-7.50938e-05
-6.57705e-05
0.00111115
5.6971e-05
0.00135501
-0.00107995
-0.000332034
-0.00053777
0.000503232
-0.000889623
0.0009059
0.000312374
-0.000328642
-5.36461e-05
0.000766312
6.94469e-05
-0.000782016
-0.00141411
-0.000211302
0.000495515
0.00112989
-0.000588665
-0.000435838
-8.17175e-05
-0.000539576
-0.000546344
-7.11315e-05
0.000553705
-0.00110892
0.00109038
-6.26816e-05
-0.00112906
-8.17688e-05
-0.00110758
-9.8648e-05
-0.0010062
-0.00012361
-0.00090749
-0.000164895
-0.000847285
-0.000163872
-0.00079605
-0.000169414
-0.000757326
-0.000164163
-0.000733483
-0.000155453
-0.000717719
-0.000152781
-0.000706575
-0.000153024
-0.000698214
-0.00015413
-0.000695061
-0.000153244
-0.000697983
-0.000148244
-0.000698206
-0.000144829
-0.000695258
-0.000137718
-0.000680792
-0.000127595
-0.000653174
-0.000107894
-0.000602655
-8.1721e-05
-0.000558447
-3.84591e-05
-0.000521555
-3.77072e-06
-0.000498588
1.26079e-05
-0.000495221
3.20877e-05
-0.000500298
3.5446e-05
-0.000508169
3.70583e-05
-0.000518243
4.32473e-05
-0.000527538
4.276e-05
-0.000537384
3.33346e-05
-0.000555545
2.04638e-05
-1.82039e-05
-0.000545122
-0.000498578
-0.000476267
0.000542883
-0.000224503
-0.000752416
0.000737716
0.000239284
0.000604038
0.000119608
-0.00065771
0.000602668
0.000129842
0.000596009
0.000137564
0.000582059
0.000131062
0.000567931
0.000113385
0.000556791
9.96697e-05
0.0005465
8.64933e-05
0.000531845
7.32806e-05
0.000518284
6.17568e-05
0.000512465
5.44079e-05
0.00050416
5.03896e-05
0.000504168
3.89877e-05
0.000511108
2.19138e-05
0.000533648
-1.68892e-06
0.000565836
-2.7893e-05
0.00061866
-6.79115e-05
0.000665645
-9.62943e-05
0.000685065
-0.000116671
0.000696158
-0.000132659
0.00069739
-0.000141261
0.000697517
-0.00014452
0.000693208
-0.000146527
0.000693323
-0.000148171
0.000700671
-0.000149196
0.000715124
-0.000151764
0.000727738
-0.000148645
0.000748344
-0.000148816
0.000785965
-0.000155806
0.000841618
-0.000161595
0.000902302
-0.000155853
0.0010022
-0.000150268
0.00112162
-0.000118579
0.00113157
-5.62203e-05
0.00112136
-6.19076e-05
0.00111424
-5.63964e-05
4.81299e-05
-3.67757e-05
0.00110302
2.54415e-05
0.00113452
2.86352e-06
0.00115014
-4.54862e-06
0.00115941
-6.52856e-06
0.00115454
-1.267e-05
0.00116975
-3.89999e-05
0.00115437
-5.36926e-05
0.00112645
0.00106518
-3.04335e-05
-0.000933933
-0.000363032
0.000407346
-7.73053e-05
0.000106845
-0.00126575
0.00123621
-0.000757913
0.00062836
-0.00104607
0.00117562
-0.00070623
-0.000420189
0.000622909
0.000671446
-0.000743224
-0.000465654
0.000368307
0.000768801
-0.000566762
-6.90535e-06
-5.31255e-05
-0.000573668
-0.000444614
-0.000520909
0.00046695
-0.000563468
-0.00036751
0.000224759
-0.000743918
0.000440803
-0.000526243
0.000829363
0.000430167
0.000479738
0.000622431
-0.000630606
0.000127826
0.000605332
0.000146985
0.00059645
0.000146491
0.00058618
0.000141381
0.00057487
0.000124755
0.000564897
0.000109715
0.000554979
9.64966e-05
0.000546846
8.15124e-05
0.00053602
7.27593e-05
0.000529083
6.15283e-05
0.000532479
4.7196e-05
0.000547458
2.42462e-05
0.000577727
-8.05144e-06
0.000617775
-4.13184e-05
0.000667759
-7.72032e-05
0.000694016
-9.37545e-05
0.000708598
-0.000110556
0.000716827
-0.000124622
0.000715581
-0.000131128
0.00070827
-0.000133661
0.000702352
-0.000138195
0.000697907
-0.000141674
0.000694694
-0.000144528
0.00069796
-0.000152002
0.000703025
-0.000156285
0.000714848
-0.000159769
0.000736566
-0.000169543
0.000764204
-0.00018166
0.000795423
-0.000191202
0.000835054
-0.000194239
0.000875009
-0.000187438
0.000942636
-0.000180278
0.0010402
-0.000138862
0.00109326
-0.0001155
0.00109189
-5.60045e-05
0.00105145
1.55656e-06
-4.48509e-06
4.84411e-05
0.00100408
1.73118e-05
0.00107762
1.07702e-06
0.00115111
-2.75884e-05
0.00117987
-1.54196e-05
0.00114703
8.9124e-06
0.00113026
2.11627e-05
0.00115728
-1.71176e-06
0.0011771
-8.45649e-06
0.00113348
1.33663e-05
0.00104071
-0.00100647
0.000962417
5.29299e-05
-0.00105288
1.43531e-05
-0.00106866
-4.71847e-05
-0.00103259
-0.000116896
-0.000962734
-0.000156155
-0.000871666
-0.000208826
-0.000834939
-0.000198843
-0.000796154
-0.000201447
-0.000766332
-0.000197841
-0.000739766
-0.000188872
-0.000718846
-0.000175234
-0.000704018
-0.000166857
-0.000695472
-0.000160986
-0.000695055
-0.000154054
-0.00069808
-0.000149775
-0.000702262
-0.000143638
-0.000707368
-0.000139303
-0.000711164
-0.000133539
-0.000708959
-0.000129423
-0.000700248
-0.000116277
-0.000682228
-9.93754e-05
-0.000643789
-7.64459e-05
-0.000600318
-4.67474e-05
-0.000562728
-2.46379e-05
-0.000542012
1.16478e-05
-0.00053282
2.64932e-05
-0.000534137
3.85976e-05
-0.000540379
4.97004e-05
-0.000551052
5.36413e-05
-0.00056523
4.77169e-05
3.00983e-05
-0.000574715
-0.000523675
-0.000496942
0.000544354
-3.53575e-05
-0.000584465
-0.000650753
-5.51808e-05
0.000132304
-5.74992e-05
-0.000440938
-0.000567138
0.000639837
-0.000592101
-0.000415233
0.000614196
-0.000394528
-0.000360266
0.000538657
-0.000681374
-0.000301475
0.000758453
0.000112987
-1.58118e-05
0.000656141
0.000105023
-0.00064813
0.000629681
0.00015434
0.000611646
0.000165073
0.000598122
0.000160074
0.000592118
0.000147454
0.000584585
0.00013238
0.000579837
0.000114584
0.000570824
0.000105666
0.000561157
9.1341e-05
0.000560869
7.32313e-05
0.000572304
5.03169e-05
0.000600767
1.90219e-05
0.0006402
-1.47814e-05
0.000685872
-5.30511e-05
0.000715527
-7.05699e-05
0.000727304
-8.86725e-05
0.000738353
-0.000104557
0.000740335
-0.000112294
0.000733414
-0.000117442
0.000723433
-0.000120856
0.000717715
-0.000127531
0.000712741
-0.000132732
0.000709698
-0.000138135
0.000709723
-0.000144046
0.000709686
-0.000151429
0.000711064
-0.000157069
0.000719705
-0.000167681
0.000731748
-0.000180542
0.000745292
-0.00019363
0.000761728
-0.000206099
0.000783123
-0.000214652
0.000807193
-0.000209547
0.000833696
-0.000203351
0.000931639
-0.000227669
0.000975256
-0.000158352
0.000974811
-5.52426e-05
0.000943367
3.28768e-05
0.000906574
8.41678e-05
-8.57851e-05
0.000878046
0.000112501
-5.69937e-05
0.000971898
-3.8807e-05
0.00105439
-4.37349e-05
0.00115506
-3.0994e-05
0.00116449
-8.68221e-06
0.00112035
1.29604e-05
0.00110448
4.02469e-05
0.00112503
4.74334e-05
0.00116722
5.00993e-05
0.00112921
6.62816e-05
0.00102215
9.03486e-05
0.000935734
-0.000863107
0.00083975
0.000111323
-0.000896662
8.3578e-05
-0.000915241
3.13026e-05
-0.000906007
-5.75273e-05
-0.000870176
-0.00015362
-0.000791539
-0.000224
-0.000785036
-0.000210978
-0.00077448
-0.000207453
-0.00075863
-0.000216552
-0.000743092
-0.000212075
-0.00072667
-0.000203699
-0.000714977
-0.00018585
-0.000707929
-0.000173063
-0.000705752
-0.0001625
-0.000705633
-0.000153596
-0.000708391
-0.000146504
-0.00071151
-0.000140025
-0.000717854
-0.000132455
-0.00072384
-0.000127168
-0.000733107
-0.000119841
-0.000733908
-0.000115198
-0.000725761
-0.000107255
-0.000711668
-9.02743e-05
-0.000687758
-7.03668e-05
-0.000656451
-5.55946e-05
-0.000618023
-2.64071e-05
-0.00058796
-3.27375e-06
-0.000570217
2.11135e-05
-0.000567062
4.67814e-05
-0.000573168
5.99711e-05
-0.000586206
6.09746e-05
4.81124e-05
-0.000604004
-0.000586293
4.79159e-06
-0.000498126
-0.000546454
-0.000509738
-0.000557602
0.000570402
0.000568507
0.00118973
-0.00113011
-0.000628128
-0.000594662
-2.68902e-05
-0.000622724
-0.000242997
0.000113366
-0.000649933
-0.000333014
-0.000640129
-0.000404307
1.24825e-05
-0.000213986
-0.000449228
-0.000245868
-0.000504575
2.59291e-05
-0.000597016
-4.2577e-05
-0.000460986
-0.000572046
-0.000581166
-0.000474182
-0.000122889
0.000138365
0.000860865
-0.00011083
0.00095693
-0.000102139
0.0010423
-6.24176e-05
0.00111188
-2.22189e-05
0.00111604
-1.0234e-06
0.00109385
1.20675e-05
0.00108522
3.45654e-05
0.00109645
8.22096e-05
0.00111254
0.000115389
0.00109196
0.000121322
0.00101338
0.00012938
0.000925868
0.000136892
0.000830641
-0.000736052
0.000141338
0.000730246
-0.000747537
0.000121027
-0.000754833
9.00632e-05
-0.000740398
1.65987e-05
-0.000731128
-6.67878e-05
-0.000734725
-0.000148083
-0.000729244
-0.000220792
-0.000727859
-0.000209409
-0.000718847
-0.000215722
-0.000720062
-0.000214629
-0.000719967
-0.000211191
-0.000719211
-0.000203118
-0.000715324
-0.00018855
-0.000714677
-0.000172739
-0.000714979
-0.00016147
-0.000715284
-0.000152652
-0.000717939
-0.000143337
-0.000721626
-0.000135783
-0.000725369
-0.000128239
-0.000731601
-0.000120399
-0.000737818
-0.000113251
-0.000747373
-0.000105373
-0.000756691
-9.77001e-05
-0.000755188
-9.15549e-05
-0.00074398
-8.13555e-05
-0.000727325
-7.20292e-05
-0.000710094
-4.33572e-05
-0.000676135
-3.68445e-05
-0.000644061
-1.05808e-05
-0.000614826
1.78446e-05
-0.000602481
4.78814e-05
-0.00060712
6.58477e-05
7.05686e-05
-0.000629351
1.84335e-05
-0.000617435
0.000485026
-0.000394906
-0.000519251
-0.000465631
-0.000599629
0.000643037
-0.000170626
0.000214545
-0.000686855
0.00136758
-7.75411e-07
-0.00133499
-3.18183e-05
0.000628485
0.000185387
-0.000659454
0.000615452
0.000178187
0.000607841
0.000167769
0.00060533
0.000150084
0.000602673
0.000135185
0.00059399
0.000123517
0.000593255
0.000106665
0.000605659
7.92284e-05
0.000632574
4.66482e-05
0.000672575
1.07247e-05
0.000713775
-2.16118e-05
0.000745153
-4.56959e-05
0.000757191
-6.47994e-05
0.000768094
-8.12949e-05
0.000769465
-8.98675e-05
0.000759475
-9.4388e-05
0.000748214
-0.000100836
0.000739081
-0.000108039
0.000733355
-0.000114729
0.000727817
-0.00012147
0.000724036
-0.000128423
0.000721819
-0.000135373
0.000720881
-0.000142544
0.000720324
-0.000150278
0.00072187
-0.000157951
0.000721644
-0.000166674
0.000724956
-0.000182647
0.000728334
-0.000195683
0.000732461
-0.000208921
0.000731007
-0.000212658
0.000738319
-0.000215608
0.000744494
-0.000207219
0.000739889
-0.000218534
0.000759109
-0.000169124
0.000780594
-7.60786e-05
0.000796574
1.7246e-05
0.000784417
9.59458e-05
0.000768442
0.000127005
0.000758983
0.000146904
-0.000514868
-0.000593408
0.00059854
-0.00054437
-0.000559683
0.0010987
-5.43813e-05
9.1555e-05
-0.00113588
-0.000522186
-6.23107e-05
-0.000419234
-0.000589914
-4.72478e-05
-0.000619142
0.00062615
0.000133492
-0.000614429
0.000115658
-0.00059031
6.62791e-05
-0.000578406
5.37637e-06
-0.000581433
-6.28898e-05
-0.000599303
-0.000127935
-0.000630103
-0.000185178
-0.000642662
-0.000195059
-0.000657877
-0.000199831
-0.000672785
-0.000199271
-0.000687
-0.000196135
-0.00069747
-0.000191672
-0.00070336
-0.000181509
-0.000706746
-0.000168289
-0.000711794
-0.000155544
-0.000716934
-0.00014683
-0.000721174
-0.000138536
-0.000726016
-0.00013041
-0.0007314
-0.000122368
-0.000737046
-0.000114262
-0.000743623
-0.000106188
-0.000750566
-9.80709e-05
-0.000757553
-9.044e-05
-0.000766964
-8.19483e-05
-0.000775585
-7.25452e-05
-0.000781632
-6.57957e-05
-0.000770021
-5.47801e-05
-0.000759707
-4.69668e-05
-0.00074377
-2.62653e-05
-0.000715657
-9.92821e-06
-0.000679868
1.24732e-05
-0.000657049
4.3326e-05
-0.000658116
7.18972e-05
4.68392e-05
-0.000657533
0.000438702
-0.000360851
0.000407184
-0.000627541
-0.000410131
-0.000161287
0.000162576
0.000757141
-0.000155248
0.000853241
-0.000143562
0.000942577
-0.000118111
0.00101223
-7.08532e-05
0.00105677
-3.01007e-05
0.00106883
-4.03715e-06
0.0010622
1.80867e-05
0.00105679
4.46617e-05
0.00106378
9.10558e-05
0.00106015
0.000135741
0.00104006
0.000153656
0.000992274
0.000160173
0.000917659
0.000161649
0.000827954
0.000157908
0.000733124
0.000145888
0.000637574
0.000588745
-0.000397371
-0.000586276
0.000670288
-0.000473008
0.000656436
-0.000390423
0.000650085
-0.000326611
-0.0002742
-0.000422822
0.000408271
0.000444727
-0.000169027
-0.000658186
-0.000416459
0.000395915
-5.20573e-06
2.58318e-05
-0.000267943
-0.000733121
0.000708442
0.000620389
0.000177736
-0.000612618
0.000626352
0.000172344
0.000629624
0.000164631
0.000624885
0.000155075
0.000627337
0.000132996
0.000643814
0.000107339
0.000675009
7.58352e-05
0.000713292
4.14473e-05
0.000751977
8.49165e-06
0.000779578
-1.65703e-05
0.000793589
-3.54738e-05
0.000800539
-5.25069e-05
0.000798708
-6.28334e-05
0.000786115
-6.85677e-05
0.000773592
-7.72012e-05
0.000764658
-8.52647e-05
0.000756788
-9.27088e-05
0.000749148
-0.00010003
0.000742462
-0.000107522
0.000736856
-0.00011533
0.000731768
-0.000122813
0.000727164
-0.000130223
0.000722643
-0.000137429
0.000717941
-0.000144921
0.000713767
-0.000153016
0.000710947
-0.000162952
0.000706637
-0.00017716
0.000700758
-0.000188555
0.0006877
-0.000195143
0.000673417
-0.000197865
0.00065971
-0.000201282
0.000647638
-0.000193344
0.000622655
-0.000190711
0.000603539
-0.000146388
0.000601126
-7.30881e-05
0.000615621
3.15109e-06
0.000642379
6.9322e-05
0.000646115
0.000122798
0.000651686
0.000141067
0.000659796
0.000154319
7.96465e-05
0.00110086
-8.18002e-05
-3.47952e-05
-0.000609377
-0.00034308
0.000178945
-0.000511858
-0.000638672
0.000635665
-0.000506202
-0.000637794
-0.000556343
-0.000596745
-0.00115823
-0.000141266
0.00124512
0.00128945
-4.71094e-05
-0.00118537
0.000473937
-4.44734e-05
-0.000607691
0.000125174
-0.000736187
0.000463559
0.00034187
-0.000360691
-0.000380561
-0.000979419
0.000426049
0.000396256
-0.000592113
-0.000500392
0.000696439
-1.38922e-05
-0.00131207
-8.55122e-05
0.00141147
-0.000526603
0.00054251
0.00012979
-0.000510602
0.000117253
-0.000483826
8.92547e-05
-0.000463254
4.62088e-05
-0.000456121
-1.26794e-06
-0.000467228
-5.09636e-05
-0.000491411
-0.000102083
-0.000529461
-0.000144428
-0.000559296
-0.000163808
-0.000585052
-0.000173225
-0.000610662
-0.000173156
-0.000633881
-0.000172335
-0.000654241
-0.000170529
-0.000669088
-0.000165712
-0.000679825
-0.000156431
-0.000689353
-0.000144983
-0.000698785
-0.00013669
-0.000707967
-0.000128812
-0.000716625
-0.000121258
-0.000724765
-0.000113721
-0.000733019
-0.000105526
-0.000741045
-9.76622e-05
-0.000749163
-8.95489e-05
-0.000757499
-8.17437e-05
-0.000764755
-7.44349e-05
-0.000770298
-6.67941e-05
-0.000779477
-5.64431e-05
-0.00079286
-4.12404e-05
-0.000798736
-4.09407e-05
-0.000798784
-2.60684e-05
-0.000793066
-1.54949e-05
-0.000778787
-1.60006e-06
-0.000758991
2.38417e-05
-0.000737056
5.03203e-05
0.000105902
-0.000717457
0.000559404
-0.0003315
-0.000909809
0.000801701
-0.000447245
0.000627957
-0.000459322
-0.00107844
-0.000175112
0.000164518
0.000670209
-0.000177835
0.000759402
-0.000173121
0.000847155
-0.000154921
0.00092215
-0.000122733
0.000976605
-7.85134e-05
0.00100759
-3.54702e-05
0.00102127
-2.66913e-06
0.00102464
2.26206e-05
0.001026
5.63902e-05
0.00102497
9.86754e-05
0.00101364
0.000140248
0.000994776
0.000168616
0.000961332
0.000181412
0.000903131
0.000181016
0.000827136
0.000172675
0.000740738
0.000159306
0.000650504
0.000139635
0.000562117
-0.000432935
0.000688954
-0.000456177
0.000662997
-0.000364433
0.000640751
-0.000304307
0.000617687
-0.000251044
-0.000294099
0.000610423
-9.21022e-06
-3.7311e-05
0.000624699
-0.000721105
0.000639052
0.000182926
-0.000627781
-0.000194043
0.000638958
0.000178013
0.000643087
0.000168409
0.000657424
0.000150516
0.000686254
0.000126517
0.000720879
9.87333e-05
0.000759308
6.94606e-05
0.000791826
4.38258e-05
0.000814075
1.94943e-05
0.000825158
-2.4794e-06
0.000825991
-1.7299e-05
0.000820242
-2.96225e-05
0.000807773
-3.99361e-05
0.00079594
-5.0891e-05
0.000787102
-5.95697e-05
0.0007779
-6.77868e-05
0.000768611
-7.5719e-05
0.000759536
-8.33183e-05
0.000750574
-9.0654e-05
0.000741635
-9.80374e-05
0.000732477
-0.000105622
0.0007232
-0.000112999
0.000713788
-0.000120234
0.000704275
-0.000127361
0.000694954
-0.000134923
0.000685371
-0.00014269
0.00067676
-0.000153277
0.000664843
-0.000164157
0.000647285
-0.000170109
0.000625431
-0.000172745
0.000601247
-0.000173267
0.000573764
-0.000173066
0.000548759
-0.000166627
0.000512734
-0.0001526
0.000482772
-0.000114474
0.000469123
-5.88682e-05
0.000477306
-5.30547e-06
0.000500127
4.63104e-05
0.000528321
9.44595e-05
0.000544851
0.000124242
0.000560797
0.000138204
0.000578686
0.000146499
0.000615735
-0.000396735
-0.000616355
-4.70271e-05
-0.000645087
0.000564859
-0.0006384
-0.000657439
0.00064971
-0.000440293
0.000448028
-0.000660426
-0.00046923
0.000472222
-0.000500914
-0.000671367
-0.000604701
-5.18037e-05
-0.000692936
-0.000643343
-0.000551668
-0.000628043
-0.000606493
0.00137474
-0.00133881
-4.98183e-05
0.000685468
-0.000504658
0.000394064
-0.00057486
-0.00136499
0.00122539
-7.17007e-05
0.000429958
-0.000296218
0.000764342
3.45543e-06
-0.000255358
0.000563779
0.000250997
0.00112622
-0.00110958
7.49146e-05
8.10492e-05
0.00112482
0.00080984
6.06549e-05
0.000813765
4.65494e-05
0.000812974
2.47799e-05
0.000804271
7.2416e-06
0.000795757
-6.84892e-06
0.000787712
-1.79029e-05
0.000774863
-2.79452e-05
0.000771707
-3.79051e-05
0.000762009
-4.65319e-05
0.000751258
-5.57984e-05
0.000740829
-6.37069e-05
0.000730066
-7.05866e-05
0.000719109
-7.81374e-05
0.000707798
-8.58386e-05
0.000696089
-9.33348e-05
0.000683479
-0.000100602
0.000670289
-0.000107572
0.00065647
-0.000114385
0.000641937
-0.000121438
0.000627417
-0.000129474
0.000609715
-0.000137765
0.000587669
-0.000142836
0.000562131
-0.000144246
0.000534216
-0.000143752
0.000504074
-0.000142383
0.000470171
-0.000138483
0.000433356
-0.00012588
0.000396909
-0.000106412
0.000370595
-7.46967e-05
0.000358361
-3.81043e-05
0.000360337
-2.72585e-06
0.000375166
3.17188e-05
0.000399411
6.51786e-05
0.000424518
9.25505e-05
0.00044752
0.000107136
0.000473662
0.00011392
8.34019e-05
0.00111452
-9.70653e-05
-0.000168985
0.000149675
0.000597836
-0.000181433
0.000682203
-0.00018566
0.000763068
-0.000177235
0.000837414
-0.000154609
0.000897638
-0.000120975
0.000940293
-7.94284e-05
0.000962576
-4.01241e-05
0.000978449
-6.16273e-06
0.000986815
2.75844e-05
0.000988011
6.35112e-05
0.000985257
0.000101034
0.000973254
0.000138301
0.000955309
0.000169684
0.000928119
0.00018701
0.000884179
0.000190128
0.000822714
0.00018298
0.000747057
0.000166466
0.000666583
0.000145756
0.000582914
0.000119127
0.000500484
0.000611006
-0.000326754
-0.000122392
-0.000660569
-0.00040515
0.000634019
0.000420853
0.000316541
0.00128919
-0.000993489
-0.000612241
0.00020902
-0.00105071
0.000130134
-0.00105699
9.19488e-05
-0.0010714
0.00110527
5.81134e-05
-0.00107143
0.00111187
6.83103e-05
0.00111791
7.5015e-05
-0.000116165
0.000158252
0.00107582
0.000716284
-0.000341101
5.91352e-05
0.0010822
-0.00106257
-7.87656e-05
0.00035057
0.000671895
-0.000336981
0.000341972
0.000725262
-0.000812262
-0.000254946
0.000743233
-0.000675678
-0.000423532
0.000658924
-0.000685623
-0.000459279
-0.000488291
-0.000698243
-5.78958e-05
-0.000591191
0.000613101
-0.000384166
-0.000625646
7.37624e-05
-3.082e-05
0.000722734
-0.000377181
0.000674931
-0.000316583
0.000639716
-0.000269023
0.000642665
-0.000253882
-0.000262707
0.000611385
-0.000481963
0.000735339
0.000357181
0.000339864
-0.000207736
-0.000510974
0.000378961
0.000662884
0.00021802
-0.000243067
-0.000637681
0.000670556
0.000175445
0.000696149
0.000152672
0.000731535
0.000133356
0.000766532
0.000116016
0.000795613
9.78092e-05
0.000816205
7.83413e-05
0.000827979
5.7794e-05
0.000834297
3.76053e-05
0.000833295
2.05963e-05
0.000824977
5.93782e-06
0.000815716
-7.92096e-06
0.00080694
-2.07148e-05
0.000798384
-3.12377e-05
0.000788095
-4.04246e-05
0.000777366
-4.86336e-05
0.000766012
-5.61903e-05
0.000754149
-6.35925e-05
0.000741859
-7.07043e-05
0.000729522
-7.79062e-05
0.000716978
-8.49393e-05
0.0007039
-9.20171e-05
0.000690642
-9.91829e-05
0.000676762
-0.000105828
0.000662769
-0.000112763
0.000647939
-0.000119469
0.000633094
-0.000127083
0.000617722
-0.000136889
0.000597915
-0.000143416
0.000573769
-0.000145193
0.000547059
-0.000145413
0.000517711
-0.000143288
0.000485492
-0.000139918
0.000449807
-0.000129622
0.000411591
-0.000112978
0.000380896
-8.26953e-05
0.000366515
-4.393e-05
0.000367919
-6.28124e-06
0.000383267
3.14241e-05
0.000410718
6.74192e-05
0.000437896
9.73447e-05
0.000461683
0.000114252
0.000487374
0.000120678
0.000513905
0.000123033
0.000685601
0.000412797
-0.000704324
0.000661576
0.000374604
-0.000295905
0.000338534
0.00061896
-0.00123974
0.000118998
0.00126794
-0.000147198
0.000596405
-0.0002204
-7.08125e-05
-0.000625876
-5.51862e-05
0.00126791
4.5814e-05
0.000311914
0.000549323
-0.000264788
0.000151317
0.001163
-0.00025322
-0.00106109
-0.000666766
-0.000604617
-0.000674728
-0.000541198
-0.000681833
0.000400447
-0.000687644
0.000661808
0.000683197
-0.000434256
-0.000708213
0.000660118
0.00109206
-0.000709096
0.0013303
0.000107491
-6.3055e-05
-0.00118446
0.000235122
0.00110759
0.000748432
-0.000644704
-0.000886453
-0.000691522
-0.000208009
0.000679196
-0.000285237
-0.00117552
6.60733e-05
-0.00116197
5.47591e-05
-0.0011162
1.23447e-05
0.000774155
5.29085e-05
0.000778556
4.22451e-05
0.000773868
2.95723e-05
0.00076693
1.42923e-05
0.00075905
1.16205e-06
0.000753099
-1.17951e-05
0.000742926
-1.75947e-05
0.000733329
-2.81044e-05
0.000720408
-3.33833e-05
0.000707453
-4.25924e-05
0.000694079
-5.00148e-05
0.000681918
-5.80429e-05
0.00066895
-6.46934e-05
0.000655278
-7.165e-05
0.000640688
-7.82136e-05
0.000625198
-8.45942e-05
0.000608998
-9.08232e-05
0.000591975
-9.67567e-05
0.000573835
-0.000102586
0.000554853
-0.000109529
0.0005327
-0.000114616
0.000506398
-0.000115673
0.000476866
-0.00011393
0.000445115
-0.000111319
0.000410743
-0.000107349
0.000373924
-0.000100876
0.000338242
-8.91842e-05
0.00030613
-7.32225e-05
0.000283396
-5.10955e-05
0.000272468
-2.65346e-05
0.000271873
-1.60558e-06
0.00028216
2.19408e-05
0.000302583
4.52535e-05
0.000328728
6.69613e-05
0.000355362
8.10603e-05
0.00038071
8.91529e-05
0.000406493
9.39451e-05
-0.000634703
-0.000227861
0.000599979
-0.000663894
-0.000224569
-0.000688122
-0.000244672
-0.000749304
-0.000255309
-0.000825888
-0.000300555
-0.000924089
-0.000349027
-0.00112132
0.000772092
0.000844741
-0.000239363
0.000595035
-0.000667384
0.000713875
-0.000385148
0.000638934
0.000364362
0.000635994
-5.67832e-05
0.00109847
3.41419e-05
6.6461e-05
0.0011072
0.000423654
-0.000771731
-0.000356243
-0.000463607
-0.000732893
0.000597149
-0.000196993
0.000137332
-0.000537473
1.32569e-05
-0.00116378
3.32544e-05
-0.000548407
0.000633858
-0.000347486
0.000264649
-0.000206393
-0.00100253
0.000944274
-0.00122169
-3.68459e-06
0.00113986
-0.000368456
-0.00101494
-0.000149729
0.000127804
0.000535677
-0.000172513
0.000620339
-0.000184182
0.00069322
-0.000185555
0.000763544
-0.000173526
0.000824041
-0.000149667
0.000872087
-0.000115727
0.000904183
-7.99135e-05
0.000923976
-4.38991e-05
0.000939465
-6.56592e-06
0.000946348
2.99513e-05
0.000948281
6.60152e-05
0.000946327
0.000101501
0.000935616
0.000135719
0.000919525
0.000165229
0.000897198
0.000184812
0.000863117
0.000193356
0.000812911
0.000187427
0.000752072
0.000171804
0.000681566
0.000147112
0.000607594
0.000124372
0.000523447
9.73753e-05
0.000434142
0.000254633
-0.000983473
0.000194316
-0.000990393
0.000134545
-0.00099722
8.44288e-05
-0.00102128
4.29955e-05
-0.00103
-1.48583e-06
-0.00107172
-0.0012751
7.54402e-05
-9.30852e-05
-0.000638097
-0.000373722
0.000623605
0.000330338
0.000600576
-0.000364892
0.000556238
0.000358104
-0.000624122
0.000768486
0.000252
9.48078e-05
0.00117611
-0.00114174
7.08344e-05
0.00116268
-0.000695664
-0.000645827
-0.00145749
0.000315006
-0.000933728
0.0009311
-0.000523258
-0.00071618
0.00120105
6.8791e-05
-0.000604257
-7.93797e-05
0.000358499
-0.000536668
-0.00110573
-0.000180613
-0.000589931
-0.000696517
0.000532476
-0.000279222
0.000151714
-0.000404838
0.000598678
0.000158349
-0.000224393
0.00066655
0.000150327
0.000705905
0.000136245
0.000734766
0.000123944
0.000757057
0.000111207
0.000774175
9.90333e-05
0.000787319
8.47407e-05
0.000795261
7.04716e-05
0.000797064
5.60565e-05
0.000793916
4.08171e-05
0.000788763
2.5809e-05
0.000783498
1.13123e-05
0.000776355
-6.28896e-07
0.000767734
-1.19304e-05
0.000757091
-2.04243e-05
0.000744828
-2.79735e-05
0.000731908
-3.55041e-05
0.000718714
-4.27617e-05
0.0007051
-4.97064e-05
0.000691176
-5.64481e-05
0.000676868
-6.31814e-05
0.000662355
-6.98836e-05
0.00064746
-7.65973e-05
0.000631675
-8.28513e-05
0.000615432
-8.90346e-05
0.000598365
-9.50993e-05
0.000580789
-0.000101196
0.000562852
-0.000108246
0.000541621
-0.000114672
0.000516069
-0.000117007
0.000487397
-0.000115778
0.00045561
-0.000112954
0.0004219
-0.000108836
0.000385723
-0.000102797
0.000349572
-9.22337e-05
0.000315789
-7.80899e-05
0.000290562
-5.65573e-05
0.000278262
-3.08579e-05
0.000276427
-3.90838e-06
0.00028751
2.086e-05
0.000308615
4.67175e-05
0.000336582
6.96716e-05
0.000365003
8.59938e-05
0.000391753
9.4007e-05
0.000416091
9.88171e-05
0.000100959
0.000443172
0.0015383
-0.000577676
4.03035e-05
-0.00100093
0.000913787
0.000310496
-0.000955997
-0.000268285
0.000228554
0.000820457
0.000639345
0.00110174
-0.000749045
-8.01837e-05
0.000133196
-7.07439e-05
0.000544324
-0.000606614
0.000448084
0.000731941
-0.000337399
0.000183368
-0.000555307
0.000523493
0.000225378
-0.000193414
-0.000584575
-0.000198465
-0.000623824
-0.000185174
-0.000673698
-0.000194663
-0.000720219
-0.000208675
-0.000793892
-0.000226824
-0.00088099
-0.0002619
-0.000963506
-0.000285927
-0.000339033
0.00035736
-0.00103327
-0.000992893
-0.000309638
-0.000557917
-1.96837e-05
-4.64003e-05
-0.000376784
0.000426479
-0.000414435
4.04964e-05
0.00055747
-0.000444015
0.000504755
0.000680936
-3.81232e-05
7.3537e-05
0.000689795
6.06603e-05
0.000693129
4.96694e-05
0.000695827
3.96422e-05
0.000697045
2.84557e-05
0.000695039
1.64071e-05
0.000690645
5.68678e-06
0.000679242
-2.25456e-07
0.000668424
-6.59677e-06
0.000655889
-1.53574e-05
0.000645344
-2.25923e-05
0.000633389
-3.03595e-05
0.000621
-3.72875e-05
0.000607728
-4.43651e-05
0.000594312
-5.07798e-05
0.000579834
-5.65978e-05
0.00056428
-6.2066e-05
0.00054741
-6.7115e-05
0.000529144
-7.19062e-05
0.000509542
-7.64386e-05
0.00048837
-8.06179e-05
0.000466328
-8.64608e-05
0.00043944
-8.68094e-05
0.000409036
-8.44542e-05
0.000377102
-8.12615e-05
0.000344015
-7.7535e-05
0.000310232
-7.28243e-05
0.000276584
-6.63676e-05
0.000246083
-5.7663e-05
0.000220253
-4.63665e-05
0.000202509
-3.24819e-05
0.000193742
-1.71511e-05
0.000194122
-1.42839e-06
0.000202845
1.3726e-05
0.000218902
2.97267e-05
0.000241871
4.46195e-05
0.000267677
5.59842e-05
0.000293741
6.39358e-05
0.000319688
6.88852e-05
0.000344912
7.29346e-05
-0.0012496
4.05727e-05
-0.0012157
2.08692e-05
-0.00119175
-1.16133e-05
-0.0011532
-4.00337e-05
-0.00141119
0.000178955
0.000781416
-0.000643268
-0.000190565
0.000457195
-0.00065523
-0.000195929
-0.000215146
0.000896424
-0.000363195
-0.00085731
-0.000283581
-0.000323912
-0.00019529
0.000313154
-0.000100604
0.000153188
-0.000671425
-0.000111318
-0.000648943
-0.000358768
0.000624012
0.000345958
0.000620411
-0.000381014
0.000597696
0.000339707
-0.000663296
0.000184168
0.000612498
1.9899e-05
0.00117337
2.66259e-05
0.00115141
0.000280496
-0.00100157
-0.000668335
0.000602533
-0.000369552
0.00127105
8.41557e-05
-0.000159362
0.000554133
0.00140821
-0.000116665
-2.04931e-05
0.00109014
0.00045052
-0.000132449
0.000423976
-0.000880697
-0.000492329
-0.000763819
0.00124965
3.55576e-05
6.69264e-05
-0.000579787
-9.1297e-05
0.000570328
0.000125162
3.65126e-05
-0.000614946
0.000266687
-0.00019828
0.000546731
0.000513621
-0.000467991
-0.00100056
0.000939975
0.000125131
-6.45428e-05
-5.45992e-05
0.000279429
0.00119156
4.64974e-06
-0.000314486
0.000300111
-0.000394628
-0.00101121
0.000248308
-0.000950728
0.00019886
-0.000934025
0.000150272
-0.000941806
0.000100827
-0.000947776
4.09536e-05
-0.00096141
-9.56341e-06
-0.000979485
-6.88674e-05
-0.00101242
-0.000110293
-0.00111177
0.000616876
-0.000340709
-0.000623058
-9.42395e-05
-0.000733128
-0.00057298
-0.000619997
-0.000722346
0.00119551
2.64096e-05
0.000296122
0.00120526
-0.000379646
-0.00112173
0.000171393
-0.000433883
0.000432062
-0.00016944
0.000472675
7.50362e-05
0.000539197
9.19137e-05
0.000584379
0.000105225
0.000613487
0.000107207
0.000638241
9.9253e-05
0.000658086
9.14315e-05
0.000674823
8.23773e-05
0.000687254
7.23957e-05
0.000696346
6.14658e-05
0.00070289
4.9598e-05
0.000706018
3.77769e-05
0.000705985
2.59339e-05
0.00070181
1.55919e-05
0.000694664
6.65012e-06
0.000684828
-1.95e-06
0.00067404
-9.44455e-06
0.000663061
-1.67885e-05
0.000651657
-2.38658e-05
0.000639586
-3.04239e-05
0.000626929
-3.67446e-05
0.000613766
-4.29107e-05
0.000600075
-4.90181e-05
0.000585624
-5.48566e-05
0.000570027
-6.04119e-05
0.000553466
-6.56775e-05
0.000535488
-7.04191e-05
0.000516365
-7.52592e-05
0.000495636
-7.96743e-05
0.000473915
-8.55045e-05
0.000447823
-8.77144e-05
0.00041766
-8.60711e-05
0.000385574
-8.29693e-05
0.000352438
-7.90645e-05
0.000318686
-7.42292e-05
0.000284922
-6.80076e-05
0.000253722
-5.9905e-05
0.000226189
-4.9511e-05
0.000206407
-3.58245e-05
0.000196206
-1.97953e-05
0.000196068
-3.08065e-06
0.000204291
1.33156e-05
0.000221618
2.9988e-05
0.000245976
4.58561e-05
0.000273778
5.86364e-05
0.000301076
6.72011e-05
0.000328126
7.22028e-05
0.000354493
7.5006e-05
-0.000100776
7.61268e-05
0.000379534
-0.00012815
0.000470967
-0.000146371
0.000553995
-0.000162931
0.000636418
-0.000176002
0.000705574
-0.000175769
0.000762178
-0.00016286
0.00080971
-0.000139668
0.000847259
-0.000109977
0.000872614
-7.74986e-05
0.00088919
-4.22023e-05
0.000901559
-6.91582e-06
0.000908388
2.90322e-05
0.000909709
6.46047e-05
0.000908336
9.80049e-05
0.00090026
0.000129628
0.000886425
0.000156852
0.000868635
0.000177459
0.000841114
0.000186702
0.000802495
0.000182739
0.000755062
0.000166698
0.000697066
0.000147813
0.000626229
0.000126808
0.000544786
9.99426e-05
0.000461644
0.000370272
7.53099e-05
0.000341976
0.000616818
3.67016e-05
0.00119477
0.000360121
-0.000340071
-0.00101294
0.000367008
-0.00104015
-0.000960505
0.000434126
-0.000414285
0.000322949
-9.1585e-06
0.00127528
-0.000975422
-0.000694491
0.00125068
-0.00124675
-5.10436e-05
0.000514844
-0.000438685
0.000387412
-0.000556094
3.18926e-05
-0.000457951
-0.00014961
-0.000497037
-0.000159183
-0.000535757
-0.000146321
-0.000590614
-0.000139676
-0.000649443
-0.000149726
-0.000709464
-0.000166716
-0.000786881
-0.000184436
-0.00085763
-0.000215161
-0.000913851
-0.000253407
-0.000940037
-0.000313879
0.000908404
0.000379598
-0.000545426
-0.000742573
-0.000375826
-0.00100538
0.000368267
-0.000407456
-0.000654557
0.000626569
0.000285937
-0.000351348
0.00114826
-0.000973377
4.60974e-05
0.00120778
0.0014474
0.000314197
0.000421218
-0.000817395
-2.69934e-05
0.00125615
-0.000107484
9.80944e-05
0.00109363
4.33331e-05
-0.000602781
-0.00020191
0.000189936
0.000796244
-0.000816441
-0.000303706
0.000730407
-0.000217725
0.000654618
-0.000179113
0.000599802
-0.000160263
0.000542529
-0.000138532
0.000470995
-0.00011891
-0.000114771
0.000575159
1.07374e-05
0.000402755
-0.000107218
-0.000461551
0.000166188
-9.06967e-05
-0.000135343
-0.001369
3.32435e-05
-0.00132557
-2.85215e-06
-0.00130148
-3.22125e-06
-0.00127269
-4.04066e-05
-0.00124836
-6.43651e-05
-0.00122555
-0.000133097
0.000603913
-0.000324357
-0.000602609
-0.000111584
0.000562708
-0.000749142
0.000553519
-0.000621248
-0.000731875
0.000365651
-0.00113617
-0.000242835
0.00101335
0.000378556
-0.000988327
0.000299035
-0.000931691
0.00023652
-0.000888213
0.000172652
-0.000870158
0.000102488
-0.000871641
4.09444e-05
-0.000886232
-1.79203e-05
-0.000902545
-7.82264e-05
-0.000919178
-0.000134754
-0.000955889
-0.000182002
-0.00106453
-0.000217711
-0.00118984
0.000965966
-0.000376105
0.000615396
0.00117999
2.01682e-05
-0.000591591
0.000266548
0.000519601
0.000712412
-0.000583765
0.000500047
-0.000482484
0.000308777
9.0607e-06
0.000347222
3.66841e-05
0.000384502
5.47292e-05
0.000422695
6.71281e-05
0.000458202
7.17982e-05
0.000485812
7.1744e-05
0.000509415
6.79283e-05
0.000529427
6.24708e-05
0.000546269
5.5664e-05
0.000560326
4.75221e-05
0.000571269
3.87639e-05
0.000578999
3.01647e-05
0.000582329
2.27232e-05
0.000581086
1.69763e-05
0.000577337
1.05556e-05
0.000572254
3.33348e-06
0.00056646
-3.43236e-06
0.000559641
-9.70191e-06
0.000551491
-1.54295e-05
0.000542134
-2.07363e-05
0.000531592
-2.58175e-05
0.000519883
-3.07459e-05
0.00050691
-3.55019e-05
0.000492499
-3.98227e-05
0.000476186
-4.34484e-05
0.000458104
-4.69253e-05
0.000438441
-5.00536e-05
0.000416833
-5.29168e-05
0.000393732
-5.57877e-05
0.000368037
-5.88522e-05
0.000338702
-5.75586e-05
0.000308132
-5.47297e-05
0.000277498
-5.15105e-05
0.00024724
-4.78771e-05
0.000217881
-4.38194e-05
0.000190397
-3.93585e-05
0.000165743
-3.40771e-05
0.000145193
-2.78993e-05
0.000130644
-2.03535e-05
0.000123389
-1.17684e-05
0.000123723
-2.70069e-06
0.00013112
6.62075e-06
0.000145
1.67666e-05
0.000164463
2.70546e-05
0.000188186
3.55726e-05
0.000213469
4.2569e-05
0.000239128
4.71804e-05
0.000264499
5.01975e-05
0.000289093
5.2048e-05
-7.66731e-05
0.000313079
5.3258e-05
-0.000100312
0.000403593
-0.000124596
0.000495594
-0.000146399
0.000575927
-0.000157598
0.000647325
-0.000164103
0.000711224
-0.000164513
0.00076142
-0.000153641
0.000797434
-0.00013243
0.000824543
-0.00010521
0.000843834
-7.46273e-05
0.000856811
-4.18521e-05
0.000866656
-7.19231e-06
0.0008715
2.76048e-05
0.000872686
6.18461e-05
0.000871944
9.40962e-05
0.00086609
0.00012336
0.000855585
0.000148791
0.000841851
0.000167452
0.000821173
0.000175173
0.000793679
0.000172644
0.000756571
0.000164341
0.000704608
0.000149303
0.000641013
0.000126089
0.000568294
0.000101708
0.000486499
7.71068e-05
0.000395492
-0.000282749
5.33526e-05
0.000307218
-0.000258039
5.14147e-05
-0.000233221
4.89672e-05
-0.000209107
4.56623e-05
-0.00018518
4.08271e-05
-0.000163037
3.4555e-05
-0.000144177
2.63825e-05
-0.0001308
1.69059e-05
-0.000123648
7.16114e-06
-0.000122736
-1.66758e-06
-0.000128941
-1.02879e-05
-0.000142002
-1.85427e-05
-0.000161172
-2.6154e-05
-0.000185062
-3.26972e-05
-0.000212137
-3.82917e-05
-0.000241244
-4.28198e-05
-0.000271166
-4.67702e-05
-0.000301358
-5.02518e-05
-0.00033151
-5.34853e-05
-0.000360976
-5.64567e-05
-0.000387988
-5.84653e-05
-0.0004111
-5.66784e-05
-0.000432987
-5.37947e-05
-0.000453125
-5.10518e-05
-0.000471473
-4.80798e-05
-0.000488058
-4.48237e-05
-0.000502845
-4.11688e-05
-0.000516021
-3.70368e-05
-0.000527902
-3.19956e-05
-0.000538244
-2.65359e-05
-0.000547933
-2.0332e-05
-0.000555446
-1.47652e-05
-0.000562904
-7.64507e-06
-0.000568843
-4.22115e-07
-0.000575096
6.24473e-06
-0.000580089
1.08442e-05
-0.000580443
1.69008e-05
-0.000573832
2.19731e-05
-0.000563693
2.96244e-05
-0.00054999
3.60885e-05
-0.000526642
3.74257e-05
-0.000604769
4.01288e-05
-0.000481529
9.32766e-05
-0.000216414
-0.00051929
7.8367e-05
0.000109499
-0.000376687
-0.000473558
-0.000706073
-0.000584677
-0.000398036
6.33857e-05
3.84378e-05
0.00029633
0.000560868
-0.000266202
-5.66867e-05
-0.000772988
-0.000617689
0.000828878
-0.000602209
-0.000102232
-0.000640768
8.40368e-05
-0.000745471
-9.68648e-06
0.000330711
0.000631749
-0.000331703
0.000615064
-0.000634558
0.000216107
0.000630301
0.00032635
8.03193e-06
0.00118008
1.92821e-05
0.0011805
0.000411722
-0.00104628
0.0010536
0.000165159
-0.00105235
0.000380472
-0.00100534
0.000470889
0.00107021
0.000457135
-0.00107682
-0.000546409
-0.000790387
0.000495565
-0.000942134
0.00122195
8.37805e-06
-0.00118776
0.00124249
0.000124605
-0.000179331
0.000798382
-0.000305965
-0.000134623
-0.000575373
7.19731e-06
-0.000868237
0.000486085
0.000315443
-0.000472675
0.000595164
-0.000962842
0.000840354
-0.00103433
0.00117558
0.000281828
0.000625644
-0.000672545
0.00084533
-0.000423903
0.000796751
-0.000265289
0.000729786
-0.000186431
0.000652211
-0.000137554
0.000581509
-0.000113688
0.000516481
-0.000101581
0.000458493
-9.16297e-05
0.000415951
-9.69855e-05
0.00035959
-8.97366e-05
0.000267316
-6.67586e-05
-4.41079e-05
0.000161938
-0.000822527
-0.000173944
-0.000102913
0.000503509
-0.000359336
-7.07299e-05
0.000164031
-0.000389811
-8.40725e-05
-0.000422576
-8.59985e-05
-0.000477601
-8.33912e-05
-0.000541205
-9.65506e-05
-0.00061169
-0.000108573
-0.000694111
-0.000135267
-0.000199427
-0.000501131
0.000566327
0.000538824
-0.00129675
4.10861e-05
0.00126893
-0.00132341
-3.63986e-05
-0.00132081
-5.24154e-05
-0.000150314
0.000567141
-0.000821506
0.000639294
-0.000123745
0.000613576
-0.000322766
0.00111399
0.000585632
-0.000596953
0.000195509
0.00116401
5.93236e-05
-1.88288e-05
0.000431354
-0.00131654
1.47913e-05
-0.00131803
-1.36068e-06
-0.00131338
-7.86754e-06
-0.00129146
-6.23289e-05
-0.00128449
-7.13371e-05
-0.00130024
-0.000117343
-0.00126952
-0.000248425
-0.000342071
0.000454644
-0.000623173
0.000166658
1.81579e-05
-0.00014623
0.000261261
3.24955e-05
-0.00012694
0.000226486
1.60968e-05
0.000252562
2.87669e-05
-5.47153e-05
0.000312926
4.92602e-05
0.000341904
4.95255e-05
0.000388049
4.72718e-05
0.000392705
3.56245e-05
0.000403211
2.70715e-05
0.000416673
2.27821e-05
0.00042803
1.84335e-05
0.000434676
1.55156e-05
0.000439288
1.24997e-05
0.000441647
8.72105e-06
0.000443065
5.07424e-06
0.000442167
7.67166e-07
0.000438872
-4.03933e-06
0.000433049
-8.5605e-06
0.000425685
-1.25563e-05
0.000416008
-1.63853e-05
0.000404355
-1.98034e-05
0.000390697
-2.27754e-05
0.000375223
-2.50297e-05
0.000357627
-2.65116e-05
0.000338345
-2.80643e-05
0.000317549
-2.94817e-05
0.000295371
-3.07828e-05
0.00027186
-3.22244e-05
0.000245585
-3.12099e-05
0.000219265
-2.91526e-05
0.000193696
-2.6945e-05
0.000169153
-2.47341e-05
0.000145857
-2.24798e-05
0.000124204
-2.01333e-05
0.000104634
-1.76389e-05
8.79672e-05
-1.49583e-05
7.48753e-05
-1.20911e-05
6.61375e-05
-8.9913e-06
6.21787e-05
-5.64129e-06
6.30518e-05
-1.9173e-06
6.85634e-05
2.22326e-06
7.8873e-05
7.18463e-06
9.343e-05
1.24693e-05
0.000111286
1.73955e-05
0.000131451
2.14049e-05
0.000153333
2.45545e-05
0.000176041
2.70241e-05
0.00019916
2.90087e-05
0.000222689
3.04322e-05
-0.00100567
0.000534428
-0.000610465
-0.000801168
-7.50844e-05
5.3377e-05
0.000335466
-9.63516e-05
0.000425309
-0.000116523
0.000516041
-0.000136664
0.000596246
-0.000150276
0.000660933
-0.000153119
0.000713295
-0.000148549
0.000755707
-0.000138366
0.000785872
-0.000121087
0.000805786
-9.69961e-05
0.000818376
-6.91637e-05
0.000827484
-3.87261e-05
0.00083446
-6.95026e-06
0.000837757
2.51124e-05
0.00083858
5.67355e-05
0.000838271
8.63618e-05
0.00083449
0.000112902
0.000827373
0.000135154
0.000818124
0.000150242
0.000804835
0.000159443
0.000783403
0.000163214
0.000751965
0.000157376
0.00070996
0.000141605
0.000656807
0.000120245
0.000589906
9.88475e-05
0.000508287
7.65139e-05
0.000418374
5.40812e-05
0.000330214
3.17551e-05
0.000245495
-0.00103704
-0.000160566
0.000350645
-0.000399644
-0.00108717
0.000289843
-0.000927523
0.000218696
-0.000860542
0.000157633
-0.000827148
0.000112987
-0.000825511
7.61006e-05
-0.000834753
3.31529e-05
-0.000843282
-1.68062e-05
-0.000852584
-7.27422e-05
-0.000863241
-0.000134003
-0.000894627
-0.000235383
-0.000963144
-0.000333344
-0.00109188
-0.000395535
-0.00120733
-0.00142641
8.89704e-05
-0.00120829
0.000100738
-0.000318858
-0.00138828
-6.28475e-05
-0.000471984
-0.00131594
0.000163396
2.48188e-06
-0.000174916
0.000169551
3.03245e-06
0.00019285
1.35078e-05
0.000222683
2.50195e-05
0.000255521
3.44089e-05
0.000287429
4.00111e-05
0.000316995
4.23027e-05
0.000343692
4.13579e-05
0.000367684
3.86088e-05
0.00038895
3.45341e-05
0.000407055
2.9557e-05
0.000421613
2.43491e-05
0.000432092
1.98389e-05
0.000438451
1.65405e-05
0.000443185
1.24344e-05
0.000446061
7.9016e-06
0.000446489
3.14683e-06
0.000444623
-1.28247e-06
0.000440761
-5.53769e-06
0.000434929
-9.23671e-06
0.000427213
-1.26324e-05
0.000417723
-1.58799e-05
0.000406461
-1.89738e-05
0.000393335
-2.17945e-05
0.000378333
-2.41745e-05
0.000361356
-2.57738e-05
0.00034256
-2.74139e-05
0.000322175
-2.89236e-05
0.000300417
-3.03723e-05
0.000277424
-3.19263e-05
0.000251173
-3.16492e-05
0.000224376
-2.98514e-05
0.000198289
-2.77142e-05
0.000173221
-2.54338e-05
0.000149545
-2.30788e-05
0.000127607
-2.06638e-05
0.000107671
-1.8178e-05
9.03469e-05
-1.56029e-05
7.62747e-05
-1.28676e-05
6.64559e-05
-9.77621e-06
6.16656e-05
-6.31568e-06
6.2077e-05
-2.45658e-06
6.7528e-05
1.83312e-06
7.80468e-05
6.93132e-06
9.33066e-05
1.25131e-05
0.000111975
1.76791e-05
0.000133377
2.19888e-05
0.000156208
2.5201e-05
0.000179708
2.75309e-05
0.000203246
2.92952e-05
0.000226822
3.04598e-05
0.000249567
3.14883e-05
0.00114867
0.000180497
0.000433956
-0.00109976
-2.5377e-06
0.00119099
1.39872e-05
0.00118668
-0.000618161
0.000237476
0.000323392
0.000634843
-0.000135131
-0.000617045
0.000157362
-0.000636013
0.000681624
-0.000530145
-0.00111432
-0.000655753
-0.000693809
-6.20213e-05
5.19941e-05
-2.7557e-06
1.29281e-05
-0.000796654
-9.06111e-05
-9.56346e-06
4.36649e-05
-0.000143866
-1.73176e-05
-0.000206459
-2.13145e-05
-0.000262518
-2.97222e-05
-0.000309563
-3.62025e-05
-0.000370701
-3.5303e-05
-0.000433665
-4.55159e-05
-0.000517461
-5.14361e-05
-7.75727e-05
0.0011965
-0.000167361
-0.00117945
-0.00049924
0.000450411
-0.00126864
-0.000148048
-0.00117602
-5.15304e-05
-0.00118512
-2.72988e-05
-4.10373e-05
-9.66285e-05
-9.36468e-06
0.000706526
-0.00028568
0.000623363
-0.000182117
0.000537162
-0.000100207
0.000462221
-6.25786e-05
0.000397478
-4.88556e-05
0.000331911
-3.59097e-05
0.000280095
-3.96758e-05
0.000215609
-3.2293e-05
0.000147781
-2.17587e-05
-1.5467e-05
-0.000650116
0.00062641
0.000298655
0.00118703
-0.00113051
0.000364353
0.000594407
-0.000944272
4.47057e-05
-1.30432e-06
-4.67783e-05
5.08047e-05
1.63066e-06
-7.52294e-06
6.6223e-05
2.96034e-06
9.21816e-05
6.75595e-06
0.000100794
7.70455e-06
0.000119411
1.03647e-05
0.000153061
1.58101e-05
0.000184968
1.78125e-05
0.000215023
1.74074e-05
0.000235623
1.5219e-05
0.000251153
1.17372e-05
0.000264914
9.22489e-06
0.000276013
7.55466e-06
0.000285083
6.69593e-06
0.000292499
5.34941e-06
0.000297809
3.70337e-06
0.000301309
1.88985e-06
0.000302514
-8.16448e-08
0.000300739
-1.87838e-06
0.000296213
-3.5878e-06
0.000289408
-5.2631e-06
0.000280395
-6.82173e-06
0.000269382
-8.1757e-06
0.000256509
-9.22144e-06
0.000242118
-9.89296e-06
0.000226545
-1.01313e-05
0.00020974
-1.04202e-05
0.000191956
-1.08159e-05
0.00017335
-1.12283e-05
0.000153604
-1.14241e-05
0.000133878
-1.03972e-05
0.000115219
-9.37399e-06
9.77612e-05
-8.35034e-06
8.15567e-05
-7.40509e-06
6.67062e-05
-6.54605e-06
5.33509e-05
-5.76014e-06
4.17003e-05
-5.02981e-06
3.20566e-05
-4.39976e-06
2.45991e-05
-3.78372e-06
1.94722e-05
-3.06781e-06
1.68873e-05
-2.33345e-06
1.70605e-05
-1.41987e-06
2.01679e-05
-2.35963e-07
2.65969e-05
1.40232e-06
3.62819e-05
3.43548e-06
4.90416e-05
5.30474e-06
6.43104e-05
6.81761e-06
8.14505e-05
8.0876e-06
9.99162e-05
9.20605e-06
0.000119241
1.02803e-05
0.000139083
1.11066e-05
0.000159167
1.21178e-05
-0.00117398
-2.16178e-05
-0.00117455
1.53629e-05
-0.00121117
3.52653e-05
-0.00119873
-2.03155e-05
-0.00119705
-6.40011e-05
-0.00120295
-6.54422e-05
-0.00122257
-9.77216e-05
-0.00129744
-0.000173551
-0.00112447
-0.000588264
0.000147927
0.00120546
4.05467e-05
-0.000745355
-0.000749621
0.00127283
0.000113132
-6.30377e-06
0.00120449
-0.000583129
0.000232478
-0.000185176
-0.00125398
0.000112461
0.00123049
-0.00117165
1.84052e-05
-0.0011985
-3.5996e-05
-0.000132186
-0.000459207
0.000807116
0.000311329
-0.000835897
-0.000791372
8.35717e-05
-0.000859408
1.09052e-05
-0.000854857
3.71428e-06
-0.000853351
2.74655e-05
-0.000850899
5.74996e-05
-0.000855544
8.30563e-05
-0.00086031
0.000103862
-0.000864088
0.000117641
-0.000866363
0.000122322
-0.000867922
9.33709e-05
-0.000865675
2.71287e-07
-0.000870044
-0.000219418
-0.000872191
-0.000517021
-0.00090973
-0.00088907
-0.000752421
0.00104481
-0.00102944
0.000697046
-5.36009e-05
3.24255e-05
0.000271599
-7.41569e-05
0.000356716
-9.3468e-05
0.000445072
-0.000111264
0.000534106
-0.00012824
0.000613474
-0.000141131
0.000673824
-0.000147402
0.000719165
-0.000142382
0.000749826
-0.000129263
0.000771596
-0.000111763
0.000787048
-9.08402e-05
0.000796245
-6.51378e-05
0.000800558
-3.64218e-05
0.000804289
-6.68709e-06
0.000806313
2.32535e-05
0.000806799
5.27166e-05
0.000806927
8.02702e-05
0.000805089
0.00010433
0.000801702
0.000124788
0.000796132
0.00014245
0.000785796
0.000154458
0.000770396
0.000157055
0.000748936
0.000148461
0.000718454
0.0001341
0.00067134
0.00011622
0.000608062
9.68856e-05
0.000528072
7.64094e-05
0.000439423
5.48918e-05
0.000352279
3.29871e-05
0.000267856
1.26242e-05
0.000179961
5.52455e-05
-5.95391e-07
5.92379e-05
-7.51593e-07
7.0227e-05
2.73442e-06
8.82647e-05
7.19327e-06
0.000111748
1.11278e-05
0.000137725
1.4222e-05
0.000164363
1.58418e-05
0.000189962
1.59343e-05
0.000213579
1.51655e-05
0.000234719
1.35756e-05
0.000252915
1.15441e-05
0.000267813
9.63961e-06
0.000279458
8.40215e-06
0.000289204
7.03118e-06
0.000296739
5.15486e-06
0.000301798
3.11821e-06
0.000304275
9.71443e-07
0.000304137
-8.07861e-07
0.000301427
-2.46113e-06
0.000296493
-3.87794e-06
0.000289601
-5.27624e-06
0.000280855
-6.60907e-06
0.00027027
-7.79969e-06
0.000257941
-8.8097e-06
0.000244054
-9.56279e-06
0.000228968
-9.90306e-06
0.000212525
-1.0156e-05
0.00019508
-1.06233e-05
0.000176747
-1.113e-05
0.000157295
-1.14818e-05
0.000137275
-1.06076e-05
0.000118122
-9.64288e-06
0.000100152
-8.62039e-06
8.35604e-05
-7.64029e-06
6.84763e-05
-6.74553e-06
5.49696e-05
-5.936e-06
4.30941e-05
-5.1926e-06
3.3029e-05
-4.58244e-06
2.49446e-05
-4.00787e-06
1.9098e-05
-3.28365e-06
1.58673e-05
-2.51126e-06
1.55862e-05
-1.59423e-06
1.84567e-05
-4.10343e-07
2.48645e-05
1.22549e-06
3.48429e-05
3.3209e-06
4.81541e-05
5.27265e-06
6.42021e-05
6.91828e-06
8.22578e-05
8.15405e-06
0.000101548
9.24229e-06
0.000121521
1.02821e-05
0.000141797
1.10838e-05
0.000162096
1.206e-05
1.2452e-05
0.000182925
-0.00109522
0.000506668
0.00122127
-0.00068719
-5.47677e-05
6.73078e-05
-4.3185e-05
0.000277842
0.000440319
8.03396e-05
5.44084e-05
-7.34532e-05
-3.39931e-05
1.41425e-05
9.06791e-05
-0.00010483
0.000116851
-0.0001284
0.000135478
-0.000135634
0.000127577
-0.000112625
9.28479e-05
-7.03384e-05
4.59607e-05
-2.02137e-05
-6.00041e-06
3.20192e-05
-5.68142e-05
7.96151e-05
-0.000100316
0.000116739
-0.000126136
0.000126993
-0.00012013
0.000108976
-9.85033e-05
8.58651e-05
-7.01999e-05
5.23047e-05
6.87793e-05
-5.59237e-05
8.19659e-05
-3.29641e-05
1.38426e-05
4.39332e-05
-3.26393e-05
2.23381e-05
-1.31353e-05
5.2023e-06
1.04314e-06
-5.13956e-06
7.05059e-06
-7.25553e-06
6.22281e-06
-4.26067e-06
1.58794e-06
1.70764e-06
-5.45265e-06
9.6801e-06
-1.45325e-05
2.01064e-05
-2.6526e-05
3.3916e-05
-4.23581e-05
5.1821e-05
-6.2215e-05
7.23489e-05
-8.20489e-05
9.13282e-05
-0.000100403
0.000109196
-0.0001173
0.000124457
-0.000130485
0.000135234
-0.000138634
0.000140663
-0.000141076
0.000139742
-0.000136289
0.00013082
-0.000123495
0.000114812
-0.00010491
9.31105e-05
-7.92814e-05
6.38649e-05
-4.76765e-05
3.15692e-05
-1.70656e-05
5.63515e-06
1.87588e-06
-4.93725e-06
4.50938e-06
-4.2093e-06
1.70761e-06
7.44796e-06
-2.27421e-05
4.43389e-05
-7.64586e-05
0.000115962
-0.000151743
0.000200505
-0.000263006
0.000363193
-0.0005453
0.000830972
-0.000797716
0.000819332
-0.000803968
0.000768702
-0.000789017
0.000853018
-0.00091846
0.00101618
0.000416684
0.000628128
-0.00015952
7.03091e-06
4.77185e-05
-7.34499e-05
7.98501e-05
-8.07397e-05
7.53733e-05
-6.66482e-05
5.46752e-05
-4.16157e-05
2.98456e-05
-3.11471e-05
5.22569e-05
-0.000107211
0.000587631
0.000861186
-0.00146585
-0.000492551
-0.000553519
-0.00103588
0.00107619
0.00013974
-0.000944001
0.000908006
-0.000926411
0.00103887
-0.000871512
0.000830475
-0.000803177
0.000751648
-0.000603603
0.000443037
-0.000319304
0.00024175
-0.000190403
0.000144988
-0.000109813
7.37805e-05
-4.42421e-05
2.30997e-05
-5.97075e-06
-3.36558e-06
6.13886e-06
-7.14852e-06
3.02786e-06
5.19831e-06
-1.90581e-06
-5.18512e-06
1.32249e-05
-2.39065e-05
4.00108e-05
-5.81036e-05
7.57854e-05
-9.12785e-05
0.000103289
-0.000112791
0.00012064
-0.000127647
0.000133329
-0.000137389
0.000139661
-0.000139998
0.000138571
-0.000135481
0.00013077
-0.000124556
0.000117046
-0.000108552
9.94499e-05
-9.01701e-05
8.06539e-05
-7.0794e-05
6.06091e-05
-5.03325e-05
4.11425e-05
-3.30122e-05
2.58753e-05
-1.95863e-05
1.40297e-05
-9.15505e-06
4.95716e-06
-1.37896e-06
-1.58311e-06
3.8425e-06
-5.40308e-06
6.09582e-06
-5.63724e-06
3.54955e-06
5.6866e-07
-6.49571e-06
1.39105e-05
-2.25846e-05
3.23661e-05
-0.000491036
-0.000538409
-0.000593508
1.63873e-05
0.00131271
-0.000743143
-0.00080313
-0.00116332
-0.00075807
0.000538409
-0.000428373
-0.00042363
-0.000158496
-0.000161136
-7.22511e-05
0.000358961
0.00135079
-6.48125e-05
-0.00054078
0.000546824
-0.000461673
-0.000538675
-0.000413963
-0.000441846
0.000578199
-0.000469466
-0.000581515
-0.000418719
-0.000445156
0.00060777
-0.000478692
-0.000609281
-0.000425786
-0.000446662
0.000629197
-0.000630569
0.000974357
0.000150054
)
;

boundaryField
{
    wall
    {
        type            calculated;
        value           uniform 0;
    }
    outlet
    {
        type            calculated;
        value           nonuniform List<scalar> 
33
(
0.000371875
0.000200196
0.000288713
0.000542751
0.00045725
0.000683013
0.000620385
0.000748797
0.000725503
0.000769784
0.000761666
0.000777654
0.000775006
0.000779543
0.000779069
0.000778881
0.00077901
0.000776712
0.00077822
0.000769643
0.000774579
0.000748399
0.000761302
0.000684957
0.000725597
0.000546994
0.000624131
0.000375344
0.000461191
0.000202809
0.000291813
9.48637e-05
9.64139e-05
)
;
    }
    inlet
    {
        type            calculated;
        value           nonuniform List<scalar> 
30
(
-0.000671454
-0.000579744
-0.000690511
-0.000731817
-0.000367084
-0.000594301
-0.000757241
-0.000680283
-0.000844312
-0.000817441
-0.000867032
-0.000859275
-0.000872813
-0.000871729
-0.000868604
-0.000872282
-0.00085205
-0.000862669
-0.000804453
-0.000833747
-0.000764154
-0.000466511
-0.000481293
-0.000373846
-0.000329697
-0.000325512
-0.000265134
-0.000267237
-0.000161136
-0.000158496
)
;
    }
    frontAndBackPlanes
    {
        type            empty;
        value           nonuniform List<scalar> 0();
    }
}


// ************************************************************************* //
