/*--------------------------------*- C++ -*----------------------------------*\
| =========                 |                                                 |
| \\      /  F ield         | OpenFOAM: The Open Source CFD Toolbox           |
|  \\    /   O peration     | Version:  2212                                  |
|   \\  /    A nd           | Website:  www.openfoam.com                      |
|    \\/     M anipulation  |                                                 |
\*---------------------------------------------------------------------------*/
FoamFile
{
    version     2.0;
    format      ascii;
    arch        "LSB;label=32;scalar=64";
    class       surfaceScalarField;
    location    "0.027";
    object      phi;
}
// * * * * * * * * * * * * * * * * * * * * * * * * * * * * * * * * * * * * * //

dimensions      [1 0 -1 0 0 0 0];

oriented        oriented;

internalField   nonuniform List<scalar> 
4475
(
0.000647377
-0.000660298
0.000804651
-0.000790897
2.74109e-05
-4.55484e-05
2.12928e-06
1.83301e-05
0.00141735
-0.00161584
0.0001451
5.33783e-05
-0.000394226
0.000975537
0.000337021
-0.000916626
-0.000574265
0.000524403
0.0005538
-0.000503397
0.000503795
-0.000403283
-0.000559041
0.000459494
-0.000144142
0.000127544
0.000756363
-0.000738588
-0.000466973
-0.000599652
0.000544349
0.000523002
0.00054233
-0.000599346
-0.000516748
-0.000789613
1.69297e-05
9.60066e-06
0.000773347
-8.35175e-05
3.14336e-05
-0.000730348
-0.000707474
0.00011179
-9.31071e-05
0.000692911
-0.000699589
4.11443e-05
-4.5998e-05
-0.000693703
2.47603e-05
-2.81919e-05
-0.000686217
1.80439e-05
-2.33895e-05
-0.000673887
1.38671e-05
-2.42733e-05
1.48442e-05
-0.000642031
-4.49679e-05
0.000628229
-5.49281e-05
-0.000608472
3.67252e-05
0.000674315
-2.94877e-05
0.000688581
1.68638e-06
0.00069892
1.00681e-05
0.000712526
1.38825e-05
0.000737333
1.96632e-05
0.000833897
2.00896e-05
0.00079883
-4.11864e-05
0.000852156
-2.47869e-05
0.0011779
9.84631e-05
-0.000415811
0.0012414
-6.47815e-05
1.63539e-05
0.000769335
-0.00077065
-0.00014155
-0.000621045
-7.43258e-05
0.00131169
-1.42614e-05
-2.98073e-05
0.00130059
3.84575e-05
-1.4855e-05
0.00129189
1.58319e-05
-5.65704e-06
0.00128658
7.97019e-06
-1.97302e-06
0.00129001
-2.08407e-06
-1.76588e-06
0.00129691
-6.47944e-06
-1.98905e-06
0.00130324
-1.06866e-05
1.33436e-06
0.00129407
-1.25736e-06
5.78562e-06
0.00127435
4.82436e-06
8.72521e-06
0.0012476
9.4797e-06
1.04456e-05
0.00121813
1.00628e-05
1.21699e-05
0.00118466
1.25081e-05
1.40278e-05
0.00114884
1.4682e-05
1.51638e-05
0.00111435
1.39662e-05
1.56915e-05
1.12506e-05
0.00108484
1.44918e-05
-0.00110844
0.00107253
4.36164e-05
-0.0011444
4.54537e-05
-0.00117582
4.08141e-05
-0.0012094
4.04119e-05
-0.00123753
3.30214e-05
-0.00125755
2.49096e-05
-0.00126925
1.05237e-05
-0.00128315
6.5026e-06
-0.00127673
-1.39478e-05
-0.0012662
-1.75709e-05
-0.00127105
-1.28857e-07
-0.00127762
9.61603e-06
-0.00128236
1.62227e-05
-0.0012385
1.1852e-05
-0.00114281
-9.5078e-05
-0.00115181
-4.89198e-05
-0.000852232
6.84157e-05
-0.000360646
-0.00083175
-5.59226e-06
-0.000752261
-4.0681e-05
-0.000711609
-6.95386e-05
3.51472e-05
-0.000717142
-8.32617e-05
-0.000706321
-5.3645e-05
-0.000698015
-3.39688e-05
-0.000690251
-2.90127e-05
-0.000675423
-3.71897e-05
-0.000666104
-5.25027e-05
1.56932e-05
1.48541e-05
0.00105092
4.14665e-05
0.00104351
0.000686862
-6.68029e-05
-0.000647415
0.000702815
-1.18529e-05
0.000717589
-1.78258e-06
0.00073531
-6.03739e-07
0.000768203
-9.86731e-06
0.000824225
-3.0985e-05
0.00086339
-7.24467e-05
0.0009378
-8.97752e-05
0.00109713
-5.46365e-05
0.00120737
-7.93698e-05
0.00130166
-9.18874e-05
0.00129182
5.85009e-06
0.001283
5.50232e-06
0.00128425
-1.4824e-06
0.00129263
-9.7191e-06
0.00130171
-1.10916e-05
0.00131277
-9.6573e-06
0.00130456
1.25658e-05
0.00127699
2.57542e-05
0.00124751
3.21015e-05
0.00121742
3.4516e-05
0.00118436
4.00259e-05
0.00115104
4.27352e-05
0.00111691
4.52023e-05
0.00108276
4.4935e-05
-7.42351e-05
-0.000608799
7.6123e-05
4.25667e-05
0.00105158
-0.000130417
-0.000563428
-0.000647083
-9.1647e-05
-0.00106082
0.0010339
6.5743e-05
-0.00109414
7.40345e-05
-0.00112339
7.09296e-05
-0.00115922
7.19412e-05
-0.00118829
6.42813e-05
-0.00121366
5.3348e-05
-0.00123314
3.98206e-05
-0.00125246
2.36537e-05
-0.00125969
4.42443e-06
-0.00127137
-1.10262e-05
-0.00128114
-1.1041e-05
-0.00127973
-3.75333e-06
-0.00127588
3.7023e-06
-0.00126744
5.58259e-06
-0.00110804
-0.00010926
-0.00106498
-0.000120074
-0.00102033
-8.35633e-05
-0.000895565
-5.06254e-05
-0.000840093
-5.76532e-05
-0.000808345
-6.84214e-05
-0.000780078
-9.31154e-05
-0.000753714
-0.000103442
-0.000728688
-7.46414e-05
-0.000713137
-4.65694e-05
-0.000705838
-3.40572e-05
-0.000697727
-4.32753e-05
-0.000685189
-6.31913e-05
-0.000580197
0.000824894
-0.000710728
0.000340864
-0.000628667
-0.000231129
0.000519845
-0.000411597
-0.00035666
0.0004468
0.00032224
0.000433913
0.000773482
4.99789e-05
-0.00011837
-0.000702709
0.000718534
-9.21421e-06
0.000728187
-1.86536e-05
0.000746146
-1.61501e-05
0.000775049
-2.55369e-05
0.000816631
-4.69415e-05
0.000870339
-7.75359e-05
0.000914767
-0.000110931
0.000953567
-0.000123815
0.00102786
-0.000125213
0.00108021
-0.000124209
0.00114487
-0.000142445
0.00128284
-9.61235e-05
0.00128784
2.29485e-06
0.00128852
-1.10006e-06
0.00129007
-1.25993e-05
0.00128768
-1.34869e-05
0.00128215
-7.43872e-06
0.00127443
1.18732e-05
0.0012586
3.26154e-05
0.00123765
4.49149e-05
0.00120674
5.81271e-05
0.00117375
6.70409e-05
0.00114232
6.94416e-05
0.00111159
7.21966e-05
0.00107863
7.47776e-05
0.00104562
7.25777e-05
-4.20974e-05
0.00101823
6.66873e-05
-1.31799e-05
0.00101959
1.61129e-05
0.00101868
4.23448e-05
0.00101441
-0.000523377
0.000507059
-0.000582633
0.00100714
6.67442e-05
-0.000679833
-0.000694277
0.000795229
-0.000547895
0.000940402
0.000454386
-0.000845357
-0.000163596
-0.000612331
0.000630226
-0.000489645
0.000661146
-0.000801116
0.000542402
0.000528347
-0.00054562
-0.00076399
1.71932e-06
0.000155113
-0.000682462
-9.25634e-05
-3.43002e-05
5.95293e-05
0.000990492
-9.0979e-06
0.000991735
1.69986e-05
0.000990278
3.91466e-05
0.000989877
5.99551e-05
0.000984352
-0.00100389
7.98288e-05
0.000982553
-0.0010213
8.25086e-05
-0.00105085
9.33931e-05
-0.00107509
9.60075e-05
-0.00110803
0.000101191
-0.00113645
9.69512e-05
-0.00116416
8.81005e-05
-0.00118771
7.22467e-05
-0.00121031
5.65961e-05
-0.00123389
3.92786e-05
-0.00125814
1.99467e-05
-0.00128673
1.20509e-05
-0.00130621
8.15215e-06
-0.00130072
-6.21909e-06
-0.00126773
-2.45504e-05
-0.00113569
-9.50281e-05
-0.0010714
-0.000157401
-0.00103682
-0.000145504
-0.000972772
-0.000141422
-0.000906958
-0.000111963
-0.000871151
-8.99101e-05
-0.000840757
-9.57022e-05
-0.000828901
-0.0001019
-0.000817127
-0.000111002
-0.000784068
-0.000101655
-0.000753802
-7.29203e-05
-0.000736403
-4.84821e-05
-0.000729712
-4.76713e-05
-6.80692e-05
-0.000722816
6.50437e-05
-5.39815e-05
-0.000711547
0.000702203
0.000735047
-0.000878401
0.00079252
-0.000648911
0.000527001
-0.000508024
0.000535505
0.000703161
3.12969e-05
9.15056e-05
0.00074285
0.000113502
-0.000152081
0.00075308
0.00011873
0.000747917
0.000100907
-9.38671e-05
0.000741343
7.3809e-05
0.000744953
5.54719e-05
-5.65099e-05
0.000763637
3.39651e-05
0.000758524
-1.29277e-06
0.000768134
-2.52469e-05
0.000792815
-3.73736e-05
0.000829978
-5.82745e-05
0.00087058
-8.24838e-05
0.00091102
-0.000112366
0.000935931
-0.000131774
0.000962966
-0.000147053
0.00100107
-0.000160514
0.00104986
-0.000168635
0.00107673
-0.000162579
0.00115584
-0.000160447
0.00128204
-9.12741e-05
0.00130827
-2.54847e-05
0.00131341
-1.75021e-05
0.0012956
1.00309e-06
0.00127251
8.44813e-06
0.00125563
2.10326e-05
0.00124353
4.06261e-05
0.00122012
6.54456e-05
0.00119057
8.44581e-05
0.00116227
9.17838e-05
0.00113224
9.58106e-05
0.00109945
0.000101741
0.00106991
0.00010141
0.00104265
9.7263e-05
0.00101802
8.89958e-05
7.97893e-05
0.000995715
7.77111e-05
0.00153346
-0.0012462
-0.00036505
-0.00065553
0.00060686
-0.00101597
0.00104446
0.000372498
-0.000400461
-2.23994e-06
0.000739304
3.63842e-05
-0.000771604
-0.00161176
-0.000239271
0.000563232
0.00128783
-0.000674273
-0.000566692
-0.000153058
-0.000691233
-0.000678773
-7.54609e-05
0.000701732
-0.00099328
0.000978684
9.38409e-05
-0.0010151
0.000102898
-0.00103107
0.000107854
-0.00105937
0.000122023
-0.00108317
0.000121994
-0.00110937
0.000119571
-0.00113632
0.00011123
-0.00116509
9.67486e-05
-0.00119715
8.2914e-05
-0.00123302
6.61696e-05
-0.00127859
5.3342e-05
-0.00132478
5.91191e-05
-0.00132727
1.26419e-05
-0.0012902
-3.93491e-05
-0.00120972
-8.61875e-05
-0.0010921
-0.000196743
-0.00105358
-0.00018886
-0.000999273
-0.000193025
-0.000962081
-0.000174437
-0.000924607
-0.000145968
-0.000893272
-0.000117635
-0.000868515
-0.000117437
-0.000862633
-0.000105059
-0.000862815
-0.000108155
-0.000852621
-0.00010851
-0.000831477
-8.9581e-05
-0.000804708
-6.99509e-05
-0.000786712
-6.21565e-05
-0.000787698
-6.45233e-05
-8.90069e-05
-0.000724546
-0.000575535
-0.000539558
0.000625879
-0.000413261
-0.000950271
0.000974026
0.000392219
0.000772908
9.49334e-05
-0.000834962
0.000781188
0.000106937
0.000784968
0.000116974
0.000782567
0.000105746
0.000781449
7.74173e-05
0.000788398
5.11126e-05
0.000800953
2.41449e-05
0.000810597
-7.90115e-06
0.00082571
-3.68474e-05
0.000854453
-6.21333e-05
0.000882203
-8.18295e-05
0.000912246
-0.000108383
0.000936359
-0.000132095
0.000957315
-0.000148836
0.000977844
-0.000163856
0.000998421
-0.000178384
0.00102639
-0.000192712
0.00106528
-0.000196079
0.00110485
-0.000194183
0.00122297
-0.000193225
0.00130834
-8.66748e-05
0.00134139
-5.04698e-05
0.00134136
-3.29041e-07
0.00129707
4.79415e-05
0.00126216
4.84329e-05
0.00122562
6.90204e-05
0.00119395
9.11308e-05
0.00116801
0.000105313
0.00114117
0.000114208
0.00110919
0.000123961
0.00108029
0.000127611
0.00105627
0.000122954
0.00103419
0.00011737
0.00101517
0.000106082
0.000994675
9.90885e-05
-7.21514e-05
8.73849e-05
0.000979278
-5.27256e-05
0.000975271
-3.04535e-05
0.000966777
-7.29873e-06
0.00096686
1.24392e-05
0.000968974
3.69791e-05
0.000963793
5.82686e-05
0.000962042
7.52643e-05
0.000965084
0.000968347
8.5664e-05
-0.00106337
-0.000423522
0.000471192
-8.35848e-05
0.0001142
-0.00142416
0.00139356
-0.000916571
0.000694149
-0.00126239
0.00148482
-0.000811057
-0.000517693
0.000727582
0.000756705
-0.000836299
-0.000479594
0.000326612
0.000930834
-0.000782834
-9.18001e-05
-0.000127206
-0.000748665
-0.000516396
-0.000588495
0.000529748
-0.000639618
-0.000441874
0.00027113
-0.000836835
0.000504495
-0.000608697
0.000941265
0.000504989
0.000565177
0.000820748
-0.000821194
9.72541e-05
0.000812329
0.000117507
0.000818929
0.000112867
0.000822659
0.000104573
0.000829603
7.31189e-05
0.000841299
4.2196e-05
0.000857575
1.08571e-05
0.000874035
-2.09765e-05
0.000890778
-5.00476e-05
0.000908379
-7.61165e-05
0.00092801
-9.79236e-05
0.000945963
-0.000122769
0.000962488
-0.000144924
0.000979156
-0.000161695
0.000993583
-0.000174849
0.00100644
-0.000188168
0.00101827
-0.000201321
0.00104057
-0.000214083
0.00105712
-0.000203672
0.00107639
-0.000199502
0.00120378
-0.000185922
0.00126196
-0.00011579
0.00128667
-3.22911e-05
0.00128733
4.00137e-05
0.00122901
9.78398e-05
0.00118317
0.000105831
0.00115138
0.000115391
0.00112565
0.000125405
0.00109812
0.000137803
0.00107428
0.00014509
0.00105609
0.000143919
0.00103541
0.000142072
0.00102231
0.000129502
0.00100664
0.000120829
0.000993606
0.000112119
0.00098411
9.77056e-05
-7.38896e-05
8.1832e-05
0.000978182
-6.16913e-05
0.000968255
-4.23623e-05
0.000956075
-2.85936e-05
0.000952531
-1.03272e-05
0.000947958
1.23513e-05
0.000945638
3.22775e-05
0.000943344
4.77543e-05
0.000946438
6.3765e-05
0.000949477
7.44306e-05
0.000958742
-0.000967926
0.000964255
7.97723e-05
-0.000974704
9.33333e-05
-0.00098654
0.000105818
-0.00100072
0.000116433
-0.00101679
0.000123042
-0.00102968
0.000133173
-0.00104834
0.000138392
-0.00106899
0.000137475
-0.00109146
0.000130717
-0.0011226
0.000124119
-0.00115845
0.000112953
-0.00120231
0.000101152
-0.00126338
0.000104148
-0.001267
5.54132e-05
-0.00123715
-2.42444e-05
-0.0011775
-0.000106159
-0.0010518
-0.0001834
-0.00103537
-0.000199744
-0.0010092
-0.000207479
-0.000987942
-0.000209703
-0.000969361
-0.00018992
-0.000945983
-0.000166305
-0.000924486
-0.000135793
-0.000903456
-0.000135377
-0.000898978
-0.000106894
-0.000895771
-0.000108896
-0.000895694
-0.00010613
-0.000889369
-9.2819e-05
-0.000872134
-8.27855e-05
-0.000851577
-7.77369e-05
-8.27081e-05
-0.000829961
-0.000598869
-0.000562948
0.000622603
-0.000122036
-0.000786255
-0.000838276
-0.000118806
0.000210229
-4.75981e-05
-0.00051502
-0.00064059
0.000729753
-0.000672024
-0.000498856
0.000707169
-0.000494021
-0.000490179
0.000631918
-0.000843145
-0.000516805
0.000949416
8.18876e-05
3.90318e-05
0.000875138
5.62159e-05
-0.000847465
0.000860177
0.000114509
0.000851923
0.000128176
0.000850385
0.000116863
0.000864024
9.34286e-05
0.000878901
6.08316e-05
0.000899346
2.45199e-05
0.000915577
-2.32774e-06
0.000930725
-3.28011e-05
0.000942149
-5.82215e-05
0.000952727
-8.34739e-05
0.000965979
-0.000107977
0.00097743
-0.000131
0.000987529
-0.000151783
0.000996605
-0.000167384
0.0010043
-0.000179557
0.00100974
-0.000190876
0.00101166
-0.000200861
0.00101152
-0.000210925
0.00102914
-0.000217124
0.00103393
-0.000198663
0.00107224
-0.000210443
0.00113021
-0.000150627
0.00116462
-6.21681e-05
0.00118257
2.45846e-05
0.00117057
0.000108561
0.00112602
0.000143088
0.00108996
0.000144565
0.00106003
0.000151043
0.00103955
0.000155985
0.0010278
0.000155676
0.00101382
0.000157105
0.00100913
0.000146388
0.00100123
0.000137074
0.000990468
0.000131884
0.000986781
0.00011676
0.000985251
0.000100988
0.000984913
8.40466e-05
-6.3839e-05
0.000984736
6.60567e-05
-5.6808e-05
0.000973841
-4.81835e-05
0.000962314
-3.73365e-05
0.000947151
-1.93785e-05
0.000935899
-4.55389e-06
0.000934216
1.12408e-05
0.000930883
2.57013e-05
0.000929954
4.13936e-05
0.000932226
5.09213e-05
0.000941772
6.08165e-05
0.000951413
6.63916e-05
0.000961341
-0.00096496
0.000966576
6.71393e-05
-0.000964875
8.15153e-05
-0.000965857
9.57941e-05
-0.000969126
0.000110118
-0.00097557
0.000123427
-0.000983765
0.000130731
-0.000989629
0.000138436
-0.000999796
0.000147242
-0.0010138
0.000150033
-0.00103387
0.000149041
-0.00105885
0.000146425
-0.00109784
0.000147068
-0.00114855
0.00014548
-0.00115942
0.000113196
-0.00113627
3.34137e-05
-0.00110106
-5.60765e-05
-0.00104165
-0.000143778
-0.00100598
-0.000205953
-0.000999236
-0.000200933
-0.000983449
-0.000218972
-0.000983133
-0.000206939
-0.000976414
-0.000194156
-0.000965464
-0.000174459
-0.000946849
-0.000151478
-0.000939884
-0.000139338
-0.000928505
-0.000115483
-0.000927531
-0.000107118
-0.000927293
-0.000103866
-0.000928705
-8.89515e-05
-0.000927674
-8.11152e-05
-0.000921678
-8.04622e-05
-8.96656e-05
-0.000910428
-0.000822203
-9.69659e-05
-0.000570442
-0.000616601
-0.000577656
-0.000633202
0.000648191
0.000671972
0.00136078
-0.0013297
-0.000703024
-0.000815768
-0.000126402
-0.0007556
-0.000405748
0.000212878
-0.000759969
-0.000484296
-0.000726883
-0.000525902
-1.75973e-05
-0.000244399
-0.000574935
-0.000275004
-0.000614814
4.42643e-05
-0.000779737
-0.000123747
-0.000540568
-0.000646048
-0.000655848
-0.000569066
-4.54632e-05
4.88508e-05
0.000983457
-4.1949e-05
0.000973135
-3.43638e-05
0.000957537
-2.40476e-05
0.000939939
-1.43117e-05
0.000929186
-7.32189e-07
0.000923401
9.36901e-06
0.000923358
2.2062e-05
0.000920084
3.13537e-05
0.000926022
4.15126e-05
0.000934678
4.888e-05
0.00094672
5.25186e-05
0.000960404
5.17444e-05
0.000969608
-0.000956876
5.11024e-05
0.000959094
-0.000951444
6.31726e-05
-0.000947847
7.93043e-05
-0.00094314
9.26102e-05
-0.000939882
0.000108319
-0.000936287
0.000120892
-0.000936687
0.000131199
-0.000935668
0.000137379
-0.000933874
0.00014471
-0.000938782
0.000153672
-0.000949464
0.000157679
-0.000967306
0.000161031
-0.000985761
0.000160447
-0.00099808
0.00015476
-0.000974976
8.89309e-05
-0.00095464
1.3064e-05
-0.000940996
-6.90315e-05
-0.00091613
-0.000155476
-0.000927074
-0.000187966
-0.000932661
-0.000190737
-0.000947433
-0.000201239
-0.000960166
-0.000192053
-0.000966614
-0.0001853
-0.000967085
-0.000171602
-0.000960561
-0.000155413
-0.000951128
-0.000146067
-0.00095376
-0.000110276
-0.000947195
-0.000110939
-0.000954211
-9.42207e-05
-0.000954693
-8.60767e-05
-0.000959545
-7.41272e-05
-0.000968404
-6.93718e-05
-7.37108e-05
-0.000981596
-0.000117276
-0.000886366
0.000560226
-0.000470348
-0.000597226
-0.000534851
-0.000675877
0.000583911
-0.000191402
0.000281754
-0.000672785
0.00155941
-2.70368e-06
-0.00151837
-3.82789e-05
0.0008727
0.000134925
-0.000890543
0.000881052
0.000122372
0.000900413
0.000100086
0.00092488
7.16476e-05
0.000943497
4.50627e-05
0.000958172
1.27483e-05
0.000966493
-7.81705e-06
0.000973086
-3.64868e-05
0.000980103
-6.21751e-05
0.000987864
-8.82213e-05
0.000995212
-0.000112357
0.00100129
-0.000134141
0.00100312
-0.000150828
0.00100204
-0.000163447
0.000998887
-0.000173841
0.000992955
-0.000182503
0.000985427
-0.000191298
0.000972454
-0.000195863
0.000961062
-0.000202514
0.00096029
-0.000193
0.000954482
-0.000197547
0.000967316
-0.000150812
0.000977561
-6.85714e-05
0.000993922
1.12781e-05
0.0010198
8.41872e-05
0.00101029
0.000151005
0.000988421
0.000160413
0.00097074
0.000165461
0.000962899
0.000162157
0.000957011
0.000160786
0.000959719
0.000153838
0.00096334
0.00014273
0.000958551
0.000142196
0.000961726
0.000129698
0.000966059
0.000113524
0.000971678
9.68002e-05
0.000974942
8.2033e-05
0.000978045
6.41066e-05
0.000978245
4.98536e-05
-0.000583852
-0.000671158
0.00067758
-0.000618388
-0.000631167
0.00123287
-6.01265e-05
0.000101165
-0.00127391
-0.000653988
-0.000142032
-0.000468331
-0.000793624
-0.000144116
-0.000917964
0.000916077
5.41851e-05
-0.000915446
6.20073e-05
-0.000906687
7.21412e-05
-0.000898505
8.60269e-05
-0.000887153
9.85971e-05
-0.000877073
0.000112601
-0.000867554
0.000123385
-0.000859789
0.000130361
-0.000852747
0.000137445
-0.000843677
0.000143869
-0.000842622
0.00015477
-0.00084361
0.000158714
-0.000844863
0.000158715
-0.000810755
0.000120559
-0.000783723
6.3124e-05
-0.000772877
3.63903e-06
-0.000778245
-6.05689e-05
-0.000802529
-0.00012391
-0.000825234
-0.000160375
-0.000848846
-0.000164045
-0.000876561
-0.000171404
-0.00090015
-0.000166295
-0.000920913
-0.000162722
-0.000935293
-0.000155174
-0.000942843
-0.000145636
-0.000954205
-0.000132548
-0.000948365
-0.000113846
-0.000949714
-0.000107416
-0.000955196
-8.63269e-05
-0.000963462
-7.54564e-05
-0.000970545
-6.48811e-05
-0.000984112
-5.35569e-05
-0.00101653
-3.89777e-05
-0.000106582
-0.000988448
0.000531765
-0.000442035
0.000471335
-0.000707543
-0.000473075
-3.20195e-05
3.69685e-05
0.000974565
-3.06126e-05
0.000984003
-2.76221e-05
0.000972955
-2.13357e-05
0.000954203
-1.64317e-05
0.000938185
-1.07214e-05
0.000926584
-1.51337e-06
0.000917213
9.71075e-06
0.000914806
1.7376e-05
0.000915431
2.53762e-05
0.000921135
3.18002e-05
0.000931375
3.38848e-05
0.000947458
3.60146e-05
0.000961097
3.69422e-05
0.00097095
3.90538e-05
0.000958703
4.32603e-05
0.000912962
0.000680536
-0.000478012
-0.000672205
0.000771473
-0.000582767
0.00078317
-0.000536126
0.000792329
-0.000491534
-0.000454533
-0.000509088
0.000480906
0.000534044
-0.000236377
-0.000794559
-0.000302808
0.000277551
-1.67609e-05
4.30525e-05
-0.000293411
-0.000777451
0.000678424
0.000915576
0.000113552
-0.000891438
0.000943526
9.73588e-05
0.000964856
8.1524e-05
0.000977618
6.14831e-05
0.000987898
3.729e-05
0.000990129
1.29567e-05
0.000995157
-1.03368e-05
0.000997522
-3.62261e-05
0.00100163
-6.34601e-05
0.00100465
-8.84214e-05
0.00100375
-0.000108897
0.00099727
-0.000125302
0.000986927
-0.000138154
0.000973316
-0.00014773
0.000957274
-0.000155754
0.000938126
-0.000161548
0.00091499
-0.000166703
0.000890595
-0.000169703
0.000864291
-0.000173514
0.000845859
-0.000170011
0.00081469
-0.000160902
0.00078943
-0.0001199
0.000782451
-5.88507e-05
0.000792422
2.50855e-06
0.000818567
5.9002e-05
0.000854335
0.000115199
0.000854365
0.000158026
0.000857582
0.000159875
0.000859437
0.000158543
0.000869011
0.000150123
0.000880728
0.000141661
0.000884646
0.00013893
0.000897248
0.000130668
0.000910184
0.000118191
0.000920554
0.000104277
0.000927047
9.14345e-05
0.000934408
7.57313e-05
0.000937265
6.21149e-05
0.000934101
5.38493e-05
0.000929143
4.31622e-05
8.74116e-05
0.0012367
-9.12252e-05
-0.00017021
-0.000839866
-0.000471452
0.000252306
-0.000581319
-0.000720213
0.000717899
-0.000576382
-0.000717652
-0.000627381
-0.000674728
-0.00129006
-0.000160566
0.00139049
0.00148596
-1.91777e-05
-0.00138906
0.000584614
-0.000131341
-0.000802715
7.37545e-06
-0.00112771
0.000557993
0.000405667
-0.000428686
-0.000438752
-0.00111012
0.00048567
0.00032081
-0.000591488
-0.000493716
0.000766066
-8.62735e-06
-0.00147469
-0.000101355
0.00158457
-0.000842449
0.00084102
4.58979e-05
-0.000842783
5.52339e-05
-0.00084186
6.18782e-05
-0.000838136
6.96139e-05
-0.000827709
7.71701e-05
-0.000814511
8.7168e-05
-0.000796388
9.65233e-05
-0.000778406
0.000107201
-0.000763418
0.000117038
-0.000749957
0.000125508
-0.000736714
0.000130765
-0.000718628
0.000135513
-0.00070284
0.000140579
-0.000670065
0.000125665
-0.000635819
8.72484e-05
-0.000616021
4.47806e-05
-0.000612612
1.73668e-06
-0.000626535
-4.35973e-05
-0.000658283
-8.77413e-05
-0.000696752
-0.000118835
-0.000730449
-0.000127724
-0.000765966
-0.000133606
-0.000796814
-0.000133392
-0.000826378
-0.000131295
-0.000851746
-0.00012803
-0.000872477
-0.000123257
-0.000889642
-0.000113561
-0.000903966
-9.79193e-05
-0.00091414
-9.57317e-05
-0.000921754
-7.68784e-05
-0.000929985
-6.52597e-05
-0.000941248
-5.1415e-05
-0.000961254
-3.14442e-05
-0.000986384
-1.15902e-05
4.18253e-05
-0.00101854
0.000658443
-0.000419157
-0.00103777
0.000926143
-0.000547728
0.000726653
-0.000540782
-0.00122319
-2.52666e-05
3.30047e-05
0.000922599
-1.68315e-05
0.000967942
-1.56314e-05
0.000984892
-1.28436e-05
0.000973051
-1.13161e-05
0.000955798
-8.02133e-06
0.000938177
-1.59435e-06
0.000923416
4.92778e-06
0.000913838
7.13624e-06
0.000915523
1.25956e-05
0.000913063
1.75967e-05
0.000919368
2.0216e-05
0.000932018
2.18456e-05
0.000948901
2.34725e-05
0.0009626
2.36319e-05
0.00097328
2.97811e-05
0.000954841
3.67707e-05
0.000907474
3.91568e-05
0.00084044
-0.000500348
0.000806867
-0.000583666
0.000796725
-0.000524141
0.000781003
-0.000473917
0.000739215
-0.000410803
-0.000492319
0.000717229
-1.17404e-05
-4.06102e-05
0.000707599
-0.000809193
0.000938628
0.00012937
-0.000906808
-0.000158866
0.000946141
0.000107989
0.000955277
9.01004e-05
0.000964841
7.38e-05
0.000971399
5.67642e-05
0.000973396
3.71125e-05
0.000973586
1.46801e-05
0.000975816
-1.06132e-05
0.000978678
-3.69371e-05
0.000977476
-6.01089e-05
0.00096936
-7.83595e-05
0.000954781
-9.254e-05
0.000935335
-0.00010429
0.00091298
-0.000114118
0.000888353
-0.000121599
0.000862077
-0.000127918
0.000834478
-0.000132197
0.000804765
-0.000135287
0.000773309
-0.000136281
0.000738492
-0.000136207
0.000702263
-0.000130265
0.000660977
-0.000116075
0.000629904
-8.52101e-05
0.000616345
-4.32245e-05
0.000619316
3.83577e-07
0.00063774
4.14424e-05
0.000671441
8.19084e-05
0.000708178
0.000120741
0.00072493
0.000141096
0.000744324
0.00013814
0.000761432
0.00013254
0.0007738
0.000129383
0.000792032
0.000121567
0.000812057
0.000111486
0.0008311
0.000100038
0.000844531
9.17721e-05
0.000855843
8.07387e-05
0.000860492
7.15425e-05
0.000858224
6.49057e-05
0.000858328
5.46162e-05
0.000856079
4.63381e-05
0.000853228
3.70585e-05
0.000712058
-0.000484052
-0.000705233
-0.000229028
-0.000925373
0.000652047
-0.000715861
-0.000742919
0.000738592
-0.000514765
0.000519542
-0.000744978
-0.000538636
0.000541027
-0.000569542
-0.000756531
-0.000812452
-0.000169343
-0.00077923
-0.000724764
-0.000622643
-0.000706028
-0.000686189
0.00156838
-0.00153129
-4.56732e-05
0.000792944
-0.000626163
0.000486656
-0.000652646
-0.00156077
0.00139983
-7.82721e-05
0.000553868
-0.00035036
0.000878918
9.61866e-05
-0.000345198
0.000681697
0.000322831
0.00126894
-0.00124818
8.04036e-05
8.95582e-05
0.00126682
0.000906735
1.5774e-05
0.000890347
6.64292e-06
0.000872761
-1.21762e-05
0.000853697
-3.06688e-05
0.000836864
-4.68553e-05
0.00082009
-5.86324e-05
0.000795757
-7.00975e-05
0.000780098
-8.06517e-05
0.00075553
-8.71685e-05
0.000726239
-9.19981e-05
0.000694431
-9.42359e-05
0.000660382
-9.52414e-05
0.00062345
-9.43986e-05
0.000584459
-9.25703e-05
0.000546881
-8.78077e-05
0.000509409
-7.90336e-05
0.000481137
-5.64364e-05
0.000468425
-2.85433e-05
0.000470201
1.66607e-06
0.000486371
3.03155e-05
0.000515568
5.94994e-05
0.000550932
9.11427e-05
0.000582415
0.000109451
0.000606913
0.000111219
0.000631376
0.000108111
0.000656104
0.000102684
0.000678872
9.62672e-05
0.00069871
8.92507e-05
0.000714768
8.23363e-05
0.00072697
7.67213e-05
0.000735824
6.97338e-05
0.000741105
6.44082e-05
0.000746348
5.76163e-05
0.000751439
5.14811e-05
0.000753672
4.55784e-05
0.0007563
3.87691e-05
9.21553e-05
0.00125115
-0.000106618
-2.15049e-05
2.79301e-05
0.000848726
-1.35101e-05
0.000915931
-4.8053e-06
0.000961276
-2.73364e-07
0.000982644
1.83427e-06
0.000974145
1.18618e-06
0.000959797
3.25014e-06
0.000939604
4.4992e-06
0.000925621
5.37795e-06
0.000916329
7.21732e-06
0.00091686
9.26579e-06
0.000914295
9.43171e-06
0.000922639
8.62458e-06
0.000936265
8.66247e-06
0.000952376
9.27886e-06
0.000965722
1.22608e-05
0.000972873
2.16103e-05
0.000948128
2.72394e-05
0.000903887
3.25968e-05
0.000837377
3.37352e-05
0.000757382
0.000726369
-0.000432452
-0.000373688
-0.000980239
-0.000495005
0.000732851
0.000501493
0.0003638
0.00143094
-0.00110196
-0.000692774
0.000244749
-0.00117098
0.000144608
-0.00117373
9.34893e-05
-0.00119703
0.00123801
5.07393e-05
-0.00119523
0.00124718
7.12296e-05
0.00125433
8.24467e-05
-0.000130484
0.000178931
0.00120587
0.000581831
-0.000289607
6.04004e-05
0.00120821
-0.00118752
-8.10253e-05
0.000453761
0.000796842
-0.000456545
0.000447162
0.000863928
-0.00094378
-0.000366185
0.000866613
-0.000767955
-0.000503346
0.000757069
-0.000770976
-0.000535332
-0.000553923
-0.000786362
-0.000165755
-0.000776279
0.000716275
-0.000483475
-0.000715908
8.79796e-05
-2.90481e-05
0.000853806
-0.000509876
0.000815353
-0.000483777
0.000774895
-0.000431524
0.000781856
-0.000415573
-0.00045037
0.000742719
-0.000735695
0.00105167
0.000404366
0.000415821
-0.000204819
-0.000547864
0.000337975
0.00086798
0.00017149
-0.000193175
-0.000844629
0.000871927
0.00012704
0.000876148
0.000105284
0.000880108
8.78033e-05
0.000883246
7.23136e-05
0.000888038
5.3679e-05
0.000893922
3.29968e-05
0.000898742
1.17796e-05
0.000899852
-9.62282e-06
0.000894107
-2.9194e-05
0.000879808
-4.40396e-05
0.000861434
-5.82705e-05
0.000839766
-6.91702e-05
0.000815351
-7.81445e-05
0.000788696
-8.56457e-05
0.00076011
-9.11367e-05
0.000729577
-9.54509e-05
0.000696819
-9.74817e-05
0.000662016
-9.85397e-05
0.000625651
-9.79288e-05
0.0005868
-9.5138e-05
0.000547837
-8.85466e-05
0.000510833
-7.62683e-05
0.00048413
-5.58496e-05
0.000471673
-2.89383e-05
0.00047274
3.31042e-07
0.000487681
2.74796e-05
0.000514983
5.5291e-05
0.000549494
8.61782e-05
0.000582229
0.000107547
0.000609737
0.000110229
0.000633974
0.000108902
0.000660976
0.000103958
0.000686234
9.78868e-05
0.000707774
9.14808e-05
0.000723646
8.55106e-05
0.000736792
7.95126e-05
0.000746119
7.10468e-05
0.000752262
6.59602e-05
0.000759423
5.83958e-05
0.000763781
5.12459e-05
0.000765729
4.60129e-05
0.000767337
3.77297e-05
0.00076718
3.07892e-05
0.000789068
0.000501953
-0.000803771
0.00077534
0.000468465
-0.000429446
0.000463064
0.000743178
-0.00141193
0.000135487
0.00144387
-0.000167387
0.000718987
-0.000350125
-0.000234796
-0.000856978
-6.56016e-05
0.00142996
5.30375e-05
0.00046984
0.00065349
-0.000402921
0.000164827
0.00129852
-0.000282178
-0.00118117
-0.00075107
-0.000679589
-0.00075763
-0.000611593
-0.000767376
0.000487328
-0.00079116
0.000773152
0.000782757
-0.000517162
-0.000800414
0.000767451
0.00122848
-0.00080577
0.00151472
0.000121691
-6.80119e-05
-0.00132162
0.000264064
0.00123647
0.000844119
-0.000721772
-0.00100064
-0.000841632
-0.00038065
0.000873802
-0.000430312
-0.00130918
7.00687e-05
-0.00129678
5.88011e-05
-0.00125255
6.55739e-06
0.000736712
2.01248e-05
0.00073362
1.14857e-05
0.000722713
4.46303e-07
0.000707715
-1.37985e-05
0.000689239
-2.64873e-05
0.000670044
-3.75273e-05
0.00064619
-4.44055e-05
0.0006214
-5.39431e-05
0.000592651
-5.64665e-05
0.000562723
-6.00407e-05
0.000531527
-6.09382e-05
0.000499176
-6.06219e-05
0.000466068
-5.91346e-05
0.000432883
-5.71209e-05
0.000400981
-5.351e-05
0.000372175
-4.79132e-05
0.00035413
-3.59149e-05
0.000345572
-1.80372e-05
0.000348343
5.20551e-07
0.000361752
1.87099e-05
0.000385381
3.75466e-05
0.000419288
5.86191e-05
0.000453579
7.65014e-05
0.000483277
8.32394e-05
0.000510178
8.29992e-05
0.000534329
8.01419e-05
0.000555695
7.62397e-05
0.000574322
7.18391e-05
0.000590678
6.71667e-05
0.000606066
6.26296e-05
0.000618288
5.89589e-05
0.000629462
5.4822e-05
0.000639326
4.94993e-05
0.000646909
4.58458e-05
0.000654014
4.06416e-05
0.000658586
3.62887e-05
0.000663167
3.0985e-05
-0.000772925
-0.000376726
0.000701427
-0.000791747
-0.000394837
-0.000830161
-0.000391361
-0.000898522
-0.000413739
-0.000961717
-0.000445014
-0.00106184
-0.000446503
-0.00128746
0.000888358
0.000962455
-0.000345569
0.000727962
-0.000956061
0.000921413
-0.000486009
0.000748975
0.000476009
0.000761456
-6.26804e-05
0.0012302
3.83734e-05
7.09865e-05
0.0012406
0.000485962
-0.000874381
-0.000415095
-0.000527178
-0.00082686
0.000747643
-0.000256255
0.000171725
-0.000661552
1.92208e-05
-0.0013347
3.56419e-05
-0.000626504
0.000763242
-0.000478131
0.000322022
-0.000227169
-0.00115263
0.00105781
-0.00135842
-5.12561e-06
0.00126218
-0.000443336
-0.00115868
-1.97884e-05
2.38558e-05
0.000765843
-1.34618e-05
0.000844922
-4.54725e-06
0.000909034
5.51801e-06
0.000953362
1.38272e-05
0.000976728
1.66684e-05
0.000974353
1.6925e-05
0.000963361
1.40596e-05
0.000946153
1.1179e-05
0.000932243
9.14809e-06
0.000922011
5.77736e-06
0.000923727
2.10215e-06
0.000921527
-2.93739e-07
0.000928805
-2.87213e-06
0.000942656
-3.76498e-06
0.000957593
-1.74705e-06
0.00096696
5.72999e-06
0.000968231
1.27727e-05
0.000943561
1.93396e-05
0.000899623
2.38526e-05
0.000835169
2.6198e-05
0.000756942
2.62478e-05
0.000664589
0.000294872
-0.00107478
0.000209417
-0.00108549
0.000142431
-0.0011067
8.48375e-05
-0.0011394
3.31093e-05
-0.00114345
-8.31331e-06
-0.00121112
-0.00143701
8.52833e-05
-0.000305976
-0.000906011
-0.000487239
0.000737716
0.000484586
0.000729911
-0.000557974
0.000684349
0.000528931
-0.000462098
0.000622407
0.000162342
0.00010555
0.00131441
-0.00127484
7.48257e-05
0.00129821
-0.000783991
-0.000724606
-0.001667
0.000367068
-0.00106179
0.00106756
-0.000593219
-0.000804594
0.00134139
7.14048e-05
-0.000809679
-0.000210858
0.00033215
-0.000557554
-0.00127046
-0.000202867
-0.000663286
-0.000783525
0.000517783
-0.0002405
0.00010527
-0.000381426
0.000612149
0.00011541
-0.00020833
0.000674494
0.000110763
0.000703798
9.93991e-05
0.000721877
8.89259e-05
0.000735499
7.59772e-05
0.000748057
6.17026e-05
0.000758604
4.53671e-05
0.000762718
3.10059e-05
0.000761296
1.51627e-05
0.000754196
-7.39939e-07
0.000740195
-1.3314e-05
0.000723918
-2.58863e-05
0.000703507
-3.59716e-05
0.0006803
-4.40948e-05
0.000654689
-5.06895e-05
0.000627028
-5.61087e-05
0.000597893
-6.01568e-05
0.000566313
-6.19296e-05
0.000533936
-6.32237e-05
0.000500914
-6.34011e-05
0.000467482
-6.23709e-05
0.000434957
-6.03191e-05
0.000405057
-5.60159e-05
0.000378864
-4.74473e-05
0.00036002
-3.45206e-05
0.000351121
-1.8212e-05
0.00035317
-6.98334e-07
0.000364978
1.66097e-05
0.00038615
3.49742e-05
0.000417917
5.5077e-05
0.000452822
7.30254e-05
0.00048175
8.16858e-05
0.000509585
8.19867e-05
0.000534874
7.96927e-05
0.000557398
7.62326e-05
0.00057751
7.22008e-05
0.000596112
6.77936e-05
0.000613491
6.31977e-05
0.000625749
6.02828e-05
0.00063872
5.46792e-05
0.000647226
5.17835e-05
0.00065441
4.63585e-05
0.000661864
4.11997e-05
0.000667146
3.52205e-05
0.000670712
2.99365e-05
2.48606e-05
0.000672122
0.0018735
-0.00064409
-4.42811e-05
-0.00118512
0.00104159
0.000354861
-0.00109003
-0.00030633
0.000203021
0.000918927
0.000758485
0.00123681
-0.000846683
-7.43455e-05
0.000192575
-6.70344e-05
0.000395805
-0.000519064
0.000535973
0.000920289
-0.000500979
0.000142287
-0.00056098
0.000429394
0.000306176
-0.000172987
-0.000674963
-0.000260802
-0.000748693
-0.000319181
-0.000787227
-0.000351278
-0.000856299
-0.000342828
-0.000937611
-0.000361938
-0.00101954
-0.000363275
-0.00110396
-0.000358058
-0.000398753
0.000415269
-0.00117491
-0.00113438
-0.000367932
-0.000423771
-2.63527e-05
-1.00692e-05
-0.000588276
0.000503353
-0.000471542
1.25707e-05
0.000420367
-0.000470373
0.000647018
0.000536745
-4.53976e-05
9.24404e-05
0.000542538
3.23341e-05
0.000539485
2.48795e-05
0.000535797
1.6962e-05
0.000529493
8.64279e-06
0.000518528
-8.39861e-07
0.000504392
-1.03657e-05
0.000486118
-1.72092e-05
0.000467628
-2.38715e-05
0.000445204
-2.93643e-05
0.000422688
-3.17656e-05
0.000398336
-3.34236e-05
0.000373639
-3.39854e-05
0.000349267
-3.42139e-05
0.000325812
-3.37087e-05
0.000303117
-3.24367e-05
0.000281775
-3.02959e-05
0.000262809
-2.72015e-05
0.000249575
-2.11018e-05
0.000245246
-1.23601e-05
0.00024872
-1.72203e-06
0.000259568
9.31681e-06
0.000277501
2.11274e-05
0.000303345
3.42436e-05
0.000334391
4.68117e-05
0.000364081
5.48922e-05
0.000390866
5.76176e-05
0.000414744
5.73659e-05
0.000436108
5.58634e-05
0.000455405
5.36569e-05
0.000473043
5.08475e-05
0.000488925
4.83069e-05
0.000503908
4.58897e-05
0.00051758
4.32243e-05
0.000528891
4.03534e-05
0.000539618
3.72615e-05
0.000548688
3.36346e-05
0.000556515
3.02524e-05
0.000562729
2.62573e-05
0.000566635
2.3545e-05
-0.00141382
4.68721e-05
-0.00138398
2.90217e-05
-0.00137471
-2.72598e-06
-0.00134179
-4.12336e-05
-0.00161623
0.000167528
0.000850447
-0.00074798
-0.000346384
0.000507741
-0.000787985
-0.000338873
-0.00035266
0.00102479
-0.000421756
-0.000984301
-0.000359066
-0.000382699
-0.000270624
0.000407632
-7.70512e-05
0.000320962
-0.000815492
-0.000326444
-0.000933541
-0.000488745
0.00075169
0.000491842
0.000755812
-0.000592694
0.00073029
0.000549176
-0.000740221
0.00034685
0.000588414
2.28921e-05
0.00131288
2.72706e-05
0.00128815
0.000324848
-0.00113253
-0.000748958
0.000749753
-0.000450733
0.00143447
9.46208e-05
-0.000242932
0.000689321
0.00159073
-0.000131519
-2.47605e-05
0.00123353
0.000508224
-0.00015092
0.000488204
-0.000995298
-0.000561757
-0.000858135
0.00139782
3.82249e-05
0.000166373
-0.000761841
-0.000212479
0.000735026
0.000216141
-2.9366e-05
-0.00064024
0.000360389
-0.000221666
0.000503142
0.000555617
-0.000641506
-0.00114156
0.00107106
0.000147027
-7.6483e-05
-5.69534e-05
0.000315234
0.0013432
8.47068e-06
-0.000461301
0.000366333
-0.000477149
-0.00115979
0.000242351
-0.0010287
0.00018983
-0.00102226
0.000142789
-0.00103846
0.000100584
-0.0010645
5.13344e-05
-0.00109016
1.35706e-06
-0.0010937
-9.67265e-05
-0.00111286
-0.000184742
-0.00125382
0.00074871
-0.000487446
-0.000835879
-0.000277863
-0.000823214
-0.000644547
-0.000695445
-0.000812554
0.00133678
3.06585e-05
0.000339042
0.00137073
-0.000426967
-0.00128271
0.000148522
-0.00026815
0.00021263
-9.07761e-05
0.00034738
3.65654e-05
0.000413013
5.11761e-05
0.000461152
6.42576e-05
0.000493458
6.88721e-05
0.000520099
6.41908e-05
0.000540087
5.79754e-05
0.000554435
4.94108e-05
0.000562808
3.90244e-05
0.000567056
2.86656e-05
0.00056578
1.83106e-05
0.000558591
8.38134e-06
0.000548284
-1.00366e-06
0.000533565
-9.24718e-06
0.000516335
-1.67381e-05
0.000497246
-2.30304e-05
0.000476513
-2.80528e-05
0.000453568
-3.10524e-05
0.00042882
-3.3383e-05
0.000404607
-3.55512e-05
0.000380536
-3.66875e-05
0.000356509
-3.69452e-05
0.000332924
-3.62685e-05
0.000309659
-3.46366e-05
0.000287853
-3.19893e-05
0.00027001
-2.75915e-05
0.000257914
-2.07573e-05
0.000253261
-1.21429e-05
0.000255852
-2.11834e-06
0.000265143
8.25292e-06
0.000281686
1.9192e-05
0.000305657
3.17172e-05
0.00033504
4.40885e-05
0.000364702
5.25855e-05
0.000391436
5.6068e-05
0.000415551
5.62638e-05
0.000437386
5.51192e-05
0.00045749
5.31267e-05
0.000476036
5.06451e-05
0.000492593
4.83147e-05
0.000508715
4.63923e-05
0.000521415
4.4586e-05
0.000534938
4.11152e-05
0.000546712
3.75799e-05
0.000556432
3.44348e-05
0.000563647
3.07835e-05
0.00056957
2.65805e-05
0.000573961
2.26708e-05
-1.94477e-05
1.89829e-05
0.00057629
-1.6607e-05
0.000671224
-1.06576e-05
0.000762328
-2.81432e-06
0.000839882
6.48598e-06
0.000902518
1.62321e-05
0.000946448
2.74214e-05
0.000968215
3.14198e-05
0.000973331
3.03983e-05
0.000968025
2.40044e-05
0.000956872
1.67411e-05
0.00094375
9.58044e-06
0.000933133
4.68276e-06
0.000932794
-1.68119e-06
0.000931787
-9.36351e-06
0.000940743
-1.44105e-05
0.000952112
-1.52604e-05
0.00096218
-1.12736e-05
0.000965996
-1.65436e-06
0.000961623
5.87363e-06
0.00093869
1.29638e-05
0.000895024
1.83619e-05
0.00083189
2.17087e-05
0.000755201
2.2407e-05
0.000665078
0.000569832
2.03035e-05
0.000507022
0.000753589
3.64935e-05
0.00133318
0.000417
-0.000396359
-0.00115481
0.000422744
-0.0011805
-0.00108732
0.000496914
-0.000202601
0.000139649
-1.24798e-05
0.00151204
-0.00112611
-0.000863156
0.00144619
-0.00143875
-2.66124e-05
0.000621233
-0.000532391
0.000470329
-0.000713391
0.000104988
-0.000298963
-7.47553e-05
-0.000446576
-0.000111424
-0.000590251
-0.000173704
-0.000691232
-0.000247846
-0.000746815
-0.000285678
-0.000833956
-0.000273258
-0.0009129
-0.000282826
-0.00098114
-0.000288812
-0.00104254
-0.000305971
-0.00106971
-0.000368902
0.00103315
0.000437086
-0.000627307
-0.000842824
-0.000433359
-0.00114608
0.000424697
-0.000469828
-0.000920452
0.000763058
0.000496508
-0.000504071
0.00128699
-0.00109594
5.6311e-05
0.00136463
0.00165144
0.000362146
0.000478322
-0.000920025
-3.21193e-05
0.00140522
-0.000223147
0.000197776
0.0012334
5.29372e-05
-0.000723738
-0.0002774
0.000362776
0.000912335
-0.000931508
-0.000362994
0.000848503
-0.000294149
0.00077111
-0.000287239
0.000690732
-0.00027075
0.000632665
-0.000279061
0.000508653
-0.000220256
-0.000133199
0.000511263
0.000132902
0.00021905
-5.96185e-05
-0.000309855
0.000152535
-7.99026e-05
-4.54422e-05
-0.00157211
4.11054e-05
-0.00153263
7.49024e-06
-0.00152196
1.83156e-05
-0.00150886
-1.57681e-05
-0.00150099
-4.91832e-05
-0.00150616
-0.000179648
0.000739749
-0.000490127
-0.000786528
-0.000259567
0.000646839
-0.000859439
0.00062803
-0.000696783
-0.000821788
0.000562044
-0.00139301
-0.000399834
0.00123081
0.000525768
-0.00108982
0.00032846
-0.000962491
0.000235405
-0.00093571
0.000167517
-0.000954438
0.000122798
-0.000993826
7.0667e-05
-0.00101246
1.69306e-05
-0.00103651
-4.60854e-05
-0.00103077
-0.00012598
-0.00103303
-0.0002705
-0.00110934
-0.000382608
-0.00139403
0.00109889
-0.000428704
0.000700695
0.00132022
2.51073e-05
-0.000722096
0.000492201
0.000640928
0.000844748
-0.000643527
0.000585258
-0.000550004
0.000132135
-7.59442e-06
0.000166079
4.36194e-06
0.000201445
1.76907e-05
0.00023856
2.91354e-05
0.000273282
3.62019e-05
0.000300729
3.8843e-05
0.000322925
3.78637e-05
0.000339861
3.45212e-05
0.000351437
2.94529e-05
0.000358455
2.36374e-05
0.000361342
1.74428e-05
0.000360614
1.11286e-05
0.000356497
5.13857e-06
0.000349651
-3.54253e-07
0.000340109
-5.03395e-06
0.000328411
-9.09054e-06
0.000314671
-1.20302e-05
0.000300562
-1.44266e-05
0.000286035
-1.60823e-05
0.000270475
-1.74447e-05
0.000254352
-1.83596e-05
0.00023818
-1.88403e-05
0.00022252
-1.885e-05
0.000207932
-1.83879e-05
0.000194991
-1.7427e-05
0.000184624
-1.56727e-05
0.000177973
-1.26734e-05
0.000175668
-8.49519e-06
0.000178235
-3.40913e-06
0.000185343
2.364e-06
0.000197117
8.51244e-06
0.000214272
1.55651e-05
0.000236152
2.3156e-05
0.000260353
2.93786e-05
0.000284394
3.29436e-05
0.000307079
3.4536e-05
0.000328096
3.50545e-05
0.000347813
3.48011e-05
0.00036634
3.42443e-05
0.000383593
3.32654e-05
0.000400285
3.22565e-05
0.000416288
3.12421e-05
0.000430402
2.96898e-05
0.000442537
2.80709e-05
0.000454251
2.51631e-05
0.000464254
2.30044e-05
0.000472478
2.0369e-05
0.000479166
1.77537e-05
0.000484581
1.52048e-05
-1.52528e-05
0.000488595
1.28199e-05
-1.43102e-05
0.000577023
-1.01138e-05
0.000668603
-3.04196e-06
0.000757236
5.69184e-06
0.000833656
1.48514e-05
0.000896342
2.34455e-05
0.000941204
3.48803e-05
0.000960153
3.91818e-05
0.000972213
3.9645e-05
0.000971105
3.54433e-05
0.000965247
2.56623e-05
0.000958269
1.33285e-05
0.000950042
7.24974e-07
0.00094991
-1.12398e-05
0.000948259
-2.00715e-05
0.000954097
-2.36415e-05
0.000959673
-2.30998e-05
0.000965057
-1.83359e-05
0.000964275
-8.78862e-06
0.000954912
-1.54815e-06
0.000934309
5.50072e-06
0.000890246
1.14571e-05
0.000827675
1.65647e-05
0.00075145
1.9079e-05
0.000663611
1.744e-05
0.000572676
-0.000478255
1.35617e-05
0.000483594
-0.000471809
1.51281e-05
-0.000464422
1.72897e-05
-0.000456833
1.98398e-05
-0.000446957
2.17169e-05
-0.00043606
2.42827e-05
-0.000423497
2.64284e-05
-0.000410056
2.88065e-05
-0.00039518
3.02974e-05
-0.000379176
3.19315e-05
-0.000362432
3.34909e-05
-0.000344477
3.46226e-05
-0.000325148
3.54274e-05
-0.000304127
3.58336e-05
-0.00028128
3.55729e-05
-0.000257011
3.44166e-05
-0.000232263
3.12478e-05
-0.000209566
2.51974e-05
-0.000191332
1.72291e-05
-0.000178408
9.52478e-06
-0.000170589
2.77777e-06
-0.000167679
-3.3427e-06
-0.000170145
-8.59964e-06
-0.000177238
-1.27357e-05
-0.000187814
-1.52893e-05
-0.000200281
-1.64094e-05
-0.000214229
-1.70142e-05
-0.000229134
-1.72552e-05
-0.000244549
-1.7088e-05
-0.000259955
-1.66428e-05
-0.000275427
-1.57719e-05
-0.000289995
-1.49385e-05
-0.000304498
-1.2644e-05
-0.000316887
-9.26815e-06
-0.00032699
-4.89778e-06
-0.000334582
-5.68923e-07
-0.000338528
5.33156e-06
-0.00033803
1.03852e-05
-0.000334344
1.54173e-05
-0.000325766
1.83746e-05
-0.000308668
1.72837e-05
-0.000369397
1.75698e-05
-0.000282968
4.73471e-05
-0.00013157
-0.000304253
3.60142e-05
4.68848e-05
-0.000186555
-0.000548019
-0.000805044
-0.000494934
-0.000181593
5.17077e-05
9.89688e-06
0.000122133
0.000702539
-8.78378e-05
-1.45053e-05
-0.00087002
-0.000691395
0.000945044
-0.000683803
-0.000310107
-0.000898634
0.000273074
-0.000993039
-9.40578e-05
0.000493816
0.000770726
-0.0004885
0.00075445
-0.000811705
0.000436581
0.000795738
0.000509181
5.40639e-06
0.00131928
2.37548e-05
0.00131978
0.000471159
-0.00118083
0.00119002
0.000190414
-0.00119168
0.000435936
-0.00113268
0.000531149
0.00120294
0.000510992
-0.00120562
-0.000615913
-0.000886642
0.000562125
-0.00106037
0.00136468
6.7599e-06
-0.00132666
0.00138849
0.000137826
-0.000199622
0.000907612
-0.000356411
-0.000261598
-0.000746385
5.92843e-06
-0.000973684
0.00054866
0.000360596
-0.000537
0.000671376
-0.00107858
0.000944289
-0.00116169
0.00131616
0.000483139
0.000769922
-0.000955554
0.000964646
-0.000489394
0.000907586
-0.000311407
0.000827989
-0.000225726
0.000748846
-0.000208197
0.000655602
-0.000188109
0.00058665
-0.000202559
0.000453519
-0.000150319
0.000289317
-8.12205e-05
0.000165864
-4.85937e-05
8.57428e-05
-2.92815e-05
-1.15364e-05
2.50255e-05
-0.000920333
-0.000181564
-0.000188306
0.000647607
-0.000163107
-2.99802e-05
0.000107753
-0.000249665
-4.4581e-05
-0.000395315
-7.25311e-05
-0.000537187
-0.000135016
-0.000607017
-0.000199242
-0.000708628
-0.000184268
-0.000785759
-0.000215502
-0.000240532
-0.000734969
0.000701848
0.000774981
-0.00147944
4.86583e-05
0.00145007
-0.00151424
-3.32078e-05
-0.00151562
-4.42477e-05
-0.000143761
0.000673418
-0.000932784
0.000714539
-0.000137428
0.000756828
-0.000490688
0.00124681
0.000652733
-0.00078635
0.000428805
0.00130366
6.95131e-05
-1.3615e-05
0.000201936
-0.00149852
2.12836e-05
-0.00150608
1.50775e-05
-0.00149995
1.21958e-05
-0.00147902
-3.66979e-05
-0.00146417
-6.40524e-05
-0.00147819
-0.000165674
-0.00147048
-0.000390302
-0.000527301
0.000551222
-0.000905287
3.40731e-05
-2.01349e-06
-2.01741e-05
6.70633e-05
1.84085e-06
-3.23718e-05
5.6524e-05
-9.39954e-07
7.27028e-05
1.91216e-06
-1.63081e-05
0.000109357
1.21994e-05
0.000130405
1.70684e-05
0.000157974
2.19766e-05
0.0001596
1.81045e-05
0.000165915
1.30387e-05
0.000174597
1.16719e-05
0.00018187
1.01101e-05
0.000186369
7.83944e-06
0.000188676
4.99041e-06
0.000187984
2.07003e-06
0.000185339
-3.3233e-07
0.000180297
-2.34037e-06
0.00017375
-4.28712e-06
0.000166202
-5.68111e-06
0.000158511
-6.49585e-06
0.000150437
-7.1035e-06
0.000142273
-7.54955e-06
0.000134234
-7.89394e-06
0.000126622
-8.10581e-06
0.000119693
-8.20517e-06
0.000113759
-8.09135e-06
0.000109604
-7.31532e-06
0.000107995
-5.74671e-06
0.000109454
-3.54295e-06
0.000114302
-8.32299e-07
0.000122645
2.40015e-06
0.00013476
6.33001e-06
0.000150581
1.05595e-05
0.000168833
1.41484e-05
0.000188035
1.6519e-05
0.000207231
1.77807e-05
0.000225972
1.85502e-05
0.000243902
1.90393e-05
0.000260921
1.92905e-05
0.000277424
1.87303e-05
0.000293156
1.78833e-05
0.000307981
1.70071e-05
0.000322094
1.61078e-05
0.000334868
1.49834e-05
0.000346451
1.39841e-05
0.000356945
1.2505e-05
0.000366984
1.11205e-05
0.000375806
9.8761e-06
0.000383634
8.80545e-06
0.000390914
7.82232e-06
-0.00112882
0.00059972
-0.000684287
-0.000899041
-1.23408e-05
1.09789e-05
0.000491458
-1.05396e-05
0.000576854
-5.63902e-06
0.000665109
1.87965e-06
0.000751357
1.0876e-05
0.000826849
2.00417e-05
0.000889834
2.96545e-05
0.000934596
4.09263e-05
0.000952241
4.60839e-05
0.000970708
4.71053e-05
0.000973936
4.15683e-05
0.000975207
2.71549e-05
0.000978068
1.22736e-05
0.000970521
1.11202e-06
0.000966463
-1.21829e-05
0.000967023
-2.59502e-05
0.000972886
-3.14695e-05
0.000969492
-3.03327e-05
0.000967574
-2.50199e-05
0.000962188
-1.47549e-05
0.000947424
-6.79347e-06
0.000928787
5.88171e-07
0.000884827
7.66275e-06
0.000822156
1.24793e-05
0.000747821
1.53007e-05
0.000661884
1.50521e-05
0.000574389
1.23525e-05
0.000487962
7.57416e-06
0.000397188
-0.0011765
-0.000184881
0.000421921
-0.000613875
-0.00120099
0.000307717
-0.00097553
0.000266244
-0.00092092
0.000240757
-0.000910122
0.000199647
-0.000913239
0.000132278
-0.000926363
5.41285e-05
-0.000934215
-3.32778e-05
-0.000949005
-0.000108771
-0.000955177
-0.00016525
-0.000976459
-0.000262553
-0.00101192
-0.000431438
-0.00122507
-0.000529851
-0.001372
-0.00165912
0.00014045
-0.00141027
0.000118754
-0.000367632
-0.00165685
-0.000153234
-0.000745848
-0.00152482
2.9274e-05
-9.43793e-06
-3.06698e-05
3.13027e-05
-8.05802e-06
4.19348e-05
-4.6447e-06
5.99981e-05
1.4487e-06
8.26458e-05
8.53018e-06
0.000106479
1.45502e-05
0.000129305
1.82867e-05
0.000149386
2.00634e-05
0.000166344
1.98148e-05
0.000180163
1.78527e-05
0.000190901
1.50904e-05
0.00019862
1.18969e-05
0.00020329
8.63232e-06
0.000205236
5.37773e-06
0.000204722
2.33732e-06
0.000202032
-2.07196e-07
0.000197191
-2.18575e-06
0.000190971
-3.81036e-06
0.00018381
-5.35267e-06
0.000175996
-6.47492e-06
0.000167544
-7.33896e-06
0.000158738
-8.0114e-06
0.000149854
-8.49261e-06
0.000141209
-8.7758e-06
0.000133132
-8.87726e-06
0.000125965
-8.78447e-06
0.000120131
-8.34508e-06
0.000116284
-7.34243e-06
0.000114991
-5.73571e-06
0.000116666
-3.62232e-06
0.000121512
-1.04188e-06
0.000129541
1.92247e-06
0.000141106
5.39241e-06
0.000156409
9.34665e-06
0.000174207
1.28626e-05
0.00019315
1.54701e-05
0.000212264
1.70566e-05
0.00023094
1.80536e-05
0.000248844
1.86631e-05
0.000266071
1.89249e-05
0.000282686
1.86329e-05
0.000298671
1.82832e-05
0.000313917
1.78826e-05
0.000328106
1.72214e-05
0.000341413
1.63381e-05
0.000353031
1.50046e-05
0.000363732
1.36344e-05
0.000373179
1.21547e-05
0.000381491
1.06453e-05
0.000388635
9.27977e-06
0.000394867
7.8182e-06
0.000400069
6.96418e-06
0.00128822
0.000205941
0.000490065
-0.00123486
-4.97918e-06
0.00133104
1.7521e-05
0.00132743
-0.000791197
0.000444029
0.000494297
0.000787541
-0.0003398
-0.000815291
0.000374339
-0.000873373
0.000765481
-0.000594889
-0.00124911
-0.000736372
-0.000776716
1.41974e-05
-1.74453e-05
-2.43594e-07
4.84808e-06
-0.000891143
1.10236e-05
1.08384e-06
-2.46736e-05
-1.38773e-05
-3.0271e-06
-5.14191e-05
-4.48965e-06
-0.000106578
-1.47249e-05
-0.000207157
-3.26549e-05
-0.00034699
-5.69163e-05
-0.000459822
-6.95363e-05
-0.000586173
-8.74791e-05
-0.000111283
0.00134158
-0.000170974
-0.00131436
-0.000650228
0.000609931
-0.0014434
-0.000159838
-0.0013348
-5.98804e-05
-0.00133784
-3.01485e-05
-4.04834e-05
3.65092e-06
6.0061e-07
0.000803591
-0.000330511
0.000695465
-0.000202642
0.000603601
-0.00013329
0.000488624
-9.14779e-05
0.000379364
-7.68403e-05
0.00023894
-5.96022e-05
0.000126272
-3.59084e-05
6.4283e-05
-1.66677e-05
2.23524e-05
-3.92413e-06
-1.27883e-06
-0.000918398
0.000775267
0.000481686
0.00132876
-0.00126642
0.000414009
0.000666721
-0.00105814
-2.23168e-05
3.47785e-08
2.61418e-05
-2.02996e-05
-1.48711e-06
1.04952e-06
-1.78666e-05
-2.76906e-06
-1.37299e-05
-5.32955e-07
-1.04584e-05
-2.51781e-06
-4.31192e-06
-2.57819e-06
7.80946e-06
1.73309e-06
2.25856e-05
3.97644e-06
3.95078e-05
6.80913e-06
5.22566e-05
7.04748e-06
6.16819e-05
5.26334e-06
7.08119e-05
4.13173e-06
7.9038e-05
3.45604e-06
8.57378e-05
2.70864e-06
9.05071e-05
1.80282e-06
9.33006e-05
8.42395e-07
9.44949e-05
3.14205e-08
9.42504e-05
-5.37936e-07
9.26956e-05
-1.21275e-06
9.01918e-05
-1.7113e-06
8.71563e-05
-2.05768e-06
8.3703e-05
-2.3061e-06
7.99763e-05
-2.51497e-06
7.60637e-05
-2.69305e-06
7.20915e-05
-2.85289e-06
6.818e-05
-3.00853e-06
6.4494e-05
-3.11984e-06
6.15343e-05
-3.06052e-06
5.98528e-05
-2.73845e-06
5.98469e-05
-2.17979e-06
6.1902e-05
-1.5136e-06
6.62976e-05
-6.03149e-07
7.34132e-05
6.67578e-07
8.34201e-05
2.08391e-06
9.57997e-05
3.41367e-06
0.000109586
4.42681e-06
0.000123951
5.11407e-06
0.000138575
5.59948e-06
0.000153176
6.02957e-06
0.000167608
6.3244e-06
0.000181615
6.11699e-06
0.000194904
5.83785e-06
0.000207472
5.57763e-06
0.000219393
5.28526e-06
0.000230537
4.94846e-06
0.000241127
4.55298e-06
0.000250756
4.1304e-06
0.000259659
3.57085e-06
0.000267871
3.107e-06
0.000275428
2.7307e-06
0.000282367
2.36697e-06
0.00028886
2.52134e-06
-0.00134298
-3.00029e-05
-0.00133568
1.40731e-05
-0.00136849
4.78913e-05
-0.00134191
-1.43753e-05
-0.00131556
-6.30604e-05
-0.00130593
-7.3693e-05
-0.00133824
-0.000133362
-0.00149436
-0.000234156
-0.00135221
-0.000778043
0.000336317
0.00134816
4.87802e-05
-0.000834313
-0.000841385
0.00142479
0.000129389
-1.05861e-05
0.00134759
-0.000731509
0.000399553
-0.000372707
-0.00133529
0.000134767
0.00134097
-0.00123316
1.66349e-05
-0.00131765
-6.87279e-05
-0.000189992
-0.000522995
0.000919313
0.000255033
-0.000927384
-0.000852435
1.75462e-05
-0.000963487
-1.52907e-05
-0.000942675
2.67938e-06
-0.000938879
3.29341e-05
-0.00094036
6.80916e-05
-0.000948381
9.92246e-05
-0.00095748
0.00012679
-0.000961766
0.000143219
-0.000965419
0.000153877
-0.000965816
0.000137937
-0.000960499
9.27783e-05
-0.000966732
-0.000154659
-0.000977611
-0.000531616
-0.000995013
-0.000956731
-0.000927066
0.00130709
-0.00118414
0.000721809
-9.70033e-06
6.50075e-06
0.000404412
-1.03933e-05
0.000493539
-7.81837e-06
0.00057582
-2.17027e-06
0.000660854
5.94818e-06
0.000744726
1.53628e-05
0.000819212
2.48189e-05
0.000882663
3.48292e-05
0.00092757
4.19771e-05
0.000948549
4.66755e-05
0.000970399
4.77262e-05
0.00097779
4.64986e-05
0.000982104
4.1229e-05
0.00098965
2.07551e-05
0.000998078
-5.26717e-06
0.00099957
-2.60968e-05
0.00099491
-3.17541e-05
0.000984801
-3.27794e-05
0.000976266
-3.14731e-05
0.000970903
-2.79187e-05
0.000962199
-2.0733e-05
0.000943149
-1.22113e-05
0.000922812
-4.6884e-06
0.000878864
2.36476e-06
0.000816351
8.96006e-06
0.000742493
1.25056e-05
0.000659745
1.36471e-05
0.000575021
1.17444e-05
0.000491588
7.55694e-06
0.000402794
2.58522e-06
0.000295251
-2.1319e-05
-4.1399e-06
-2.33746e-05
-4.44207e-06
-2.24658e-05
-3.91093e-06
-1.74302e-05
-1.86122e-06
-7.59654e-06
5.19969e-07
6.22689e-06
2.57303e-06
2.18762e-05
4.49545e-06
3.78238e-05
5.96672e-06
5.26429e-05
6.81745e-06
6.58876e-05
6.37744e-06
7.72986e-05
5.4039e-06
8.66925e-05
4.20428e-06
9.38745e-05
3.12945e-06
9.8886e-05
2.01777e-06
0.000101907
9.40974e-07
0.000103178
1.04616e-07
0.000103018
-4.63773e-07
0.000101821
-1.06615e-06
9.96012e-05
-1.61415e-06
9.6641e-05
-2.03259e-06
9.31195e-05
-2.37476e-06
8.91663e-05
-2.64838e-06
8.49258e-05
-2.86203e-06
8.05725e-05
-3.02601e-06
7.62896e-05
-3.15498e-06
7.22681e-05
-3.25576e-06
6.87851e-05
-3.28047e-06
6.62417e-05
-3.15441e-06
6.5037e-05
-2.82523e-06
6.55076e-05
-2.32392e-06
6.79503e-05
-1.69432e-06
7.2601e-05
-8.61981e-07
7.9659e-05
2.67816e-07
8.93455e-05
1.57991e-06
0.000101359
2.88109e-06
0.000114883
3.99487e-06
0.000129077
4.80129e-06
0.000143609
5.3847e-06
0.000158062
5.91789e-06
0.000172313
6.18531e-06
0.000186034
6.24132e-06
0.00019919
6.2299e-06
0.000211734
6.23097e-06
0.000223642
6.04593e-06
0.00023479
5.80122e-06
0.000245009
5.32259e-06
0.000254351
4.82056e-06
0.000262869
4.22741e-06
0.00027059
3.64022e-06
0.000277604
3.12542e-06
0.00028387
2.55669e-06
0.000289507
2.45708e-06
2.26557e-06
0.000295013
-0.00122565
0.000572435
0.00136697
-0.000951661
-0.000125945
0.00013015
-0.000122022
0.000311518
0.000365525
0.000134508
1.29693e-05
-1.42314e-05
-9.13965e-06
4.11331e-06
1.28458e-05
-8.47114e-06
1.65661e-06
6.9373e-06
-1.58902e-05
2.29191e-05
-2.41342e-05
2.64862e-05
-2.47628e-05
1.83075e-05
-8.95739e-06
-1.75396e-06
1.34228e-05
-2.42065e-05
3.37461e-05
-4.03521e-05
4.15117e-05
-3.74801e-05
3.58045e-05
-2.74583e-05
1.68494e-05
-6.75076e-06
-2.01463e-06
7.9913e-06
-1.06999e-05
1.04848e-05
0.00012981
-0.000126051
0.000133643
-7.68823e-06
3.56939e-06
0.000122465
-0.000118599
0.000114494
-0.000110051
0.00010521
-9.99913e-05
9.4315e-05
-8.83011e-05
8.1914e-05
-7.52706e-05
6.83071e-05
-6.11036e-05
5.36309e-05
-4.64532e-05
3.97326e-05
-3.35398e-05
2.83791e-05
-2.45717e-05
2.21024e-05
-2.08213e-05
2.04603e-05
-2.08025e-05
2.17755e-05
-2.31813e-05
2.48042e-05
-2.64991e-05
2.8176e-05
-2.97789e-05
3.12361e-05
-3.24674e-05
3.34038e-05
-3.39777e-05
3.41185e-05
-3.37093e-05
3.27079e-05
-3.11522e-05
2.87638e-05
-2.53028e-05
2.07297e-05
-1.50738e-05
8.20209e-06
-2.97515e-07
-8.03581e-06
1.5612e-05
-2.18023e-05
2.61424e-05
-2.84688e-05
2.84133e-05
-2.6285e-05
2.35696e-05
-2.10649e-05
2.24134e-05
-2.47198e-05
2.53124e-05
-2.33957e-05
9.23909e-06
2.39758e-05
-8.10267e-05
0.000155705
-0.000245608
0.000377549
-0.000579679
0.000909962
-0.000874251
0.000904206
-0.000890109
0.000842204
-0.000856568
0.000919621
-0.000993302
0.00112665
0.000604089
0.000703018
-0.000126866
-1.33706e-05
6.53696e-05
-8.70998e-05
8.98785e-05
-8.95255e-05
8.35091e-05
-7.3953e-05
6.13293e-05
-4.57544e-05
2.95348e-05
-2.21356e-05
3.60968e-05
-9.54409e-05
0.000646056
0.000967037
-0.00165265
-0.000634357
-0.00062803
-0.00126676
0.00122248
0.000218075
-0.00103251
0.000963805
-0.000980464
0.00111524
-0.000944281
0.000903812
-0.000873685
0.000813835
-0.000654129
0.000469461
-0.000332642
0.000222944
-0.000137164
6.95741e-05
-1.52668e-05
-1.48901e-05
2.73222e-05
-2.98415e-05
3.09509e-05
-2.80802e-05
2.426e-05
-2.2538e-05
-2.19828e-06
2.22574e-05
-2.32359e-05
2.19942e-05
-2.27672e-05
2.36576e-05
-2.0305e-05
1.47556e-05
-6.43286e-06
-2.06159e-06
8.74341e-06
-1.42742e-05
1.91226e-05
-2.3235e-05
2.64627e-05
-2.87393e-05
3.02228e-05
-3.1148e-05
3.13897e-05
-3.11061e-05
3.04376e-05
-2.94816e-05
2.82915e-05
-2.69091e-05
2.53582e-05
-2.36506e-05
2.18439e-05
-2.01219e-05
1.87732e-05
-1.80552e-05
1.80376e-05
-1.90157e-05
2.13601e-05
-2.52439e-05
3.05287e-05
-3.67786e-05
4.3623e-05
-5.08639e-05
5.83664e-05
-6.58885e-05
7.30551e-05
-7.98341e-05
8.62909e-05
-9.2417e-05
9.82041e-05
-0.000103643
0.00010877
-0.000113481
0.000117874
-0.000583335
-0.000600803
-0.000675601
1.60217e-05
0.00146945
-0.000835844
-0.000896588
-0.00129928
-0.000860741
0.000600803
-0.000497393
-0.000497164
-0.000200981
-0.000201319
-4.88304e-05
0.000410577
0.00151244
-5.4977e-05
-0.000666089
0.000625937
-0.000525946
-0.00061763
-0.000482412
-0.000508014
0.000657837
-0.000535272
-0.000663681
-0.000490389
-0.00051343
0.000689417
-0.000546782
-0.00069368
-0.000501374
-0.000517275
0.00071247
-0.000715161
0.00111132
0.000190698
)
;

boundaryField
{
    wall
    {
        type            calculated;
        value           uniform 0;
    }
    outlet
    {
        type            calculated;
        value           nonuniform List<scalar> 
33
(
0.000494497
0.000301726
0.00040794
0.000657042
0.000575558
0.000809211
0.000737235
0.000917976
0.000871659
0.000964206
0.00094497
0.000990017
0.000978177
0.00101667
0.00100321
0.00101968
0.00102283
0.00099605
0.00100812
0.000971017
0.000984789
0.00092207
0.000950584
0.000810676
0.000874122
0.000656264
0.000737423
0.000494987
0.000574521
0.000300597
0.000408368
0.00014043
0.00013905
)
;
    }
    inlet
    {
        type            calculated;
        value           nonuniform List<scalar> 
30
(
-0.000777843
-0.000691162
-0.000789789
-0.000814947
-0.000415427
-0.000680811
-0.00085476
-0.000756972
-0.000944994
-0.000925606
-0.000966162
-0.000957713
-0.000971315
-0.000971428
-0.00096395
-0.000970097
-0.000946271
-0.000956573
-0.000904137
-0.000928704
-0.000855285
-0.000545068
-0.000551257
-0.000415658
-0.000363346
-0.000362273
-0.000296182
-0.000296072
-0.000201319
-0.000200981
)
;
    }
    frontAndBackPlanes
    {
        type            empty;
        value           nonuniform List<scalar> 0();
    }
}


// ************************************************************************* //
