/*--------------------------------*- C++ -*----------------------------------*\
| =========                 |                                                 |
| \\      /  F ield         | OpenFOAM: The Open Source CFD Toolbox           |
|  \\    /   O peration     | Version:  2212                                  |
|   \\  /    A nd           | Website:  www.openfoam.com                      |
|    \\/     M anipulation  |                                                 |
\*---------------------------------------------------------------------------*/
FoamFile
{
    version     2.0;
    format      ascii;
    arch        "LSB;label=32;scalar=64";
    class       volVectorField;
    location    "0.0195";
    object      U;
}
// * * * * * * * * * * * * * * * * * * * * * * * * * * * * * * * * * * * * * //

dimensions      [0 1 -1 0 0 0 0];

internalField   nonuniform List<vector> 
2308
(
(-2.0083 5.91448 -1.02357e-15)
(0.947526 1.42778 0)
(-0.371726 11.4697 7.24025e-17)
(0.882013 3.34358 -3.61161e-16)
(0.0867552 4.33006 0)
(0.441019 4.01413 1.34818e-20)
(-0.452288 3.91615 -1.84133e-21)
(-0.46932 4.12503 -4.98803e-16)
(-0.0624446 4.46881 9.07663e-16)
(0.0737305 3.69791 -1.20555e-16)
(0.0864744 3.7062 2.15007e-16)
(0.0930267 3.72336 -3.15914e-16)
(0.0852692 3.72603 1.5632e-16)
(0.0846379 3.72983 -7.91584e-17)
(0.0835227 3.73299 1.34801e-17)
(0.0811624 3.73607 1.12007e-16)
(0.0783536 3.7403 1.4975e-17)
(-0.050917 3.7416 3.46377e-17)
(-0.0545615 3.73909 4.66097e-17)
(-0.0536542 3.73613 3.4508e-18)
(-0.0495097 3.73273 2.63247e-17)
(-0.0443935 3.72858 -7.69259e-17)
(-0.0373929 3.72364 9.88349e-17)
(-0.0265614 3.71934 -4.553e-17)
(-0.0245204 3.7117 -1.95756e-16)
(-0.0284431 3.69809 -9.31732e-17)
(-0.0142439 3.68001 4.76714e-17)
(0.00301533 3.66378 -5.24598e-17)
(-0.287302 3.96117 0)
(0.0743948 3.74692 -3.19778e-16)
(0.00332998 3.64038 2.79372e-18)
(0.00303323 3.61288 7.1543e-19)
(0.00360283 3.58317 -1.22355e-17)
(0.00367705 3.55151 1.15643e-17)
(0.00399166 3.51802 -1.22971e-17)
(0.00421765 3.48361 1.15807e-17)
(0.0044274 3.44925 -5.78599e-18)
(0.00466786 3.41612 5.78432e-18)
(0.00486079 3.3851 -5.77812e-18)
(0.00498511 3.35732 2.88857e-18)
(0.00499098 3.33357 5.78274e-18)
(0.0049096 3.31467 8.68477e-18)
(0.00477922 3.3011 -1.74092e-17)
(0.00463161 3.29299 1.16391e-17)
(0.00449797 3.29004 5.81549e-18)
(0.068856 3.28919 -5.8355e-18)
(0.069737 3.2921 5.81804e-18)
(0.0708217 3.29999 -8.70968e-18)
(0.0720374 3.31355 -9.43235e-18)
(0.0734739 3.3323 1.44859e-17)
(0.0750774 3.35592 -2.89699e-18)
(0.076918 3.38343 5.8044e-18)
(0.0791167 3.41464 1.45102e-18)
(0.0818226 3.44739 -8.7028e-18)
(0.0848335 3.48156 -2.9071e-18)
(0.088322 3.51595 5.80936e-18)
(0.0925053 3.54915 0)
(0.0971267 3.58064 -7.22189e-19)
(0.102522 3.61018 -2.37447e-17)
(0.107495 3.63679 -8.18312e-17)
(0.114574 3.65562 9.64128e-17)
(0.138924 3.68337 9.95191e-17)
(0.172301 3.68557 1.14202e-16)
(0.191636 3.69948 3.55494e-22)
(0.210371 3.70517 1.27969e-16)
(0.209296 3.70978 -2.37191e-16)
(0.211253 3.71983 -5.44144e-17)
(0.213957 3.72648 0)
(0.214969 3.73089 0)
(0.213722 3.73347 0)
(0.212613 3.73968 0)
(0.00428613 3.29234 -2.90894e-18)
(0.067895 3.29131 2.92339e-18)
(-0.178248 3.74833 -1.60725e-16)
(-0.182294 3.73549 -3.25039e-18)
(-0.180687 3.72724 1.27443e-17)
(-0.173467 3.72306 0)
(-0.162946 3.71893 -2.4436e-17)
(-0.152211 3.71379 -2.39153e-17)
(-0.145489 3.70428 1.19956e-17)
(-0.137129 3.69247 4.81087e-17)
(-0.122841 3.67806 0)
(-0.109162 3.65881 2.2725e-22)
(-0.101848 3.63629 8.91681e-20)
(-0.0958256 3.6105 -1.1551e-17)
(-0.0904673 3.58141 1.73339e-17)
(-0.0855457 3.54974 9.84071e-22)
(-0.0811039 3.51636 -1.01345e-17)
(-0.0770499 3.48209 0)
(-0.0734236 3.44782 -1.44774e-18)
(-0.0703073 3.41502 8.68087e-18)
(-0.0676611 3.38432 -1.15698e-17)
(-0.065522 3.35677 -3.98793e-22)
(-0.0638705 3.33323 1.15841e-17)
(-0.0625507 3.31456 0)
(-0.061527 3.3011 1.15989e-17)
(-0.0607272 3.29316 -1.31064e-22)
(-0.060102 3.29031 -5.81866e-18)
(-0.0673318 3.76107 -1.3709e-16)
(-0.0595307 3.29249 -5.81916e-18)
(0.0603977 3.765 1.39771e-16)
(0.207056 3.75358 5.32535e-22)
(0.129828 3.28941 -5.85645e-18)
(0.13135 3.28769 7.31385e-18)
(0.132966 3.29026 0)
(0.134772 3.29809 -2.18925e-18)
(0.136911 3.31125 5.09952e-18)
(0.139439 3.32958 5.82644e-18)
(0.142497 3.35284 -5.82594e-18)
(0.146194 3.37987 0)
(0.150654 3.41032 -1.45496e-18)
(0.15601 3.44243 2.91725e-18)
(0.162193 3.4762 -1.96542e-22)
(0.16945 3.5099 -2.91746e-18)
(0.177702 3.54257 0)
(0.186794 3.57358 4.37585e-18)
(0.196768 3.60182 -1.74189e-17)
(0.207874 3.62624 -1.16496e-17)
(0.221287 3.6467 4.73212e-17)
(0.242843 3.67014 1.7543e-16)
(0.267184 3.67875 1.32338e-17)
(0.290451 3.68926 1.25826e-16)
(0.309817 3.69497 -5.68785e-17)
(0.321298 3.70058 0)
(0.329335 3.71036 0)
(0.336037 3.71884 0)
(0.341552 3.72375 1.88222e-16)
(0.344362 3.7247 -2.18624e-16)
(0.346818 3.73094 2.22714e-16)
(-0.656372 4.15111 -4.00846e-16)
(0.655681 3.92556 0)
(0.430861 3.9113 0)
(0.524234 3.92871 0)
(-0.329392 3.75661 3.20792e-16)
(-0.330601 3.72947 9.07596e-17)
(-0.320878 3.72514 3.18569e-22)
(-0.30996 3.71827 -1.54301e-18)
(-0.297554 3.71394 1.53426e-18)
(-0.28422 3.70995 1.21662e-17)
(-0.270836 3.70432 -2.40514e-17)
(-0.258973 3.69496 -1.93783e-22)
(-0.245423 3.68444 0)
(-0.229386 3.67092 5.31717e-17)
(-0.214435 3.65085 3.49164e-17)
(-0.202067 3.62815 -5.78777e-18)
(-0.191057 3.60279 5.78533e-18)
(-0.181013 3.5742 0)
(-0.171761 3.54323 0)
(-0.163319 3.5103 -7.25556e-19)
(-0.155653 3.47673 0)
(-0.148925 3.4432 4.35081e-18)
(-0.143062 3.41108 4.19434e-23)
(-0.138074 3.38111 -2.9016e-18)
(-0.133996 3.35414 0)
(-0.130791 3.33138 -2.90254e-18)
(-0.128267 3.31325 4.35769e-18)
(-0.126301 3.30003 -7.27097e-18)
(-0.12464 3.2924 0)
(-0.123248 3.28978 -1.16335e-17)
(-0.121866 3.29185 2.91185e-18)
(-0.120297 3.29821 -2.06082e-22)
(-0.0588411 3.29909 0)
(0.00399902 3.29895 -1.45971e-18)
(0.066717 3.29788 -4.75352e-18)
(-0.370331 4.2429 4.35623e-16)
(0.127951 3.296 3.66641e-19)
(-0.871416 4.26159 -1.25652e-15)
(-1.12684 4.16634 -2.89032e-16)
(0.191715 3.77603 0)
(-0.557771 4.58654 4.16398e-16)
(-0.0672868 4.23315 -8.71338e-16)
(-0.0857044 3.78922 5.72328e-17)
(0.344786 3.74791 -3.36791e-16)
(-0.118513 3.30726 -2.92641e-18)
(-0.0581054 3.30847 -2.9253e-18)
(0.00356846 3.30852 -3.66017e-19)
(0.0652554 3.30733 5.85711e-18)
(0.125582 3.30496 3.67234e-19)
(0.183195 3.30143 0)
(0.186193 3.29291 2.94134e-18)
(0.188551 3.28694 5.87557e-18)
(0.190513 3.2852 -1.46783e-18)
(0.192595 3.2878 -5.87031e-18)
(0.194967 3.29528 -6.59297e-18)
(0.197679 3.30786 8.78859e-18)
(0.200957 3.3254 2.93002e-18)
(0.205122 3.34796 -5.86632e-18)
(0.210407 3.37434 4.39779e-18)
(0.216898 3.40354 -1.28204e-18)
(0.224577 3.43475 0)
(0.233564 3.46738 0)
(0.244013 3.50001 0)
(0.255767 3.53173 5.87657e-18)
(0.268742 3.56159 -2.94357e-18)
(0.282895 3.58894 5.5146e-22)
(0.298303 3.61251 -2.37328e-17)
(0.315679 3.63395 0)
(0.336783 3.65474 -2.49339e-17)
(0.360453 3.66877 2.57833e-17)
(0.383452 3.67765 5.30582e-17)
(0.404633 3.68396 2.70657e-17)
(0.42149 3.68933 1.07966e-16)
(0.43492 3.69798 -1.06858e-16)
(0.446392 3.70687 0)
(0.457834 3.71092 2.64801e-17)
(0.467571 3.71055 -5.32208e-17)
(0.47511 3.71603 -1.07856e-16)
(-0.390464 3.80505 5.17125e-17)
(-1.28378 6.87956 0)
(0.219434 4.20188 3.15076e-22)
(-0.698316 4.09655 5.53794e-16)
(-0.636494 3.9675 -1.18263e-16)
(-0.598454 3.87973 1.34582e-16)
(-0.563691 3.82444 -2.56159e-17)
(-0.529182 3.7826 5.00516e-17)
(-0.498958 3.75335 -2.45004e-17)
(-0.472893 3.73564 0)
(-0.457551 3.71702 -2.37269e-17)
(-0.442445 3.71062 -2.40741e-17)
(-0.427417 3.70688 0)
(-0.411804 3.70236 0)
(-0.395674 3.69788 1.50962e-18)
(-0.379428 3.69124 -1.35018e-17)
(-0.36325 3.68271 0)
(-0.34608 3.67188 0)
(-0.327784 3.65763 -1.775e-17)
(-0.310012 3.63824 -1.17305e-17)
(-0.293635 3.61583 2.33584e-17)
(-0.278442 3.59066 5.83286e-18)
(-0.264415 3.56223 1.45772e-18)
(-0.251429 3.53249 5.82901e-18)
(-0.239525 3.50016 -6.56148e-18)
(-0.228785 3.46776 0)
(-0.219231 3.43537 -2.9143e-18)
(-0.21097 3.40441 0)
(-0.20401 3.37536 0)
(-0.198359 3.3497 0)
(-0.193823 3.32799 -1.16594e-17)
(-0.190271 3.31044 0)
(-0.187565 3.29779 -6.55273e-18)
(-0.185331 3.29077 1.09238e-18)
(-0.1833 3.28827 2.29379e-17)
(-0.181361 3.29023 0)
(-0.179057 3.29615 -1.16618e-17)
(-0.176414 3.30477 1.8219e-19)
(-1.08567 11.3756 0)
(-0.787465 4.47172 6.83159e-16)
(2.79381 6.49097 1.09393e-15)
(0.751711 3.18322 0)
(-1.62501 8.97685 -3.2987e-16)
(-1.11033 4.37312 1.43076e-15)
(0.329388 3.77277 3.92784e-21)
(-0.238352 3.822 1.0865e-16)
(0.236508 3.29639 -3.69543e-19)
(0.239864 3.2887 -2.95155e-18)
(0.24251 3.28321 2.94893e-18)
(0.244666 3.28186 0)
(0.247066 3.28417 0)
(0.249642 3.29123 3.68052e-19)
(0.252668 3.30334 -1.47182e-18)
(0.25644 3.31994 -5.14651e-18)
(0.261299 3.34153 3.6755e-19)
(0.26764 3.36648 -7.58052e-19)
(0.275533 3.39435 -9.0252e-19)
(0.285071 3.42431 4.04872e-18)
(0.296317 3.45519 3.6827e-19)
(0.309269 3.48689 -2.94966e-18)
(0.323865 3.51714 0)
(0.339986 3.54599 1.18251e-17)
(0.357469 3.57231 9.65477e-24)
(0.376172 3.59554 5.98373e-17)
(0.396517 3.6166 -4.84352e-17)
(0.419098 3.63599 0)
(0.443195 3.65252 5.07001e-17)
(0.466883 3.66012 -1.55403e-16)
(0.488912 3.66946 7.88093e-17)
(0.508596 3.67463 1.04832e-16)
(0.52664 3.68195 -2.20626e-21)
(0.544029 3.69047 -1.03905e-16)
(0.561518 3.6927 1.03896e-16)
(0.577627 3.69133 1.0438e-16)
(0.590599 3.69755 -1.04332e-16)
(0.479847 3.73347 -2.14017e-16)
(-0.415443 4.79708 1.6464e-20)
(-1.38448 3.91568 2.44119e-20)
(-0.905316 4.01364 -9.77436e-17)
(-0.810297 3.91256 -1.29422e-17)
(-0.743596 3.84067 -3.83466e-17)
(-0.693891 3.79053 -1.25258e-17)
(-0.65323 3.75334 0)
(-0.619964 3.72857 2.43208e-17)
(-0.592215 3.71195 -1.20185e-17)
(-0.570524 3.69929 -1.19733e-17)
(-0.550791 3.69302 6.01412e-18)
(-0.531888 3.68988 6.032e-18)
(-0.512953 3.68633 1.20613e-17)
(-0.493889 3.68146 0)
(-0.474682 3.67426 1.19717e-17)
(-0.455101 3.66593 -1.17487e-17)
(-0.434768 3.65434 -1.85979e-19)
(-0.413981 3.63958 -3.55485e-17)
(-0.393479 3.62067 2.94761e-18)
(-0.373806 3.59857 -1.46795e-17)
(-0.355158 3.57377 0)
(-0.337781 3.54627 -4.75241e-18)
(-0.321612 3.51746 3.65274e-19)
(-0.306828 3.48647 6.58306e-18)
(-0.29351 3.45539 0)
(-0.28178 3.42455 0)
(-0.271717 3.3948 -1.82859e-19)
(-0.263356 3.36739 -5.66319e-18)
(-0.256474 3.34335 5.85159e-18)
(-0.251013 3.32265 7.31243e-18)
(-0.246871 3.30599 -1.45995e-18)
(-0.243704 3.29443 4.38055e-18)
(-0.24107 3.28785 -1.46156e-18)
(-0.238607 3.28533 -1.16867e-17)
(-0.236271 3.28735 1.16727e-17)
(-0.233595 3.29263 2.62772e-17)
(-0.230329 3.30071 1.16694e-17)
(-0.226515 3.31005 0)
(-0.173284 3.31497 -6.01899e-18)
(-0.116458 3.31808 4.77653e-23)
(-0.0572693 3.31967 6.5978e-18)
(0.0030667 3.31981 2.19801e-18)
(0.063463 3.3185 -2.93444e-18)
(0.122675 3.31582 5.88072e-18)
(0.179423 3.31172 -5.8834e-18)
(0.232233 3.30574 -2.95166e-18)
(2.67376 7.28336 -4.06891e-16)
(0.660638 11.1969 -9.34876e-17)
(-2.7284 2.95421 -1.6274e-16)
(-0.982921 4.56162 -6.94296e-16)
(-1.66349 5.73631 -3.43557e-16)
(1.83345 5.19329 9.77303e-17)
(0.599995 3.71177 0)
(0.479165 3.75092 4.28354e-16)
(-0.617294 4.9612 1.0112e-15)
(-0.936721 4.88299 4.14526e-16)
(-1.16277 6.10164 -4.16739e-16)
(0.0674517 4.11464 8.91716e-16)
(-0.993558 3.93478 0)
(-0.916595 3.85551 1.27131e-17)
(-0.853095 3.79308 -3.13767e-18)
(-0.800172 3.75051 -5.87259e-17)
(-0.756097 3.7183 1.22114e-17)
(-0.719693 3.69786 0)
(-0.689122 3.68499 1.8728e-22)
(-0.663318 3.67626 -2.99772e-18)
(-0.639936 3.6715 0)
(-0.617948 3.6684 -6.00604e-18)
(-0.596318 3.66552 -6.00461e-18)
(-0.574712 3.6603 0)
(-0.552831 3.65298 1.49315e-18)
(-0.530556 3.64426 -1.49032e-18)
(-0.507785 3.63208 1.48828e-18)
(-0.48475 3.61691 2.22429e-17)
(-0.461936 3.59834 0)
(-0.439811 3.57647 2.9472e-18)
(-0.418632 3.55234 -1.47131e-18)
(-0.398634 3.52606 3.67845e-19)
(-0.380041 3.49802 1.10367e-18)
(-0.363035 3.46884 -6.6212e-18)
(-0.347784 3.43954 0)
(-0.334486 3.41019 1.46935e-18)
(-0.323269 3.38224 2.93611e-18)
(-0.313914 3.35717 2.93989e-18)
(-0.306416 3.33425 -9.56704e-22)
(-0.300635 3.3148 -1.4657e-18)
(-0.296224 3.29963 -4.39456e-18)
(-0.292805 3.28905 -2.93267e-18)
(-0.289997 3.2825 -2.92979e-18)
(-0.287439 3.28046 0)
(-0.284904 3.28224 -1.17094e-17)
(-0.282121 3.28687 -1.1704e-17)
(-0.278631 3.29427 -8.76538e-18)
(-0.274341 3.3026 -1.6062e-17)
(-0.269201 3.31084 7.30459e-18)
(-0.221898 3.31947 -5.84355e-18)
(-0.16959 3.32529 0)
(-0.113937 3.32919 2.93392e-18)
(-0.05621 3.33137 2.93836e-18)
(0.0025982 3.33164 -5.87002e-18)
(0.0614064 3.33007 5.8847e-18)
(0.119214 3.32669 -1.6805e-22)
(0.174882 3.32166 -2.94625e-18)
(0.226989 3.31478 8.84917e-18)
(0.273866 3.30516 -8.89245e-18)
(0.279418 3.29727 1.4823e-18)
(0.283912 3.28901 -1.10995e-18)
(0.287449 3.28245 2.21867e-18)
(0.290129 3.27744 -7.37826e-18)
(0.292396 3.27652 2.76993e-18)
(0.294628 3.27859 0)
(0.297064 3.28545 3.69477e-19)
(0.30003 3.29671 5.17423e-18)
(0.303954 3.31274 -7.38582e-19)
(0.309302 3.33285 1.8448e-18)
(0.316222 3.35621 3.00797e-23)
(0.324966 3.38238 7.4431e-19)
(0.335719 3.41086 -3.69468e-19)
(0.348502 3.43972 2.58666e-18)
(0.363308 3.46995 -8.87284e-18)
(0.380108 3.49853 2.9032e-22)
(0.398562 3.52639 5.93716e-18)
(0.41854 3.55149 -5.96012e-18)
(0.439729 3.57446 -4.79796e-17)
(0.462234 3.5946 4.83832e-17)
(0.486228 3.613 0)
(0.51104 3.63044 -9.98744e-17)
(0.535365 3.63762 7.55694e-17)
(0.558608 3.65046 -7.67569e-17)
(0.580447 3.65473 0)
(0.60234 3.6606 0)
(0.625045 3.66789 0)
(0.647724 3.66863 -1.27126e-17)
(0.669018 3.66758 9.44208e-22)
(0.687543 3.67262 2.02518e-16)
(-0.225835 4.99502 -4.55014e-16)
(0.603195 3.72704 2.14467e-16)
(0.469392 3.76935 -2.01953e-16)
(-0.422568 3.85297 2.56341e-17)
(-0.826312 5.12316 4.86326e-16)
(-1.19751 4.9919 4.15156e-16)
(-1.24347 4.68131 -4.4444e-20)
(-1.29782 4.41635 -4.32673e-16)
(-1.55371 3.89449 -3.01385e-16)
(-1.10171 4.01739 -2.99795e-16)
(-1.20021 3.94387 1.08271e-16)
(-1.09375 3.85096 -2.5127e-17)
(-1.00756 3.78455 -4.96137e-17)
(-0.938109 3.73327 0)
(-0.880248 3.6998 4.89973e-17)
(-0.832803 3.67593 0)
(-0.79366 3.66087 0)
(-0.760592 3.65344 1.20128e-17)
(-0.732036 3.64779 2.99769e-18)
(-0.706253 3.64492 0)
(-0.682056 3.64244 5.99226e-18)
(-0.658534 3.6392 1.62325e-22)
(-0.635097 3.63413 1.77657e-23)
(-0.611334 3.6265 5.96843e-18)
(-0.587162 3.61719 6.71199e-18)
(-0.562611 3.60451 -6.69867e-18)
(-0.537908 3.58896 -1.22527e-17)
(-0.513428 3.57066 3.70544e-19)
(-0.489551 3.54888 -2.2214e-18)
(-0.466615 3.52575 7.39339e-19)
(-0.444825 3.5005 2.9561e-18)
(-0.42464 3.47384 -2.21671e-18)
(-0.40623 3.44633 2.95449e-18)
(-0.389829 3.41894 2.76296e-22)
(-0.375712 3.39128 -7.37197e-18)
(-0.363804 3.36602 2.95198e-18)
(-0.354045 3.34255 2.94935e-18)
(-0.346437 3.32106 -4.41214e-18)
(-0.340694 3.30353 5.87964e-18)
(-0.336347 3.28971 5.88766e-18)
(-0.333051 3.27949 0)
(-0.33041 3.27369 1.76411e-17)
(-0.328044 3.27161 2.93675e-18)
(-0.325617 3.27291 2.92913e-18)
(-0.322792 3.27727 0)
(-0.319352 3.28348 0)
(-0.314953 3.29064 8.77335e-18)
(-0.309633 3.29766 -5.67701e-23)
(-0.30346 3.30296 -1.46051e-18)
(-0.263243 3.31741 1.4612e-18)
(-0.216512 3.32736 0)
(-0.165323 3.33451 0)
(-0.110998 3.3393 -1.46606e-18)
(-0.0548541 3.34198 4.39942e-18)
(0.00208126 3.34252 0)
(0.0590347 3.34072 -2.94628e-18)
(0.11526 3.33672 -2.94571e-18)
(0.16968 3.33066 5.89697e-18)
(0.220874 3.32252 -2.95285e-18)
(0.267278 3.31167 8.88765e-18)
(0.307017 3.29617 1.48589e-18)
(0.313611 3.29099 1.48636e-18)
(0.319151 3.28438 2.97248e-18)
(0.323611 3.2776 0)
(0.327029 3.27193 -1.11339e-18)
(0.329594 3.26806 -2.7819e-19)
(0.331741 3.26711 1.66905e-18)
(0.333693 3.2696 -3.7094e-19)
(0.335785 3.27624 -7.41594e-19)
(0.338451 3.28675 -5.92431e-18)
(0.342154 3.30167 1.48132e-18)
(0.347363 3.32044 -3.70474e-18)
(0.354433 3.34213 1.85114e-18)
(0.363559 3.36637 -7.40319e-19)
(0.374865 3.39296 0)
(0.388511 3.41998 0)
(0.404431 3.44795 0)
(0.422528 3.47539 -2.96847e-18)
(0.442499 3.50159 0)
(0.464089 3.52568 9.72531e-23)
(0.486971 3.54782 2.39565e-17)
(0.511126 3.56726 -1.20606e-17)
(0.536038 3.5852 2.43693e-17)
(0.56158 3.60272 7.41075e-17)
(0.586528 3.61096 1.60959e-22)
(0.610605 3.62495 -2.50678e-17)
(0.634705 3.62908 -5.00246e-17)
(0.659342 3.63311 9.92803e-17)
(0.685845 3.63869 -4.9846e-17)
(0.712094 3.63864 3.14622e-22)
(0.73707 3.63882 2.48134e-17)
(0.760549 3.64298 6.30312e-22)
(0.705678 3.68306 -3.08614e-16)
(-0.432922 5.20884 -4.67963e-16)
(-0.0174304 5.20392 8.82732e-16)
(2.95321 4.52341 0)
(0.718957 3.69984 -2.10347e-16)
(-1.50276 4.22696 7.75553e-16)
(-1.51773 4.44953 -4.13492e-16)
(-1.50836 4.76727 -7.91214e-16)
(0.446246 3.82792 -6.75079e-17)
(-0.495876 3.98809 -6.42831e-17)
(-0.273008 3.87035 -2.5633e-17)
(0.598378 3.76222 -4.20658e-21)
(-1.09768 5.27728 -4.76515e-16)
(-1.46712 5.13346 3.97372e-16)
(-0.296469 3.30555 -1.46224e-18)
(-0.256514 3.32141 -1.46151e-18)
(-0.210463 3.33282 0)
(-0.160389 3.34126 -1.46596e-18)
(-0.107704 3.34728 1.4683e-18)
(-0.0534185 3.3508 -1.46724e-18)
(0.00147676 3.35156 1.46934e-18)
(0.0563721 3.34949 2.94449e-18)
(0.110757 3.34471 -2.94715e-18)
(0.163701 3.3375 5.8988e-18)
(0.213912 3.32803 -8.86844e-18)
(0.259784 3.31569 0)
(0.299474 3.29871 -7.72769e-23)
(0.330926 3.27353 0)
(0.338034 3.27233 -8.92323e-18)
(0.344381 3.26874 2.97783e-18)
(0.349758 3.26344 0)
(0.35397 3.25828 0)
(0.357164 3.25377 7.43834e-19)
(0.359459 3.25083 -9.29806e-20)
(0.361134 3.2507 0)
(0.362603 3.2534 -3.71798e-19)
(0.36416 3.26007 3.71693e-19)
(0.366329 3.27012 1.48554e-18)
(0.369646 3.28385 7.41854e-19)
(0.374456 3.3012 1.48437e-18)
(0.38114 3.32127 -1.43125e-22)
(0.390098 3.34357 -2.96843e-18)
(0.401427 3.36781 7.42463e-19)
(0.415239 3.39318 2.97057e-18)
(0.431479 3.4189 7.42681e-19)
(0.449985 3.44469 -1.48619e-18)
(0.470733 3.46931 2.97604e-18)
(0.493069 3.49242 -8.94316e-18)
(0.516672 3.51347 -1.19575e-17)
(0.541235 3.53236 6.00564e-18)
(0.566489 3.55021 -1.2103e-17)
(0.592628 3.56706 0)
(0.618264 3.57792 -3.68962e-17)
(0.643502 3.59255 7.45603e-17)
(0.669241 3.59465 0)
(0.695421 3.59898 0)
(0.722997 3.60183 0)
(0.75079 3.6026 1.83237e-17)
(0.777413 3.60271 8.9291e-22)
(0.805811 3.60661 2.92994e-21)
(0.785894 3.6522 -1.98612e-16)
(0.374489 4.30746 -4.67272e-16)
(-0.671945 5.4228 -4.3211e-20)
(0.901634 3.13713 3.87325e-16)
(-0.687862 9.23698 0)
(-1.15606 3.75988 -2.36534e-17)
(-1.06892 3.69656 0)
(-0.99233 3.66055 0)
(-0.929778 3.63869 1.21238e-17)
(-0.87926 3.62548 -2.41622e-17)
(-0.83818 3.61688 0)
(-0.803677 3.61534 1.20261e-17)
(-0.773936 3.61249 0)
(-0.746984 3.61155 -2.99403e-18)
(-0.721646 3.60986 2.9927e-18)
(-0.697104 3.60647 -1.49562e-17)
(-0.672637 3.60106 -1.31921e-22)
(-0.647953 3.59296 -5.96793e-18)
(-0.62277 3.58278 1.19328e-17)
(-0.597199 3.56957 8.9323e-18)
(-0.571585 3.55368 -8.92811e-18)
(-0.546244 3.53532 0)
(-0.521465 3.51415 4.33889e-24)
(-0.497622 3.49164 -4.45071e-18)
(-0.475017 3.46749 0)
(-0.454064 3.44232 0)
(-0.435064 3.41656 1.48208e-18)
(-0.418417 3.39094 4.44373e-18)
(-0.404094 3.36563 -2.96078e-18)
(-0.3921 3.34249 2.95462e-18)
(-0.382549 3.32092 -5.90391e-18)
(-0.375242 3.30106 -1.47713e-18)
(-0.36973 3.28558 -1.18134e-17)
(-0.36576 3.27243 5.90049e-18)
(-0.362908 3.26307 0)
(-0.360667 3.2577 -1.17929e-17)
(-0.358703 3.25499 -5.8798e-18)
(-0.356583 3.25631 0)
(-0.353982 3.25987 5.88101e-18)
(-0.350686 3.26475 -1.29729e-22)
(-0.346455 3.27065 8.79523e-18)
(-0.341203 3.27643 8.78225e-18)
(-0.335083 3.28022 0)
(-0.328291 3.28158 -2.92565e-18)
(0.215414 5.42697 -4.34906e-16)
(-0.232506 5.4621 -8.93977e-16)
(-0.0921145 11.7146 1.344e-16)
(0.600145 3.83152 -1.86667e-16)
(-1.39898 5.53749 8.06221e-16)
(0.729564 3.73444 4.36704e-22)
(0.352356 3.23371 1.48749e-18)
(0.358886 3.23374 7.44119e-18)
(0.364787 3.23167 -5.95794e-18)
(0.369708 3.22817 0)
(0.373544 3.22454 0)
(0.376312 3.22171 0)
(0.378174 3.21995 0)
(0.37929 3.22074 1.48936e-18)
(0.3801 3.22421 -7.44322e-19)
(0.38101 3.23074 3.72053e-19)
(0.38248 3.24065 -2.23205e-18)
(0.385066 3.2534 1.48705e-18)
(0.389233 3.26925 7.43219e-19)
(0.395292 3.28778 -1.11513e-18)
(0.403679 3.30838 0)
(0.41459 3.33043 -6.94069e-23)
(0.427979 3.35387 -7.43322e-19)
(0.443869 3.3777 7.43877e-19)
(0.462142 3.40152 1.48811e-18)
(0.482653 3.42477 -1.67458e-18)
(0.504992 3.44686 1.67587e-18)
(0.528607 3.46741 -4.47749e-18)
(0.552849 3.486 -8.98235e-18)
(0.577659 3.50306 6.0171e-18)
(0.603273 3.51951 0)
(0.629196 3.532 5.60508e-22)
(0.655241 3.54667 -3.68203e-17)
(0.680902 3.54907 3.05836e-17)
(0.707164 3.55555 -6.12271e-18)
(0.733997 3.55561 0)
(0.761979 3.55496 -6.04334e-18)
(0.789852 3.55314 8.34159e-17)
(0.819072 3.55537 -4.63081e-17)
(0.838487 3.61664 1.87879e-16)
(0.492017 4.19815 9.56808e-16)
(-0.941708 5.63668 -4.67003e-20)
(-0.321183 3.2794 -7.31903e-19)
(-0.289074 3.30458 4.39372e-18)
(-0.249246 3.32192 7.31276e-19)
(-0.203865 3.33481 0)
(-0.154988 3.34487 -1.46663e-18)
(-0.103911 3.35236 1.46718e-18)
(-0.0517787 3.35687 -2.20484e-18)
(0.000825697 3.35792 -5.14627e-18)
(0.0534386 3.35544 5.88817e-18)
(0.105779 3.34967 0)
(0.157121 3.34104 -2.95116e-18)
(0.206325 3.32985 8.86424e-18)
(0.251725 3.31583 -5.919e-18)
(0.291491 3.2975 -2.96374e-18)
(0.323448 3.27115 4.4473e-18)
(0.345574 3.23001 -5.93999e-18)
(0.564038 4.38473 9.05956e-16)
(-1.7709 5.26279 -3.68371e-16)
(-1.78928 4.82729 3.75533e-16)
(-1.75604 4.45562 7.52307e-16)
(-1.68063 4.16022 3.57064e-16)
(0.205228 4.03956 1.44105e-20)
(0.605967 3.99326 2.75206e-16)
(-1.34315 2.45428 0)
(0.847259 3.23367 0)
(-1.22652 3.62591 0)
(-1.1008 3.59248 5.99847e-18)
(-1.01108 3.57517 -1.20787e-17)
(-0.944319 3.56698 -6.14477e-22)
(-0.89256 3.56425 3.62211e-17)
(-0.851093 3.56355 -2.41105e-17)
(-0.81674 3.56637 -4.97697e-22)
(-0.787244 3.56699 1.19914e-17)
(-0.760487 3.56766 -2.09587e-17)
(-0.735274 3.5665 2.99144e-18)
(-0.710721 3.56287 1.19602e-17)
(-0.686208 3.55671 -2.98837e-18)
(-0.661403 3.54794 2.98652e-18)
(-0.636128 3.53678 -8.95496e-18)
(-0.610552 3.52286 2.97998e-18)
(-0.584928 3.50667 8.93085e-18)
(-0.559591 3.48797 -5.95175e-18)
(-0.534804 3.46738 5.94977e-18)
(-0.510938 3.44538 2.2307e-18)
(-0.488425 3.42225 5.20401e-18)
(-0.467588 3.39848 -6.68953e-18)
(-0.448867 3.37455 4.45833e-18)
(-0.432495 3.35082 -8.17046e-18)
(-0.41855 3.32773 -5.93894e-18)
(-0.40708 3.30611 5.93449e-18)
(-0.398034 3.28662 2.96292e-18)
(-0.391253 3.26862 -2.96082e-18)
(-0.386354 3.25445 0)
(-0.383066 3.24236 -5.91484e-18)
(-0.38084 3.23374 2.95522e-18)
(-0.379285 3.22784 -5.89801e-18)
(-0.377764 3.22542 -8.8424e-18)
(-0.376142 3.22584 -5.89305e-18)
(-0.373992 3.22819 -1.17611e-17)
(-0.37101 3.23182 2.93548e-18)
(-0.367119 3.23637 -2.93637e-18)
(-0.362244 3.24047 -5.87154e-18)
(-0.356464 3.24284 0)
(-0.350152 3.24304 0)
(-0.343628 3.23977 0)
(-0.0691016 11.903 0)
(0.809602 3.66157 4.31183e-21)
(0.581664 3.84033 1.01194e-15)
(0.484046 5.64856 4.31644e-16)
(-0.488943 5.72913 4.43807e-16)
(0.00305166 5.72835 8.73358e-16)
(0.348147 4.09577 -4.6858e-16)
(-0.389533 11.7588 -1.15157e-16)
(-1.22496 10.836 0)
(0.319261 3.9659 -5.33082e-16)
(0.744544 3.78202 -2.17572e-16)
(0.853355 3.58013 -8.30926e-17)
(0.0907078 3.9868 -1.39934e-15)
(2.44793 8.10902 4.24855e-16)
(1.02367 3.07267 3.81013e-16)
(-0.188066 11.5942 -6.20015e-17)
(0.356402 3.1641 -2.97184e-18)
(0.362338 3.16892 -7.42962e-19)
(0.368169 3.17031 -2.23263e-18)
(0.373406 3.16994 6.84555e-23)
(0.377744 3.16844 0)
(0.381045 3.16662 0)
(0.383274 3.16544 0)
(0.384456 3.16542 -3.7243e-19)
(0.384945 3.16731 -4.65435e-19)
(0.385074 3.17179 4.65366e-19)
(0.385269 3.17844 -3.7233e-19)
(0.386103 3.18822 9.30462e-19)
(0.387882 3.20027 -1.11695e-18)
(0.391104 3.2151 0)
(0.396247 3.23206 0)
(0.40367 3.25106 0)
(0.413633 3.27135 0)
(0.426151 3.29288 0)
(0.441234 3.31498 0)
(0.458749 3.33708 -3.72169e-19)
(0.478317 3.35897 1.48918e-18)
(0.499723 3.38008 0)
(0.52254 3.40007 -3.72817e-18)
(0.54608 3.4188 6.72266e-18)
(0.569993 3.43599 5.99166e-18)
(0.594144 3.45181 0)
(0.618879 3.46614 1.81772e-17)
(0.644143 3.47971 -1.8237e-17)
(0.669273 3.48356 -6.05115e-18)
(0.69416 3.49144 1.21441e-17)
(0.718893 3.4923 -1.81489e-17)
(0.744519 3.49189 9.00977e-18)
(0.774566 3.48903 -2.36757e-17)
(0.814085 3.48151 5.82366e-18)
(0.855599 3.46508 1.79443e-16)
(0.656692 4.23322 5.08595e-16)
(-2.37711 5.945 6.83891e-16)
(-2.27077 6.63376 3.32566e-16)
(-0.337384 3.23243 0)
(-0.314206 3.27274 6.51816e-25)
(-0.281685 3.29901 -1.46483e-18)
(-0.241908 3.31786 -7.32297e-19)
(-0.197133 3.33263 -1.83369e-19)
(-0.149314 3.34468 1.83389e-19)
(-0.0999091 3.35388 0)
(-0.0499423 3.35955 0)
(0.000169106 3.36104 2.20718e-18)
(0.0503627 3.35811 -5.88739e-18)
(0.100583 3.35107 7.36865e-18)
(0.150309 3.34066 0)
(0.198566 3.32758 -5.90312e-18)
(0.24357 3.31184 5.91231e-18)
(0.283502 3.29201 1.47967e-18)
(0.315989 3.26451 1.48072e-18)
(0.338962 3.22273 0)
(0.350791 3.15625 0)
(-0.32991 4.03988 0)
(-2.08009 5.33272 3.54164e-16)
(-2.06823 4.83184 0)
(-1.98978 4.41591 -7.39889e-16)
(-1.87365 4.09298 3.72879e-16)
(-1.76091 3.83334 6.76187e-16)
(-1.25099 8.887 -1.03951e-16)
(-0.922971 6.59693 4.13611e-16)
(-1.29496 3.49556 1.25925e-17)
(-1.1689 3.48115 -9.77513e-17)
(-1.06731 3.47489 4.25417e-17)
(-0.985619 3.47504 -4.85144e-17)
(-0.921555 3.47964 -2.11817e-17)
(-0.871665 3.48622 3.02122e-17)
(-0.832043 3.49312 6.02792e-18)
(-0.799508 3.49939 -3.00568e-17)
(-0.771551 3.50345 1.80008e-17)
(-0.746291 3.50525 0)
(-0.722425 3.5042 -1.4962e-17)
(-0.699017 3.50008 8.97068e-18)
(-0.675608 3.49301 1.49445e-17)
(-0.651741 3.48296 2.98778e-18)
(-0.627469 3.47052 -1.19454e-17)
(-0.602823 3.45558 -5.96834e-18)
(-0.578029 3.43873 0)
(-0.553496 3.41992 0)
(-0.529612 3.39959 -1.48994e-18)
(-0.506641 3.37815 -7.44854e-19)
(-0.48503 3.35599 7.44735e-18)
(-0.465144 3.33347 1.48917e-18)
(-0.447312 3.31101 -5.21157e-18)
(-0.431684 3.28901 1.09677e-22)
(-0.418509 3.26787 0)
(-0.407966 3.248 0)
(-0.399897 3.23001 -5.94483e-18)
(-0.394009 3.2139 8.91061e-18)
(-0.389973 3.20036 -2.96711e-18)
(-0.387411 3.18933 3.56744e-22)
(-0.385806 3.18081 2.95681e-18)
(-0.384966 3.17502 2.95725e-18)
(-0.384193 3.17221 1.7735e-17)
(-0.383243 3.17135 0)
(-0.381675 3.17234 8.83265e-18)
(-0.379103 3.17485 -8.83334e-18)
(-0.37561 3.1776 5.8868e-18)
(-0.371255 3.17975 -5.87577e-18)
(-0.366051 3.18082 5.87539e-18)
(-0.360436 3.1796 0)
(-0.354705 3.17556 0)
(-0.349433 3.16776 -2.93393e-18)
(0.77461 4.4538 8.87046e-16)
(0.871717 3.60845 -1.91387e-16)
(-1.89732 6.56459 -3.50712e-16)
(1.06556 5.15596 8.59893e-16)
(0.940001 5.49807 4.02905e-20)
(0.779224 5.86764 8.61467e-16)
(0.830961 3.69661 2.10441e-16)
(-0.774869 5.98383 -9.36271e-16)
(0.276122 5.99509 0)
(-0.254402 6.04039 0)
(-0.215965 10.8828 -6.80404e-17)
(2.56904 5.90585 -4.24709e-16)
(-1.34726 10.2621 2.90018e-17)
(0.377442 3.89105 -8.44658e-16)
(0.820269 3.37418 -9.63467e-17)
(0.720215 4.10363 -5.64805e-16)
(0.200791 11.7064 0)
(0.0982479 11.8902 -5.97542e-17)
(0.778156 3.37414 0)
(0.753232 3.37951 3.00221e-18)
(0.726884 3.39055 5.99056e-18)
(0.70209 3.39524 2.25056e-18)
(0.678846 3.39508 3.76299e-19)
(0.656519 3.39244 0)
(0.634356 3.38468 7.53944e-18)
(0.611601 3.37734 -7.54926e-18)
(0.588555 3.36418 3.00178e-18)
(0.565874 3.34911 -5.98577e-18)
(0.543207 3.33271 1.4935e-18)
(0.520748 3.31509 0)
(0.498838 3.29628 2.98182e-18)
(0.477722 3.2766 -1.49068e-18)
(0.457955 3.25638 1.48956e-18)
(0.439927 3.23563 -2.60733e-18)
(0.423927 3.21487 3.02625e-18)
(0.410165 3.19453 -8.14945e-24)
(0.398903 3.1748 -1.58317e-18)
(0.390293 3.15605 7.45024e-19)
(0.384059 3.13868 -8.3816e-19)
(0.379873 3.12295 0)
(0.377441 3.10912 3.72655e-19)
(0.376453 3.09738 -1.86362e-19)
(0.37636 3.08771 -7.45542e-19)
(0.376835 3.08033 6.4642e-19)
(0.377321 3.07504 9.31972e-20)
(0.377477 3.07181 -3.7267e-19)
(0.376946 3.06991 0)
(0.375424 3.06951 0)
(0.37286 3.06905 -1.49018e-18)
(0.369196 3.06874 8.19136e-18)
(0.364779 3.0672 -1.48935e-18)
(0.359858 3.0643 0)
(0.35483 3.05868 5.95111e-18)
(0.350187 3.05017 2.38912e-22)
(-0.0356723 11.9559 3.19252e-16)
(-0.3449 3.15568 2.93443e-18)
(-0.331974 3.22042 0)
(-0.308073 3.26117 -7.33421e-19)
(-0.27504 3.28844 7.3294e-19)
(-0.235181 3.30883 1.83335e-18)
(-0.19081 3.32572 -1.46711e-18)
(-0.143952 3.3401 3.67164e-19)
(-0.0961801 3.35145 7.34918e-19)
(-0.0482917 3.35866 5.14654e-18)
(-0.000453373 3.3607 -7.35139e-18)
(0.047448 3.35716 -5.89007e-18)
(0.0956392 3.34853 5.89498e-18)
(0.143948 3.33595 -7.37221e-19)
(0.191281 3.32056 1.47552e-18)
(0.236005 3.30274 -5.90895e-18)
(0.276186 3.2814 -1.47848e-18)
(0.309284 3.25302 5.91746e-18)
(0.33309 3.21087 0)
(0.345813 3.14432 2.96445e-18)
(0.346181 3.03847 -1.48338e-18)
(0.850944 4.27233 4.65058e-16)
(0.898996 3.53755 -1.67247e-16)
(1.15862 4.84393 -4.27231e-16)
(-0.824125 11.5258 0)
(-0.50483 11.4832 0)
(-0.0966618 11.4169 -1.10521e-16)
(0.322589 11.4068 -2.76903e-17)
(0.735522 11.4347 -3.45072e-17)
(0.487024 11.718 -8.48453e-17)
(0.259424 11.8845 1.18233e-16)
(0.065889 11.9416 6.42657e-17)
(0.7555 2.97674 0)
(0.0422975 11.9102 -6.3195e-17)
(2.53854 5.27978 3.99711e-20)
(2.9536 5.18887 3.79914e-16)
(2.80421 5.70953 -3.62876e-16)
(1.35584 5.26699 -4.30344e-16)
(1.24837 5.65571 0)
(1.101 6.07543 0)
(0.851605 3.74566 4.39602e-16)
(0.995833 4.5136 8.66841e-16)
(-0.644442 11.5403 -8.48555e-17)
(-2.3992 5.30286 3.54445e-16)
(-2.33614 4.75249 -3.66919e-16)
(-2.2143 4.30755 0)
(-2.0641 3.95889 -7.79197e-16)
(-1.90596 3.67794 3.91842e-16)
(-1.54721 3.53474 -5.28133e-16)
(-1.60627 2.92859 -3.22969e-16)
(-1.35019 3.28465 1.02276e-16)
(-1.21321 3.30051 -1.13869e-16)
(-1.09589 3.31446 5.00008e-17)
(-1.00052 3.32905 -4.92759e-17)
(-0.92392 3.34524 0)
(-0.864269 3.36203 -3.03896e-18)
(-0.818123 3.37763 -4.54586e-18)
(-0.781883 3.39069 1.81101e-17)
(-0.752551 3.40051 6.01777e-18)
(-0.727625 3.40673 -3.00284e-17)
(-0.705208 3.40911 1.19909e-17)
(-0.683864 3.40756 1.49667e-17)
(-0.662741 3.40238 -1.19635e-17)
(-0.641397 3.39393 7.4734e-18)
(-0.619503 3.38248 -7.47182e-18)
(-0.59715 3.36859 -2.98761e-18)
(-0.574366 3.35249 8.95853e-18)
(-0.551386 3.33479 1.49235e-18)
(-0.528625 3.31568 5.96747e-18)
(-0.506453 3.29533 -5.96627e-18)
(-0.485184 3.27431 0)
(-0.465236 3.25296 -1.4914e-18)
(-0.446922 3.23153 -7.45681e-19)
(-0.43056 3.21044 -7.45519e-18)
(-0.416381 3.18985 6.70827e-18)
(-0.404484 3.17046 -7.4509e-19)
(-0.395089 3.15225 5.95945e-18)
(-0.388089 3.13566 -1.11682e-17)
(-0.383105 3.12083 5.95217e-18)
(-0.379957 3.10829 2.97418e-18)
(-0.378244 3.09765 1.4853e-18)
(-0.377399 3.08928 -2.96704e-18)
(-0.377131 3.08343 8.88191e-18)
(-0.377015 3.07947 -8.86557e-18)
(-0.376651 3.07754 -2.95112e-18)
(-0.375704 3.07712 -8.84883e-18)
(-0.373842 3.0783 1.17985e-17)
(-0.371075 3.07888 -8.84094e-18)
(-0.367334 3.07952 5.89134e-18)
(-0.362907 3.07916 -1.17748e-17)
(-0.358113 3.07653 0)
(-0.353286 3.07186 5.88064e-18)
(-0.348967 3.06367 -2.9393e-18)
(-0.34534 3.05186 -2.93886e-18)
(2.25594 5.88675 -9.67013e-16)
(2.27915 5.38139 4.4893e-16)
(2.24494 4.91509 -4.49134e-16)
(1.27219 10.1927 2.02264e-16)
(2.455 4.77564 -4.67222e-16)
(0.906246 3.65154 0)
(-0.769086 11.1923 -1.0781e-16)
(2.34998 4.3762 -4.95155e-16)
(0.246602 11.7086 2.97226e-16)
(0.0237312 6.35282 1.26315e-15)
(-0.558631 6.34457 -8.53583e-16)
(0.580225 6.26183 -4.28241e-16)
(1.97381 5.39485 0)
(1.57494 5.78489 -4.41328e-16)
(1.66058 5.35212 4.36085e-16)
(0.0138514 11.9586 -1.87452e-16)
(1.91256 5.86843 -4.56452e-16)
(0.267678 10.7607 4.54714e-17)
(0.0779356 11.8378 -1.08743e-16)
(-0.969241 7.33659 -4.0097e-16)
(2.61463 4.41107 2.09484e-16)
(2.74443 5.00292 4.02613e-16)
(0.376022 11.8143 1.08342e-16)
(0.714722 11.6812 -1.06999e-16)
(1.09868 11.4303 0)
(0.711664 3.20935 -6.06859e-18)
(0.679735 3.22408 -3.7782e-18)
(0.656248 3.23385 1.2022e-17)
(0.635627 3.23814 -5.25288e-18)
(0.616182 3.2371 -6.75768e-18)
(0.597158 3.23218 7.51384e-19)
(0.578126 3.22482 -6.00632e-18)
(0.558849 3.21338 1.49823e-18)
(0.538841 3.20021 2.99142e-18)
(0.518725 3.18415 0)
(0.49846 3.1671 -1.49403e-18)
(0.47839 3.14887 0)
(0.458807 3.13008 -1.4922e-18)
(0.440069 3.11069 7.45998e-19)
(0.422569 3.09121 0)
(0.406592 3.07175 0)
(0.392503 3.05236 -1.53742e-18)
(0.380532 3.03369 2.98119e-18)
(0.370851 3.01579 9.31754e-20)
(0.36357 2.99881 -1.49082e-18)
(0.35851 2.98294 1.39765e-19)
(0.355278 2.96832 1.67769e-18)
(0.353671 2.95548 -2.88955e-18)
(0.353392 2.94438 3.07594e-18)
(0.354019 2.9349 -1.49155e-18)
(0.35513 2.92716 5.82716e-21)
(0.356248 2.92116 -1.49152e-18)
(0.357029 2.91668 1.67765e-18)
(0.357145 2.91335 -3.72797e-19)
(0.356319 2.91113 3.72532e-19)
(0.354453 2.90898 -7.45125e-19)
(0.351666 2.90703 -2.98092e-18)
(0.348131 2.90397 -5.9574e-18)
(0.344137 2.89984 2.97624e-18)
(0.340135 2.8936 4.46111e-18)
(0.33644 2.88487 -2.97188e-18)
(0.333353 2.87347 0)
(-1.99627 3.40936 0)
(-2.19395 3.70635 3.98388e-16)
(-2.38409 4.06563 -7.76698e-16)
(-2.54955 4.51766 3.14883e-20)
(-2.66704 5.06941 3.67588e-16)
(-2.7117 5.71737 -3.59611e-16)
(-1.82155 7.06357 1.9597e-16)
(0.889469 4.11416 4.84401e-16)
(0.914962 3.50839 7.06305e-16)
(1.42445 4.91474 0)
(1.98095 4.96538 4.39418e-16)
(-0.0759932 11.9141 1.36349e-16)
(0.00255401 11.9224 -2.42608e-16)
(2.14733 6.44523 5.02521e-16)
(1.44664 6.25276 4.27911e-20)
(0.0977391 3.83078 -1.67247e-16)
(0.786237 10.5214 4.91508e-17)
(-1.32019 6.41561 2.73038e-16)
(-0.564874 4.32739 0)
(1.05579 4.29109 -8.55403e-16)
(-1.32104 11.1567 -1.94382e-16)
(-0.252883 11.8312 -3.29878e-16)
(-0.515439 11.7548 2.1579e-16)
(-2.67405 6.43108 3.56382e-16)
(-0.342708 3.03628 -5.87753e-18)
(-0.341535 3.13942 2.93783e-18)
(-0.32793 3.20377 1.46765e-18)
(-0.303425 3.24457 -1.46756e-18)
(-0.269977 3.27262 -7.33418e-19)
(-0.230014 3.29461 4.03775e-18)
(-0.185885 3.31383 -2.93663e-18)
(-0.139811 3.33092 -2.80168e-23)
(-0.0932844 3.34491 -7.3537e-19)
(-0.0469999 3.35397 7.35544e-19)
(-0.00101504 3.35665 7.35505e-19)
(0.0450579 3.35238 5.89086e-18)
(0.0916788 3.34188 -1.47308e-18)
(0.138855 3.32672 -5.15745e-18)
(0.185456 3.30862 5.90167e-18)
(0.230034 3.28853 -5.90624e-18)
(0.270416 3.26566 8.86206e-18)
(0.304053 3.2365 -1.18197e-17)
(0.32852 3.19422 7.39181e-19)
(0.342001 3.12799 -2.96304e-18)
(0.34315 3.02278 8.89466e-18)
(0.330923 2.85876 -8.89288e-18)
(-0.950425 11.1438 3.3933e-16)
(-0.528299 11.0719 -3.28722e-16)
(-0.0359974 11.0005 1.64631e-16)
(0.480308 10.9967 -8.12467e-17)
(1.00119 11.0387 6.78428e-18)
(1.49179 11.0628 2.1239e-16)
(-0.0306539 11.5762 -9.29162e-17)
(0.952981 3.59717 3.7722e-16)
(1.22054 4.56532 -4.17484e-16)
(2.16713 4.5074 -4.82475e-20)
(2.24 3.97001 0)
(0.800395 2.83138 -1.86393e-16)
(-0.334078 11.7082 4.40207e-16)
(0.181448 11.7769 1.17054e-16)
(-0.270473 6.7093 -1.2484e-15)
(-0.983177 10.4958 0)
(2.47209 6.78615 -4.18915e-16)
(0.913657 6.52192 0)
(0.548606 11.447 9.93849e-17)
(0.940097 3.70021 -4.22046e-16)
(-1.46643 3.50459 0)
(-1.62414 11.0576 1.78778e-16)
(0.334894 6.67041 -1.26298e-15)
(-1.40239 2.86127 -1.99618e-16)
(-1.31173 2.95378 1.24959e-16)
(-1.20048 3.01576 -1.11676e-16)
(-1.08701 3.06123 1.04485e-16)
(-0.98323 3.09941 0)
(-0.896157 3.13291 -6.20934e-18)
(-0.827454 3.16392 0)
(-0.774668 3.19123 -1.5245e-18)
(-0.734586 3.21389 -1.51802e-18)
(-0.703779 3.23139 0)
(-0.679129 3.24364 3.012e-18)
(-0.658342 3.25078 9.0161e-18)
(-0.63964 3.25279 -1.19984e-17)
(-0.621787 3.25008 -4.49182e-18)
(-0.603902 3.24332 4.48804e-18)
(-0.585595 3.23309 -7.47517e-18)
(-0.566613 3.21996 3.24329e-23)
(-0.54705 3.20448 7.4715e-18)
(-0.527042 3.18717 5.97472e-18)
(-0.506744 3.16857 -7.46595e-18)
(-0.486521 3.14902 0)
(-0.466746 3.12866 -5.96964e-18)
(-0.44784 3.10805 6.7149e-18)
(-0.430105 3.0874 7.45861e-19)
(-0.413835 3.06705 0)
(-0.399309 3.04731 1.11863e-18)
(-0.386799 3.02833 0)
(-0.376497 3.01053 7.45752e-19)
(-0.368414 2.99393 0)
(-0.362592 2.97884 -7.45043e-19)
(-0.35863 2.96534 0)
(-0.356283 2.95378 0)
(-0.355266 2.94371 -2.29428e-22)
(-0.35513 2.93555 -7.43438e-18)
(-0.355569 2.92926 2.96942e-18)
(-0.356096 2.92474 2.96622e-18)
(-0.356336 2.92185 2.96269e-18)
(-0.355996 2.92041 2.95748e-18)
(-0.354886 2.9198 2.94889e-18)
(-0.352831 2.91916 5.89397e-18)
(-0.349969 2.91828 -2.9455e-18)
(-0.346407 2.91678 7.32172e-22)
(-0.342582 2.9134 -1.17965e-17)
(-0.338763 2.90831 -5.01505e-22)
(-0.335352 2.90012 0)
(-0.332571 2.88883 0)
(-0.330575 2.8743 0)
(-3.9894 5.76749 8.25051e-16)
(2.44556 8.48728 -2.55634e-16)
(-1.69273 4.73002 2.84559e-17)
(1.70099 4.95968 3.30649e-20)
(-0.0367261 11.9206 2.38667e-21)
(1.79956 6.38516 4.58692e-16)
(-0.694687 10.8999 9.38683e-17)
(1.50278 2.59868 -1.87517e-16)
(-0.225837 4.15629 3.94635e-16)
(0.189297 11.4811 8.39268e-17)
(1.0795 4.07993 -3.89258e-16)
(-1.25713 3.88241 -4.16052e-16)
(-1.72807 2.72214 -1.13318e-20)
(-1.96844 2.99189 -4.37256e-16)
(-2.20279 3.28931 -4.08368e-16)
(-2.42826 3.64429 7.89222e-16)
(-2.63526 4.08326 -3.85702e-16)
(-2.8019 4.61704 0)
(-2.90611 5.25825 3.99616e-20)
(-2.93168 5.9912 -7.43982e-16)
(-2.56172 7.19325 3.65403e-16)
(-2.86336 6.7639 -3.84023e-16)
(0.932369 2.64294 -1.21182e-20)
(2.38721 3.81794 2.15699e-16)
(0.78821 2.81252 -4.67024e-16)
(-1.58393 3.15374 5.395e-16)
(0.666115 2.93264 1.92313e-16)
(0.615946 2.9409 -6.2233e-18)
(0.595327 2.95668 9.09942e-18)
(0.577791 2.96954 7.53773e-19)
(0.562655 2.97768 -1.20191e-17)
(0.548165 2.97973 1.0499e-17)
(0.533678 2.97628 1.87292e-19)
(0.518827 2.96894 5.24613e-18)
(0.503622 2.95984 -5.99281e-18)
(0.488011 2.94616 1.49612e-18)
(0.471581 2.93172 0)
(0.4548 2.9149 0)
(0.43777 2.89744 2.9842e-18)
(0.420848 2.879 2.98423e-18)
(0.404228 2.86053 1.49198e-18)
(0.388356 2.84194 -2.23755e-18)
(0.373498 2.82362 -1.86433e-19)
(0.359971 2.80572 1.49141e-18)
(0.348096 2.78831 -1.49162e-18)
(0.338153 2.77176 -9.32172e-20)
(0.330198 2.75614 0)
(0.324185 2.74136 0)
(0.320141 2.72762 -9.32312e-20)
(0.317822 2.71503 -1.86494e-19)
(0.317036 2.7039 -9.32605e-20)
(0.317372 2.69412 1.39893e-18)
(0.318476 2.68569 -1.53873e-18)
(0.320072 2.67854 -1.39897e-18)
(0.321675 2.6727 -1.8074e-22)
(0.322924 2.6681 1.67854e-18)
(0.323598 2.66448 -1.11906e-18)
(0.323472 2.66149 2.61049e-18)
(0.3224 2.6589 1.39753e-22)
(0.320505 2.6563 1.48981e-18)
(0.31794 2.6529 0)
(0.314988 2.64875 -2.9788e-18)
(0.311985 2.64281 -2.97683e-18)
(0.309188 2.63496 0)
(0.306887 2.62469 0)
(0.304995 2.612 2.96805e-18)
(0.394062 11.5429 2.02811e-16)
(0.851804 11.4533 1.03658e-16)
(1.36713 11.2599 -2.08428e-16)
(1.9084 10.9523 -4.68837e-16)
(-0.528242 10.738 7.35344e-17)
(-1.70117 6.02943 -2.54607e-17)
(2.38966 3.49107 4.09329e-16)
(2.64058 3.97735 0)
(2.82276 4.5096 3.84465e-16)
(2.71467 7.65832 -4.57469e-16)
(2.98599 5.97308 3.84697e-16)
(2.90569 6.80598 4.06486e-16)
(0.154184 3.78738 -4.58524e-16)
(-1.51623 2.53277 -5.92192e-16)
(0.938433 3.29828 0)
(0.971893 3.53086 0)
(1.45549 4.6009 -4.17012e-16)
(1.9431 4.58421 8.63937e-16)
(2.05051 3.59344 0)
(1.60606 3.06377 6.854e-16)
(-0.220899 11.7705 -1.23441e-16)
(0.053215 11.7925 8.72104e-17)
(-2.13051 7.37845 -3.37975e-16)
(-0.600175 7.04193 1.63601e-15)
(0.249509 3.83492 5.0887e-16)
(1.07647 10.8065 -2.80804e-16)
(0.762121 4.00906 0)
(1.44481 10.2873 0)
(1.79246 9.69093 -3.56199e-16)
(2.03717 6.99453 -4.71705e-16)
(1.27757 6.7539 4.31772e-16)
(0.82876 11.0644 -1.49019e-21)
(0.976762 3.76446 8.19935e-21)
(1.0478 3.99753 2.14718e-16)
(1.19952 3.02921 -4.50074e-16)
(2.11239 3.31397 -3.76171e-16)
(-1.88634 9.65813 3.0237e-16)
(-1.62793 10.0512 -1.3351e-16)
(-1.09274 10.8704 1.98368e-16)
(-1.70918 3.39308 -4.50456e-16)
(-1.7874 3.13855 5.32683e-16)
(-2.04125 10.7202 -5.60956e-17)
(-1.55839 10.7252 5.53776e-17)
(-1.04184 10.6485 0)
(-0.509378 10.5616 1.356e-16)
(0.0491945 10.4941 -2.70486e-17)
(0.634613 10.4939 0)
(1.23658 10.5368 -3.32616e-18)
(1.83769 10.5735 0)
(2.39657 10.5053 5.19236e-17)
(1.25039 4.31813 -3.9914e-16)
(1.00322 3.64442 -1.28523e-20)
(0.675235 6.99042 8.35084e-16)
(0.0484333 7.08188 7.93923e-20)
(-0.602342 11.4457 5.53213e-17)
(1.70376 8.43192 9.72169e-16)
(0.981812 2.31092 0)
(-1.21041 2.51156 3.72373e-17)
(-1.11494 2.59939 7.76688e-17)
(-1.01771 2.67476 -1.3939e-17)
(-0.921082 2.74378 0)
(-0.83217 2.80138 -2.5521e-17)
(-0.758354 2.85087 2.49432e-17)
(-0.700021 2.89325 1.84624e-17)
(-0.656349 2.92763 -1.06752e-17)
(-0.624325 2.95443 6.06661e-18)
(-0.600598 2.97372 -6.04161e-18)
(-0.582249 2.98624 6.0251e-18)
(-0.566939 2.99252 -3.00523e-18)
(-0.553054 2.99316 0)
(-0.539463 2.98865 2.99492e-18)
(-0.525535 2.97986 2.99197e-18)
(-0.510913 2.96762 -1.4949e-18)
(-0.495524 2.95274 -3.73646e-18)
(-0.479425 2.93583 -1.49435e-18)
(-0.462765 2.91743 5.9761e-18)
(-0.445742 2.89819 -5.97519e-18)
(-0.428674 2.87845 0)
(-0.411897 2.85848 0)
(-0.395822 2.83863 -1.11973e-18)
(-0.38073 2.81912 -3.73198e-19)
(-0.3669 2.80027 -5.97029e-18)
(-0.354552 2.78231 5.59687e-18)
(-0.343971 2.76546 6.15541e-18)
(-0.335345 2.74986 -5.96861e-18)
(-0.328681 2.73554 -5.87598e-18)
(-0.323962 2.72252 5.94509e-18)
(-0.320991 2.71091 0)
(-0.319398 2.70085 0)
(-0.318968 2.69235 -7.45307e-19)
(-0.319431 2.68527 3.72345e-18)
(-0.320406 2.67962 6.60991e-22)
(-0.321461 2.67536 -4.45991e-18)
(-0.322263 2.67246 2.9706e-18)
(-0.322573 2.67065 -2.96741e-18)
(-0.322186 2.66926 2.96322e-18)
(-0.32091 2.66851 -2.95886e-18)
(-0.318936 2.66742 8.87799e-18)
(-0.316389 2.66606 5.9171e-18)
(-0.313551 2.66312 -5.90481e-18)
(-0.310723 2.65848 2.94642e-18)
(-0.308195 2.65138 -5.89209e-18)
(-0.306186 2.64162 -2.965e-22)
(-0.304675 2.62901 5.19375e-24)
(-0.303427 2.61348 5.88358e-18)
(-0.329218 2.85624 1.1024e-18)
(-0.341157 3.01657 3.30505e-18)
(-0.339723 3.11846 0)
(-0.325849 3.18202 2.93655e-18)
(-0.301096 3.2227 -2.93682e-18)
(-0.267496 3.25148 0)
(-0.227522 3.27517 2.29506e-20)
(-0.183586 3.29692 1.83709e-19)
(-0.137884 3.31703 5.51479e-18)
(-0.0919435 3.3339 -5.884e-18)
(-0.0464608 3.34509 -5.51897e-18)
(-0.00147086 3.34851 1.1041e-17)
(0.0436506 3.34346 -1.17814e-17)
(0.089511 3.33087 5.89223e-18)
(0.136018 3.31285 0)
(0.182287 3.29183 -1.32665e-17)
(0.226742 3.26937 1.17979e-17)
(0.267123 3.24496 4.42748e-18)
(0.30101 3.21519 6.64446e-18)
(0.325777 3.17316 -8.12475e-18)
(0.339609 3.10782 0)
(0.341058 3.00381 -1.47954e-18)
(0.32907 2.84134 6.66235e-18)
(0.303371 2.5971 -7.41693e-18)
(2.0684 4.13575 -4.29272e-16)
(0.358023 11.5265 2.64504e-17)
(-2.70993 7.56447 8.27582e-16)
(-2.39359 7.95364 3.9516e-16)
(2.32465 7.53751 -4.15809e-16)
(-1.28248 2.02846 0)
(-2.42474 10.4673 0)
(-1.1493 9.71797 -2.17829e-16)
(-0.0258082 3.91429 1.56985e-15)
(0.874928 3.81855 -2.40178e-16)
(-1.49665 2.15219 -4.18592e-16)
(-1.77525 2.42851 3.31168e-20)
(-2.03186 2.69846 3.01138e-20)
(-2.2819 3.01923 3.99601e-16)
(-2.518 3.41714 -3.92226e-16)
(-2.72395 3.90982 0)
(-2.87849 4.51543 7.68331e-16)
(-2.95769 5.22067 3.8515e-16)
(-2.94297 5.99773 0)
(-2.82483 6.84402 -4.17089e-16)
(-2.29147 8.5732 5.97681e-16)
(-2.46631 8.35112 -9.28848e-16)
(-2.59551 7.73034 9.3941e-16)
(0.975302 3.43171 0)
(1.69966 4.61143 3.64096e-20)
(1.83012 3.26032 6.70433e-16)
(-0.0805478 11.7874 1.48451e-17)
(-1.64194 7.4635 1.76438e-16)
(0.292251 3.81029 6.09656e-16)
(1.73178 9.55967 -5.1751e-16)
(-2.17232 9.06153 -2.78108e-16)
(2.14907 8.92198 -1.92686e-20)
(1.65936 6.92907 4.44805e-16)
(1.07582 10.5556 1.91031e-16)
(1.01637 3.84347 -2.42638e-16)
(-1.35649 10.4844 -3.531e-16)
(1.38034 3.17979 3.99357e-16)
(2.91836 6.03876 0)
(2.95728 5.18024 -3.85626e-16)
(2.87967 4.43284 -3.39812e-20)
(2.71069 3.7967 -3.87991e-16)
(2.49412 3.30078 0)
(2.22382 2.88859 0)
(1.99885 2.70645 1.10254e-15)
(1.46022 2.19379 -7.96005e-16)
(-1.82498 10.628 -9.48749e-17)
(-1.4699 3.50818 -9.03803e-17)
(-0.0824744 10.8165 -9.70986e-17)
(0.372186 10.8224 -4.943e-17)
(0.874871 10.7965 -2.01924e-16)
(1.48106 10.7032 4.09808e-16)
(2.16202 10.4997 2.06941e-16)
(2.82161 10.1483 0)
(1.26744 4.12103 7.32584e-16)
(1.05785 3.70931 -8.59607e-16)
(-0.689404 0.960255 0)
(0.390171 7.46916 1.62019e-15)
(-3.11799 9.54642 5.82204e-17)
(-2.68918 9.93619 -6.16402e-17)
(-2.207 10.0525 0)
(-1.61002 10.0177 0)
(-1.02499 9.93672 -1.06267e-16)
(-0.450297 9.85878 -2.65539e-17)
(0.12863 9.80975 7.9475e-17)
(0.731313 9.80568 -1.31604e-17)
(1.36243 9.83274 -1.01267e-16)
(2.02881 9.85437 1.16443e-16)
(2.69534 9.80402 -2.04767e-16)
(3.28236 9.53503 2.56788e-16)
(2.22348 7.36198 -6.27359e-16)
(-0.830523 11.0907 0)
(1.21742 3.2722 0)
(-1.53706 6.27889 1.09231e-15)
(0.21742 3.91113 2.4807e-16)
(1.49542 3.47691 -1.16171e-16)
(-0.389258 4.46274 0)
(-1.12721 2.00063 -1.26745e-16)
(-1.0007 2.04971 1.25332e-16)
(-0.898507 2.12987 -5.85594e-17)
(-0.806236 2.21562 0)
(-0.723259 2.29932 0)
(-0.651527 2.37067 6.32417e-18)
(-0.592959 2.42997 3.27242e-22)
(-0.548801 2.47713 -6.15122e-18)
(-0.517411 2.5133 3.80779e-19)
(-0.495454 2.53963 -3.78608e-19)
(-0.479884 2.55711 -3.01633e-18)
(-0.46821 2.56711 -1.63869e-22)
(-0.458585 2.57065 0)
(-0.449694 2.56858 1.49986e-18)
(-0.440705 2.56173 8.98523e-18)
(-0.431071 2.55074 -8.97581e-18)
(-0.42053 2.53668 -4.48526e-18)
(-0.409068 2.52047 -7.47358e-19)
(-0.396768 2.50273 5.23022e-18)
(-0.383805 2.4841 -5.97644e-18)
(-0.370383 2.46522 5.60233e-18)
(-0.356792 2.44643 -5.97476e-18)
(-0.343347 2.42797 5.97425e-18)
(-0.330361 2.41016 7.4669e-19)
(-0.31815 2.39318 3.73293e-19)
(-0.306947 2.37715 -1.86603e-19)
(-0.296959 2.36245 -5.97079e-18)
(-0.288447 2.34918 5.97094e-18)
(-0.281498 2.3373 -5.97007e-18)
(-0.276176 2.32692 5.69005e-18)
(-0.272445 2.31777 6.99525e-20)
(-0.270273 2.30991 -5.96896e-18)
(-0.269319 2.30344 -3.73306e-19)
(-0.269394 2.29834 1.08131e-17)
(-0.270229 2.29438 -1.11814e-17)
(-0.271489 2.29155 5.21507e-18)
(-0.272854 2.28987 -1.4893e-18)
(-0.274069 2.28929 2.97666e-18)
(-0.274876 2.28955 -2.97391e-18)
(-0.275067 2.29025 4.45743e-18)
(-0.274612 2.2913 2.96853e-18)
(-0.273514 2.29276 -2.96298e-18)
(-0.272049 2.29364 -8.87456e-18)
(-0.270244 2.29339 5.91487e-18)
(-0.268478 2.29146 -2.95534e-18)
(-0.266829 2.2876 8.85177e-18)
(-0.265517 2.28151 -2.94878e-18)
(-0.264447 2.27286 -3.82466e-23)
(-0.263323 2.26167 -1.4727e-18)
(-0.261644 2.24793 -4.60253e-19)
(-0.302021 2.59522 -2.84953e-18)
(-0.328228 2.8352 8.53489e-23)
(-0.340603 2.99354 0)
(-0.339598 3.09393 2.93826e-18)
(-0.326086 3.15648 2.57034e-18)
(-0.301683 3.1968 -1.21218e-17)
(-0.268415 3.22605 5.87843e-18)
(-0.228673 3.2512 5.84439e-18)
(-0.184829 3.27535 -1.19459e-17)
(-0.139037 3.29844 1.17663e-17)
(-0.0928849 3.31822 -3.68312e-19)
(-0.0470805 3.33162 -1.21412e-17)
(-0.0017525 3.33586 6.9923e-18)
(0.0436916 3.33002 -5.88993e-18)
(0.089827 3.31528 6.07464e-18)
(0.136433 3.29439 0)
(0.182782 3.2705 0)
(0.227072 3.24576 -1.47442e-18)
(0.267202 3.22 -7.37903e-18)
(0.300789 3.18989 5.16471e-18)
(0.325253 3.14845 1.47684e-18)
(0.338782 3.08431 -5.9123e-18)
(0.339866 2.98198 1.18286e-17)
(0.327545 2.8217 -6.65518e-18)
(0.301546 2.58034 1.48106e-18)
(0.261331 2.23282 0)
(0.263324 2.24533 4.45038e-18)
(0.26472 2.25596 1.48546e-18)
(0.266057 2.26448 0)
(0.267657 2.27122 0)
(0.269516 2.2761 -1.4884e-18)
(0.271547 2.27934 0)
(0.273407 2.28114 0)
(0.274982 2.28209 0)
(0.27597 2.28289 1.49112e-18)
(0.276272 2.2836 -1.49202e-18)
(0.275852 2.2846 1.49205e-18)
(0.274756 2.28611 -1.44577e-18)
(0.273158 2.2884 -1.49225e-18)
(0.271306 2.29171 2.98455e-18)
(0.269482 2.29601 -1.42236e-18)
(0.268089 2.30127 -4.66271e-20)
(0.26741 2.30767 1.51535e-18)
(0.267724 2.31517 -1.5853e-18)
(0.26928 2.32393 4.66311e-20)
(0.272342 2.33381 -1.49195e-18)
(0.277057 2.34471 -1.86504e-19)
(0.283377 2.35665 4.65843e-20)
(0.291332 2.36959 1.49185e-18)
(0.300864 2.38354 2.98378e-18)
(0.311749 2.39851 -2.79718e-18)
(0.323722 2.41435 -1.86485e-19)
(0.336467 2.43093 -2.79792e-18)
(0.34971 2.44796 2.98509e-18)
(0.363131 2.46526 -2.98603e-18)
(0.376495 2.4823 1.49316e-18)
(0.389589 2.49916 2.8027e-18)
(0.402122 2.51519 0)
(0.413877 2.5298 7.47788e-18)
(0.424802 2.54127 -5.98574e-18)
(0.435165 2.55059 1.98765e-19)
(0.444641 2.55687 1.49714e-18)
(0.453917 2.55721 5.9981e-18)
(0.464109 2.55249 -3.00671e-18)
(0.477861 2.54306 -1.20465e-17)
(0.500385 2.52883 3.0127e-17)
(0.542693 2.52337 -1.75252e-16)
(0.557222 2.51145 0)
(0.638545 2.39287 9.75872e-17)
(0.699259 2.36911 -9.23343e-17)
(2.72637 7.01804 4.13403e-16)
(1.12928 2.69759 0)
(-1.47603 3.26009 -1.11479e-16)
(1.04956 2.00569 3.95433e-16)
(1.21132 2.04769 0)
(0.904667 4.01322 -2.49529e-16)
(1.10809 1.50671 1.38752e-15)
(-0.253341 7.49552 4.02006e-16)
(-2.15511 7.97296 -3.22004e-21)
(1.04243 3.57529 3.87981e-16)
(1.05386 3.36801 3.62726e-16)
(1.87681 4.24687 -4.1999e-16)
(1.45356 4.32621 0)
(1.57969 3.34051 -3.81088e-16)
(1.93299 3.80783 4.01856e-16)
(0.12111 11.5324 8.10857e-17)
(-0.381392 11.5177 8.30637e-17)
(-1.96988 8.11903 0)
(-1.60172 9.98166 2.42839e-16)
(-2.14948 8.69571 -4.33456e-16)
(2.08439 8.29183 9.11904e-22)
(1.45733 9.74255 -7.41577e-16)
(1.04923 7.28941 4.17652e-16)
(1.88576 7.63023 -4.24158e-16)
(0.516848 11.148 0)
(0.773701 10.1303 1.02469e-16)
(2.50431 6.02421 3.48561e-16)
(1.12435 3.80259 9.4182e-16)
(0.647968 10.6674 -6.39018e-18)
(1.45804 7.52578 -3.66583e-20)
(1.79063 9.03102 3.91841e-16)
(-1.86727 9.37706 2.34619e-16)
(-1.01552 8.12675 6.67934e-16)
(-1.50733 8.15931 -4.15277e-16)
(-0.130128 11.527 1.36734e-17)
(1.76301 3.53217 -3.81503e-16)
(1.66777 4.30691 -4.12378e-16)
(1.06655 3.48819 -3.76235e-16)
(-2.45824 6.76697 -8.61958e-16)
(-2.64321 5.73077 1.2055e-15)
(-2.69979 4.85213 -3.91804e-16)
(-2.65906 4.08452 -3.9005e-16)
(-2.53533 3.44249 -7.81017e-16)
(-2.3485 2.92317 3.92643e-16)
(-2.12794 2.51655 7.88947e-16)
(-1.89149 2.19752 -2.73474e-20)
(-1.64831 1.9419 4.06601e-16)
(-1.40372 1.72729 4.19708e-16)
(-1.17872 1.53565 2.33462e-20)
(-0.581258 7.87536 -8.42421e-16)
(1.36866 2.89584 0)
(0.773364 3.90692 0)
(1.39178 1.74074 -3.70455e-16)
(1.6343 1.93526 -3.75983e-16)
(1.85066 2.13718 3.0802e-20)
(2.09162 2.43027 8.49528e-21)
(2.31892 2.8301 3.96863e-20)
(2.51549 3.36557 -3.88148e-16)
(2.63727 4.04929 -7.76306e-16)
(2.64883 4.91788 -3.81372e-16)
(1.26124 2.51128 -3.89229e-16)
(1.1839 3.85161 -3.66544e-16)
(0.912382 9.0958 2.27316e-17)
(0.315703 9.32788 4.59407e-17)
(-0.174188 9.43584 -4.70915e-17)
(-0.609643 9.57629 -1.07731e-21)
(-0.0782295 4.03036 -4.10036e-16)
(2.00081 4.10863 0)
(1.43589 4.09863 -3.78941e-20)
(1.04623 9.56589 -7.64943e-16)
(1.35134 3.38775 0)
(-1.02916 10.6421 1.07399e-16)
(0.804968 2.26582 5.50928e-16)
(-0.179299 9.3133 0)
(0.270391 9.33029 1.71673e-21)
(0.720568 9.38191 2.02145e-16)
(1.34717 9.43692 -3.09307e-16)
(2.12418 9.39922 0)
(2.96167 9.22293 0)
(3.62829 8.81273 0)
(1.38925 3.86233 0)
(-1.37834 3.68813 -3.17596e-16)
(0.764258 1.40634 0)
(0.676087 1.55758 0)
(0.630019 1.60511 -9.63635e-17)
(0.516767 1.60547 8.0912e-17)
(0.454238 1.71602 2.59246e-17)
(0.419391 1.80242 0)
(0.390876 1.88013 -1.17808e-17)
(0.371832 1.90077 0)
(0.357695 1.90852 -2.37137e-17)
(0.346505 1.91124 2.13426e-23)
(0.33947 1.91347 4.49348e-18)
(0.334482 1.91221 5.99023e-18)
(0.329851 1.90805 -1.19731e-17)
(0.324721 1.8995 5.97122e-18)
(0.3186 1.88855 0)
(0.311602 1.87603 -1.49434e-18)
(0.30363 1.86189 2.24084e-18)
(0.294844 1.84659 1.86763e-19)
(0.285462 1.83165 -5.2272e-18)
(0.275751 1.81712 0)
(0.265823 1.8031 -3.35763e-18)
(0.255925 1.78995 -9.31005e-20)
(0.246294 1.77791 1.86713e-19)
(0.237168 1.76716 4.47667e-18)
(0.228805 1.7577 -1.51547e-18)
(0.221451 1.7497 0)
(0.215275 1.74312 4.66274e-20)
(0.210362 1.73762 1.86507e-19)
(0.206723 1.73337 -1.51538e-18)
(0.204372 1.73028 1.49211e-18)
(0.20327 1.72823 1.58503e-18)
(0.203198 1.72739 -1.46802e-18)
(0.204014 1.72759 4.66211e-20)
(0.205493 1.72877 -1.16599e-20)
(0.207337 1.73072 1.39916e-18)
(0.209259 1.73346 -2.98475e-18)
(0.211041 1.73705 1.49222e-18)
(0.21247 1.74126 -1.4924e-18)
(0.213383 1.74595 3.17078e-18)
(0.213757 1.75088 -3.17023e-18)
(0.213646 1.75573 1.49132e-18)
(0.213126 1.76056 0)
(0.21234 1.76448 -1.48934e-18)
(0.211374 1.76742 1.48877e-18)
(0.210482 1.76892 0)
(0.20967 1.76891 0)
(0.208896 1.76716 -2.96935e-18)
(0.207874 1.76318 -2.96778e-18)
(0.206144 1.75706 3.70594e-19)
(1.65231 8.29913 0)
(0.759791 7.84771 -7.88937e-16)
(-0.258871 2.23214 1.47219e-18)
(-0.300043 2.57513 -2.94204e-18)
(-0.327303 2.81228 7.35523e-19)
(-0.340879 2.96852 0)
(-0.341068 3.06714 3.6751e-19)
(-0.32864 3.12844 6.24695e-18)
(-0.305285 3.16801 -5.51334e-18)
(-0.272881 3.19739 -4.59432e-20)
(-0.233669 3.22362 1.14877e-20)
(-0.189908 3.24967 -5.8824e-18)
(-0.143626 3.27531 1.15843e-17)
(-0.0963723 3.29773 -5.7018e-18)
(-0.0490345 3.31312 0)
(-0.00189523 3.31814 5.70391e-18)
(0.0453373 3.31161 -5.84288e-18)
(0.0929308 3.29498 -9.97786e-24)
(0.140508 3.27161 -7.36353e-19)
(0.187227 3.24529 1.84135e-19)
(0.231338 3.21873 7.36892e-18)
(0.270844 3.19203 -1.18021e-17)
(0.303535 3.16195 5.90245e-18)
(0.327002 3.12143 -5.90531e-18)
(0.339426 3.0588 -7.39468e-19)
(0.339427 2.95846 5.90887e-18)
(0.326069 2.80054 0)
(0.299105 2.56211 -2.95978e-18)
(0.258224 2.21872 2.96041e-18)
(0.20313 1.74893 -1.85062e-18)
(1.78251 5.23067 -1.79865e-16)
(-3.2656 8.93475 -1.98525e-16)
(-2.71813 9.2306 5.77419e-17)
(-2.11889 9.30963 -5.15392e-21)
(-1.48729 9.31032 2.58539e-17)
(-0.909273 9.26941 2.59669e-17)
(-0.363127 9.22149 0)
(0.168957 9.17849 -1.1705e-16)
(0.716781 9.16292 1.29593e-17)
(1.30793 9.16553 1.02729e-16)
(1.96793 9.15682 -1.27953e-17)
(2.67177 9.12694 1.01831e-16)
(3.3362 8.93097 -1.25802e-16)
(3.82338 8.43134 1.99676e-16)
(-1.81338 9.63406 1.93969e-16)
(-2.49941 9.34539 -5.96943e-16)
(-3.20892 8.76015 -4.70465e-20)
(-3.67469 8.23239 -3.89632e-20)
(-0.929167 1.4126 0)
(-0.821474 1.40415 0)
(-0.721392 1.45054 0)
(-0.638467 1.52367 -4.26841e-21)
(-0.56551 1.60396 1.05846e-16)
(-0.502983 1.68384 -5.13523e-17)
(-0.451775 1.75596 3.76475e-17)
(-0.41264 1.8124 0)
(-0.386164 1.8553 -6.1154e-18)
(-0.368313 1.88566 6.06933e-18)
(-0.356731 1.9059 0)
(-0.349205 1.91768 3.76303e-19)
(-0.343859 1.9226 3.00657e-18)
(-0.339378 1.92199 -1.50146e-18)
(-0.334905 1.9167 2.99938e-18)
(-0.329887 1.90768 -8.98732e-18)
(-0.324126 1.89554 1.49605e-18)
(-0.317361 1.88111 -6.72797e-18)
(-0.309616 1.86528 -3.44201e-23)
(-0.300995 1.8487 6.72458e-18)
(-0.291681 1.83198 5.97667e-18)
(-0.281856 1.81568 -5.2286e-18)
(-0.271729 1.80022 1.86733e-19)
(-0.261582 1.78573 0)
(-0.251674 1.7725 5.60048e-18)
(-0.242271 1.76065 -5.97314e-18)
(-0.23359 1.75019 1.86641e-19)
(-0.225838 1.74137 5.97188e-18)
(-0.219177 1.73433 -6.15859e-18)
(-0.213717 1.72895 0)
(-0.209521 1.72522 2.09923e-19)
(-0.206575 1.72292 -3.03189e-18)
(-0.204912 1.72181 2.98512e-18)
(-0.20436 1.722 3.73115e-19)
(-0.204711 1.72343 1.8654e-19)
(-0.205741 1.72588 2.98374e-18)
(-0.207189 1.72924 -5.21965e-18)
(-0.208776 1.73356 3.35403e-18)
(-0.210269 1.7388 -3.72555e-18)
(-0.211469 1.74472 5.21276e-18)
(-0.212214 1.75107 -5.2092e-18)
(-0.212498 1.75771 0)
(-0.212386 1.76458 2.97094e-18)
(-0.211961 1.7711 0)
(-0.211297 1.77702 -2.9629e-18)
(-0.210591 1.78119 2.95904e-18)
(-0.209859 1.78352 -2.95606e-18)
(-0.209262 1.78398 5.90483e-18)
(-0.208699 1.78216 0)
(-0.207903 1.7779 -1.47454e-18)
(-0.20637 1.77089 -2.95631e-23)
(-0.203535 1.76131 0)
(-1.22142 10.0981 0)
(-1.72951 8.83419 4.06478e-16)
(0.180906 11.144 -1.00432e-16)
(-0.520329 11.1409 0)
(1.51278 3.52676 0)
(1.78173 3.95448 8.18857e-16)
(1.1221 3.64536 2.14826e-20)
(1.16606 3.38697 -1.10137e-20)
(-0.713935 8.7458 7.45776e-16)
(0.088329 7.96149 -1.21923e-15)
(-0.571186 0.718301 0)
(-0.250108 8.43505 0)
(-0.220852 4.352 2.10238e-20)
(0.700064 0.827519 -7.75321e-16)
(0.858753 0.95629 -1.65084e-20)
(1.03832 1.08571 -3.7618e-16)
(1.21252 1.22515 3.81334e-16)
(1.3971 1.40744 -3.87662e-16)
(1.58722 1.66255 0)
(1.77574 2.02243 1.18548e-15)
(1.9343 2.5148 -3.957e-16)
(2.02715 3.19004 3.92524e-16)
(-0.418292 7.12886 2.1164e-16)
(-0.224602 3.76233 -4.44495e-16)
(1.3757 6.33004 5.03259e-16)
(0.866539 6.85872 1.47812e-16)
(0.286216 6.85396 -1.62418e-16)
(-0.14243 6.90474 5.27772e-17)
(-0.70977 0.796181 4.64476e-16)
(-1.90931 5.28388 -7.22323e-16)
(-2.03457 4.08695 -3.71384e-16)
(-2.03028 3.22178 3.90959e-16)
(-1.9447 2.57615 0)
(-1.79527 2.08709 0)
(-1.61358 1.72028 -3.94413e-16)
(-1.42297 1.44914 0)
(-1.23341 1.24333 5.95032e-21)
(-1.05013 1.07965 -4.00831e-16)
(-0.878822 0.940162 -8.33191e-16)
(1.16285 3.52856 3.81635e-16)
(1.61155 4.04578 -4.06804e-16)
(1.65826 3.70731 -4.08671e-16)
(-0.170502 11.1372 2.52023e-17)
(-1.24901 8.83728 -5.88774e-16)
(-1.4626 9.49504 -8.33363e-16)
(1.36441 8.96482 -3.82884e-16)
(1.18955 8.15157 0)
(0.540477 0.707986 0)
(0.455179 0.682375 2.34819e-16)
(0.378481 0.71726 -1.08687e-16)
(0.35916 0.805791 -9.89951e-17)
(0.311735 0.846504 9.73909e-17)
(0.276172 0.870283 0)
(0.252021 0.93194 0)
(0.234585 0.990879 0)
(0.225104 1.03453 1.19021e-17)
(0.218151 1.05188 0)
(0.214661 1.05637 5.93974e-18)
(0.212275 1.05568 0)
(0.210202 1.05426 1.4944e-18)
(0.208481 1.05113 0)
(0.206706 1.04629 0)
(0.204408 1.03933 0)
(0.201376 1.03069 0)
(0.197529 1.02124 -2.98741e-18)
(0.192872 1.01129 7.4674e-19)
(0.18749 1.00121 2.98647e-18)
(0.181609 0.991685 -2.23953e-18)
(0.175384 0.982975 2.98553e-18)
(0.168938 0.975294 3.26484e-18)
(0.162448 0.968763 -1.58573e-18)
(0.156098 0.963614 -1.49242e-18)
(0.150074 0.959937 1.46896e-18)
(0.14453 0.957767 -1.46905e-18)
(0.13961 0.957055 0)
(0.135444 0.957768 0)
(0.132092 0.959668 -1.48043e-18)
(0.129592 0.962776 1.51559e-18)
(0.127929 0.967009 0)
(0.127142 0.972346 0)
(0.127077 0.978736 1.44567e-18)
(0.127592 0.986112 -1.49229e-18)
(0.128539 0.9944 -2.33181e-20)
(0.129743 1.00344 7.28693e-22)
(0.131093 1.01325 1.49254e-18)
(0.1325 1.02393 -1.52725e-18)
(0.133848 1.03535 0)
(0.134987 1.04737 -1.58568e-18)
(0.13585 1.0598 1.86231e-19)
(0.136436 1.07239 1.49162e-18)
(0.136811 1.0849 -1.49131e-18)
(0.13698 1.09686 2.98068e-18)
(0.137021 1.10824 -2.23375e-18)
(0.136985 1.1186 -1.48787e-18)
(0.136955 1.12733 1.48642e-18)
(0.136812 1.13428 0)
(0.136476 1.13913 1.48386e-18)
(0.13559 1.14144 -7.4095e-19)
(0.133689 1.14117 1.29525e-18)
(-0.75644 6.71448 -1.91478e-16)
(-0.247856 6.80256 -1.23514e-17)
(0.128688 6.75174 -3.78435e-21)
(0.377112 6.82347 5.10957e-17)
(0.920654 7.06084 0)
(1.67199 7.20482 0)
(2.58321 7.2594 0)
(3.44913 7.04353 0)
(3.87153 7.20318 -1.98065e-16)
(1.31315 3.52889 -8.42025e-16)
(-0.63858 10.655 -4.99122e-17)
(0.41218 8.43634 7.2303e-16)
(-0.759905 10.0709 0)
(0.23088 10.6259 0)
(1.42981 3.65536 1.31156e-20)
(1.2157 3.77573 -6.51156e-21)
(-1.08031 7.35772 3.89958e-16)
(-1.90613 7.29944 5.32861e-20)
(-2.76101 6.97613 0)
(-3.67479 6.71821 -3.58654e-16)
(-0.233052 4.61926 -9.17637e-16)
(-1.88331 9.16915 -2.75126e-16)
(-3.64227 8.53417 8.51977e-17)
(-2.91791 9.28566 0)
(-2.27731 9.59393 -3.07586e-17)
(-1.67896 9.7418 -1.87896e-17)
(-1.15514 9.77844 -2.53295e-17)
(-0.678325 9.79094 -2.55207e-17)
(-0.252062 9.77875 -1.02586e-16)
(0.161333 9.74148 1.28445e-17)
(0.593866 9.68566 2.05462e-16)
(1.05855 9.61878 4.06431e-19)
(1.58291 9.52399 -1.01535e-16)
(2.21301 9.41806 8.78087e-17)
(2.94252 9.14007 2.7949e-20)
(3.66264 8.63696 -4.7897e-17)
(4.2307 7.42845 -3.60379e-16)
(2.63753 2.70509 0)
(-0.199393 1.74711 7.37009e-19)
(-0.255077 2.2125 0)
(-0.297565 2.55162 5.15148e-18)
(-0.326454 2.78599 -2.20704e-18)
(-0.34176 2.94006 -5.51539e-18)
(-0.343735 3.03663 5.51552e-18)
(-0.33294 3.09685 0)
(-0.311013 3.13538 0)
(-0.279816 3.16473 4.59598e-20)
(-0.241416 3.19171 0)
(-0.197801 3.21923 4.59675e-20)
(-0.150739 3.24687 1.83906e-19)
(-0.101815 3.27141 6.06955e-18)
(-0.0520274 3.28838 -2.37338e-22)
(-0.00194812 3.29403 -6.07171e-18)
(0.0481586 3.28704 -4.60053e-20)
(0.0981332 3.269 -1.84034e-19)
(0.147272 3.24371 5.5221e-19)
(0.194584 3.21554 -1.8411e-19)
(0.23847 3.18764 0)
(0.277066 3.16036 0)
(0.308411 3.13047 3.68684e-19)
(0.33044 3.09107 0)
(0.341217 3.02974 7.38431e-19)
(0.33951 2.9316 7.38553e-19)
(0.324528 2.77606 1.84761e-19)
(0.296034 2.54051 -3.69681e-19)
(0.254043 2.20099 -2.95809e-18)
(0.198774 1.73642 2.95867e-18)
(0.130632 1.1359 1.84908e-19)
(-0.486515 0.71564 0)
(-0.443009 0.738659 2.19073e-16)
(-0.392894 0.757302 -3.18622e-16)
(-0.348969 0.795708 -4.19027e-21)
(-0.309818 0.843807 0)
(-0.275864 0.898655 2.48495e-17)
(-0.250189 0.950539 -1.2335e-17)
(-0.233927 0.992215 0)
(-0.223733 1.02066 0)
(-0.218052 1.03975 0)
(-0.215107 1.05144 -7.53127e-19)
(-0.213701 1.05748 -2.31084e-23)
(-0.212801 1.05887 -1.50153e-18)
(-0.211845 1.05676 6.00098e-18)
(-0.210402 1.05156 -4.49595e-18)
(-0.208286 1.04412 -1.49758e-18)
(-0.205388 1.03469 5.98509e-18)
(-0.201674 1.02412 -2.9908e-18)
(-0.197154 1.01294 -2.98945e-18)
(-0.191858 1.00163 2.98866e-18)
(-0.185948 0.990685 1.86779e-19)
(-0.1796 0.980575 -3.73462e-19)
(-0.172952 0.971574 -1.86746e-19)
(-0.166236 0.963901 -2.98695e-18)
(-0.15964 0.957685 2.98731e-18)
(-0.153378 0.952987 0)
(-0.147585 0.949839 -2.98648e-18)
(-0.142388 0.948351 2.93968e-18)
(-0.137872 0.948623 0)
(-0.134137 0.950575 4.66531e-20)
(-0.131227 0.954144 -6.99786e-20)
(-0.129138 0.959192 0)
(-0.127925 0.965487 0)
(-0.127538 0.972866 0)
(-0.127729 0.981339 3.17175e-18)
(-0.128368 0.990718 -6.06229e-18)
(-0.129311 1.00098 3.17035e-18)
(-0.130454 1.01216 -3.72909e-19)
(-0.131705 1.02429 7.45619e-19)
(-0.132945 1.03716 7.45324e-19)
(-0.134027 1.05065 1.47285e-23)
(-0.134883 1.06454 0)
(-0.135508 1.07871 -1.48764e-18)
(-0.135982 1.09275 -2.97213e-18)
(-0.136306 1.10631 1.48372e-18)
(-0.136521 1.11866 -5.92879e-18)
(-0.136647 1.12951 5.92174e-18)
(-0.136748 1.13865 -2.95768e-18)
(-0.136757 1.1457 -2.95488e-18)
(-0.136531 1.15035 2.95159e-18)
(-0.135725 1.15207 -2.58107e-18)
(-0.133887 1.15075 1.47438e-18)
(-0.130893 1.14419 7.37486e-19)
(0.85584 8.7977 0)
(-0.977002 9.46818 3.72407e-16)
(-0.197676 10.6134 4.55326e-17)
(1.52549 3.81326 8.72253e-16)
(1.28195 3.62386 -3.92576e-16)
(0.0497202 0.388459 -9.21905e-20)
(0.0494644 0.377447 2.76835e-19)
(1.75328 2.4345 -3.56428e-16)
(1.88026 2.96803 -6.65065e-16)
(0.0500567 0.396321 0)
(0.250325 2.17443 -2.96715e-18)
(0.127285 1.12153 0)
(0.194663 1.71483 2.96806e-18)
(0.323256 2.74158 -1.86322e-19)
(0.293394 2.50974 6.30273e-18)
(0.342932 2.98906 5.92473e-18)
(0.339658 2.89391 -1.25956e-17)
(0.312718 3.08467 -1.2206e-17)
(0.333499 3.04735 5.92093e-18)
(0.244886 3.14075 5.91284e-18)
(0.282673 3.11379 5.91602e-18)
(0.153357 3.19796 6.09469e-18)
(0.201202 3.16899 -5.91215e-18)
(0.0505579 3.24301 0)
(0.1028 3.22421 -5.90939e-18)
(-0.0548079 3.24399 0)
(-0.00211858 3.25024 0)
(-0.157247 3.2002 -5.90642e-18)
(-0.106879 3.22596 0)
(-0.248403 3.14346 -5.90468e-18)
(-0.204954 3.17151 1.17651e-17)
(-0.31607 3.08775 0)
(-0.286063 3.11659 0)
(-0.346314 2.9936 0)
(-0.336907 3.05095 0)
(-0.325873 2.74845 1.07356e-21)
(-0.34262 2.89976 5.53907e-18)
(-0.25171 2.18256 0)
(-0.295483 2.51752 -6.6514e-18)
(-0.0498883 0.392711 1.46998e-18)
(-0.0502018 0.400045 -1.47034e-18)
(-0.127528 1.12746 0)
(-0.195446 1.72245 -7.40237e-19)
(-0.0491918 0.36947 -2.942e-18)
(-0.0496855 0.382068 2.94012e-18)
(-0.0477805 0.339582 0)
(-0.0485083 0.35512 0)
(-0.0461916 0.306792 0)
(-0.0469989 0.323305 0)
(-0.0443917 0.274758 2.96121e-18)
(-0.045317 0.290463 1.47897e-18)
(-0.0422859 0.246988 5.93404e-18)
(-0.0433794 0.260159 -4.44696e-18)
(-0.0397292 0.225638 2.97021e-18)
(-0.0410585 0.235469 -5.1953e-18)
(-0.0367889 0.211317 2.97134e-18)
(-0.0383043 0.21759 0)
(-0.0339401 0.203972 9.28949e-20)
(-0.0352364 0.206828 -3.15821e-18)
(-0.033221 0.201813 2.97329e-18)
(-0.0332559 0.202425 -2.9729e-18)
(-0.0347581 0.202139 0)
(-0.0337123 0.201796 0)
(-0.0383209 0.20354 -4.6467e-20)
(-0.0363052 0.202723 4.64671e-20)
(-0.0436074 0.20558 4.64724e-20)
(-0.040758 0.204514 0)
(-0.0502067 0.207469 2.97449e-18)
(-0.0467908 0.206598 -2.97465e-18)
(-0.0572123 0.208686 0)
(-0.0537273 0.208151 0)
(-0.0636838 0.209529 -2.97568e-18)
(-0.0605553 0.209099 2.97568e-18)
(-0.068951 0.210627 0)
(-0.0665014 0.210026 -1.86021e-19)
(-0.072496 0.21193 -2.23414e-18)
(-0.0709655 0.211284 0)
(-0.0742082 0.212404 -2.98219e-18)
(-0.0735689 0.212415 2.98023e-18)
(-0.0744983 0.209567 -2.98662e-18)
(-0.0744876 0.211511 5.96802e-18)
(-0.073882 0.201265 7.47737e-19)
(-0.0742831 0.206257 -3.7352e-19)
(-0.0727541 0.185619 0)
(-0.0733797 0.194502 0)
(-0.0708729 0.16062 0)
(-0.0719553 0.174847 0)
(-0.0721847 0.120445 -1.54594e-16)
(-0.0703663 0.142921 4.78657e-17)
(-0.087033 0.0939678 -9.60715e-17)
(-0.078309 0.102177 1.8986e-16)
(-0.107719 0.093443 0)
(-0.0967483 0.0907338 -1.96017e-16)
(-0.143717 0.106439 -1.62827e-20)
(-0.119753 0.0972441 0)
(-0.24769 0.180633 1.18164e-15)
(-0.186593 0.13554 -4.11421e-16)
(-0.391295 0.289922 -1.86477e-20)
(-0.315356 0.23063 0)
(-0.568551 0.459819 0)
(-0.473905 0.362234 -3.87227e-16)
(-0.786692 0.823138 -8.19674e-16)
(-0.676742 0.602098 0)
(-0.956946 1.67647 -3.87627e-16)
(-0.880001 1.15992 1.61473e-20)
(-0.833466 3.04639 4.19918e-17)
(-1.014 2.45269 7.03063e-16)
(-0.131292 2.97429 2.52911e-22)
(-0.471292 2.95227 -4.91643e-17)
(0.0169648 2.7589 5.18573e-17)
(0.0403707 2.76893 1.4651e-22)
(0.683966 3.33214 -2.30429e-16)
(0.260468 3.15981 4.80946e-21)
(2.10255 3.41641 -4.53718e-16)
(1.30551 3.56618 -3.96519e-16)
(2.2948 1.80415 0)
(1.44145 7.1723 -4.69847e-17)
(2.04051 6.5587 0)
(0.833557 7.93285 1.2438e-17)
(1.13 7.63924 -2.44437e-17)
(0.371315 8.30157 1.01329e-16)
(0.593645 8.15668 -1.00818e-16)
(0.0588886 8.46583 -5.06212e-17)
(0.212949 8.40138 0)
(-0.230775 8.47861 -5.00392e-17)
(-0.0829652 8.48629 1.00802e-16)
(-0.585974 8.3132 0)
(-0.395826 8.42471 0)
(-1.16499 7.80154 0)
(-0.832165 8.12113 0)
(-3.52811 4.97525 -6.40404e-17)
(-1.54904 7.1739 0)
(4.3793 5.10331 8.32643e-16)
(-3.83674 7.03187 2.96193e-16)
(-1.53432 1.80828 -2.39508e-16)
(-0.939248 2.26858 0)
(-2.25701 2.79421 -2.42236e-16)
(-2.23293 1.72226 -2.42554e-16)
(-1.26362 3.42488 2.23361e-16)
(-1.94909 3.51708 4.39868e-16)
(-0.331795 3.63197 3.68351e-16)
(-0.71106 3.42059 -2.16666e-16)
(-0.10209 2.88106 -5.28204e-17)
(-0.0728989 3.20929 -3.43476e-16)
(0.446842 3.03502 9.82956e-17)
(0.0963651 3.04078 4.96394e-17)
(0.92121 2.05928 4.13616e-16)
(0.764476 2.69573 -1.071e-20)
(0.872875 1.05589 -1.27906e-20)
(0.943663 1.49221 -4.26131e-16)
(0.664362 0.576602 1.22538e-15)
(0.775239 0.769447 -4.19128e-16)
(0.470906 0.36197 3.88597e-16)
(0.560955 0.449703 2.18367e-20)
(0.317342 0.239554 0)
(0.391964 0.296883 0)
(0.192239 0.124091 -4.14078e-16)
(0.255146 0.188002 3.77262e-16)
(0.100156 0.0872595 0)
(0.131425 0.0929455 0)
(0.0974412 0.0889107 0)
(0.104397 0.0910441 0)
(0.0844317 0.106057 4.64135e-17)
(0.0948902 0.0999299 -9.46319e-17)
(0.0720735 0.141104 2.3899e-17)
(0.0761437 0.117067 -7.05109e-17)
(0.0727901 0.181463 -5.91813e-18)
(0.0713544 0.164243 -1.78709e-17)
(0.0740598 0.198452 -5.91821e-18)
(0.0736663 0.192158 0)
(0.0736229 0.206762 0)
(0.0740075 0.202935 0)
(0.0729046 0.211086 5.95786e-18)
(0.0732673 0.209437 0)
(0.0715306 0.211629 5.95311e-18)
(0.072393 0.211871 -8.93162e-18)
(0.0686612 0.210518 0)
(0.0702997 0.211147 -2.97558e-18)
(0.0641982 0.20949 5.94793e-18)
(0.0666134 0.20994 -2.97438e-18)
(0.058459 0.209037 -1.39354e-18)
(0.0614661 0.209215 -2.97332e-18)
(0.0519813 0.208702 0)
(0.0552715 0.208883 1.48644e-18)
(0.0455404 0.20824 1.4864e-18)
(0.0486964 0.208505 -1.46306e-18)
(0.0400736 0.207356 -1.48632e-18)
(0.0426267 0.207872 1.48618e-18)
(0.0361994 0.205952 0)
(0.037936 0.206694 -1.16113e-20)
(0.0340574 0.204706 0)
(0.034892 0.205237 0)
(0.033864 0.20523 0)
(0.0337106 0.204639 0)
(0.0358438 0.209479 -1.48714e-18)
(0.0345951 0.206755 1.16117e-20)
(0.0388124 0.219482 1.47462e-18)
(0.0373397 0.213667 -2.24771e-22)
(0.0414778 0.236179 -9.28913e-20)
(0.0401951 0.22698 0)
(0.0436914 0.259391 2.97167e-18)
(0.0426511 0.24702 -1.48626e-18)
(0.0454379 0.287901 -1.48477e-18)
(0.0446161 0.273115 -1.48525e-18)
(0.0468965 0.31942 7.40923e-19)
(0.0461987 0.303425 2.22525e-18)
(0.0482811 0.35049 -3.69767e-19)
(0.0476047 0.335247 1.11038e-18)
(0.0489455 0.364727 -9.23632e-19)
(1.39129 1.58719 7.40458e-16)
(0.877354 2.18246 -1.26826e-16)
(0.281438 9.99659 8.53586e-17)
(0.894559 3.88985 -2.5264e-16)
(0.0480439 0.399079 0)
(0.0607477 9.00828 -4.01645e-20)
(-0.0481053 0.401744 7.38608e-19)
(-0.101703 11.9198 -5.1965e-16)
(0.633377 0.883487 0)
(0.201982 0.312867 -4.77886e-16)
(-0.217106 0.338406 0)
(-0.0641536 0.0703243 0)
(0.058808 0.0650637 -1.10582e-17)
(0.00749729 0.0104546 -4.11378e-18)
(-0.00811601 0.0113582 4.1121e-18)
(0.748625 3.86844 1.61806e-17)
(2.10888 9.14755 2.08581e-16)
(-0.230843 9.97679 0)
(-0.423388 9.34981 -6.68393e-16)
(0.508841 9.38778 3.3562e-16)
(-0.364139 3.7696 -1.51233e-16)
(-0.0777944 3.83632 -2.47138e-16)
(-0.234308 3.78474 2.16771e-16)
(-0.0490789 4.78557 9.05209e-16)
(0.252434 4.44603 -4.54399e-16)
(0.110782 4.60414 8.99025e-16)
(0.159693 4.96187 -3.03024e-20)
(0.450297 4.55818 -8.92885e-16)
(0.315299 4.74912 -4.43408e-16)
(0.393048 5.14642 -8.81841e-16)
(0.672168 4.66183 -2.96377e-20)
(0.545655 4.89348 -4.39418e-16)
(0.656119 5.32506 -8.76165e-16)
(0.90816 4.7577 -8.68138e-16)
(0.796641 5.02876 0)
(2.36973 8.08205 1.81256e-15)
(1.3418 3.74842 0)
(-0.67877 0.535288 0)
(-1.42621 3.74215 7.22632e-16)
(1.18653 1.70888 0)
(1.14081 3.86848 1.40378e-15)
(2.41821 6.40223 1.04178e-15)
(2.52903 7.84926 -1.12183e-15)
(-1.27389 4.02529 0)
(-1.32282 4.21239 1.24796e-20)
(1.057 2.91033 0)
(0.168234 3.87239 6.41146e-16)
(-0.16039 3.74458 7.00561e-17)
(-2.03078 9.17932 -1.58121e-15)
(0.671795 2.14438 -1.78156e-15)
(-0.107938 3.88018 1.74833e-15)
(0.757104 1.2664 -4.87734e-16)
(-0.850721 8.00104 0)
(0.908071 1.9823 0)
(-1.01673 11.406 0)
(1.00368 3.15682 0)
(-0.921613 4.14094 1.94023e-15)
(1.31015 9.23491 -1.71013e-15)
(-0.136316 3.99089 -8.41686e-16)
(3.19241 5.03828 -1.02063e-15)
(0.0688956 3.8732 -2.81117e-15)
(-1.24535 7.6138 -4.86616e-16)
(0.68113 3.87673 -4.44891e-17)
(0.477422 3.84376 -8.777e-16)
(-0.563494 4.07438 1.65662e-16)
(-0.758577 4.75816 -1.02572e-15)
(0.610285 0.460982 -2.82985e-16)
(-0.229448 11.896 1.01258e-15)
(-1.61646 7.01442 7.37083e-16)
(-0.937268 1.30429 0)
(0.493164 0.619803 0)
(1.1301 10.1868 2.06441e-15)
(-2.65383 9.91455 0)
(-0.100792 11.8511 -1.10078e-15)
(2.45286 4.20481 -1.05286e-15)
(-3.61915 4.09557 -1.24879e-15)
(0.709533 2.77654 2.2413e-16)
(0.836441 3.46682 -2.17343e-16)
(0.740237 3.16256 0)
(2.1734 3.13787 5.11513e-20)
(0.0417096 3.78626 8.50705e-16)
(-0.00751943 11.8611 -1.23335e-16)
(-1.45832 2.75835 1.2605e-15)
(-1.174 5.80057 -2.01789e-15)
(0.565493 4.09471 -5.89092e-16)
(0.118759 3.71467 1.06836e-15)
(0.0681936 3.69138 -9.95705e-16)
(1.62433 2.6646 4.24417e-16)
)
;

boundaryField
{
    wall
    {
        type            noSlip;
    }
    outlet
    {
        type            inletOutlet;
        inletValue      uniform (0 0 0);
        value           nonuniform List<vector> 
33
(
(0.250325 2.17443 -2.96715e-18)
(0.127285 1.12153 0)
(0.194663 1.71483 2.96806e-18)
(0.323256 2.74158 -1.86322e-19)
(0.293394 2.50974 6.30273e-18)
(0.342932 2.98906 5.92473e-18)
(0.339658 2.89391 -1.25956e-17)
(0.312718 3.08467 -1.2206e-17)
(0.333499 3.04735 5.92093e-18)
(0.244886 3.14075 5.91284e-18)
(0.282673 3.11379 5.91602e-18)
(0.153357 3.19796 6.09469e-18)
(0.201202 3.16899 -5.91215e-18)
(0.0505579 3.24301 0)
(0.1028 3.22421 -5.90939e-18)
(-0.0548079 3.24399 0)
(-0.00211858 3.25024 0)
(-0.157247 3.2002 -5.90642e-18)
(-0.106879 3.22596 0)
(-0.248403 3.14346 -5.90468e-18)
(-0.204954 3.17151 1.17651e-17)
(-0.31607 3.08775 0)
(-0.286063 3.11659 0)
(-0.346314 2.9936 0)
(-0.336907 3.05095 0)
(-0.325873 2.74845 1.07356e-21)
(-0.34262 2.89976 5.53907e-18)
(-0.25171 2.18256 0)
(-0.295483 2.51752 -6.6514e-18)
(-0.127528 1.12746 0)
(-0.195446 1.72245 -7.40237e-19)
(0.0480439 0.399079 0)
(-0.0481053 0.401744 7.38608e-19)
)
;
    }
    inlet
    {
        type            inletOutlet;
        inletValue      uniform (0 0 0);
        value           uniform (0 0 0);
    }
    frontAndBackPlanes
    {
        type            empty;
    }
}


// ************************************************************************* //
