/*--------------------------------*- C++ -*----------------------------------*\
| =========                 |                                                 |
| \\      /  F ield         | OpenFOAM: The Open Source CFD Toolbox           |
|  \\    /   O peration     | Version:  2212                                  |
|   \\  /    A nd           | Website:  www.openfoam.com                      |
|    \\/     M anipulation  |                                                 |
\*---------------------------------------------------------------------------*/
FoamFile
{
    version     2.0;
    format      ascii;
    arch        "LSB;label=32;scalar=64";
    class       volVectorField;
    location    "0.0002";
    object      U;
}
// * * * * * * * * * * * * * * * * * * * * * * * * * * * * * * * * * * * * * //

dimensions      [0 1 -1 0 0 0 0];

internalField   nonuniform List<vector> 
2308
(
(2.34346e-05 -3.96843e-06 -1.02329e-15)
(0.000222629 0.000349079 0)
(0.000263983 -0.00174095 7.23892e-17)
(-6.73002e-05 0.00139707 -3.60991e-16)
(-8.62007e-05 0.000798197 0)
(-4.11254e-06 0.00103268 -1.07605e-21)
(-1.8238e-05 0.00120297 2.36058e-22)
(-3.47783e-05 0.000910882 -4.98527e-16)
(-7.68135e-05 0.000744058 9.07358e-16)
(-0.00014682 0.0024471 -1.2048e-16)
(-0.000288729 0.00228473 2.14935e-16)
(9.0427e-05 0.00215633 -3.157e-16)
(-3.4114e-05 0.00215394 1.56251e-16)
(-7.48141e-05 0.00208921 -7.91224e-17)
(-8.02389e-05 0.00202021 1.34745e-17)
(-7.09396e-05 0.00195282 1.11964e-16)
(-6.91142e-05 0.0018703 1.4972e-17)
(-9.44468e-05 0.00180619 3.4639e-17)
(2.64553e-07 0.00188449 4.6611e-17)
(-5.11951e-05 0.00195177 3.44948e-18)
(-5.40347e-05 0.00202375 2.63129e-17)
(-5.51421e-05 0.00209558 -7.68936e-17)
(-7.28641e-05 0.00217467 9.87901e-17)
(-0.00016619 0.00227568 -4.55287e-17)
(6.59536e-05 0.00235422 -1.9577e-16)
(-1.10187e-06 0.002446 -9.31452e-17)
(-0.000184542 0.00262858 4.76706e-17)
(7.51536e-05 0.00265453 -5.24492e-17)
(-8.35945e-06 0.00114164 0)
(-7.24566e-05 0.00176788 -3.19658e-16)
(-7.16408e-07 0.00276886 2.79219e-18)
(-1.6082e-05 0.00286306 7.15039e-19)
(-1.15389e-05 0.00295429 -1.22282e-17)
(-9.53915e-06 0.00304098 1.15583e-17)
(-6.96582e-06 0.00312528 -1.22894e-17)
(-7.52868e-06 0.00320931 1.15745e-17)
(-7.65372e-06 0.00329358 -5.78222e-18)
(-9.76777e-06 0.0033779 5.78108e-18)
(-1.14855e-05 0.00346188 -5.77429e-18)
(-1.38749e-05 0.00354491 2.88721e-18)
(-1.59367e-05 0.00362682 5.77923e-18)
(-1.67421e-05 0.00370799 8.67906e-18)
(-1.68699e-05 0.00378953 -1.73979e-17)
(-1.6884e-05 0.00387078 1.16314e-17)
(-1.48031e-05 0.00395028 5.81483e-18)
(8.73304e-07 0.00395474 -5.83465e-18)
(9.16185e-07 0.00387068 5.8142e-18)
(3.78426e-07 0.00378881 -8.70409e-18)
(7.83865e-07 0.00370719 -9.42656e-18)
(4.62226e-07 0.00362466 1.44764e-17)
(1.11072e-06 0.00354202 -2.89513e-18)
(1.43617e-06 0.00345994 5.80107e-18)
(3.55865e-06 0.0033772 1.45074e-18)
(3.52032e-06 0.0032935 -8.69736e-18)
(5.15745e-06 0.00321024 -2.90562e-18)
(4.28882e-06 0.00312625 5.80571e-18)
(3.54965e-06 0.0030418 0)
(-9.76831e-07 0.00295698 -7.21812e-19)
(-5.45557e-06 0.00287124 -2.37325e-17)
(-3.9969e-05 0.00278157 -8.17903e-17)
(-0.00015137 0.00266251 9.63938e-17)
(5.63534e-05 0.00269262 9.95211e-17)
(-8.64235e-05 0.00247886 1.14147e-16)
(8.69967e-06 0.00241725 5.38554e-23)
(-9.54681e-05 0.00232958 1.27912e-16)
(-0.000175143 0.00224758 -2.3707e-16)
(-0.000113485 0.00214833 -5.43882e-17)
(-0.000103669 0.0020725 0)
(-9.68882e-05 0.00199929 0)
(-8.3492e-05 0.00192524 0)
(-6.30737e-05 0.00183865 0)
(-1.05035e-05 0.00403095 -2.90995e-18)
(5.52581e-06 0.00403798 2.92414e-18)
(-0.000210296 0.0018058 -1.60863e-16)
(-8.22593e-05 0.00194086 -3.25106e-18)
(-3.51599e-05 0.00202075 1.27388e-17)
(-2.37033e-05 0.00209843 0)
(-2.85296e-05 0.00217848 -2.44248e-17)
(-2.19601e-05 0.00227162 -2.39042e-17)
(-2.82355e-05 0.0023565 1.19898e-17)
(-3.19466e-05 0.00244493 4.8085e-17)
(-4.18697e-05 0.00255844 0)
(-4.70155e-05 0.00266135 9.97637e-24)
(-1.61926e-05 0.0027629 8.91172e-20)
(-1.38912e-05 0.00285939 -1.15445e-17)
(-1.67829e-05 0.00294846 1.73239e-17)
(-1.72075e-05 0.00303655 -7.7433e-23)
(-1.89693e-05 0.003124 -1.01292e-17)
(-1.87658e-05 0.00321101 0)
(-2.02866e-05 0.00329652 -1.44691e-18)
(-2.2577e-05 0.00338015 8.67537e-18)
(-2.2532e-05 0.00346286 -1.15627e-17)
(-2.22489e-05 0.00354496 4.2589e-23)
(-2.14704e-05 0.00362663 1.1577e-17)
(-2.30918e-05 0.00370771 0)
(-2.40109e-05 0.00378825 1.15913e-17)
(-2.27695e-05 0.00386822 -2.27449e-23)
(-2.09733e-05 0.00394847 -5.81782e-18)
(-0.000163618 0.00170514 -1.37032e-16)
(-1.99396e-05 0.00402857 -5.82144e-18)
(-7.53569e-05 0.00166325 1.39764e-16)
(-4.10264e-05 0.00173042 -1.06046e-22)
(7.50711e-06 0.00403624 -5.85743e-18)
(1.11201e-05 0.00395522 7.31301e-18)
(9.86642e-06 0.003873 0)
(9.04833e-06 0.00379081 -2.18794e-18)
(7.91338e-06 0.00370904 5.09603e-18)
(7.4368e-06 0.00362724 5.82312e-18)
(5.85722e-06 0.00354504 -5.82206e-18)
(4.36732e-06 0.00346095 0)
(5.36218e-06 0.00337707 -1.45403e-18)
(4.94648e-06 0.00329416 2.91543e-18)
(3.57074e-06 0.00321068 9.93096e-24)
(2.77243e-06 0.00312723 -2.91563e-18)
(3.30048e-07 0.00304409 0)
(-3.02278e-06 0.00296128 4.37354e-18)
(-1.40093e-05 0.00287893 -1.74095e-17)
(-1.68773e-05 0.00279701 -1.16442e-17)
(1.84855e-05 0.00271876 4.7297e-17)
(2.53811e-05 0.00263713 1.75342e-16)
(1.03804e-05 0.00252733 1.32278e-17)
(-2.9329e-05 0.00241901 1.25768e-16)
(-6.16616e-05 0.00232074 -5.68516e-17)
(-9.41146e-05 0.00224017 0)
(-0.000105327 0.00215038 0)
(-0.00010247 0.00206031 0)
(-9.23936e-05 0.00197403 1.88158e-16)
(-7.43278e-05 0.00188947 -2.18529e-16)
(-5.32164e-05 0.00179676 2.22625e-16)
(2.87495e-05 0.000911838 -4.00673e-16)
(-2.49931e-05 0.00111939 0)
(-3.23715e-05 0.0011538 0)
(-2.55845e-05 0.00116257 0)
(-0.000132833 0.00172096 3.20669e-16)
(6.17126e-05 0.00181909 9.07187e-17)
(7.14123e-06 0.00191821 -6.58577e-23)
(4.14547e-06 0.00200782 -1.5423e-18)
(5.25807e-06 0.00209772 1.53359e-18)
(4.52964e-06 0.00218544 1.21609e-17)
(1.87011e-06 0.00227344 -2.40396e-17)
(2.98581e-06 0.00236372 3.39986e-23)
(-1.05979e-05 0.00246239 0)
(-2.82324e-05 0.00256004 5.31447e-17)
(-3.60987e-05 0.00265787 3.4898e-17)
(-3.23406e-05 0.00276109 -5.78467e-18)
(-2.68108e-05 0.00285763 5.78211e-18)
(-2.36388e-05 0.00294791 0)
(-2.12669e-05 0.00303604 0)
(-2.08937e-05 0.00312351 -7.25122e-19)
(-2.07875e-05 0.00320936 0)
(-1.90939e-05 0.00329474 4.34828e-18)
(-1.77319e-05 0.00337934 -1.04289e-23)
(-1.72054e-05 0.00346233 -2.89993e-18)
(-1.68807e-05 0.00354447 0)
(-1.74629e-05 0.00362634 -2.90015e-18)
(-1.73148e-05 0.00370794 4.3549e-18)
(-1.65599e-05 0.0037883 -7.26603e-18)
(-1.76439e-05 0.00386772 0)
(-1.89394e-05 0.00394694 -1.16324e-17)
(-1.87817e-05 0.00402677 2.91309e-18)
(-1.84489e-05 0.00410663 -2.37053e-23)
(-1.71915e-05 0.00410902 0)
(-6.4787e-06 0.00411454 -1.4595e-18)
(7.48034e-06 0.00411808 -4.7524e-18)
(-1.12344e-05 0.000824107 4.35447e-16)
(7.52408e-06 0.00411655 3.66501e-19)
(4.58533e-05 0.00076223 -1.25588e-15)
(-9.32156e-06 0.000822886 -2.89032e-16)
(-3.16782e-05 0.00159529 0)
(-6.84102e-05 0.000771574 4.16385e-16)
(-8.30871e-05 0.000856872 -8.71038e-16)
(1.59458e-05 0.00154531 5.72008e-17)
(-3.53822e-05 0.00168977 -3.36652e-16)
(-1.55268e-05 0.00418698 -2.92425e-18)
(-1.21837e-05 0.00419054 -2.92339e-18)
(-3.06062e-06 0.00419659 -3.65762e-19)
(7.78389e-06 0.00419733 5.85277e-18)
(6.9938e-06 0.00419687 3.66973e-19)
(6.14851e-06 0.00419671 0)
(7.51381e-06 0.00411726 2.94019e-18)
(8.71978e-06 0.0040364 5.87624e-18)
(8.79456e-06 0.00395496 -1.46767e-18)
(9.25124e-06 0.00387334 -5.8664e-18)
(8.67375e-06 0.00379176 -6.58869e-18)
(8.36289e-06 0.00370984 8.78279e-18)
(7.96493e-06 0.00362798 2.92856e-18)
(7.7003e-06 0.00354566 -5.86264e-18)
(8.13039e-06 0.00346237 4.39501e-18)
(5.91699e-06 0.00337888 -1.28118e-18)
(5.03701e-06 0.00329517 0)
(5.689e-06 0.00321172 0)
(5.27462e-06 0.00312871 0)
(5.72537e-06 0.00304647 5.87347e-18)
(6.32129e-06 0.00296544 -2.94178e-18)
(1.0863e-05 0.00288408 5.45813e-25)
(1.92982e-05 0.00279897 -2.37207e-17)
(3.34667e-05 0.00270705 0)
(4.2261e-05 0.00261838 -2.49219e-17)
(5.19805e-05 0.00253197 2.57701e-17)
(4.18062e-05 0.00244572 5.30332e-17)
(7.96115e-07 0.00235439 2.70529e-17)
(-3.2253e-05 0.00225348 1.07917e-16)
(-5.29114e-05 0.00215037 -1.06808e-16)
(-6.2491e-05 0.00204837 0)
(-5.97114e-05 0.00194911 2.64685e-17)
(-4.74331e-05 0.00185297 -5.31987e-17)
(-3.29725e-05 0.00175656 -1.07812e-16)
(-4.1847e-05 0.00144542 5.16908e-17)
(3.14724e-05 -0.00017565 0)
(-7.82433e-05 0.000883845 -2.43372e-23)
(-3.31467e-05 0.000873871 5.53721e-16)
(-6.18935e-05 0.0010678 -1.18252e-16)
(-2.6536e-05 0.00120881 1.34535e-16)
(-2.19024e-05 0.0013376 -2.56048e-17)
(-3.01755e-05 0.00145948 5.00341e-17)
(-4.07458e-05 0.00157696 -2.44899e-17)
(-2.65459e-05 0.00169454 0)
(-9.3982e-06 0.0018017 -2.37168e-17)
(1.41825e-05 0.0019033 -2.40636e-17)
(1.38556e-05 0.00200204 0)
(1.35534e-05 0.00209628 0)
(1.15501e-05 0.00218821 1.50889e-18)
(6.51116e-06 0.00227958 -1.34954e-17)
(-4.23837e-06 0.00237463 0)
(-1.22738e-05 0.00247292 0)
(-1.30658e-05 0.00256674 -1.77405e-17)
(-2.05106e-05 0.00266057 -1.17243e-17)
(-2.13102e-05 0.00275825 2.33463e-17)
(-1.75314e-05 0.00285398 5.82985e-18)
(-1.41291e-05 0.00294537 1.45695e-18)
(-1.40159e-05 0.00303446 5.82547e-18)
(-1.24804e-05 0.00312218 -6.55795e-18)
(-1.22628e-05 0.00320834 0)
(-1.20794e-05 0.00329391 -2.91243e-18)
(-1.14433e-05 0.00337837 0)
(-1.0617e-05 0.00346142 0)
(-1.05567e-05 0.00354398 0)
(-1.08184e-05 0.00362675 -1.1652e-17)
(-1.08371e-05 0.003708 0)
(-1.08062e-05 0.00378799 -6.54877e-18)
(-1.1232e-05 0.00386803 1.09166e-18)
(-1.18941e-05 0.00394747 2.2935e-17)
(-1.18686e-05 0.00402609 0)
(-1.09289e-05 0.00410469 -1.16569e-17)
(-8.75511e-06 0.00418348 1.82069e-19)
(6.8203e-05 -0.00274342 0)
(4.41907e-05 0.000686671 6.82977e-16)
(2.30412e-05 -0.000496447 1.09362e-15)
(-8.53246e-05 0.00142909 0)
(-0.000208477 -0.00119827 -3.29813e-16)
(0.000133761 0.000670966 1.43027e-15)
(-1.56118e-05 0.00157505 -9.658e-22)
(-8.00213e-05 0.00143665 1.08607e-16)
(7.10517e-06 0.00419625 -3.69295e-19)
(7.52399e-06 0.00411628 -2.95025e-18)
(9.05381e-06 0.00403615 2.94873e-18)
(8.79452e-06 0.00395535 0)
(7.85726e-06 0.00387413 0)
(7.78279e-06 0.00379268 3.67836e-19)
(7.31057e-06 0.00371116 -1.47084e-18)
(5.66671e-06 0.00362908 -5.14302e-18)
(6.15449e-06 0.00354636 3.67266e-19)
(5.68438e-06 0.00346319 -7.57636e-19)
(5.05364e-06 0.00337961 -9.01991e-19)
(4.60626e-06 0.00329579 4.0464e-18)
(4.47914e-06 0.00321187 3.68311e-19)
(6.20967e-06 0.00312787 -2.94784e-18)
(9.37297e-06 0.00304414 0)
(1.44951e-05 0.00296006 1.18188e-17)
(2.37346e-05 0.00287481 3.85554e-23)
(3.53795e-05 0.00278603 5.98058e-17)
(4.77986e-05 0.00269507 -4.841e-17)
(5.43122e-05 0.00260961 0)
(6.17933e-05 0.00252995 5.06758e-17)
(6.11003e-05 0.00245261 -1.55327e-16)
(5.65905e-05 0.00236921 7.87713e-17)
(4.03365e-05 0.00226998 1.04784e-16)
(1.54336e-05 0.00215905 5.58462e-22)
(-3.04466e-06 0.00204302 -1.03857e-16)
(-1.38003e-05 0.00193079 1.03853e-16)
(-1.72621e-05 0.00182509 1.04339e-16)
(-5.38497e-06 0.00172083 -1.04286e-16)
(-2.31304e-05 0.00165284 -2.13931e-16)
(-1.27478e-05 0.000670944 -3.2725e-22)
(0.000135654 0.000877088 -1.3946e-21)
(0.000153253 0.000933259 -9.77192e-17)
(5.8203e-05 0.00107204 -1.29374e-17)
(1.53513e-05 0.00121118 -3.8332e-17)
(-7.7113e-07 0.00134627 -1.25214e-17)
(-8.6979e-06 0.00146804 0)
(-1.25288e-05 0.00158108 2.43108e-17)
(-1.14811e-05 0.0016881 -1.20136e-17)
(-4.29371e-06 0.00179267 -1.19679e-17)
(3.16748e-06 0.00189718 6.01178e-18)
(8.69841e-06 0.0019984 6.0294e-18)
(1.12387e-05 0.00209464 1.20558e-17)
(1.11336e-05 0.00218965 0)
(9.06876e-06 0.00228482 1.19659e-17)
(3.43393e-06 0.00238187 -1.1743e-17)
(-1.19084e-06 0.00247894 -1.85889e-19)
(-5.23928e-06 0.002572 -3.55301e-17)
(-9.95579e-06 0.00266392 2.94601e-18)
(-1.15857e-05 0.00275773 -1.46715e-17)
(-1.08104e-05 0.002851 0)
(-8.90432e-06 0.00294306 -4.74964e-18)
(-8.2729e-06 0.003033 3.65269e-19)
(-6.45729e-06 0.00312084 6.57947e-18)
(-5.4104e-06 0.00320776 0)
(-5.0179e-06 0.00329335 0)
(-4.48951e-06 0.00337753 -1.8274e-19)
(-3.95605e-06 0.00346098 -5.66011e-18)
(-5.09323e-06 0.00354467 5.84836e-18)
(-5.25177e-06 0.00362688 7.30734e-18)
(-4.65356e-06 0.00370749 -1.45904e-18)
(-4.9046e-06 0.00378819 4.37733e-18)
(-5.25435e-06 0.00386877 -1.46056e-18)
(-4.18232e-06 0.00394775 -1.16846e-17)
(-4.95179e-06 0.00402602 1.16731e-17)
(-4.85851e-06 0.00410394 2.62626e-17)
(-5.33048e-06 0.00418208 1.16617e-17)
(-4.28628e-06 0.00426139 0)
(-5.16532e-06 0.00426295 -6.01464e-18)
(-1.21809e-05 0.00426889 1.23554e-23)
(-7.49454e-06 0.00427263 6.59301e-18)
(-6.26942e-07 0.00427632 2.19646e-18)
(6.3319e-06 0.00427699 -2.93236e-18)
(7.19916e-06 0.00427694 5.87663e-18)
(6.73747e-06 0.00427651 -5.87916e-18)
(4.68737e-06 0.00427604 -2.94962e-18)
(-2.00916e-05 -0.000691305 -4.06796e-16)
(-0.000238578 -0.00184828 -9.34612e-17)
(0.000900301 -0.00159562 -1.62805e-16)
(5.03356e-05 0.000751819 -6.94031e-16)
(5.32377e-05 0.000321619 -3.43459e-16)
(-0.000144086 -0.00277806 9.86131e-17)
(1.04841e-05 0.00161684 0)
(-3.23485e-05 0.00154992 4.28178e-16)
(-2.60098e-06 0.000697861 1.01074e-15)
(3.35341e-05 0.000661582 4.14378e-16)
(0.000101361 0.000293983 -4.1655e-16)
(-7.29664e-05 0.000973917 8.91398e-16)
(6.04556e-05 0.000940054 0)
(5.10826e-05 0.00109567 1.27083e-17)
(2.5999e-05 0.00123055 -3.13639e-18)
(1.2011e-05 0.00135709 -5.87033e-17)
(3.73752e-06 0.00147538 1.22068e-17)
(-8.12286e-07 0.00158605 0)
(-3.36879e-06 0.00169072 2.30915e-24)
(-4.79036e-06 0.00179289 -2.99645e-18)
(-3.31044e-06 0.0018946 0)
(1.05934e-06 0.0019947 -6.00322e-18)
(3.63494e-06 0.00209278 -6.00172e-18)
(5.73088e-06 0.00219004 0)
(4.96942e-06 0.00228773 1.49241e-18)
(2.27682e-06 0.00238576 -1.48979e-18)
(-2.19948e-07 0.00248208 1.48751e-18)
(-1.74327e-06 0.0025749 2.22315e-17)
(-4.48679e-06 0.00266593 0)
(-6.13077e-06 0.00275747 2.9457e-18)
(-5.15579e-06 0.00284955 -1.47056e-18)
(-4.461e-06 0.00294146 3.67627e-19)
(-2.65121e-06 0.00303183 1.10307e-18)
(-2.49177e-06 0.00312035 -6.61741e-18)
(-1.58235e-06 0.00320724 0)
(-1.25013e-06 0.00329265 1.46858e-18)
(-1.99161e-07 0.00337732 2.93422e-18)
(-7.57831e-07 0.00346182 2.93754e-18)
(-1.30651e-07 0.0035449 -1.41251e-25)
(5.38475e-07 0.00362652 -1.46473e-18)
(2.82606e-07 0.00370794 -4.39218e-18)
(-6.96112e-07 0.0037891 -2.93069e-18)
(-3.63274e-07 0.00386883 -2.92824e-18)
(-1.18939e-06 0.00394777 0)
(-6.42192e-07 0.00402632 -1.17073e-17)
(3.7025e-07 0.00410397 -1.16965e-17)
(-4.00711e-07 0.00418168 -8.75882e-18)
(-4.537e-07 0.00426 -1.60509e-17)
(4.33085e-07 0.00434458 7.29926e-18)
(-1.47288e-06 0.0043466 -5.83942e-18)
(-2.19227e-06 0.00434966 0)
(-4.35432e-06 0.00435372 2.93168e-18)
(-7.28278e-06 0.00435932 2.93608e-18)
(8.38553e-07 0.00436254 -5.86582e-18)
(7.31315e-06 0.00436263 5.88065e-18)
(6.557e-06 0.00436243 -1.27367e-23)
(5.4839e-06 0.00436188 -2.94426e-18)
(4.13238e-06 0.00436134 8.84297e-18)
(3.36248e-06 0.00436076 -8.88608e-18)
(4.13301e-06 0.00427539 1.4811e-18)
(3.7376e-06 0.00419574 -1.10921e-18)
(4.81001e-06 0.00411636 2.21787e-18)
(3.6971e-06 0.00403588 -7.37543e-18)
(5.82882e-06 0.00395517 2.76804e-18)
(6.77989e-06 0.00387443 0)
(6.44461e-06 0.00379317 3.69319e-19)
(6.09367e-06 0.0037119 5.17103e-18)
(5.98279e-06 0.00362969 -7.38089e-19)
(4.64558e-06 0.00354675 1.84371e-18)
(4.12156e-06 0.00346378 2.70603e-24)
(3.68924e-06 0.00338012 7.43913e-19)
(3.80733e-06 0.00329562 -3.69223e-19)
(3.9673e-06 0.00321048 2.58525e-18)
(6.13948e-06 0.00312502 -8.86779e-18)
(8.50292e-06 0.003039 -3.95637e-23)
(1.57401e-05 0.00295195 5.9337e-18)
(2.52449e-05 0.00286335 -5.95709e-18)
(3.73605e-05 0.00277299 -4.79545e-17)
(4.61788e-05 0.00268304 4.83569e-17)
(5.21551e-05 0.00259838 0)
(6.00965e-05 0.00251955 -9.98258e-17)
(6.69882e-05 0.00244484 7.55321e-17)
(7.59424e-05 0.00236483 -7.67193e-17)
(7.49428e-05 0.00227396 0)
(6.80747e-05 0.00216789 0)
(5.26253e-05 0.00204867 0)
(3.55058e-05 0.00192657 -1.27072e-17)
(3.01199e-05 0.00180606 -2.38093e-23)
(2.86608e-05 0.00169127 2.02437e-16)
(-3.30218e-05 0.000664196 -4.5485e-16)
(2.02369e-05 0.00151574 2.14387e-16)
(-9.32911e-05 0.00145782 -2.01886e-16)
(-2.59319e-05 0.00131697 2.56245e-17)
(1.23352e-05 0.000714798 4.86197e-16)
(7.95109e-05 0.000686504 4.15064e-16)
(8.31351e-05 0.000719252 1.14232e-21)
(0.000106348 0.000728474 -4.32453e-16)
(7.36787e-05 0.000783926 -3.01243e-16)
(0.000164803 0.000828346 -2.99684e-16)
(7.80815e-05 0.000836236 1.08271e-16)
(3.34704e-05 0.000967118 -2.51236e-17)
(1.69621e-05 0.00111508 -4.95968e-17)
(1.04957e-05 0.00124352 0)
(3.45516e-06 0.00136677 4.89771e-17)
(-1.27733e-06 0.001483 0)
(-4.26407e-06 0.00159206 0)
(-6.60563e-06 0.00169543 1.20076e-17)
(-8.46464e-06 0.00179542 2.99636e-18)
(-8.20116e-06 0.00189442 0)
(-5.86006e-06 0.00199296 5.98942e-18)
(-3.14442e-06 0.00209119 -3.29419e-23)
(-1.89475e-06 0.00218953 -1.69021e-23)
(-1.75405e-06 0.00228823 5.96559e-18)
(-1.8921e-06 0.00238651 6.70846e-18)
(-6.1882e-07 0.00248275 -6.69537e-18)
(1.95417e-07 0.00257587 -1.22462e-17)
(-6.46875e-07 0.002667 3.70352e-19)
(-1.39044e-06 0.00275838 -2.22007e-18)
(-3.34383e-06 0.00285028 7.38907e-19)
(-3.92075e-06 0.00294156 2.95445e-18)
(-3.50474e-06 0.00303128 -2.21543e-18)
(-2.75486e-06 0.00311949 2.95262e-18)
(-2.30262e-06 0.0032064 -1.02436e-23)
(-6.43581e-07 0.0032921 -7.36745e-18)
(2.24163e-07 0.00337716 2.95027e-18)
(7.75134e-07 0.00346128 2.9478e-18)
(1.15595e-06 0.0035443 -4.40873e-18)
(2.11628e-06 0.00362684 5.87645e-18)
(2.16462e-06 0.00370884 5.88335e-18)
(2.22915e-06 0.00378937 0)
(2.12296e-06 0.00386911 1.76299e-17)
(2.09365e-06 0.00394809 2.93643e-18)
(3.4658e-06 0.00402575 2.92883e-18)
(3.47519e-06 0.004104 0)
(3.92745e-06 0.00418201 0)
(4.78689e-06 0.00425961 8.76671e-18)
(5.35665e-06 0.0043432 -2.47667e-23)
(5.19598e-06 0.00449374 -1.45941e-18)
(3.22325e-06 0.00449647 1.46017e-18)
(3.42636e-06 0.00449845 0)
(-2.13788e-06 0.00450281 0)
(-1.9282e-07 0.00450501 -1.46499e-18)
(3.94088e-07 0.00451086 4.39607e-18)
(2.0488e-06 0.00451496 0)
(4.97488e-06 0.00451471 -2.94399e-18)
(5.58588e-06 0.00451465 -2.94342e-18)
(5.03695e-06 0.00451464 5.89269e-18)
(2.74452e-06 0.00451426 -2.95061e-18)
(3.04473e-06 0.00451476 8.88109e-18)
(4.23705e-06 0.00451561 1.48479e-18)
(4.1159e-06 0.00436091 1.4853e-18)
(4.48703e-06 0.00427495 2.9703e-18)
(4.96891e-06 0.00419521 0)
(5.34618e-06 0.00411566 -1.11289e-18)
(6.81305e-06 0.00403575 -2.78176e-19)
(5.45565e-06 0.00395548 1.66865e-18)
(5.27067e-06 0.00387472 -3.70665e-19)
(4.7641e-06 0.00379368 -7.40977e-19)
(3.8044e-06 0.00371184 -5.92033e-18)
(4.46164e-06 0.00362963 1.48042e-18)
(4.49803e-06 0.0035472 -3.70236e-18)
(3.69227e-06 0.00346403 1.84998e-18)
(3.40979e-06 0.0033801 -7.39811e-19)
(3.96505e-06 0.00329534 0)
(4.01506e-06 0.00320944 0)
(4.50867e-06 0.00312243 0)
(7.96439e-06 0.00303396 -2.96695e-18)
(1.21966e-05 0.0029443 0)
(1.73781e-05 0.0028536 -3.78882e-23)
(2.44412e-05 0.00276231 2.39431e-17)
(3.1777e-05 0.00267274 -1.20541e-17)
(3.79844e-05 0.00258772 2.43566e-17)
(4.63561e-05 0.00250895 7.40695e-17)
(5.06674e-05 0.00243127 7.2679e-23)
(6.19148e-05 0.00235065 -2.50561e-17)
(7.76433e-05 0.00226374 -5.00013e-17)
(8.38993e-05 0.00216521 9.9234e-17)
(8.4986e-05 0.00205466 -4.98227e-17)
(7.47992e-05 0.00192979 -2.58756e-24)
(6.01542e-05 0.00179724 2.48016e-17)
(5.10378e-05 0.00167063 2.1845e-22)
(3.07913e-05 0.00158322 -3.08489e-16)
(7.02865e-06 0.000661636 -4.67794e-16)
(-2.1647e-05 0.000611908 8.82478e-16)
(-0.00136515 -0.00297241 0)
(4.73951e-05 0.00147856 -2.10267e-16)
(0.000141907 0.000716568 7.75262e-16)
(0.000123305 0.000748666 -4.13372e-16)
(0.000103734 0.000696573 -7.90939e-16)
(8.76878e-05 0.00139031 -6.75079e-17)
(-1.86765e-05 0.00108047 -6.42732e-17)
(2.23757e-05 0.00129119 -2.5622e-17)
(5.22295e-05 0.00140849 5.18163e-22)
(3.9798e-05 0.000655336 -4.76407e-16)
(8.37334e-05 0.000611687 3.97274e-16)
(7.54894e-06 0.00527071 -1.46114e-18)
(7.68411e-06 0.00527221 -1.4604e-18)
(6.08802e-06 0.00527386 0)
(2.29434e-06 0.00527768 -1.4649e-18)
(1.8376e-06 0.00528241 1.46721e-18)
(3.45201e-06 0.00528624 -1.4661e-18)
(3.39645e-06 0.00529157 1.46818e-18)
(3.20418e-06 0.00529365 2.94231e-18)
(4.42217e-06 0.00529636 -2.94501e-18)
(2.80705e-06 0.00529844 5.89462e-18)
(1.5568e-06 0.00530211 -8.86207e-18)
(2.39784e-06 0.0053057 0)
(1.8009e-06 0.00530872 -4.51909e-23)
(3.71985e-06 0.00530967 0)
(4.62531e-06 0.00451552 -8.91672e-18)
(5.05196e-06 0.00436121 2.97572e-18)
(4.48162e-06 0.0042754 0)
(5.09751e-06 0.00419544 0)
(4.43401e-06 0.00411555 7.43602e-19)
(4.32281e-06 0.00403563 -9.29515e-20)
(4.69225e-06 0.00395525 0)
(4.09504e-06 0.00387452 -3.71642e-19)
(4.40891e-06 0.00379344 3.71482e-19)
(4.27786e-06 0.00371187 1.48445e-18)
(3.49746e-06 0.00362979 7.41452e-19)
(3.49454e-06 0.00354726 1.48348e-18)
(3.73088e-06 0.00346403 1.07693e-23)
(3.57904e-06 0.00337988 -2.96663e-18)
(3.15686e-06 0.00329491 7.42008e-19)
(3.69855e-06 0.00320867 2.96882e-18)
(4.59412e-06 0.00312083 7.42272e-19)
(5.20197e-06 0.00303143 -1.48556e-18)
(6.16044e-06 0.00294015 2.9744e-18)
(9.49076e-06 0.00284763 -8.93798e-18)
(1.28193e-05 0.00275547 -1.19511e-17)
(1.63167e-05 0.00266549 6.00293e-18)
(2.09725e-05 0.00257961 -1.20971e-17)
(2.61066e-05 0.00249843 0)
(3.94804e-05 0.00241939 -3.68783e-17)
(4.91642e-05 0.00233572 7.45237e-17)
(5.43475e-05 0.00224738 0)
(6.19266e-05 0.00214989 0)
(7.1577e-05 0.00204299 0)
(8.30224e-05 0.00192756 1.83154e-17)
(8.01777e-05 0.00179984 -2.82227e-24)
(7.00061e-05 0.00166382 -2.46858e-22)
(5.19912e-05 0.00155348 -1.98534e-16)
(-4.96971e-05 0.000795635 -4.6709e-16)
(3.27953e-05 0.000612597 1.19609e-21)
(8.77044e-05 0.00103842 3.87226e-16)
(-0.000315208 -0.00173595 0)
(-4.11397e-05 0.000970399 -2.36437e-17)
(-2.44779e-05 0.00111138 0)
(-2.18458e-05 0.00124712 0)
(-2.11842e-05 0.00137237 1.21186e-17)
(-2.06216e-05 0.00148785 -2.41528e-17)
(-1.87008e-05 0.00159538 0)
(-1.77459e-05 0.00169773 1.20212e-17)
(-1.58135e-05 0.00179666 0)
(-1.40788e-05 0.00189455 -2.99273e-18)
(-1.21828e-05 0.00199229 2.99117e-18)
(-1.04289e-05 0.00209034 -1.49492e-17)
(-8.91154e-06 0.00218871 1.63075e-23)
(-7.01129e-06 0.00228724 -5.96493e-18)
(-4.79289e-06 0.0023853 1.19269e-17)
(-3.28594e-06 0.00248177 8.92763e-18)
(-2.53887e-06 0.00257593 -8.92361e-18)
(-3.37964e-06 0.00266823 0)
(-4.58297e-06 0.00275995 -9.46328e-24)
(-5.19179e-06 0.00285137 -4.44834e-18)
(-5.32909e-06 0.00294176 0)
(-4.85996e-06 0.00303089 0)
(-4.04253e-06 0.00311882 1.48132e-18)
(-2.76828e-06 0.00320562 4.44102e-18)
(-1.92932e-06 0.00329143 -2.95895e-18)
(-1.99637e-06 0.00337648 2.95289e-18)
(-2.5294e-07 0.00346049 -5.90028e-18)
(1.96208e-06 0.00354374 -1.47607e-18)
(2.27071e-06 0.00362643 -1.18052e-17)
(3.01455e-06 0.00370849 5.89687e-18)
(4.16325e-06 0.0037896 0)
(3.94328e-06 0.00386928 -1.17841e-17)
(5.82073e-06 0.00394748 -5.87856e-18)
(4.78676e-06 0.00402583 0)
(4.72125e-06 0.00410417 5.87819e-18)
(6.59544e-06 0.00418173 4.81785e-23)
(6.99521e-06 0.00425946 8.78894e-18)
(6.79778e-06 0.0043431 8.77602e-18)
(7.83258e-06 0.00449364 0)
(8.50248e-06 0.00527011 -2.92345e-18)
(-1.1361e-05 0.000531169 -4.34791e-16)
(2.16785e-05 0.000571999 -8.9368e-16)
(0.000135851 -0.0024793 1.34365e-16)
(9.59779e-05 0.00125005 -1.86885e-16)
(6.59597e-05 0.000472718 8.06046e-16)
(5.0104e-05 0.00137737 -3.7153e-22)
(-1.44751e-06 0.00531117 1.48642e-18)
(9.94569e-07 0.00451497 7.43576e-18)
(2.17793e-06 0.00436092 -5.95363e-18)
(2.46633e-06 0.00427518 0)
(2.62735e-06 0.0041953 0)
(3.51444e-06 0.00411574 0)
(3.14314e-06 0.00403547 0)
(2.99014e-06 0.00395523 1.48841e-18)
(3.01062e-06 0.00387452 -7.4384e-19)
(2.96656e-06 0.00379338 3.71909e-19)
(3.30798e-06 0.00371184 -2.23073e-18)
(3.55052e-06 0.00362969 1.4862e-18)
(3.29444e-06 0.00354706 7.42775e-19)
(3.47987e-06 0.00346377 -1.11439e-18)
(3.71016e-06 0.00337958 0)
(4.08526e-06 0.00329442 2.58263e-24)
(4.40722e-06 0.00320808 -7.42874e-19)
(3.96577e-06 0.00312021 7.43397e-19)
(4.39384e-06 0.00303053 1.48717e-18)
(4.35114e-06 0.00293909 -1.67372e-18)
(3.54926e-06 0.00284616 1.67494e-18)
(3.67976e-06 0.00275311 -4.47506e-18)
(4.00589e-06 0.00266206 -8.97759e-18)
(5.36524e-06 0.00257473 6.01346e-18)
(9.13069e-06 0.00249166 0)
(1.13072e-05 0.00240758 4.76747e-26)
(2.30943e-05 0.00232289 -3.68016e-17)
(3.77746e-05 0.00223545 3.05686e-17)
(5.02466e-05 0.00213828 -6.11992e-18)
(5.21889e-05 0.00203264 0)
(4.91318e-05 0.00191982 -6.04044e-18)
(5.51647e-05 0.00179713 8.33786e-17)
(7.30359e-05 0.0016638 -4.62969e-17)
(5.11933e-05 0.00153585 1.87802e-16)
(-5.82125e-05 0.000807462 9.56318e-16)
(6.43411e-05 0.000520554 1.28613e-21)
(1.26091e-05 0.0106022 -7.31384e-19)
(1.47115e-05 0.0105996 4.39027e-18)
(1.34446e-05 0.0105911 7.30713e-19)
(9.14351e-06 0.0105894 0)
(4.97708e-06 0.0105991 -1.46556e-18)
(5.88759e-06 0.0106061 1.46606e-18)
(-1.93165e-07 0.0106136 -2.20312e-18)
(-8.70057e-07 0.0106235 -5.1425e-18)
(-3.95979e-08 0.0106424 5.8838e-18)
(-1.83452e-06 0.0106545 0)
(-5.01359e-06 0.0106727 -2.94884e-18)
(-1.64851e-06 0.010694 8.85734e-18)
(-7.53578e-06 0.0107106 -5.91471e-18)
(-8.26437e-06 0.0107292 -2.96149e-18)
(-1.32377e-06 0.0107435 4.4438e-18)
(-6.49158e-06 0.0107582 -5.93567e-18)
(-4.83205e-05 0.000752983 9.05607e-16)
(8.16011e-05 0.000473414 -3.68218e-16)
(0.000111334 0.000608058 3.75391e-16)
(0.000128843 0.000686316 7.52063e-16)
(0.000131609 0.000720893 3.56941e-16)
(-7.31647e-05 0.00105633 -1.33515e-21)
(-7.83868e-05 0.00109688 2.75159e-16)
(-0.000189749 0.000553979 0)
(8.95694e-05 0.00120011 0)
(-2.10699e-06 0.00100073 0)
(-5.29506e-05 0.00112874 5.99621e-18)
(-6.18784e-05 0.00125216 -1.20735e-17)
(-5.53322e-05 0.00137143 5.44584e-23)
(-4.5854e-05 0.00148487 3.62057e-17)
(-3.74879e-05 0.00159232 -2.41002e-17)
(-3.02123e-05 0.00169523 2.78564e-23)
(-2.43746e-05 0.00179467 1.19858e-17)
(-2.04194e-05 0.00189319 -2.09492e-17)
(-1.76431e-05 0.00199133 2.99048e-18)
(-1.554e-05 0.00208958 1.19546e-17)
(-1.39863e-05 0.00218798 -2.98698e-18)
(-1.29026e-05 0.00228629 2.98494e-18)
(-1.15933e-05 0.00238402 -8.95032e-18)
(-1.01417e-05 0.00248056 2.97852e-18)
(-8.68228e-06 0.00257546 8.92604e-18)
(-7.35262e-06 0.00266868 -5.94858e-18)
(-7.33419e-06 0.00276077 5.94654e-18)
(-7.36122e-06 0.00285186 2.22944e-18)
(-7.08272e-06 0.00294177 5.20106e-18)
(-6.44805e-06 0.00303053 -6.68577e-18)
(-5.53625e-06 0.00311821 4.45581e-18)
(-4.456e-06 0.00320488 -8.16565e-18)
(-3.49738e-06 0.00329065 -5.9353e-18)
(-1.89115e-06 0.0033756 5.931e-18)
(-1.15935e-06 0.00345971 2.96082e-18)
(-1.32481e-07 0.00354294 -2.95925e-18)
(8.52584e-07 0.00362559 0)
(2.6161e-06 0.00370752 -5.91158e-18)
(3.66746e-06 0.00378879 2.95319e-18)
(5.56042e-06 0.00386855 -5.8941e-18)
(5.684e-06 0.00394772 -8.84193e-18)
(6.21752e-06 0.00402631 -5.89345e-18)
(7.21531e-06 0.00410346 -1.17554e-17)
(7.90242e-06 0.0041809 2.93333e-18)
(8.14758e-06 0.00425942 -2.93436e-18)
(8.75241e-06 0.00434334 -5.86723e-18)
(9.90445e-06 0.00449395 0)
(1.15109e-05 0.00527284 0)
(2.2006e-05 0.0106171 0)
(0.000226751 -0.00232657 0)
(5.23457e-05 0.00145104 -8.80116e-22)
(-2.71057e-05 0.00132374 1.01262e-15)
(-2.29171e-05 0.000449694 4.31488e-16)
(5.77965e-05 0.000480986 4.43692e-16)
(2.68911e-05 0.000456372 8.73035e-16)
(-6.58582e-05 0.00100265 -4.68408e-16)
(0.000239487 -0.00239174 -1.15076e-16)
(0.000168126 -0.0027244 0)
(-1.7608e-05 0.00112072 -5.32872e-16)
(4.78551e-06 0.00129468 -2.175e-16)
(0.000132403 0.00151458 -8.31111e-17)
(-8.41895e-05 0.00107603 -1.39883e-15)
(-6.07712e-05 -0.000842934 4.24756e-16)
(-6.50674e-05 0.0010357 3.80871e-16)
(-9.67638e-05 -0.00234152 -6.19962e-17)
(-1.05373e-05 0.0107654 -2.96948e-18)
(-4.69867e-07 0.00531136 -7.42434e-19)
(3.5241e-07 0.0045147 -2.23104e-18)
(4.33579e-08 0.00436049 2.02699e-26)
(1.36176e-06 0.00427488 0)
(1.26465e-06 0.00419488 0)
(1.76974e-06 0.00411533 0)
(2.10124e-06 0.00403554 -3.72385e-19)
(2.52432e-06 0.00395501 -4.65174e-19)
(3.19864e-06 0.00387435 4.65019e-19)
(3.01157e-06 0.00379323 -3.72035e-19)
(3.44374e-06 0.00371165 9.29811e-19)
(3.17601e-06 0.00362954 -1.1162e-18)
(3.43191e-06 0.00354679 0)
(3.69276e-06 0.00346337 0)
(4.27549e-06 0.00337916 0)
(4.49869e-06 0.00329397 0)
(4.93453e-06 0.00320763 0)
(5.65578e-06 0.00311998 0)
(5.0902e-06 0.00303077 -3.71979e-19)
(4.55266e-06 0.00293983 1.48827e-18)
(3.36e-06 0.00284739 0)
(2.97971e-07 0.00275438 -3.72627e-18)
(-2.40733e-06 0.00266242 6.71886e-18)
(-3.94913e-06 0.00257301 5.98834e-18)
(-2.87823e-06 0.00248654 0)
(4.88195e-06 0.00240105 1.81677e-17)
(8.93716e-06 0.00231441 -1.82276e-17)
(1.3532e-05 0.00222423 -6.04806e-18)
(2.38616e-05 0.0021285 1.21383e-17)
(3.42517e-05 0.00202578 -1.81405e-17)
(4.6019e-05 0.00191375 9.0053e-18)
(4.65512e-05 0.00179323 -2.36649e-17)
(1.77473e-05 0.00166419 5.82421e-18)
(-7.75638e-05 0.00150956 1.79589e-16)
(-3.51789e-05 0.000838627 5.08378e-16)
(-5.17668e-06 -0.000283944 6.83643e-16)
(-4.68027e-05 -0.000506755 3.32488e-16)
(6.14114e-05 0.041864 0)
(2.15995e-05 0.0418097 1.87212e-22)
(4.76467e-05 0.0417759 -1.46371e-18)
(2.88336e-05 0.0417157 -7.31732e-19)
(8.54821e-06 0.0417326 -1.8323e-19)
(9.92077e-06 0.0417334 1.83239e-19)
(-2.47262e-06 0.0417354 0)
(-1.67754e-05 0.0417964 0)
(-1.29118e-05 0.0418757 2.20532e-18)
(-2.30289e-05 0.0419152 -5.88268e-18)
(-3.02583e-05 0.041998 7.36273e-18)
(-3.05323e-05 0.0420967 0)
(-2.38597e-05 0.0421655 -5.89824e-18)
(-5.6671e-05 0.0422628 5.90787e-18)
(-3.57618e-05 0.0423792 1.4782e-18)
(-3.21961e-05 0.0424553 1.47961e-18)
(-4.30336e-05 0.0425169 0)
(-3.7737e-05 0.0426063 0)
(-4.89523e-05 0.00105378 0)
(5.70327e-05 0.000237705 3.54061e-16)
(8.49022e-05 0.000433774 0)
(8.88752e-05 0.000574586 -7.39585e-16)
(7.19565e-05 0.000650608 3.7278e-16)
(6.96352e-05 0.000665969 6.75957e-16)
(-0.000297606 -0.00143954 -1.03933e-16)
(6.70525e-05 6.51027e-05 4.13469e-16)
(-7.86275e-05 0.000957007 1.25796e-17)
(-9.395e-05 0.00103845 -9.77185e-17)
(-9.89623e-05 0.00113704 4.25237e-17)
(-9.38171e-05 0.0012447 -4.84964e-17)
(-8.09029e-05 0.00135861 -2.11722e-17)
(-6.52423e-05 0.00147233 3.02003e-17)
(-5.09031e-05 0.00158209 6.02484e-18)
(-3.88689e-05 0.00168756 -3.00438e-17)
(-3.08999e-05 0.0017898 1.79931e-17)
(-2.54912e-05 0.00189017 0)
(-2.16854e-05 0.00198954 -1.49548e-17)
(-1.91546e-05 0.00208844 8.96664e-18)
(-1.72708e-05 0.00218708 1.49372e-17)
(-1.56684e-05 0.00228539 2.98614e-18)
(-1.38935e-05 0.00238304 -1.19394e-17)
(-1.21013e-05 0.0024796 -5.96526e-18)
(-1.091e-05 0.00257482 0)
(-1.02888e-05 0.0026685 0)
(-9.8774e-06 0.00276077 -1.48907e-18)
(-9.27099e-06 0.00285174 -7.44409e-19)
(-8.55665e-06 0.00294147 7.44322e-18)
(-7.72587e-06 0.00303006 1.4884e-18)
(-6.74194e-06 0.00311761 -5.20847e-18)
(-5.73021e-06 0.00320419 3.26007e-26)
(-4.62321e-06 0.0032899 0)
(-3.48155e-06 0.00337477 0)
(-2.13458e-06 0.00345879 -5.94104e-18)
(-1.22454e-06 0.00354202 8.90491e-18)
(3.41527e-07 0.00362454 -2.9655e-18)
(1.23623e-06 0.00370638 2.26826e-23)
(3.09949e-06 0.00378751 2.95522e-18)
(5.0393e-06 0.00386784 2.95541e-18)
(5.93156e-06 0.00394717 1.77226e-17)
(7.59998e-06 0.00402535 0)
(8.34289e-06 0.00410298 8.83128e-18)
(8.90529e-06 0.00418102 -8.82805e-18)
(9.19153e-06 0.00425938 5.88236e-18)
(1.04571e-05 0.00434264 -5.87176e-18)
(1.07972e-05 0.00449409 5.87105e-18)
(1.31623e-05 0.00527626 0)
(2.51164e-05 0.0106377 0)
(6.87849e-05 0.0419822 -2.93089e-18)
(-3.34224e-05 0.000715841 8.86762e-16)
(5.16781e-05 0.00143105 -1.91315e-16)
(-2.51059e-05 -0.000237398 -3.50675e-16)
(-5.80137e-05 0.000534763 8.59625e-16)
(-5.52471e-05 0.000461641 -1.18815e-21)
(-4.74278e-05 0.000370501 8.61211e-16)
(5.27376e-05 0.00135413 2.10358e-16)
(6.68297e-05 0.000360927 -9.35907e-16)
(7.6678e-06 0.000348418 0)
(6.18623e-05 0.000349184 0)
(5.66187e-05 -0.00249005 -6.80334e-17)
(2.96306e-05 -0.000175431 -4.24685e-16)
(0.00013357 -0.00119294 2.89923e-17)
(-0.000127894 0.00109242 -8.4439e-16)
(9.51687e-05 0.00142245 -9.63011e-17)
(-2.32357e-07 0.00088485 -5.64559e-16)
(0.000226755 -0.00248151 0)
(0.000258977 -0.00223511 -5.97446e-17)
(0.000109284 0.0015554 0)
(5.52563e-05 0.00166791 3.001e-18)
(4.26354e-05 0.00178839 5.98769e-18)
(3.55825e-05 0.00190342 2.24942e-18)
(2.68741e-05 0.00201416 3.76131e-19)
(1.54857e-05 0.00211841 0)
(6.93419e-06 0.00221652 7.53588e-18)
(3.36859e-07 0.00230826 -7.54567e-18)
(-6.16261e-06 0.00239609 3.00026e-18)
(-7.63503e-06 0.00248492 -5.98268e-18)
(-6.10899e-06 0.00257442 1.49265e-18)
(-2.90398e-06 0.00266538 0)
(3.29162e-07 0.0027574 2.98007e-18)
(3.00561e-06 0.00284955 -1.48993e-18)
(5.09302e-06 0.002941 1.48874e-18)
(5.61244e-06 0.00303115 -2.60586e-18)
(5.33679e-06 0.00311992 3.0245e-18)
(5.09632e-06 0.00320735 -1.02842e-23)
(4.6593e-06 0.00329356 -1.58224e-18)
(4.1619e-06 0.00337874 7.44561e-19)
(3.73975e-06 0.003463 -8.37666e-19)
(3.38599e-06 0.00354647 0)
(3.10653e-06 0.00362924 3.72386e-19)
(2.44301e-06 0.00371137 -1.86226e-19)
(2.36337e-06 0.00379296 -7.45022e-19)
(1.93182e-06 0.00387408 6.46032e-19)
(1.69762e-06 0.00395476 9.31278e-20)
(1.60576e-06 0.00403501 -3.72437e-19)
(8.39748e-07 0.00411489 0)
(5.07464e-07 0.00419441 0)
(-8.50169e-07 0.00427424 -1.48968e-18)
(-9.71211e-07 0.00435984 8.18812e-18)
(-3.06086e-06 0.00451398 -1.4888e-18)
(-5.59187e-06 0.00531208 0)
(-1.46541e-05 0.0107789 5.94639e-18)
(-5.63131e-05 0.042705 -1.32729e-22)
(0.000230443 -0.0020241 3.19952e-16)
(0.000286731 0.234379 2.93235e-18)
(0.000250163 0.233899 0)
(0.000153388 0.233686 -7.32665e-19)
(0.000148074 0.233326 7.33005e-19)
(6.07159e-05 0.23318 1.83129e-18)
(2.36824e-05 0.233216 -1.46567e-18)
(-1.68734e-05 0.23319 3.66412e-19)
(-5.56338e-05 0.233398 7.33439e-19)
(-0.00011727 0.233723 5.14581e-18)
(-0.000104822 0.233886 -7.34789e-18)
(-0.000148983 0.234203 -5.88539e-18)
(-0.000156485 0.234609 5.88774e-18)
(-8.49745e-05 0.23493 -7.35707e-19)
(-0.000228213 0.23524 1.47248e-18)
(-0.000310241 0.235801 -5.9031e-18)
(-0.00014454 0.236271 -1.47671e-18)
(-0.000283792 0.236645 5.91223e-18)
(-0.000180469 0.237156 0)
(-0.000344194 0.237539 2.95808e-18)
(-0.000261029 0.238144 -1.48016e-18)
(-1.07572e-05 0.000780903 4.64896e-16)
(-1.6845e-05 0.00143958 -1.67262e-16)
(-5.31096e-05 0.000596618 -4.27112e-16)
(0.000338208 -0.00276156 0)
(0.000214087 -0.00263612 0)
(0.000205736 -0.00264781 -1.10511e-16)
(0.000187891 -0.00270616 -2.76865e-17)
(0.00014509 -0.00276753 -3.45054e-17)
(0.000226638 -0.00252717 -8.48377e-17)
(0.000328868 -0.00226457 1.18211e-16)
(0.000451634 -0.00204973 6.4275e-17)
(-4.84036e-05 0.00133938 0)
(-0.00012426 -0.00201876 -6.32626e-17)
(2.0177e-05 4.36524e-06 -9.23518e-22)
(2.54393e-05 -0.000430669 3.79864e-16)
(2.81836e-05 -0.000325859 -3.62774e-16)
(-7.13318e-05 0.000486934 -4.30191e-16)
(-7.15558e-05 0.000400638 0)
(-7.19361e-05 0.00029216 0)
(6.46788e-05 0.00125531 4.39452e-16)
(-3.09903e-05 0.000678405 8.66585e-16)
(0.000182184 -0.0025691 -8.48546e-17)
(1.9173e-05 -3.85244e-05 3.5431e-16)
(2.34823e-05 0.000184962 -3.66806e-16)
(1.45741e-05 0.000367003 0)
(8.2781e-06 0.000501684 -7.78876e-16)
(2.14155e-07 0.00059605 3.91707e-16)
(-9.43649e-05 0.000853811 -5.27949e-16)
(-0.000184774 0.000584366 -3.228e-16)
(-8.20112e-05 0.000903865 1.02234e-16)
(-9.38441e-05 0.000981718 -1.13831e-16)
(-0.000107107 0.00105753 4.99802e-17)
(-0.000105416 0.00113935 -4.92584e-17)
(-9.68659e-05 0.0012373 0)
(-8.37161e-05 0.00134544 -3.03761e-18)
(-6.94313e-05 0.0014579 -4.54372e-18)
(-5.58539e-05 0.00156951 1.81017e-17)
(-4.40442e-05 0.00167791 6.01429e-18)
(-3.47288e-05 0.00178316 -3.00147e-17)
(-2.79795e-05 0.00188591 1.19856e-17)
(-2.36944e-05 0.00198696 1.49593e-17)
(-2.07904e-05 0.00208697 -1.1958e-17)
(-1.883e-05 0.00218619 7.4697e-18)
(-1.73098e-05 0.0022847 -7.46817e-18)
(-1.61802e-05 0.00238234 -2.98616e-18)
(-1.50138e-05 0.00247887 8.95379e-18)
(-1.35939e-05 0.00257412 1.49161e-18)
(-1.24238e-05 0.00266793 5.96435e-18)
(-1.1395e-05 0.00276028 -5.96293e-18)
(-1.04356e-05 0.00285125 0)
(-9.45676e-06 0.00294095 -1.49056e-18)
(-8.41654e-06 0.00302951 -7.45212e-19)
(-7.46753e-06 0.00311702 -7.45092e-18)
(-6.40213e-06 0.00320356 6.70423e-18)
(-5.43656e-06 0.0032892 -7.44701e-19)
(-4.29496e-06 0.003374 5.95578e-18)
(-3.14369e-06 0.00345795 -1.11613e-17)
(-2.02807e-06 0.00354109 5.94859e-18)
(-8.00087e-07 0.00362349 2.97203e-18)
(7.96381e-07 0.0037052 1.48447e-18)
(2.13882e-06 0.0037862 -2.9646e-18)
(3.09452e-06 0.0038665 8.87652e-18)
(4.95547e-06 0.0039459 -8.85938e-18)
(6.41654e-06 0.00402455 -2.94961e-18)
(8.01282e-06 0.00410275 -8.84761e-18)
(8.07526e-06 0.00418046 1.17963e-17)
(1.04437e-05 0.0042584 -8.83706e-18)
(1.1205e-05 0.0043425 5.88907e-18)
(1.24446e-05 0.00449418 -1.17723e-17)
(1.6253e-05 0.00527881 0)
(3.19803e-05 0.0106636 5.87563e-18)
(0.000102921 0.0421391 -2.93817e-18)
(0.00037973 0.235103 -2.9368e-18)
(-1.36478e-05 2.33725e-05 -9.66773e-16)
(-1.29661e-05 0.000171156 4.48827e-16)
(-1.13942e-05 0.000299836 -4.48975e-16)
(-0.000199234 -0.00166652 2.02247e-16)
(2.2036e-05 0.000150203 -4.67079e-16)
(5.6068e-05 0.00132623 0)
(0.000312148 -0.00147822 -1.0778e-16)
(3.79032e-06 0.0002754 -4.95015e-16)
(-0.000354072 -0.0018501 2.97321e-16)
(4.11626e-05 0.000227918 1.26284e-15)
(7.78768e-05 0.000228477 -8.53353e-16)
(-2.98995e-05 0.000254622 -4.28094e-16)
(-5.52347e-05 0.000320508 0)
(-7.06271e-05 0.000318113 -4.41223e-16)
(-7.16656e-05 0.000419018 4.35936e-16)
(0.000270276 -0.00198767 -1.87432e-16)
(-4.8904e-05 0.000192596 -4.56349e-16)
(-0.000116587 -0.00221675 4.54655e-17)
(0.000307291 -0.0019976 -1.08717e-16)
(2.22209e-07 -0.000351183 -4.00945e-16)
(1.34852e-05 4.9765e-05 2.0935e-16)
(2.96014e-05 -0.000146113 4.02455e-16)
(0.000248542 -0.00234509 1.08344e-16)
(0.000157627 -0.00261424 -1.06998e-16)
(6.71761e-05 -0.00283768 0)
(1.18945e-05 0.00156232 -6.06922e-18)
(4.24499e-05 0.00167732 -3.77645e-18)
(4.21679e-05 0.00178668 1.20163e-17)
(3.50481e-05 0.00189592 -5.25082e-18)
(2.61231e-05 0.00200377 -6.75458e-18)
(1.66127e-05 0.00210807 7.5104e-19)
(7.85863e-06 0.00220783 -6.00318e-18)
(-8.38183e-07 0.00230281 1.49727e-18)
(-2.4493e-06 0.00239459 2.9899e-18)
(-3.03873e-06 0.00248574 0)
(-1.25863e-06 0.00257687 -1.49339e-18)
(1.29378e-06 0.00266834 0)
(3.47933e-06 0.00275997 -1.49145e-18)
(4.75287e-06 0.00285134 7.45484e-19)
(5.18539e-06 0.00294194 0)
(5.61627e-06 0.00303151 0)
(5.57977e-06 0.00311989 -1.53654e-18)
(5.38392e-06 0.0032071 2.97943e-18)
(4.94849e-06 0.00329324 9.31066e-20)
(4.49079e-06 0.00337841 -1.48993e-18)
(4.11581e-06 0.00346271 1.39675e-19)
(3.62243e-06 0.0035462 1.67662e-18)
(3.26495e-06 0.003629 -2.88771e-18)
(3.04509e-06 0.00371115 3.07396e-18)
(2.63824e-06 0.0037927 -1.49064e-18)
(2.24668e-06 0.00387375 5.82287e-21)
(2.05106e-06 0.00395431 -1.49042e-18)
(1.49134e-06 0.00403447 1.67656e-18)
(7.47455e-07 0.00411421 -3.72554e-19)
(2.35637e-07 0.00419366 3.72281e-19)
(-9.16011e-07 0.00427334 -7.4464e-19)
(-2.44684e-06 0.00435877 -2.97883e-18)
(-3.42995e-06 0.00451302 -5.95299e-18)
(-5.29835e-06 0.00531237 2.97415e-18)
(-1.30484e-05 0.0107915 4.4577e-18)
(-5.15185e-05 0.0427675 -2.96959e-18)
(-0.000133153 0.238575 0)
(-0.000120852 0.000409554 0)
(-9.40872e-05 0.000284421 3.98261e-16)
(-7.70932e-05 0.000125124 -7.76462e-16)
(-5.76782e-05 -6.53276e-05 -1.20993e-21)
(-3.90564e-05 -0.00027339 3.67455e-16)
(-2.74531e-05 -0.000481275 -3.59526e-16)
(-0.000144042 -0.00127786 1.95918e-16)
(2.56843e-05 0.000843365 4.84199e-16)
(0.000130731 0.00128233 7.05934e-16)
(-6.54928e-05 0.000560513 0)
(-4.78594e-05 0.000421304 4.3931e-16)
(0.000434196 -0.00185165 1.36402e-16)
(0.000108448 -0.00176967 -2.43489e-16)
(-1.50372e-05 -0.000162167 5.0241e-16)
(-7.13701e-05 0.000187284 -1.38258e-21)
(-0.000126577 0.00140753 -1.67203e-16)
(-0.00022155 -0.00192219 4.91402e-17)
(-0.000324779 -0.00145205 2.7298e-16)
(9.58133e-06 0.000771861 0)
(-2.09459e-05 0.000757002 -8.55115e-16)
(0.0002302 -0.00293207 -1.94307e-16)
(0.000170089 -0.00217078 -3.29706e-16)
(7.2536e-05 -0.0024113 2.15788e-16)
(-2.93108e-05 -0.000677844 3.5631e-16)
(0.00110213 1.00265 -5.85715e-18)
(0.000687598 1.00024 2.93291e-18)
(0.000457641 0.998339 1.46541e-18)
(0.000373511 0.99717 -1.46512e-18)
(0.000385121 0.996056 -7.3151e-19)
(8.47276e-05 0.995863 4.03102e-18)
(6.00552e-05 0.995622 -2.93182e-18)
(4.49819e-06 0.996382 -1.80621e-21)
(-0.000180054 0.99701 -7.35045e-19)
(-0.000402701 0.997699 7.35543e-19)
(-0.000282474 0.998712 7.35586e-19)
(-0.000353316 1.00002 5.88232e-18)
(-0.000361988 1.00105 -1.47277e-18)
(-5.10323e-05 1.00189 -5.14867e-18)
(-0.000610525 1.00321 5.88475e-18)
(-0.000664491 1.00496 -5.8972e-18)
(-0.00111713 1.00672 8.85819e-18)
(-0.000683221 1.0089 -1.18016e-17)
(-0.000218199 1.01024 7.35187e-19)
(-0.000922808 1.01227 -2.96182e-18)
(-0.000835248 1.01431 8.87603e-18)
(-0.000319922 1.01539 -8.87867e-18)
(0.000244525 -0.00292649 3.39348e-16)
(0.000248852 -0.00283323 -3.28712e-16)
(0.000181704 -0.00283768 1.6462e-16)
(0.000125026 -0.00289767 -8.12407e-17)
(7.02417e-05 -0.00295772 6.78417e-18)
(-7.2515e-06 -0.00301571 2.12382e-16)
(0.000337705 -0.0020889 -9.29252e-17)
(3.62181e-05 0.00130024 3.77087e-16)
(-4.00983e-05 0.000651327 -4.17332e-16)
(-9.6109e-06 0.000410848 7.52024e-22)
(1.49909e-05 0.000391023 0)
(0.000165745 0.00106328 -1.86302e-16)
(0.000613334 -0.00167083 4.40414e-16)
(-0.000155584 -0.00178417 1.17174e-16)
(5.65657e-05 8.70971e-05 -1.24806e-15)
(0.000109126 -0.00147336 0)
(1.8966e-05 -0.000451941 -4.18659e-16)
(-6.60574e-05 0.000155158 0)
(-0.000373238 -0.00168487 9.93703e-17)
(6.07125e-05 0.00122798 -4.21891e-16)
(0.000340717 -0.00176952 0)
(0.000219401 -0.0028725 1.78784e-16)
(-4.88824e-07 0.000121283 -1.26264e-15)
(-0.000144821 0.000734994 -1.99599e-16)
(-0.000109684 0.000835194 1.2492e-16)
(-0.000101207 0.000924015 -1.11634e-16)
(-9.69401e-05 0.000993344 1.04451e-16)
(-9.23489e-05 0.00106013 0)
(-8.77419e-05 0.00113619 -6.2071e-18)
(-7.75815e-05 0.00122914 0)
(-6.78018e-05 0.00133478 -1.52392e-18)
(-5.68797e-05 0.00144633 -1.51733e-18)
(-4.66178e-05 0.00155866 0)
(-3.8334e-05 0.00166905 3.01074e-18)
(-3.21409e-05 0.00177661 9.01159e-18)
(-2.71245e-05 0.00188151 -1.19932e-17)
(-2.31139e-05 0.00198423 -4.48952e-18)
(-2.04935e-05 0.00208538 4.48594e-18)
(-1.87262e-05 0.0021853 -7.47137e-18)
(-1.74215e-05 0.00228409 3.41171e-23)
(-1.61188e-05 0.00238177 7.46773e-18)
(-1.50288e-05 0.0024783 5.97165e-18)
(-1.40338e-05 0.00257351 -7.46189e-18)
(-1.29719e-05 0.00266729 0)
(-1.18595e-05 0.00275964 -5.9665e-18)
(-1.08178e-05 0.00285064 6.71108e-18)
(-9.75923e-06 0.00294036 7.45405e-19)
(-8.74577e-06 0.00302893 0)
(-7.73762e-06 0.00311646 1.11796e-18)
(-6.81124e-06 0.00320299 0)
(-5.90238e-06 0.00328861 7.45254e-19)
(-4.89461e-06 0.00337333 0)
(-3.89008e-06 0.00345721 -7.44526e-19)
(-2.75901e-06 0.00354028 0)
(-1.68081e-06 0.00362259 0)
(-2.69831e-07 0.00370414 -4.55243e-26)
(1.02135e-06 0.00378505 -7.42889e-18)
(2.55884e-06 0.00386525 2.96797e-18)
(3.96112e-06 0.00394472 2.96402e-18)
(5.20999e-06 0.00402354 2.96017e-18)
(5.87322e-06 0.00410187 2.95502e-18)
(7.18398e-06 0.00417963 2.94721e-18)
(8.45596e-06 0.00425753 5.89027e-18)
(9.84681e-06 0.00434147 -2.94418e-18)
(1.17244e-05 0.00449318 -5.44717e-23)
(1.64629e-05 0.0052819 -1.17876e-17)
(3.40526e-05 0.0106959 6.04434e-23)
(0.000111952 0.0423174 0)
(0.000538578 0.236005 0)
(0.00136147 1.00583 0)
(0.00103134 -0.00272496 8.25757e-16)
(-0.000164237 -0.000982565 -2.5558e-16)
(0.000234797 -0.00224826 2.88225e-17)
(-6.58306e-05 0.000504197 -1.35992e-21)
(0.000269146 -0.00176425 8.42033e-23)
(-3.97576e-05 2.75363e-05 4.58547e-16)
(8.77404e-05 -0.00265132 9.38632e-17)
(-1.99157e-05 0.000589101 -1.87453e-16)
(-1.9873e-05 0.000860663 3.94499e-16)
(-5.72568e-05 -0.00209324 8.39126e-17)
(-2.79638e-05 0.000888608 -3.89099e-16)
(-6.29525e-05 0.000822684 -4.15953e-16)
(-0.000218523 0.000348289 -3.37573e-22)
(-0.000207098 0.000223664 -4.37108e-16)
(-0.000186539 7.44715e-05 -4.08199e-16)
(-0.000159441 -8.93163e-05 7.88949e-16)
(-0.000122586 -0.000265043 -3.8556e-16)
(-8.02421e-05 -0.000443603 0)
(-3.90523e-05 -0.000611311 -2.706e-22)
(-9.55006e-06 -0.000751265 -7.43789e-16)
(-8.40404e-05 -0.000807018 3.65342e-16)
(-6.19476e-06 -0.000817794 -3.83953e-16)
(-3.55506e-05 0.00095214 4.70271e-22)
(4.91563e-05 0.000176326 2.15673e-16)
(-7.02968e-05 0.00114172 -4.66904e-16)
(-0.00011757 0.000688615 5.39323e-16)
(7.75295e-05 0.00131715 1.92237e-16)
(0.000101919 0.00145253 -6.22081e-18)
(5.39704e-05 0.00156278 9.09537e-18)
(4.30321e-05 0.00167536 7.53411e-19)
(3.80513e-05 0.00178283 -1.20133e-17)
(3.24458e-05 0.00188994 1.04943e-17)
(2.57032e-05 0.00199633 1.87187e-19)
(1.8025e-05 0.00210035 5.24352e-18)
(1.16405e-05 0.00220125 -5.98991e-18)
(5.70107e-06 0.00229832 1.49532e-18)
(3.23904e-06 0.00239283 0)
(2.00261e-06 0.00248591 0)
(2.07516e-06 0.00257825 2.98252e-18)
(2.66208e-06 0.00267012 2.98268e-18)
(3.92874e-06 0.00276161 1.49123e-18)
(4.79477e-06 0.00285252 -2.23628e-18)
(5.41965e-06 0.00294262 -1.86335e-19)
(5.60055e-06 0.00303175 1.49059e-18)
(5.45418e-06 0.00311984 -1.49073e-18)
(5.13192e-06 0.00320691 -9.31674e-20)
(4.80693e-06 0.00329299 0)
(4.32865e-06 0.00337815 0)
(4.00428e-06 0.00346246 -9.31735e-20)
(3.68943e-06 0.00354598 -1.86364e-19)
(3.30553e-06 0.00362877 -9.31947e-20)
(2.87792e-06 0.00371092 1.39797e-18)
(2.55846e-06 0.00379247 -1.5378e-18)
(2.18945e-06 0.00387346 -1.39794e-18)
(1.64992e-06 0.00395395 1.17885e-23)
(1.0868e-06 0.00403398 1.67748e-18)
(5.13464e-07 0.00411357 -1.11819e-18)
(-4.95738e-07 0.00419283 2.60865e-18)
(-9.69111e-07 0.00427229 -6.16108e-24)
(-2.09057e-06 0.00435751 1.48871e-18)
(-4.21545e-06 0.00451179 0)
(-6.91653e-06 0.00531234 -2.97659e-18)
(-1.69611e-05 0.0107995 -2.9746e-18)
(-5.25952e-05 0.0428407 0)
(-0.000287928 0.238858 0)
(-0.00105083 1.01676 2.96338e-18)
(0.000190591 -0.00241897 2.02835e-16)
(8.34016e-05 -0.00269229 1.0365e-16)
(2.47635e-06 -0.00290433 -2.08423e-16)
(-7.15665e-05 -0.00307401 -4.6882e-16)
(6.79555e-05 -0.00177939 7.3514e-17)
(0.000115458 -0.00269228 -2.57321e-17)
(5.38561e-05 9.35388e-05 4.09114e-16)
(7.50468e-05 -8.37492e-05 0)
(4.37004e-05 -0.000269849 3.84374e-16)
(-7.00425e-05 -0.000842837 -4.57415e-16)
(2.21975e-05 -0.000568841 3.84587e-16)
(-2.07947e-05 -0.000693949 4.06428e-16)
(-0.000134229 0.00160335 -4.58263e-16)
(-0.000193781 0.000459194 -5.91993e-16)
(3.55178e-06 0.00117235 0)
(6.03698e-05 0.00124639 0)
(-5.12298e-05 0.000626022 -4.16899e-16)
(-3.4404e-05 0.00051203 8.6368e-16)
(1.60734e-05 0.000459994 0)
(4.16643e-05 0.000605375 6.85141e-16)
(0.000441798 -0.00162355 -1.23488e-16)
(-1.43673e-05 -0.00162718 8.73287e-17)
(-0.000110903 -0.000671685 -3.3788e-16)
(3.87087e-05 -0.000107563 1.63559e-15)
(-5.04548e-05 0.00143796 5.08804e-16)
(-0.00032296 -0.00150817 -2.8076e-16)
(2.38524e-05 0.000956854 0)
(-0.000355243 -0.00126003 0)
(-0.000158797 -0.00112957 -3.56091e-16)
(-2.82301e-06 -0.000338287 -4.71523e-16)
(-6.97358e-05 1.56729e-05 4.31626e-16)
(-0.000338846 -0.00147703 1.88456e-22)
(5.1976e-05 0.00112606 -8.59668e-22)
(8.13809e-05 0.000881035 2.1463e-16)
(-1.58401e-05 0.000898184 -4.49843e-16)
(5.6101e-05 0.000319693 -3.76129e-16)
(2.31877e-05 -0.000888436 3.02313e-16)
(9.648e-05 -0.00098379 -1.33474e-16)
(0.000280658 -0.00122981 1.98329e-16)
(-0.000111536 0.000685734 -4.50293e-16)
(-0.000169586 0.000514495 5.3249e-16)
(0.000199409 -0.00297083 -5.60954e-17)
(0.00020977 -0.00300543 5.53771e-17)
(0.000260208 -0.00304224 0)
(0.00024021 -0.00305165 1.356e-16)
(0.000164012 -0.00305132 -2.70507e-17)
(8.0138e-05 -0.00308365 0)
(1.09212e-05 -0.00312285 -3.32586e-18)
(-7.08042e-05 -0.00316019 0)
(-0.000137242 -0.00320336 5.19256e-17)
(-1.88164e-05 0.00071305 -3.99e-16)
(5.23333e-05 0.00119857 1.6399e-21)
(-4.12293e-05 -5.77973e-06 8.34847e-16)
(1.78354e-05 -3.77952e-05 -2.23064e-21)
(0.000530627 -0.00145709 5.5314e-17)
(-0.00027203 -0.00132075 9.72377e-16)
(5.9591e-05 0.000819197 0)
(-0.000196155 0.000702199 3.72262e-17)
(-0.000145456 0.000814639 7.76453e-17)
(-0.000107042 0.000908769 -1.39347e-17)
(-8.14561e-05 0.000983515 0)
(-6.41465e-05 0.00105372 -2.55106e-17)
(-5.38934e-05 0.00113155 2.49337e-17)
(-4.99655e-05 0.00122424 1.84547e-17)
(-4.65663e-05 0.00132925 -1.06711e-17)
(-4.22786e-05 0.00143989 6.06384e-18)
(-3.69433e-05 0.00155227 -6.03913e-18)
(-3.14339e-05 0.00166343 6.02239e-18)
(-2.65279e-05 0.00177216 -3.00411e-18)
(-2.29668e-05 0.00187828 0)
(-2.06247e-05 0.00198214 2.99337e-18)
(-1.87543e-05 0.00208414 2.99029e-18)
(-1.73981e-05 0.00218457 -1.49434e-18)
(-1.63434e-05 0.00228362 -3.73464e-18)
(-1.54397e-05 0.00238139 -1.49354e-18)
(-1.45132e-05 0.00247786 5.97303e-18)
(-1.35109e-05 0.00257298 -5.97195e-18)
(-1.24801e-05 0.00266669 0)
(-1.14591e-05 0.00275902 0)
(-1.03718e-05 0.00285002 -1.11909e-18)
(-9.35582e-06 0.00293977 -3.73002e-19)
(-8.4862e-06 0.00302839 -5.96702e-18)
(-7.56071e-06 0.00311594 5.59351e-18)
(-6.64933e-06 0.00320249 6.15188e-18)
(-5.68897e-06 0.00328808 -5.96499e-18)
(-4.74981e-06 0.00337275 -5.87239e-18)
(-3.8114e-06 0.00345659 5.94149e-18)
(-2.91328e-06 0.00353962 0)
(-1.74904e-06 0.00362183 0)
(-8.78265e-07 0.00370333 -7.44676e-19)
(2.97421e-07 0.00378414 3.72075e-18)
(1.5433e-06 0.00386426 -4.63089e-23)
(2.73374e-06 0.00394372 -4.45721e-18)
(3.90731e-06 0.00402253 2.96842e-18)
(5.29695e-06 0.0041008 -2.96501e-18)
(6.98296e-06 0.00417863 2.96204e-18)
(7.48722e-06 0.00425662 -2.95752e-18)
(9.55905e-06 0.00434035 8.87214e-18)
(1.10267e-05 0.00449237 5.91224e-18)
(1.52132e-05 0.00528489 -5.90081e-18)
(3.1189e-05 0.0107213 2.94463e-18)
(0.000108549 0.0424725 -5.88598e-18)
(0.000536669 0.236875 6.3511e-22)
(0.00163504 1.00938 1.11269e-20)
(0.00745881 5.27054 5.82489e-18)
(0.00585715 5.25884 1.07173e-18)
(0.00452432 5.24903 3.30855e-18)
(0.00310767 5.24189 0)
(0.00202555 5.23722 2.93001e-18)
(0.00137481 5.23391 -2.92977e-18)
(0.000961327 5.23178 0)
(0.000307521 5.23187 2.24611e-20)
(-7.88758e-05 5.2332 1.79792e-19)
(-0.00070386 5.23532 5.50097e-18)
(-0.00163638 5.23668 -5.87026e-18)
(-0.00123686 5.24125 -5.51332e-18)
(-0.00160887 5.24388 1.10298e-17)
(-0.00148966 5.24712 -1.17543e-17)
(-0.000567513 5.24984 5.87884e-18)
(-0.00271734 5.25229 0)
(-0.00137982 5.25713 -1.32406e-17)
(-0.00446577 5.26255 1.17714e-17)
(-0.00692222 5.27151 4.40021e-18)
(-0.0018571 5.27904 6.61437e-18)
(-0.00395382 5.28422 -8.08086e-18)
(-0.00467877 5.29225 0)
(-0.00273278 5.29923 -1.48179e-18)
(-0.00182485 5.30436 6.63208e-18)
(-0.00581677 5.3114 -7.37133e-18)
(-3.4966e-06 0.000505377 -4.29131e-16)
(-0.000290245 -0.00157879 2.64492e-17)
(-1.70627e-05 -0.000824326 8.2746e-16)
(-0.000101718 -0.00086812 3.95105e-16)
(1.32656e-05 -0.00064827 -4.15684e-16)
(-0.000269097 0.000339229 0)
(0.000281945 -0.00299124 0)
(0.000297644 -0.0028851 -2.17797e-16)
(-7.71672e-05 0.00126239 1.56902e-15)
(6.28383e-05 0.00114957 -2.40089e-16)
(-0.000230978 0.000207785 -4.18458e-16)
(-0.000243701 6.04158e-05 -7.24518e-22)
(-0.000229387 -8.23113e-05 -6.35796e-22)
(-0.000198099 -0.000228072 3.99485e-16)
(-0.000150579 -0.000375022 -3.92118e-16)
(-8.90793e-05 -0.000516556 0)
(-2.33064e-05 -0.000640349 7.68112e-16)
(3.38041e-05 -0.00073053 3.85069e-16)
(6.71603e-05 -0.000769022 0)
(6.37519e-05 -0.000783617 -4.17047e-16)
(-2.84801e-05 -0.000884249 5.97964e-16)
(-3.18071e-05 -0.00082676 -9.28798e-16)
(2.64317e-05 -0.000828961 9.39403e-16)
(1.20269e-05 0.00120936 0)
(-4.97512e-05 0.000581043 -1.10709e-21)
(1.48493e-05 0.000568646 6.70243e-16)
(0.000282768 -0.00160413 1.48586e-17)
(-6.20265e-05 -0.000564325 1.76352e-16)
(4.43478e-05 0.00141595 6.0943e-16)
(-0.000113626 -0.00131878 -5.17401e-16)
(-3.5522e-05 -0.000865717 -2.78103e-16)
(-0.000101937 -0.000975483 8.97226e-22)
(-3.44481e-05 -0.000169299 4.44698e-16)
(-0.000225878 -0.00131336 1.90898e-16)
(3.33744e-05 0.00103024 -2.42565e-16)
(0.000193477 -0.00101837 -3.53035e-16)
(-6.86075e-06 0.000830548 3.9919e-16)
(-5.07774e-05 -0.000704191 0)
(-5.25776e-06 -0.000600132 -3.85507e-16)
(2.4089e-05 -0.000489045 2.07225e-22)
(5.43784e-05 -0.000358635 -3.87895e-16)
(7.12724e-05 -0.000208144 0)
(5.48647e-05 -5.25926e-05 0)
(8.48074e-05 9.69869e-05 1.10222e-15)
(7.68969e-05 0.000345955 -7.95709e-16)
(9.74818e-05 -0.00276815 -9.48744e-17)
(3.05629e-05 0.000858574 -9.03602e-17)
(1.23094e-05 -0.0021075 -9.70881e-17)
(-2.17986e-05 -0.00242244 -4.9421e-17)
(-5.0212e-05 -0.00270471 -2.01916e-16)
(-8.05104e-05 -0.00293459 4.09797e-16)
(-0.000125585 -0.00312022 2.06936e-16)
(-0.000160657 -0.00324635 0)
(-4.03604e-06 0.000750599 7.32365e-16)
(5.73416e-05 0.00109738 -8.59312e-16)
(0.000229732 -0.000477922 0)
(-1.28543e-05 -0.000205111 1.61976e-15)
(0.000390135 -0.00304419 5.83046e-17)
(9.98889e-05 -0.00310912 -6.17418e-17)
(0.000203284 -0.00308085 0)
(0.000165278 -0.00310077 0)
(0.000223359 -0.00316016 -1.06445e-16)
(0.000199789 -0.00321539 -2.66003e-17)
(0.000137372 -0.00324063 7.96065e-17)
(5.27709e-05 -0.00326089 -1.31823e-17)
(-2.68053e-05 -0.003279 -1.01435e-16)
(-0.000109219 -0.00329132 1.16641e-16)
(-0.000173664 -0.0032991 -2.05106e-16)
(-0.000168728 -0.00331083 2.57213e-16)
(-0.000192968 -0.0011543 -6.27121e-16)
(0.000448233 -0.00125347 0)
(-3.06573e-06 0.000852829 0)
(2.41432e-05 4.51047e-05 1.09193e-15)
(-9.09831e-06 0.00126652 2.47918e-16)
(-0.000524253 -0.00214568 -1.17718e-16)
(-4.18631e-05 0.000749355 0)
(-0.000235828 0.000487424 -1.26697e-16)
(-0.000202734 0.000634694 1.25295e-16)
(-0.000154991 0.000759604 -5.85381e-17)
(-0.000104806 0.000865432 0)
(-6.42561e-05 0.00095415 0)
(-3.68573e-05 0.00103765 6.32156e-18)
(-2.63036e-05 0.00112565 -1.0549e-23)
(-2.47412e-05 0.00122244 -6.14854e-18)
(-2.37596e-05 0.00132785 3.80608e-19)
(-2.34006e-05 0.00143828 -3.78455e-19)
(-2.2635e-05 0.00155023 -3.01491e-18)
(-2.12494e-05 0.00166139 6.8308e-24)
(-1.96652e-05 0.00177037 0)
(-1.80242e-05 0.00187686 1.49919e-18)
(-1.66646e-05 0.00198112 8.98077e-18)
(-1.58696e-05 0.00208349 -8.97153e-18)
(-1.50183e-05 0.00218419 -4.483e-18)
(-1.42914e-05 0.00228337 -7.4689e-19)
(-1.3612e-05 0.00238115 5.22751e-18)
(-1.28841e-05 0.00247757 -5.97338e-18)
(-1.21093e-05 0.00257259 5.59925e-18)
(-1.12568e-05 0.00266623 -5.97168e-18)
(-1.03757e-05 0.00275851 5.97082e-18)
(-9.58172e-06 0.0028495 7.46272e-19)
(-8.72614e-06 0.00293927 3.73067e-19)
(-7.72941e-06 0.0030279 -1.86503e-19)
(-6.86384e-06 0.00311548 -5.96747e-18)
(-6.03478e-06 0.00320204 5.96733e-18)
(-5.20837e-06 0.00328763 -5.96656e-18)
(-4.39057e-06 0.00337227 5.68658e-18)
(-3.51846e-06 0.00345608 6.99105e-20)
(-2.63613e-06 0.00353908 -5.96509e-18)
(-1.79726e-06 0.00362125 -3.72695e-19)
(-8.99039e-07 0.00370269 1.08062e-17)
(3.54947e-09 0.00378344 -1.11741e-17)
(9.64334e-07 0.00386352 5.21193e-18)
(1.95078e-06 0.00394293 -1.48822e-18)
(2.98921e-06 0.00402172 2.97437e-18)
(4.09156e-06 0.00409994 -2.97208e-18)
(5.13555e-06 0.00417766 4.45423e-18)
(6.50912e-06 0.00425547 2.96634e-18)
(7.31652e-06 0.00433896 -2.96132e-18)
(9.97194e-06 0.00449091 -8.87017e-18)
(1.46393e-05 0.00528591 5.9119e-18)
(3.47308e-05 0.0107462 -2.95313e-18)
(0.000121712 0.042627 8.8451e-18)
(0.000627402 0.237645 -2.94208e-18)
(0.00233502 1.01271 3.45455e-21)
(0.0117145 5.2837 -1.41292e-18)
(0.00306829 6.20341 -4.43363e-19)
(-0.00551505 6.18818 -2.88071e-18)
(-0.00446623 6.17545 -6.13319e-21)
(-0.00307746 6.16143 0)
(-0.00189668 6.15138 2.91091e-18)
(-0.000930004 6.14198 2.54135e-18)
(1.98061e-05 6.13675 -1.20136e-17)
(0.000900987 6.13087 5.82266e-18)
(0.00130195 6.12835 5.78927e-18)
(0.00170031 6.1264 -1.18373e-17)
(0.00255879 6.12631 1.16556e-17)
(0.00144739 6.12761 -3.703e-19)
(0.00151198 6.13096 -1.20343e-17)
(0.00154266 6.13359 6.94682e-18)
(0.000715948 6.13724 -5.83435e-18)
(0.00253944 6.13887 6.0206e-18)
(0.00148711 6.14157 0)
(0.00524991 6.14432 0)
(0.00432246 6.14929 -1.4837e-18)
(0.00334094 6.15995 -7.33781e-18)
(0.00521779 6.1635 5.10197e-18)
(0.00488538 6.16126 1.49208e-18)
(0.00323738 6.16369 -5.85566e-18)
(0.00515154 6.16683 1.17164e-17)
(0.00770785 6.16675 -6.60724e-18)
(0.00249922 6.17003 1.49644e-18)
(-0.0113344 6.17923 0)
(-0.00709734 5.3181 4.44557e-18)
(-0.00159673 1.01876 1.48868e-18)
(-0.000383845 0.239083 0)
(-7.06777e-05 0.042883 0)
(-1.93176e-05 0.0108038 -1.48722e-18)
(-7.62225e-06 0.00531097 0)
(-3.8947e-06 0.00451018 0)
(-2.36152e-06 0.00435615 0)
(-1.04192e-06 0.00427123 1.4904e-18)
(-5.12016e-09 0.00419204 -1.49083e-18)
(6.989e-07 0.00411299 1.49113e-18)
(1.26758e-06 0.00403353 -1.44466e-18)
(1.74765e-06 0.00395362 -1.49134e-18)
(2.15258e-06 0.00387321 2.98257e-18)
(2.54583e-06 0.00379226 -1.42135e-18)
(2.8633e-06 0.00371073 -4.65994e-20)
(3.14605e-06 0.00362859 1.51444e-18)
(3.45885e-06 0.00354578 -1.58428e-18)
(3.79459e-06 0.00346225 4.65997e-20)
(4.16006e-06 0.00337794 -1.49105e-18)
(4.5051e-06 0.00329281 -1.86386e-19)
(4.81926e-06 0.00320677 4.6588e-20)
(5.08108e-06 0.0031198 1.49102e-18)
(5.17991e-06 0.00303187 2.982e-18)
(5.25495e-06 0.00294295 -2.79569e-18)
(5.14425e-06 0.0028531 -1.86387e-19)
(4.74963e-06 0.00276239 -2.79632e-18)
(4.45347e-06 0.00267091 2.98354e-18)
(4.29104e-06 0.00257866 -2.98441e-18)
(4.87762e-06 0.00248543 1.49246e-18)
(6.18858e-06 0.002391 2.80126e-18)
(9.00952e-06 0.00229478 0)
(1.2993e-05 0.00219632 7.47427e-18)
(1.82399e-05 0.00209517 -5.98273e-18)
(2.31082e-05 0.00199159 1.98664e-19)
(2.8371e-05 0.00188647 1.4964e-18)
(3.30711e-05 0.00178052 5.99549e-18)
(3.80549e-05 0.00167381 -3.00512e-18)
(4.2974e-05 0.0015674 -1.20411e-17)
(3.10776e-05 0.00145842 3.01208e-17)
(-3.09916e-05 0.00134512 -1.75206e-16)
(8.90417e-05 0.00125708 0)
(-1.98741e-05 0.00111246 9.75496e-17)
(-7.29227e-05 0.000993756 -9.23023e-17)
(-9.8727e-05 -0.000797645 4.13438e-16)
(-3.32349e-05 0.000898631 0)
(-7.15185e-05 0.000827054 -1.1144e-16)
(0.00014705 0.000598461 3.95247e-16)
(0.000102774 0.000477216 0)
(5.18484e-05 0.000915827 -2.49452e-16)
(0.000117693 0.000287699 1.38706e-15)
(-3.84287e-06 -0.000253968 4.01977e-16)
(-8.46956e-05 -0.00101083 9.84784e-22)
(5.13124e-05 0.00114945 3.87846e-16)
(6.13749e-05 0.00102173 3.62579e-16)
(-2.10734e-05 0.00058864 -4.19867e-16)
(-2.86748e-05 0.000684591 0)
(-8.25342e-06 0.000737943 -3.80962e-16)
(-2.05696e-06 0.000579499 4.01735e-16)
(-8.37431e-05 -0.00154162 8.10838e-17)
(0.000468853 -0.00144995 8.30609e-17)
(-0.000124288 -0.000859569 0)
(8.12812e-05 -0.000907108 2.42798e-16)
(-9.03874e-05 -0.000883737 -4.3339e-16)
(-1.69976e-05 -0.000823573 5.11436e-22)
(-0.000214243 -0.00109135 -7.41772e-16)
(-5.55371e-05 -0.000188493 4.17589e-16)
(3.54994e-06 -0.000544481 -4.24004e-16)
(-0.000329711 -0.00143732 0)
(-0.000191083 -0.00133009 1.02444e-16)
(-0.000119719 -0.000923569 3.48454e-16)
(3.26461e-05 0.000994686 9.41622e-16)
(-0.000307712 -0.0013655 -6.38883e-18)
(-3.09795e-05 -0.00039626 6.15328e-22)
(-8.59905e-05 -0.000986863 3.91766e-16)
(-3.42577e-05 -0.000896601 2.34606e-16)
(-8.59379e-05 -0.000706454 6.67507e-16)
(-0.000116108 -0.000806083 -4.15184e-16)
(0.000256927 -0.00149889 1.36728e-17)
(-4.18515e-06 0.000656181 -3.81346e-16)
(-3.13222e-05 0.000648123 -4.12229e-16)
(2.97307e-05 0.0010967 -3.76072e-16)
(2.39993e-05 -0.000930901 -8.61807e-16)
(0.000103309 -0.000817456 1.20527e-15)
(0.000132311 -0.000728641 -3.91727e-16)
(9.71493e-05 -0.000665397 -3.89929e-16)
(2.66333e-05 -0.000588373 -7.8076e-16)
(-4.91433e-05 -0.000492757 3.92576e-16)
(-0.000116556 -0.000382529 7.88706e-16)
(-0.000169438 -0.000265349 9.76315e-23)
(-0.000208529 -0.000147929 4.06452e-16)
(-0.000238576 -3.01845e-05 4.19579e-16)
(-0.000276993 7.71465e-05 -2.00272e-22)
(-4.58903e-05 -0.000507017 -8.42217e-16)
(1.54228e-06 0.000755715 0)
(1.45136e-05 0.00109607 0)
(8.49242e-05 0.00014026 -3.70296e-16)
(7.3153e-05 1.54582e-06 -3.75853e-16)
(4.9163e-05 -0.000135395 -6.37213e-22)
(2.9869e-05 -0.000269431 -6.07781e-22)
(8.82716e-06 -0.000388793 -1.34805e-21)
(-1.95527e-05 -0.000497288 -3.88083e-16)
(-5.58753e-05 -0.000604754 -7.76119e-16)
(-9.3534e-05 -0.000742918 -3.81275e-16)
(4.06462e-05 0.000658298 -3.89101e-16)
(4.92411e-05 0.00101049 -3.66333e-16)
(-1.85012e-05 -0.0019692 2.27199e-17)
(1.86004e-05 -0.00231383 4.59353e-17)
(0.000117318 -0.00254481 -4.70893e-17)
(0.000260328 -0.00274118 -3.7512e-23)
(-2.90359e-05 0.00111669 -4.09816e-16)
(-0.000278718 -0.000903492 0)
(-1.31326e-05 0.000735241 9.04907e-22)
(-0.000115468 -0.0012214 -7.64852e-16)
(1.77088e-05 0.000866619 0)
(0.000327579 -0.00109216 1.07385e-16)
(0.000155633 0.000779618 5.50643e-16)
(-0.000305351 -0.00207938 0)
(-0.000269462 -0.00239541 1.55519e-23)
(-0.000194347 -0.00266728 2.02122e-16)
(-0.000157892 -0.00291734 -3.09297e-16)
(-0.00016673 -0.00311431 0)
(-0.000168332 -0.00323292 0)
(-0.000180033 -0.00328278 0)
(2.1174e-05 0.000784279 0)
(0.000102194 0.000882347 -3.17605e-16)
(9.71383e-05 0.000535489 0)
(0.00017317 0.0006951 0)
(2.50908e-06 0.000819116 -9.6338e-17)
(4.57815e-05 0.000913849 8.09002e-17)
(6.76201e-05 0.00102974 2.59152e-17)
(5.27243e-05 0.00112951 0)
(4.34268e-05 0.00124555 -1.17762e-17)
(4.84809e-05 0.00134684 0)
(3.45942e-05 0.00145182 -2.37027e-17)
(3.45888e-05 0.00156002 1.45804e-23)
(3.1496e-05 0.00166814 4.49156e-18)
(2.68748e-05 0.00177621 5.9873e-18)
(2.30346e-05 0.00188302 -1.19675e-17)
(1.93088e-05 0.00198813 5.96848e-18)
(1.57387e-05 0.00209158 0)
(1.22353e-05 0.00219289 -1.49356e-18)
(9.34973e-06 0.00229208 2.23969e-18)
(6.77449e-06 0.00238919 1.8667e-19)
(5.54721e-06 0.0024845 -5.22442e-18)
(4.83114e-06 0.00257833 0)
(4.55103e-06 0.00267098 -3.35589e-18)
(4.32798e-06 0.00276261 -9.31926e-20)
(4.26723e-06 0.00285328 1.8644e-19)
(4.29177e-06 0.00294302 4.47411e-18)
(4.17016e-06 0.00303182 -1.51457e-18)
(3.92892e-06 0.00311967 0)
(3.70487e-06 0.00320657 4.65982e-20)
(3.43966e-06 0.00329257 1.86388e-19)
(3.18981e-06 0.0033777 -1.51446e-18)
(2.90166e-06 0.003462 1.49121e-18)
(2.6659e-06 0.00354553 1.58445e-18)
(2.36456e-06 0.00362834 -1.46795e-18)
(2.04693e-06 0.00371047 4.66016e-20)
(1.78339e-06 0.00379196 -1.16508e-20)
(1.49095e-06 0.00387287 1.39813e-18)
(1.17618e-06 0.00395322 -2.98272e-18)
(7.83538e-07 0.00403305 1.49132e-18)
(2.62093e-07 0.00411239 -1.49123e-18)
(-3.75619e-07 0.00419128 3.16853e-18)
(-1.17606e-06 0.0042702 -3.16794e-18)
(-2.28874e-06 0.00435467 1.49037e-18)
(-4.29466e-06 0.00450779 0)
(-1.04694e-05 0.00530604 -1.4882e-18)
(-3.44502e-05 0.0107878 1.48764e-18)
(-0.000181915 0.0428293 0)
(-0.000885525 0.238948 0)
(-0.0044682 1.0179 -2.96511e-18)
(-0.0129618 5.31233 -2.96088e-18)
(-0.045989 6.17569 3.72979e-19)
(-4.85826e-06 -0.000749923 0)
(-3.39827e-05 -0.00043305 -7.88648e-16)
(0.102924 75.1629 1.41762e-18)
(0.0691479 75.0926 -2.60365e-18)
(0.0462484 75.0339 9.11711e-19)
(0.0286115 74.993 0)
(0.0168018 74.9665 2.85394e-19)
(0.00895778 74.9513 6.19976e-18)
(0.00344341 74.9441 -5.4812e-18)
(-0.00134442 74.9426 -3.56779e-20)
(-0.00480357 74.9468 1.12359e-20)
(-0.00800313 74.9552 -5.84308e-18)
(-0.0118648 74.9676 1.15458e-17)
(-0.0132776 74.9857 -5.62874e-18)
(-0.0192067 75.0039 0)
(-0.00856519 75.0184 5.63101e-18)
(-0.00271955 75.0272 -5.81348e-18)
(-0.0113742 75.0379 -3.71109e-20)
(-0.0368731 75.0628 -5.71694e-19)
(-0.0125428 75.0885 1.42952e-19)
(-0.0446307 75.1251 7.29599e-18)
(-0.0158781 75.177 -1.17224e-17)
(-0.0972077 75.2186 5.86305e-18)
(-0.0660416 75.2868 -5.86507e-18)
(-0.0724908 75.3397 -5.73113e-19)
(-0.0219411 75.3997 5.86952e-18)
(-0.0513709 75.4429 0)
(-0.0351246 75.4878 -2.93976e-18)
(-0.0499883 75.5077 2.94083e-18)
(-0.0405367 75.4742 -1.83239e-18)
(-0.000251977 -0.00127038 -1.79826e-16)
(0.000342958 -0.00310685 -1.99e-16)
(0.000125131 -0.00321328 5.78358e-17)
(0.000152505 -0.00322743 1.09336e-23)
(0.0001514 -0.00323217 2.59388e-17)
(0.000165656 -0.00329549 2.60559e-17)
(0.000147528 -0.00335929 0)
(0.000101141 -0.00340389 -1.17433e-16)
(3.30145e-05 -0.00342488 1.30043e-17)
(-4.01751e-05 -0.0034293 1.03067e-16)
(-0.000110241 -0.00341467 -1.28236e-17)
(-0.000169554 -0.00337993 1.01997e-16)
(-0.000148261 -0.00334239 -1.26009e-16)
(-0.000196814 -0.00329557 2.00072e-16)
(0.0003673 -0.00283507 1.93966e-16)
(0.000354877 -0.00300661 -5.97049e-16)
(0.000561257 -0.00300718 -3.81482e-22)
(0.000398849 -0.00297286 -1.55688e-22)
(-0.000218138 0.000272398 0)
(-0.000223156 0.000427189 0)
(-0.000191727 0.000564908 0)
(-0.000144539 0.00068809 1.4609e-22)
(-9.10688e-05 0.000803209 1.0581e-16)
(-4.21494e-05 0.000910943 -5.13324e-17)
(-1.61897e-05 0.00101462 3.76336e-17)
(-5.22806e-06 0.00111749 0)
(-1.35544e-06 0.00122193 -6.11272e-18)
(-3.65107e-06 0.00132983 6.06692e-18)
(-7.04799e-06 0.00144054 0)
(-9.90308e-06 0.0015519 3.76142e-19)
(-1.16399e-05 0.00166221 3.00511e-18)
(-1.23962e-05 0.0017706 -1.501e-18)
(-1.25262e-05 0.00187687 2.99784e-18)
(-1.22065e-05 0.0019811 -8.98312e-18)
(-1.16494e-05 0.00208345 1.49528e-18)
(-1.14239e-05 0.00218413 -6.72455e-18)
(-1.11509e-05 0.00228329 3.38538e-23)
(-1.07835e-05 0.00238102 6.72108e-18)
(-1.03701e-05 0.00247733 5.97361e-18)
(-9.75644e-06 0.00257227 -5.22572e-18)
(-9.09584e-06 0.00266585 1.86635e-19)
(-8.37193e-06 0.00275809 0)
(-7.51372e-06 0.00284905 5.59758e-18)
(-6.80556e-06 0.0029388 -5.96957e-18)
(-6.16323e-06 0.00302741 1.86528e-19)
(-5.42068e-06 0.00311495 5.96858e-18)
(-4.59037e-06 0.00320149 -6.15482e-18)
(-3.77406e-06 0.00328707 0)
(-3.07557e-06 0.00337179 2.09788e-19)
(-2.32373e-06 0.0034556 -3.02999e-18)
(-1.49434e-06 0.00353856 2.98331e-18)
(-5.81158e-07 0.00362075 3.72864e-19)
(3.08922e-07 0.00370217 1.86398e-19)
(1.11066e-06 0.00378288 2.98161e-18)
(1.86052e-06 0.0038629 -5.21619e-18)
(2.5144e-06 0.00394224 3.352e-18)
(3.13945e-06 0.00402095 -3.72275e-18)
(3.72205e-06 0.0040991 5.2091e-18)
(4.45075e-06 0.00417675 -5.20577e-18)
(5.26682e-06 0.0042544 0)
(6.56585e-06 0.00433758 2.96874e-18)
(8.92941e-06 0.00448919 0)
(1.56998e-05 0.00528461 -2.96036e-18)
(4.74037e-05 0.0107475 2.95694e-18)
(0.00022203 0.0426736 -2.95446e-18)
(0.00114241 0.237921 5.90222e-18)
(0.0053625 1.01418 0)
(0.0203287 5.28872 -1.47113e-18)
(0.0387467 6.21225 -5.40235e-23)
(0.141343 75.2089 0)
(0.000162557 -0.00102544 0)
(-0.000113331 -0.000943443 4.06424e-16)
(-0.000132648 -0.00147939 -1.00426e-16)
(0.000411936 -0.00129778 0)
(-8.46658e-07 0.000813203 0)
(-1.21885e-05 0.000658877 8.18543e-16)
(6.96963e-05 0.00104492 -1.04919e-21)
(-7.10075e-06 0.001054 1.37508e-21)
(-0.000112108 -0.000928885 7.45554e-16)
(-2.19939e-05 -0.00046275 -1.21884e-15)
(-0.000176255 0.000179222 0)
(-4.19405e-05 -0.000733601 0)
(-5.70012e-05 0.000778899 -1.21825e-21)
(0.000163798 0.000167752 -7.75007e-16)
(9.87386e-05 6.34389e-05 1.31983e-22)
(4.51087e-05 -4.65319e-05 -3.76044e-16)
(1.54534e-07 -0.000148649 3.81202e-16)
(-4.52053e-05 -0.000242042 -3.87532e-16)
(-8.83972e-05 -0.000330097 0)
(-0.000132541 -0.000418824 1.18514e-15)
(-0.000185253 -0.000523674 -3.95628e-16)
(-0.000240433 -0.000671252 3.92406e-16)
(-2.46121e-05 -0.00274688 2.11703e-16)
(8.08867e-05 0.00162293 -4.44244e-16)
(-0.000124306 -0.0016266 5.03179e-16)
(-0.000147565 -0.0019843 1.47792e-16)
(4.05578e-05 -0.00245186 -1.62404e-16)
(0.000139839 -0.00268931 5.27745e-17)
(-0.00016265 8.9423e-05 4.64301e-16)
(8.99371e-05 -0.00100375 -7.22196e-16)
(0.000258598 -0.000884634 -3.7128e-16)
(0.000268951 -0.000718875 3.90841e-16)
(0.000209288 -0.000581982 0)
(0.000129314 -0.000476873 0)
(5.38174e-05 -0.000383586 -3.94285e-16)
(-1.46198e-05 -0.000292099 0)
(-7.47912e-05 -0.000198811 -5.11596e-22)
(-0.000123942 -0.000105666 -4.00718e-16)
(-0.000158057 -1.12266e-05 -8.329e-16)
(2.30588e-05 0.00103418 3.81494e-16)
(-1.84019e-05 0.000712037 -4.06646e-16)
(-2.5501e-06 0.000737582 -4.08488e-16)
(0.000201936 -0.0014235 2.52013e-17)
(-0.000101191 -0.000952485 -5.88644e-16)
(-2.03748e-05 -0.00100741 -8.33221e-16)
(-4.73956e-05 -0.000951346 -3.8282e-16)
(-2.54628e-05 -0.000649199 0)
(0.000120502 0.000369368 0)
(0.000176615 0.000448386 2.34771e-16)
(0.000209636 0.000536923 -1.08645e-16)
(0.000163175 0.000639962 -9.89535e-17)
(0.000115746 0.000743982 9.73556e-17)
(7.00294e-05 0.000868842 0)
(4.44172e-05 0.00100096 0)
(3.86833e-05 0.00112622 0)
(3.22925e-05 0.00124008 1.18969e-17)
(2.93888e-05 0.0013464 0)
(2.6054e-05 0.00145097 5.93783e-18)
(2.29325e-05 0.00155644 0)
(2.07961e-05 0.00166357 1.49404e-18)
(1.84533e-05 0.00177139 0)
(1.57059e-05 0.00187833 0)
(1.3107e-05 0.00198358 0)
(1.06094e-05 0.00208695 0)
(8.49484e-06 0.00218827 -2.98588e-18)
(6.65823e-06 0.00228763 7.46381e-19)
(5.24049e-06 0.00238504 2.98493e-18)
(4.07212e-06 0.00248067 -2.2384e-18)
(3.32394e-06 0.00257476 2.98389e-18)
(2.92675e-06 0.00266753 3.26313e-18)
(2.83408e-06 0.00275913 -1.58474e-18)
(2.76915e-06 0.00284966 -1.49155e-18)
(2.61124e-06 0.0029392 1.46818e-18)
(2.54005e-06 0.00302779 -1.46817e-18)
(2.46439e-06 0.00311544 0)
(2.26817e-06 0.00320215 0)
(2.07488e-06 0.00328797 -1.47955e-18)
(1.97092e-06 0.00337293 1.51467e-18)
(1.79384e-06 0.00345708 0)
(1.59543e-06 0.00354044 0)
(1.48592e-06 0.0036231 1.4447e-18)
(1.3318e-06 0.00370507 -1.49139e-18)
(1.14717e-06 0.00378639 -2.33027e-20)
(9.62271e-07 0.00386712 7.2822e-22)
(7.45398e-07 0.00394729 1.49141e-18)
(4.65703e-07 0.0040269 -1.52632e-18)
(1.30521e-07 0.00410599 0)
(-2.69159e-07 0.00418461 -1.58441e-18)
(-8.28092e-07 0.00426313 1.86389e-19)
(-1.45237e-06 0.00434659 1.49067e-18)
(-1.78426e-06 0.00449652 -1.49005e-18)
(-1.13419e-05 0.00528255 2.97856e-18)
(-9.17002e-05 0.0106877 -2.23181e-18)
(-0.000569864 0.0423389 -1.48602e-18)
(-0.00299871 0.236133 1.48541e-18)
(-0.0159492 1.01036 0)
(-0.0526126 5.28013 1.46637e-18)
(-0.288738 6.1687 -7.48694e-19)
(-0.00860691 75.2219 1.32712e-18)
(-0.000417304 -0.00172718 -1.91467e-16)
(-0.000439224 -0.0019941 -1.23503e-17)
(-0.000369787 -0.00225048 -1.47275e-22)
(-0.000192223 -0.00253128 5.10944e-17)
(-0.000178673 -0.00283583 0)
(-0.000265489 -0.00305019 0)
(-0.000425425 -0.00314933 0)
(-0.000539911 -0.00324256 0)
(-0.000406606 -0.0033245 -1.98321e-16)
(3.5693e-05 0.000907085 -8.41765e-16)
(0.000271854 -0.00121036 -4.99059e-17)
(-5.21158e-05 -0.000711394 7.22837e-16)
(0.000100816 -0.00120628 0)
(-0.000178554 -0.00143297 0)
(8.99228e-06 0.000858329 -1.34977e-21)
(8.4784e-05 0.000879757 -4.91467e-22)
(0.00054391 -0.00283751 3.89772e-16)
(0.000663713 -0.00298462 4.9383e-22)
(0.00083341 -0.00291358 0)
(0.00105168 -0.00262127 -3.5866e-16)
(-5.1462e-05 0.000714524 -9.17346e-16)
(-7.10864e-05 -0.000991441 -2.7496e-16)
(0.00054808 -0.00296207 8.53006e-17)
(0.000196874 -0.0031895 0)
(0.000118175 -0.00326101 -3.07555e-17)
(0.000108048 -0.00331051 -1.87861e-17)
(0.000107674 -0.00335448 -2.53613e-17)
(0.00010419 -0.0034203 -2.55561e-17)
(9.09464e-05 -0.0034865 -1.02749e-16)
(6.151e-05 -0.00353789 1.28636e-17)
(1.72811e-05 -0.0035624 2.0579e-16)
(-3.13454e-05 -0.00355723 4.00154e-19)
(-8.05818e-05 -0.00352212 -1.01591e-16)
(-0.000117205 -0.00345912 8.78066e-17)
(-9.49349e-05 -0.00338512 3.47657e-23)
(-0.000186973 -0.00333004 -4.79523e-17)
(-0.000269555 -0.00318643 -3.60734e-16)
(-0.0010792 -0.00179739 0)
(0.322571 -94.4948 1.30422e-18)
(-0.0242114 -94.4779 0)
(-0.0904632 -94.3964 6.00095e-18)
(-0.0781162 -94.3297 -1.81107e-18)
(-0.0394416 -94.3187 -4.89375e-18)
(-0.0252878 -94.3129 5.0629e-18)
(-0.0070959 -94.3468 0)
(0.000319976 -94.3581 0)
(0.0105012 -94.4004 6.00734e-20)
(0.0160383 -94.4243 0)
(0.0230419 -94.4682 8.13992e-20)
(0.0200691 -94.5049 2.40416e-19)
(0.026793 -94.5349 5.7865e-18)
(0.0409423 -94.5779 -3.69415e-22)
(0.0100769 -94.6222 -5.78885e-18)
(0.01188 -94.6285 -6.01514e-20)
(0.0448825 -94.6477 -2.40627e-19)
(0.034812 -94.6972 6.36595e-19)
(0.0721885 -94.7534 -2.40757e-19)
(0.0447564 -94.8234 0)
(0.109114 -94.8835 0)
(0.10189 -95.0252 6.5383e-19)
(0.170782 -95.2251 0)
(0.0356806 -95.3644 9.66416e-19)
(0.174662 -95.4535 1.31133e-18)
(0.0536933 -95.6326 3.28142e-19)
(0.0611185 -95.7196 -6.56815e-19)
(-0.067722 -95.7527 -2.78844e-18)
(-0.459725 -95.6596 2.78626e-18)
(-2.43762 -95.1332 2.41563e-19)
(-0.000212592 0.000275368 0)
(-0.000202014 0.000389303 2.18989e-16)
(-0.000174096 0.000505739 -3.18511e-16)
(-0.000129259 0.000619874 1.31076e-22)
(-8.14797e-05 0.000739296 0)
(-4.32344e-05 0.000863341 2.48395e-17)
(-1.61935e-05 0.000988049 -1.23299e-17)
(7.66766e-08 0.00110627 0)
(4.55207e-06 0.00121992 0)
(3.59948e-06 0.00133177 0)
(3.86005e-07 0.00144309 -7.52777e-19)
(-2.7689e-06 0.00155357 1.68011e-24)
(-5.18903e-06 0.00166273 -1.50107e-18)
(-6.48365e-06 0.00177017 5.99933e-18)
(-7.07872e-06 0.00187575 -4.494e-18)
(-7.44214e-06 0.00197953 -1.49681e-18)
(-7.60703e-06 0.00208156 5.98216e-18)
(-7.50674e-06 0.00218193 -2.98936e-18)
(-7.31172e-06 0.00228079 -2.98791e-18)
(-7.02173e-06 0.00237823 2.98711e-18)
(-6.63651e-06 0.00247429 1.86682e-19)
(-6.32558e-06 0.00256899 -3.73256e-19)
(-5.97753e-06 0.00266235 -1.86642e-19)
(-5.63549e-06 0.00275438 -2.98541e-18)
(-5.36284e-06 0.00284515 2.98555e-18)
(-4.94238e-06 0.00293469 0)
(-4.47288e-06 0.00302306 -2.98487e-18)
(-3.97238e-06 0.00311035 2.93787e-18)
(-3.39254e-06 0.00319668 0)
(-2.61087e-06 0.00328219 4.66261e-20)
(-1.60503e-06 0.00336676 -6.99364e-20)
(-5.34531e-07 0.00345027 0)
(5.63858e-07 0.00353296 0)
(1.51823e-06 0.00361498 0)
(2.36163e-06 0.00369633 3.16955e-18)
(3.05711e-06 0.00377704 -6.05831e-18)
(3.51853e-06 0.00385709 3.16844e-18)
(3.80111e-06 0.00393646 -3.72649e-19)
(3.85821e-06 0.00401514 7.45091e-19)
(3.79269e-06 0.00409306 7.4479e-19)
(3.61424e-06 0.00417039 1.33026e-26)
(3.63598e-06 0.00424765 0)
(3.83391e-06 0.00432982 -1.48654e-18)
(3.91956e-06 0.00447854 -2.9696e-18)
(1.42755e-05 0.00526361 1.4829e-18)
(9.98414e-05 0.0106636 -5.92382e-18)
(0.000599393 0.0422797 5.91733e-18)
(0.00318858 0.235706 -2.95488e-18)
(0.0165449 1.00872 -2.93874e-18)
(0.0565828 5.26677 2.95609e-18)
(0.276518 6.19933 -2.60257e-18)
(0.0717328 75.0334 1.73887e-18)
(2.28681 -94.2498 1.22492e-18)
(-1.98665e-05 -0.000929055 0)
(5.9326e-07 -0.00115283 3.72342e-16)
(0.000138511 -0.00138741 4.55287e-17)
(-2.52923e-06 0.000812786 8.71938e-16)
(-5.17594e-05 0.00101701 -3.92516e-16)
(0.0387135 70.6044 -9.03152e-20)
(-0.307513 5.82858 2.79062e-19)
(5.347e-05 0.000274726 -3.56317e-16)
(4.75074e-05 0.000332206 -6.64724e-16)
(-2.93144 -88.1422 0)
(0.0676496 531.419 -2.97435e-18)
(0.95762 530.873 0)
(0.12173 531.496 2.9753e-18)
(-0.0619268 531.175 -1.27719e-19)
(-0.00436121 531.426 6.19896e-18)
(-0.0792059 530.835 5.93822e-18)
(-0.0134693 531.071 -1.23839e-17)
(-0.0245429 530.449 -1.21123e-17)
(0.00752299 530.676 5.93273e-18)
(-0.0268333 530.142 5.92429e-18)
(-0.0310585 530.274 5.92745e-18)
(-0.0082556 529.957 6.04727e-18)
(-0.0147709 530.032 -5.92337e-18)
(-0.00563791 529.868 0)
(0.00116354 529.882 -5.92059e-18)
(-0.00471958 529.768 0)
(-0.0216923 529.839 0)
(-0.0145736 529.667 -5.91694e-18)
(-0.0119685 529.721 0)
(-0.0172285 529.581 -5.91669e-18)
(-0.0182174 529.629 1.18017e-17)
(-0.0236615 529.526 0)
(-0.024476 529.57 0)
(-0.0298773 529.523 0)
(-0.0274586 529.555 0)
(-0.0279907 529.634 2.04619e-22)
(-0.0229265 529.607 5.66757e-18)
(-0.056762 529.962 0)
(-0.0219311 529.82 -6.42981e-18)
(0.0161032 70.5149 1.1487e-18)
(2.82306 -87.169 -2.48865e-18)
(-1.10094 529.81 0)
(-0.085152 530.195 -5.05567e-19)
(0.067406 4.92862 -2.88116e-18)
(0.301859 5.90526 2.96879e-18)
(0.00628449 0.22089 0)
(0.0423423 0.939411 0)
(0.00021134 0.0100073 0)
(0.00136085 0.0394391 0)
(3.15746e-05 0.00421389 2.95932e-18)
(7.38259e-05 0.0049531 1.47785e-18)
(6.52455e-06 0.0039938 5.92986e-18)
(7.89536e-06 0.00407111 -4.44373e-18)
(7.36653e-06 0.00384971 2.96794e-18)
(6.89371e-06 0.00392189 -5.19174e-18)
(7.60328e-06 0.0037034 2.9697e-18)
(7.51834e-06 0.00377686 0)
(7.33915e-06 0.00355465 9.28384e-20)
(7.49054e-06 0.00362932 -3.15605e-18)
(6.72602e-06 0.00340343 2.97142e-18)
(7.08048e-06 0.00347934 -2.9713e-18)
(5.35194e-06 0.00324979 0)
(6.09646e-06 0.0033269 0)
(3.66776e-06 0.00309383 -4.64393e-20)
(4.45836e-06 0.00317208 4.64389e-20)
(2.90738e-06 0.00293469 4.64454e-20)
(3.22112e-06 0.00301477 0)
(2.32727e-06 0.00277132 2.97296e-18)
(2.62463e-06 0.00285353 -2.97287e-18)
(1.65666e-06 0.00260357 0)
(2.00788e-06 0.002688 0)
(1.13562e-06 0.00243109 -2.97418e-18)
(1.36278e-06 0.00251793 2.97403e-18)
(8.79602e-07 0.0022536 0)
(9.77256e-07 0.00234297 -1.85923e-19)
(5.01002e-07 0.00207092 -2.23312e-18)
(7.85472e-07 0.00216293 0)
(-1.24616e-07 0.00188258 -2.98095e-18)
(2.42715e-07 0.0019775 2.97888e-18)
(-2.01798e-07 0.00168781 -2.98517e-18)
(-2.33378e-07 0.00178606 5.96525e-18)
(-1.92532e-07 0.00148635 7.47399e-19)
(-1.33101e-07 0.00158793 -3.73365e-19)
(-1.57084e-06 0.00127676 0)
(-3.16767e-07 0.00138288 0)
(-1.28346e-05 0.00105153 0)
(-4.95419e-06 0.00116683 0)
(-4.22145e-05 0.000798575 -1.54541e-16)
(-2.47616e-05 0.000929128 4.78494e-17)
(-9.34295e-05 0.000559617 -9.60367e-17)
(-6.66292e-05 0.000671281 1.89794e-16)
(-0.000131898 0.000383936 0)
(-0.00011622 0.000466215 -1.95954e-16)
(-0.000107727 0.000238738 4.99937e-22)
(-0.000131473 0.000311471 0)
(-6.77964e-05 8.41457e-05 1.18129e-15)
(-8.72257e-05 0.000156651 -4.11315e-16)
(1.87374e-06 -4.10326e-05 5.59469e-22)
(-3.95131e-05 2.25596e-05 0)
(0.000115184 -0.000188162 0)
(5.47644e-05 -0.000111135 -3.87097e-16)
(0.000260507 -0.000399439 -8.19495e-16)
(0.000183127 -0.000277626 0)
(0.00024433 -0.000861768 -3.87545e-16)
(0.000312493 -0.000580367 -8.2285e-22)
(0.000145816 -0.00131971 4.19844e-17)
(0.000103657 -0.00116326 7.02893e-16)
(-0.000192157 -0.00170551 -8.691e-25)
(-6.36518e-05 -0.00154651 -4.91598e-17)
(-0.000109479 -0.00208134 5.18717e-17)
(-0.000208464 -0.00182107 8.01594e-23)
(-0.00028038 -0.00276976 -2.30428e-16)
(-0.000166707 -0.00248376 7.35251e-23)
(-0.000638409 -0.0027065 -4.54084e-16)
(-0.000461345 -0.00289206 -3.96533e-16)
(-0.00116134 -0.00161629 0)
(-3.81441e-05 -0.00338712 -4.74487e-17)
(-0.000231945 -0.00318826 0)
(-4.49719e-05 -0.00353772 1.25718e-17)
(-3.77735e-05 -0.0034408 -2.46977e-17)
(-1.13909e-05 -0.00365662 1.02413e-16)
(-3.05499e-05 -0.00361265 -1.01888e-16)
(2.35469e-05 -0.00363988 -5.11624e-17)
(6.895e-06 -0.00366644 0)
(4.05718e-05 -0.00351706 -5.0562e-17)
(3.50942e-05 -0.0035863 1.01869e-16)
(4.46268e-05 -0.00336853 0)
(4.34918e-05 -0.00344315 0)
(8.51862e-05 -0.00318808 0)
(5.31666e-05 -0.00328915 0)
(0.000688417 -0.00220532 -6.40849e-17)
(0.000175047 -0.00305254 0)
(-0.00127465 -0.0026705 8.33778e-16)
(0.000343239 -0.00244098 2.96291e-16)
(0.000657729 -0.000681572 -2.39572e-16)
(0.00025692 -0.00103895 0)
(0.00110367 -0.00223208 -2.42649e-16)
(0.000867531 -0.00139262 -2.42915e-16)
(0.000996829 -0.00265497 2.23398e-16)
(0.00117091 -0.00259241 4.39844e-16)
(0.000269834 -0.00271656 3.68348e-16)
(0.000670037 -0.00270181 -2.16649e-16)
(0.000175192 -0.00238305 -5.28702e-17)
(0.00034874 -0.00250694 -3.43577e-16)
(-0.00015872 -0.00198834 9.82849e-17)
(2.49101e-06 -0.00226764 4.96541e-17)
(-0.000371714 -0.00104473 4.13544e-16)
(-0.000345505 -0.00155289 9.92288e-23)
(-0.000265368 -0.000422437 1.01722e-21)
(-0.000329799 -0.000651263 -4.26035e-16)
(-0.000160775 -0.000220976 1.22507e-15)
(-0.000208075 -0.000298835 -4.19018e-16)
(-7.2401e-05 -9.9232e-05 3.88486e-16)
(-0.000117658 -0.000158855 -7.28388e-22)
(3.24929e-05 3.12878e-05 0)
(-2.19834e-05 -3.54397e-05 0)
(0.00011161 0.000191328 -4.13979e-16)
(8.40829e-05 0.000102932 3.77137e-16)
(0.000155098 0.000362926 0)
(0.000135913 0.000272869 0)
(0.000132959 0.000514543 0)
(0.000139058 0.000447226 0)
(7.48325e-05 0.000676799 4.63959e-17)
(0.000106766 0.000583177 -9.46009e-17)
(3.02921e-05 0.000942735 2.389e-17)
(4.75106e-05 0.000802397 -7.0486e-17)
(1.24179e-05 0.00118922 -5.91593e-18)
(1.97439e-05 0.00107442 -1.78648e-17)
(4.42474e-06 0.00138986 -5.91563e-18)
(7.9338e-06 0.00129231 0)
(2.00688e-06 0.00158659 0)
(2.473e-06 0.0014873 0)
(1.34452e-06 0.00178644 5.95495e-18)
(1.67126e-06 0.00168669 0)
(5.28843e-07 0.00198117 5.9504e-18)
(1.05742e-06 0.00188475 -8.92769e-18)
(-3.45269e-07 0.00216829 0)
(7.36915e-08 0.00207568 -2.97417e-18)
(-9.47399e-07 0.0023483 5.94488e-18)
(-6.76936e-07 0.00225912 -2.97288e-18)
(-1.20391e-06 0.00252248 -1.39284e-18)
(-1.07595e-06 0.00243605 -2.97172e-18)
(-1.40264e-06 0.00269202 0)
(-1.32278e-06 0.00260777 1.4856e-18)
(-1.57817e-06 0.0028577 1.48552e-18)
(-1.45561e-06 0.00277532 -1.4623e-18)
(-1.75043e-06 0.00301987 -1.48543e-18)
(-1.71191e-06 0.00293922 1.48537e-18)
(-1.90806e-06 0.00317871 0)
(-1.80401e-06 0.00309969 -1.16043e-20)
(-2.00797e-06 0.00333452 0)
(-1.97175e-06 0.00325698 0)
(-2.13876e-06 0.00348761 0)
(-2.11547e-06 0.0034114 0)
(-2.29948e-06 0.00363831 -1.48612e-18)
(-2.20992e-06 0.00356325 1.16046e-20)
(-2.52981e-06 0.00378681 1.47379e-18)
(-2.4299e-06 0.00371282 1.17388e-23)
(-2.80037e-06 0.00393334 -9.2827e-20)
(-2.6451e-06 0.00386031 0)
(-4.85728e-06 0.00408491 2.96951e-18)
(-2.98756e-06 0.00400637 -1.48506e-18)
(-7.04439e-05 0.00496597 -1.48349e-18)
(-2.87749e-05 0.00422857 -1.4843e-18)
(-0.00132376 0.039346 7.40537e-19)
(-0.000202946 0.0100047 2.22368e-18)
(-0.0410625 0.936625 -3.69628e-19)
(-0.00603471 0.220487 1.10911e-18)
(-0.0619122 4.92771 -9.17946e-19)
(-0.000783018 -0.000780907 7.40681e-16)
(-0.000327123 -0.00128166 -1.28737e-16)
(-0.000174761 -0.00128366 8.5345e-17)
(7.313e-05 0.00103728 -2.52553e-16)
(0.176108 505.236 0)
(-5.34928e-05 -0.000906752 1.70123e-21)
(-0.430417 504.385 5.08421e-19)
(-0.000162191 -0.00208205 -5.19907e-16)
(-0.000292684 -0.000586842 0)
(-0.000120263 -0.000186957 -4.83987e-16)
(9.40883e-05 -0.000153533 0)
(6.11251e-05 -4.79801e-05 0)
(-7.22849e-05 -5.76398e-05 -1.13716e-17)
(-1.44287e-05 -1.2146e-05 -4.40546e-18)
(1.21987e-05 -1.01009e-05 4.40358e-18)
(0.000101605 0.00116773 1.61769e-17)
(-0.000257123 -0.00107691 2.0847e-16)
(7.07698e-05 -0.0012588 0)
(-9.67771e-05 -0.00117092 -6.68196e-16)
(-3.70785e-05 -0.00119508 3.35559e-16)
(-6.79256e-05 0.00157715 -1.51177e-16)
(-4.76886e-05 0.00139327 -2.47067e-16)
(-3.4293e-05 0.00154914 2.16683e-16)
(-5.58901e-05 0.000673009 9.04931e-16)
(-7.32032e-05 0.000737982 -4.54222e-16)
(-6.97474e-05 0.000699525 8.98737e-16)
(-4.78974e-05 0.000634827 1.07677e-21)
(-6.10794e-05 0.00069425 -8.92575e-16)
(-6.08264e-05 0.000657362 -4.43245e-16)
(-3.67846e-05 0.000580232 -8.81557e-16)
(-4.91117e-05 0.000657038 1.16677e-21)
(-5.10257e-05 0.00061462 -4.39259e-16)
(-4.1947e-05 0.000523033 -8.75928e-16)
(-4.37778e-05 0.000622018 -8.67821e-16)
(-4.93149e-05 0.000574987 0)
(-0.000123394 -0.00105748 1.8106e-15)
(0.000104198 0.000928183 0)
(0.000342955 -0.000275661 0)
(-9.67996e-05 0.000887258 7.22279e-16)
(-0.00105775 -0.00154739 0)
(-5.83485e-05 0.000916997 1.40313e-15)
(2.80048e-05 -0.000268218 1.04146e-15)
(-0.000158385 -0.000937328 -1.12274e-15)
(0.000150623 0.000715271 0)
(0.000168329 0.000782385 3.76502e-22)
(-8.28252e-05 0.000943258 0)
(-0.000147382 0.00127868 6.40818e-16)
(-5.80356e-05 0.00199866 7.01104e-17)
(-1.97364e-05 -0.000910175 -1.58105e-15)
(0.000115196 0.00105015 -1.7809e-15)
(-0.000179978 0.0012959 1.74766e-15)
(0.000191916 0.00053395 -4.87575e-16)
(0.000395797 -0.00305726 0)
(4.53663e-05 0.000630668 0)
(0.000237153 -0.0025899 0)
(-7.60477e-05 0.00111269 0)
(-3.33758e-05 0.000826771 1.93933e-15)
(-0.000197095 -0.00177673 -1.7102e-15)
(-8.95763e-05 0.00101934 -8.41399e-16)
(-0.000881934 -0.00299101 -1.02093e-15)
(7.71509e-05 0.00128716 -2.81042e-15)
(-1.71438e-05 -0.000549523 -4.86631e-16)
(-7.2187e-05 0.00106993 -4.44817e-17)
(4.28257e-05 0.00130325 -8.77604e-16)
(3.94727e-06 0.000936987 1.65606e-16)
(0.000123573 0.000735413 -1.02561e-15)
(-0.000405185 -0.000318516 -2.83186e-16)
(0.000168929 -0.00243914 1.01234e-15)
(-1.13091e-05 -0.000352345 7.36804e-16)
(-0.00025335 0.000257144 0)
(0.000201207 0.000334687 0)
(-0.000255048 -0.00129672 2.06412e-15)
(0.000380588 -0.00281008 0)
(0.000438938 -0.00195581 -1.10112e-15)
(6.93973e-05 0.000181527 -1.05256e-15)
(0.00115778 -0.00213484 -1.25271e-15)
(-4.5844e-05 0.0010726 2.24214e-16)
(7.27131e-05 0.00159575 -2.17465e-16)
(6.59195e-05 0.00148014 0)
(-9.74257e-06 0.000171783 -1.47302e-21)
(-0.000127252 0.00140786 8.5059e-16)
(-0.000110473 -0.00223992 -1.2336e-16)
(-0.000184157 0.000625136 1.26024e-15)
(-1.50063e-05 0.000409179 -2.01725e-15)
(0.000105651 0.000966632 -5.88936e-16)
(-8.98361e-05 0.00255711 1.06791e-15)
(-5.77953e-05 0.00224669 -9.95397e-16)
(0.000128387 0.000479282 4.24305e-16)
)
;

boundaryField
{
    wall
    {
        type            noSlip;
    }
    outlet
    {
        type            inletOutlet;
        inletValue      uniform (0 0 0);
        value           nonuniform List<vector> 
33
(
(0.0676496 531.419 -2.97435e-18)
(0.95762 530.873 0)
(0.12173 531.496 2.9753e-18)
(-0.0619268 531.175 -1.27719e-19)
(-0.00436121 531.426 6.19896e-18)
(-0.0792059 530.835 5.93822e-18)
(-0.0134693 531.071 -1.23839e-17)
(-0.0245429 530.449 -1.21123e-17)
(0.00752299 530.676 5.93273e-18)
(-0.0268333 530.142 5.92429e-18)
(-0.0310585 530.274 5.92745e-18)
(-0.0082556 529.957 6.04727e-18)
(-0.0147709 530.032 -5.92337e-18)
(-0.00563791 529.868 0)
(0.00116354 529.882 -5.92059e-18)
(-0.00471958 529.768 0)
(-0.0216923 529.839 0)
(-0.0145736 529.667 -5.91694e-18)
(-0.0119685 529.721 0)
(-0.0172285 529.581 -5.91669e-18)
(-0.0182174 529.629 1.18017e-17)
(-0.0236615 529.526 0)
(-0.024476 529.57 0)
(-0.0298773 529.523 0)
(-0.0274586 529.555 0)
(-0.0279907 529.634 2.04619e-22)
(-0.0229265 529.607 5.66757e-18)
(-0.056762 529.962 0)
(-0.0219311 529.82 -6.42981e-18)
(-1.10094 529.81 0)
(-0.085152 530.195 -5.05567e-19)
(0.176108 505.236 0)
(-0.430417 504.385 5.08421e-19)
)
;
    }
    inlet
    {
        type            inletOutlet;
        inletValue      uniform (0 0 0);
        value           nonuniform List<vector> 
30
(
(-0.000144086 -0.00277806 9.86131e-17)
(0.000340717 -0.00176952 0)
(0.000234797 -0.00224826 2.88225e-17)
(0.000115458 -0.00269228 -2.57321e-17)
(0.000229732 -0.000477922 0)
(-0.000524253 -0.00214568 -1.17718e-16)
(-3.81441e-05 -0.00338712 -4.74487e-17)
(-0.000231945 -0.00318826 0)
(-4.49719e-05 -0.00353772 1.25718e-17)
(-3.77735e-05 -0.0034408 -2.46977e-17)
(-1.13909e-05 -0.00365662 1.02413e-16)
(-3.05499e-05 -0.00361265 -1.01888e-16)
(2.35469e-05 -0.00363988 -5.11624e-17)
(6.895e-06 -0.00366644 0)
(4.05718e-05 -0.00351706 -5.0562e-17)
(3.50942e-05 -0.0035863 1.01869e-16)
(4.46268e-05 -0.00336853 0)
(4.34918e-05 -0.00344315 0)
(8.51862e-05 -0.00318808 0)
(5.31666e-05 -0.00328915 0)
(0.000175047 -0.00305254 0)
(0.00025692 -0.00103895 0)
(-0.000327123 -0.00128166 -1.28737e-16)
(-0.000292684 -0.000586842 0)
(-0.000120263 -0.000186957 -4.83987e-16)
(9.40883e-05 -0.000153533 0)
(6.11251e-05 -4.79801e-05 0)
(-7.22849e-05 -5.76398e-05 -1.13716e-17)
(-1.44287e-05 -1.2146e-05 -4.40546e-18)
(1.21987e-05 -1.01009e-05 4.40358e-18)
)
;
    }
    frontAndBackPlanes
    {
        type            empty;
    }
}


// ************************************************************************* //
