/*--------------------------------*- C++ -*----------------------------------*\
| =========                 |                                                 |
| \\      /  F ield         | OpenFOAM: The Open Source CFD Toolbox           |
|  \\    /   O peration     | Version:  2212                                  |
|   \\  /    A nd           | Website:  www.openfoam.com                      |
|    \\/     M anipulation  |                                                 |
\*---------------------------------------------------------------------------*/
FoamFile
{
    version     2.0;
    format      ascii;
    arch        "LSB;label=32;scalar=64";
    class       surfaceScalarField;
    location    "0.041";
    object      phi;
}
// * * * * * * * * * * * * * * * * * * * * * * * * * * * * * * * * * * * * * //

dimensions      [1 0 -1 0 0 0 0];

oriented        oriented;

internalField   nonuniform List<scalar> 
4475
(
3.49579e-07
1.14223e-05
-0.000193456
0.000185163
-4.47787e-05
2.71362e-05
2.28528e-05
-2.21392e-05
-0.000117615
0.000120864
2.37842e-05
-3.29599e-05
2.1149e-05
-0.000427389
2.10638e-05
0.000383093
-0.000153498
0.000110076
0.000144387
-0.00010104
5.26558e-05
-0.000130819
-8.7897e-05
0.000164267
8.32322e-05
-0.000134036
0.000231087
-0.000176281
-0.000129613
-3.23048e-06
0.000167272
-3.0873e-05
5.88991e-05
-0.000144632
-6.72845e-05
-0.000779397
-5.00942e-05
0.0001324
0.000697646
-0.000164676
0.000130873
-0.000744415
-0.000785847
0.000103947
-7.89117e-05
0.000762445
-0.000758331
2.63985e-05
-5.2496e-05
-0.000716839
1.05173e-05
-5.09993e-05
-0.000665086
6.80066e-06
-5.77388e-05
-0.000604967
3.4304e-06
-6.28435e-05
4.50511e-06
-0.000530001
-7.92607e-05
0.00054245
-3.6737e-05
-0.000483841
-2.16682e-05
0.000629108
-8.20132e-05
0.000691157
-5.87932e-05
0.000744012
-4.58725e-05
0.00078818
-3.32306e-05
0.000830597
-1.55833e-05
0.00093704
-1.92412e-06
0.00082825
-5.55397e-05
0.00078334
-5.20424e-06
0.000971777
8.34015e-05
-0.000271755
0.000876192
8.83446e-05
7.18256e-06
0.00031562
-0.000269515
4.09962e-05
-0.000471448
-9.53251e-05
0.000802516
9.06389e-05
-1.75014e-05
0.00072064
9.48469e-05
-1.37762e-05
0.000627544
9.73328e-05
-5.16326e-06
0.000525721
9.59218e-05
4.67439e-06
0.000420772
8.97262e-05
1.34267e-05
0.00031702
8.38291e-05
1.71968e-05
0.000220693
7.83686e-05
1.40562e-05
0.000135607
7.4648e-05
4.94471e-06
6.38298e-05
7.23558e-05
-6.9367e-06
4.03321e-06
7.08776e-05
-1.78137e-05
-4.44873e-05
6.95051e-05
-2.75916e-05
-8.50024e-05
6.94403e-05
-3.45198e-05
-0.00011795
7.11186e-05
-4.07662e-05
-0.000143947
7.61091e-05
-4.73098e-05
8.48417e-05
-0.000164328
-5.49274e-05
0.000133958
-0.000146701
0.00011098
0.000113203
0.000102779
8.3729e-05
0.000100233
4.61395e-05
0.000102465
3.81552e-07
0.00010886
-5.7293e-05
0.000121871
-0.000125938
0.000134595
-0.000208265
0.000151366
-0.000300649
0.000166618
-0.000399977
0.00018004
-0.000502475
0.000189792
-0.000599474
0.000191112
-0.000687383
0.00018401
-0.000762283
0.000168893
-0.000824199
0.000152167
-0.000893307
0.000158122
-0.000697993
0.000231755
-0.000426118
-0.000725618
0.000161109
-0.000677181
8.40268e-05
-0.000665772
9.12001e-06
-1.86796e-05
-0.000685202
-5.72809e-05
-0.000658282
-7.70924e-05
-0.000617285
-8.99453e-05
-0.000569038
-0.000104447
-0.000513507
-0.000117832
-0.000464421
-0.000128757
9.5602e-05
-6.40992e-05
-0.000178108
0.000123701
-0.000152686
0.000566426
-0.000176356
-0.000471645
0.000630268
-0.000122427
0.000684477
-0.000100161
0.000730549
-7.93975e-05
0.000776252
-6.14695e-05
0.000819007
-4.50403e-05
0.000798899
-3.58639e-05
0.000795819
-2.69867e-06
0.000839192
3.9583e-05
0.000805934
4.0034e-05
0.000742182
4.60022e-05
0.000664044
6.40781e-05
0.000574751
8.3831e-05
0.000478436
0.000100226
0.000379513
0.000111016
0.00028286
0.000111435
0.00019425
9.88053e-05
0.000116016
7.77132e-05
5.00085e-05
5.27385e-05
-5.29147e-06
3.0715e-05
-5.12731e-05
1.09684e-05
-9.07222e-05
-1.9568e-06
-0.000124653
-1.15732e-05
-0.000152913
-1.92551e-05
-0.00017587
-2.56109e-05
-4.08225e-05
-0.000437463
-5.14771e-06
-3.1545e-05
-0.000194725
-0.000119114
-0.000393117
-0.000416164
-0.000144355
0.000128762
-0.00012623
0.000146286
0.000123741
0.000132778
0.000109196
0.000126405
8.66892e-05
0.00012486
5.47873e-05
0.000130915
1.44028e-05
0.000142869
-3.38878e-05
0.000163228
-9.25973e-05
0.000186444
-0.000161508
0.0002141
-0.000240028
0.000240426
-0.000325722
0.000262026
-0.000412555
0.000273639
-0.000496585
0.000272716
-0.000572516
0.000258336
-0.000637704
0.000233173
-0.000687033
0.000201291
-0.000704898
0.000177112
-0.000636009
0.00016445
-0.000590977
0.000117973
-0.000561899
5.7476e-05
-0.000539578
-1.05165e-05
-0.000528103
-6.63295e-05
-0.000502133
-0.000101196
-0.000464979
-0.000126213
-0.000425169
-0.00014465
-0.000384368
-0.000159969
-0.000346538
-0.00016832
-0.000126618
-4.40591e-05
4.58848e-05
0.000119629
-2.5545e-05
-9.60463e-05
-5.10347e-07
-0.00014588
-5.11152e-05
0.000180313
1.53528e-05
2.47139e-05
0.000469178
-0.000151021
5.67434e-05
-0.000373401
0.000468492
-0.000174763
0.000512737
-0.000166371
0.00055685
-0.000144495
0.000598759
-0.000121875
0.000634446
-9.79195e-05
0.000660526
-7.1993e-05
0.000666079
-4.23183e-05
0.000666282
-3.74475e-06
0.000668788
3.65631e-05
0.000642621
6.58835e-05
0.000592561
9.61536e-05
0.000526099
0.000130789
0.000449621
0.00016053
0.000366836
0.000182779
0.000284224
0.000192637
0.000205836
0.000187473
0.000134145
0.000166521
7.23253e-05
0.000134026
1.92783e-05
9.93056e-05
-2.52202e-05
6.80467e-05
-6.5077e-05
4.27268e-05
-0.000100323
2.52438e-05
-0.000131889
1.30958e-05
-0.000159248
4.69021e-06
-0.000181874
-1.2396e-06
-0.000199654
-4.7445e-06
3.8165e-05
-0.000212848
-7.64677e-06
7.43068e-05
-0.000208682
0.000109506
-0.000186047
0.000139752
-0.000152957
-0.000144515
0.000182277
-3.77618e-05
-0.000116669
0.000162696
0.000131673
-5.85724e-05
-0.000193194
0.000221324
-0.000122139
-0.000214857
0.000121587
-0.000168804
-0.000367004
-0.000106318
4.81952e-05
0.000120407
-5.98214e-05
0.000192491
9.71228e-05
-0.000178203
-0.000483861
-7.31556e-05
0.000120382
-0.000317512
-0.000175261
4.56042e-05
-1.26205e-05
-0.000219313
8.73764e-05
-0.000218592
0.000124597
-0.000188814
0.000157128
-0.0001507
0.00018404
-0.000106247
8.74559e-05
0.000206109
-6.34312e-05
0.000101464
0.000175635
0.000112594
0.000161111
0.00011432
0.000149669
0.000108116
0.000143144
9.26087e-05
0.000144017
6.87871e-05
0.000152249
3.73551e-05
0.000167983
1.83478e-06
0.000191089
-4.18326e-05
0.000222331
-9.20892e-05
0.000257276
-0.000149105
0.000291747
-0.000211346
0.000319706
-0.000276027
0.000334477
-0.000339319
0.000332864
-0.000396213
0.00031315
-0.000443885
0.000279803
-0.000476831
0.000234217
-0.000484693
0.00018627
-0.00045934
0.000140995
-0.000428257
8.94186e-05
-0.000393397
2.57155e-05
-0.000367863
-3.30796e-05
-0.000345907
-8.57797e-05
-0.000318275
-0.000127098
-0.000287359
-0.000156565
-0.00025536
-0.000177323
-0.00022788
-0.000189209
-0.000191787
-0.000206934
-0.000154249
0.000105072
-0.000265259
0.00031721
3.44734e-05
0.000132788
-0.0001375
-2.96353e-05
0.000152594
-0.000125824
0.000116831
1.54075e-05
-0.000188749
0.000133865
7.30854e-05
-0.000178946
0.000125478
0.00012216
-0.00017882
0.000164756
-0.000185328
0.000146724
0.000206232
-0.000192406
0.000249788
-0.000198404
0.000157397
0.000299677
-0.000199187
0.000327402
-0.000201439
0.000356682
-0.000195357
0.000388312
-0.000176415
0.000418548
-0.000152947
0.000442493
-0.000123016
0.000458807
-8.95602e-05
0.000463463
-4.81056e-05
0.00046214
-3.24802e-06
0.000452232
4.61481e-05
0.000426288
9.18403e-05
0.000384516
0.000138486
0.000331967
0.000184079
0.000273813
0.00021937
0.000213057
0.000243772
0.000154966
0.000250018
0.0001017
0.000238591
5.50492e-05
0.000209287
1.4434e-05
0.000169237
-2.07225e-05
0.000128027
-5.29166e-05
9.2634e-05
-8.37292e-05
6.4882e-05
-0.000112869
4.53232e-05
-0.000140108
3.19655e-05
-0.000164367
2.27286e-05
-0.000184961
1.79603e-05
-0.000201027
1.60846e-05
-0.000211628
1.48555e-05
1.13131e-05
-0.00021529
2.16268e-06
-6.89594e-05
4.85632e-05
1.29208e-05
-8.91289e-05
0.000119191
8.4638e-05
-0.000101471
-5.1622e-05
5.71406e-05
0.000157418
-0.000379977
-0.00012498
0.000347961
9.14506e-05
5.04451e-05
-5.86981e-05
-8.38759e-05
0.000180574
-1.19859e-05
-0.000183538
-0.000304692
-0.000330977
2.93862e-05
0.000408721
6.58725e-05
-2.42798e-05
0.000217279
8.24194e-05
0.000180134
9.81344e-05
0.000170213
0.000108689
0.000158938
0.000108796
0.000154925
0.000100968
0.00015659
8.56944e-05
0.000165778
6.43518e-05
0.000182774
3.98749e-05
0.000206819
1.37244e-05
0.000239462
-1.47356e-05
0.000277367
-4.72362e-05
0.000316799
-8.28331e-05
0.0003492
-0.000121331
0.000367914
-0.00015984
0.000367202
-0.000196229
0.000346631
-0.00022622
0.000308247
-0.000247159
0.000254994
-0.000254271
0.000194561
-0.000244099
0.000132779
-0.000221905
6.99954e-05
-0.00019886
5.74813e-06
-0.000175473
-5.33927e-05
-0.000152791
-0.000105911
-0.000129479
-0.000148814
-0.000106082
-0.000179616
-8.39407e-05
-0.000200263
-6.69584e-05
-0.000208116
-5.44657e-05
-0.000206905
-0.000190574
-0.000194187
-9.9692e-05
2.03144e-05
0.000128455
-1.72506e-05
0.000270142
-0.000271415
2.49316e-05
-3.31018e-05
-0.000177913
2.79386e-05
-1.33888e-05
-0.000193494
1.66451e-05
-0.000204105
4.77971e-05
-0.000212196
7.80574e-05
-0.000219056
0.000107031
-0.000224561
0.000135802
-0.000225974
0.000158828
-0.000223291
0.000177724
-0.000214002
0.000197617
-0.000196736
0.000214215
-0.000170441
0.000227193
-0.00013732
0.000232824
-9.66756e-05
0.000232224
-4.87618e-05
0.00022509
3.13676e-06
0.000210875
6.0215e-05
0.000187598
0.000115422
0.000156333
0.000170596
0.000120833
0.000220541
8.32158e-05
0.00025779
4.90323e-05
0.000278234
1.87155e-05
0.000279687
-5.7967e-06
0.000261195
-2.53409e-05
0.000225186
-4.36891e-05
0.000182446
-6.29163e-05
0.000140824
-8.30597e-05
0.000105212
-0.000104754
7.78019e-05
-0.000126874
5.80011e-05
-0.000147728
4.38821e-05
-0.000166923
3.49544e-05
-0.000183189
3.10179e-05
-0.000194658
2.91404e-05
-0.000200771
2.83381e-05
-0.000198266
2.36852e-05
-4.58864e-06
1.47853e-05
-0.000185368
1.87256e-05
-0.000208616
5.77678e-05
-0.000222026
0.000106599
-0.00022711
0.00014022
-0.000186234
0.000155613
-0.000138299
0.000160057
-9.93077e-05
0.00016455
-6.9435e-05
-4.0089e-05
0.000173617
7.71541e-05
5.28835e-05
-5.49002e-05
2.5263e-05
-3.24602e-05
7.64373e-05
-7.83151e-05
-1.12296e-05
7.98052e-06
-8.30594e-06
1.08957e-05
0.000146477
-5.02938e-05
1.05347e-05
-0.000186857
0.000179035
-3.39086e-06
1.65112e-06
1.40841e-05
-5.37279e-05
-0.000194702
-0.000181264
-0.000199157
-8.28329e-05
5.08958e-05
-6.67922e-05
9.75101e-05
-7.40694e-05
0.000125712
0.000106756
5.4842e-05
-5.57172e-05
-0.000105346
0.00016699
0.000178666
-0.000113371
0.000120222
-0.000179311
-9.99577e-05
-0.000201542
-8.34229e-05
-0.000215726
-6.54019e-05
-0.00022587
-4.85125e-05
-0.000232295
-3.3459e-05
-0.000236738
-1.99741e-05
-0.000237453
-9.31724e-06
-0.000232835
-9.82078e-07
-0.00022208
5.11415e-06
-0.000203178
9.10685e-06
-0.000175497
9.38471e-06
-0.000139061
5.53399e-06
-9.42788e-05
-2.27302e-06
-4.25978e-05
-1.25874e-05
1.26845e-05
-2.50952e-05
7.25194e-05
-4.16537e-05
0.00013232
-5.99146e-05
0.000189578
-7.66672e-05
0.000238067
-8.96047e-05
0.000271288
-9.83327e-05
0.00028699
-0.000100918
0.000281431
-9.84081e-05
0.000256788
-9.63764e-05
0.000220012
-9.75741e-05
0.000178961
-0.000103094
0.000140199
-0.000112938
0.000107967
-0.000126129
8.26592e-05
-0.000140636
6.36354e-05
-0.000155544
5.06258e-05
-0.0001701
4.31433e-05
-0.000181358
3.90247e-05
-0.000189641
3.77627e-05
-0.000192827
3.61368e-05
-0.000188563
2.94603e-05
-0.000176413
1.92232e-05
-9.17964e-06
2.41061e-06
-0.000144204
-2.91437e-06
-0.000157776
2.8177e-05
-0.000199018
7.70887e-05
-0.00022616
0.000135175
-0.000237775
0.000193712
-0.000189167
0.000244423
-0.000125672
0.000272719
-6.42763e-05
0.000263154
-1.40382e-05
0.00024195
2.41243e-05
1.47585e-05
4.13009e-05
0.000214098
-1.36446e-06
0.000196843
5.09149e-05
0.000212452
6.58134e-05
0.000180014
8.87038e-05
0.000172836
0.000104079
0.000163661
0.000111665
0.000160104
0.000111055
0.000162513
0.000103548
0.000171867
9.19963e-05
0.000187464
7.83501e-05
0.000210679
6.59037e-05
0.000241344
5.53553e-05
0.000277815
4.66338e-05
0.000316493
3.75521e-05
0.000350586
2.63941e-05
0.00037253
1.30263e-05
0.000375053
4.47562e-09
0.000355755
-1.2468e-05
0.000318632
-2.28298e-05
0.000264817
-2.6825e-05
0.000199493
-2.21156e-05
0.000130035
-1.01334e-05
6.09857e-05
2.61924e-06
-4.19921e-06
1.92183e-05
-6.69356e-05
3.57565e-05
-0.000119827
5.16645e-05
-0.000163087
6.69105e-05
-0.000194517
7.92693e-05
-0.000213602
8.94509e-05
-0.000220545
-0.00021101
9.00174e-05
-9.70228e-05
2.51093e-06
0.000114352
-0.000178398
-6.03751e-05
-0.000232578
-0.000160512
0.000190896
0.000116106
-6.58961e-05
8.18628e-05
-0.000177943
0.000144424
-3.76753e-05
-0.000198778
-2.52918e-05
-7.15911e-06
-0.000198906
0.000264837
4.06919e-05
-0.000315963
-0.000158582
0.000162455
-0.000192742
-0.000148139
0.000187597
-0.000181749
-0.000184701
-0.000173122
-0.000204821
-0.000166605
-0.000217397
-0.000161792
-0.000226455
-0.000158087
-0.000232433
-0.000156441
-0.000235569
-0.000156262
-0.00023564
-0.000157958
-0.000230083
-0.000161875
-0.000217936
-0.000167792
-0.000197846
-0.000175509
-0.000168942
-0.000184643
-0.00013154
-0.000195415
-8.53428e-05
-0.000206479
-3.32203e-05
-0.000217673
2.28552e-05
-0.000227798
8.21161e-05
-0.000235966
0.000140488
-0.000240162
0.000194117
-0.000237475
0.000235763
-0.000227829
0.000261683
-0.000212237
0.00027092
-0.000192531
0.000260667
-0.000172088
0.00023468
-0.000155094
0.000200559
-0.000143919
0.000163923
-0.000139825
0.00013083
-0.000140833
0.000102888
-0.000145658
8.04072e-05
-0.00015321
6.38778e-05
-0.000162411
5.34015e-05
-0.000170732
4.67829e-05
-0.000178198
4.45039e-05
-0.000182746
4.31395e-05
-0.00018269
3.97545e-05
-0.000177502
3.15556e-05
-0.000167442
2.06524e-05
-0.000147879
3.77802e-07
1.98277e-05
-0.000136252
-1.3267e-05
3.37884e-05
-0.000130534
4.7417e-05
-0.000135173
6.75038e-05
-0.000176441
9.73899e-05
-0.00021328
0.000114389
-0.000221237
0.000105139
-0.000159396
8.78968e-05
-0.000102445
9.28329e-05
-6.12114e-05
0.00012622
-2.02441e-05
0.000164612
2.59225e-05
0.000209943
5.40353e-05
-4.52129e-05
4.49692e-05
0.000279896
-4.03546e-06
0.000194535
-1.27693e-05
0.000228232
3.81141e-05
0.000202354
5.24574e-05
0.00017802
7.97679e-05
0.000172196
0.00010108
0.000163033
0.000114711
0.000159632
0.000120969
0.000161757
0.000121645
0.000169859
0.000118018
0.000184096
0.000114075
0.000204166
0.000112988
0.000230966
0.000116364
0.000263024
0.00012478
0.000297633
0.000136428
0.000329484
0.00014865
0.000352135
0.000159955
0.000357408
0.000168178
0.000342619
0.000172285
0.00031146
0.000174506
0.000261281
0.000176229
0.000198227
0.000179902
0.000128117
0.000186102
5.71429e-05
0.000193048
-7.86284e-06
0.000200941
-7.17797e-05
0.000207096
-0.000123565
0.00021128
-0.000165895
0.000214857
-0.000198073
0.000216865
-0.000216984
0.000216459
-0.000222709
-0.000213473
0.000214965
8.51867e-05
-0.00019429
-8.05225e-05
3.43908e-05
-5.80132e-06
-8.37983e-05
9.0664e-05
3.0094e-06
1.67537e-05
-1.90384e-05
-3.27612e-06
7.60946e-05
-0.000174129
0.000213756
-1.3266e-05
7.51582e-05
0.000211633
-5.03578e-07
0.000193659
-3.21095e-06
-0.000110371
1.10653e-05
-0.000135407
5.71908e-05
-0.000104413
0.000103535
-5.90552e-05
-0.000165749
-2.99361e-05
0.000110049
0.00017195
-1.27356e-05
8.65802e-05
-8.09911e-05
-0.000107228
1.07578e-05
-1.1508e-05
-3.61295e-05
-2.9123e-05
2.72897e-05
-0.000176233
0.00015166
-0.000269431
0.000282192
-0.000282221
0.000324541
-0.000137221
0.000324532
-4.86458e-05
0.000281479
1.95547e-05
0.000210446
7.32262e-05
0.000155319
8.45573e-05
0.000139193
8.0485e-05
0.000138015
4.90759e-05
-5.33529e-05
0.000146644
4.30575e-05
-6.63895e-05
0.000351354
-3.27703e-05
0.000181362
-2.52877e-05
0.000259856
2.27285e-05
0.000189792
3.97188e-05
0.000176486
7.13418e-05
0.000168044
9.80147e-05
0.000158117
0.000116888
0.000154327
0.000129198
0.00015518
0.000136357
0.000161644
0.000140364
0.000173333
0.000143557
0.000190439
0.000150315
0.000212375
0.000162496
0.000238762
0.000181339
0.000267281
0.000206384
0.000293921
0.000235624
0.000313638
0.000263617
0.000321464
0.000287636
0.000312181
0.000308116
0.000286508
0.000323729
0.00024351
0.000334377
0.000187426
0.000341276
0.000122521
0.000345102
5.52941e-05
0.000346287
-5.98751e-06
0.000348939
-7.15687e-05
0.000344269
-0.000116791
0.000338239
-0.000158764
0.000329591
-0.000189567
0.000320732
-0.000209585
0.000313088
-0.000217747
-0.000213868
0.00030998
-0.000191251
0.000206936
5.92557e-05
-9.0153e-05
-9.6504e-05
-6.6275e-05
6.79612e-05
-0.000305067
1.1606e-05
-1.9609e-05
0.000311117
-8.12083e-05
2.31959e-05
6.91683e-05
-1.48023e-05
-0.000223734
-0.000191919
0.000236484
-0.000224173
-0.000199295
-0.000228577
-0.000208412
-0.000235072
-0.000215916
-0.000242448
-0.000221579
-0.000252114
-0.000223103
-0.000262606
-0.000223123
-0.000275449
-0.000216165
-0.000290022
-0.000203215
-0.000305783
-0.00018278
-0.000322016
-0.00015411
-0.000338068
-0.000117384
-0.000352172
-7.33833e-05
-0.00036412
-2.35346e-05
-0.000373197
3.03693e-05
-0.000377065
8.48583e-05
-0.000374897
0.000137603
-0.00036419
0.000182964
-0.000345445
0.000216645
-0.000319336
0.000235131
-0.000287586
0.000238498
-0.00025442
0.000226448
-0.000223784
0.000202748
-0.000198797
0.000173799
-0.000181398
0.000143796
-0.00016998
0.000115817
-0.000164329
9.28845e-05
-0.000162696
7.38206e-05
-0.000164376
6.06353e-05
-0.000166959
5.19537e-05
-0.000170653
4.79307e-05
-0.00017344
4.69932e-05
-0.000173974
4.55373e-05
-0.000173138
4.25694e-05
-0.000169676
3.38342e-05
-0.000163296
2.19947e-05
-0.000157581
7.5977e-06
-0.000144613
-1.69119e-05
-0.000146412
-5.50401e-05
-3.7535e-06
-6.22052e-05
5.73493e-05
-7.41461e-05
2.35254e-05
-8.1187e-05
1.32754e-05
-1.88983e-05
8.16854e-05
-2.35214e-05
-0.000149219
0.000154525
6.06366e-05
-0.000155123
-9.33337e-05
8.36303e-05
0.000133935
-0.00010138
0.000397252
-7.39171e-05
0.000180828
-4.78705e-05
0.000266577
2.11025e-06
0.000180131
2.5555e-05
0.000175366
6.25441e-05
0.00016054
9.38976e-05
0.000149179
0.000118123
0.000144386
0.000135592
0.000143998
0.000148461
0.000148284
0.000158119
0.000157571
0.000167234
0.000171288
0.000178967
0.000188994
0.000196067
0.000209533
0.00021991
0.000231539
0.000250618
0.000252036
0.000285708
0.000268076
0.000323135
0.00027532
0.000358898
0.000269106
0.000391128
0.000249312
0.000417447
0.000214344
0.000436541
0.000167542
0.000447895
0.000111589
0.00045264
5.19579e-05
0.000456138
-6.23515e-06
0.000449093
-6.20724e-05
0.000438497
-0.000104351
0.000425405
-0.000144652
0.000407567
-0.000171704
0.000387795
-0.000190843
0.000372292
-0.000204289
0.000367699
-0.000212328
-0.000191613
0.000305892
0.000141533
-8.41863e-05
-9.96732e-08
9.41019e-05
-4.96441e-05
8.60987e-05
-9.65422e-05
-0.00012483
0.000116426
-0.000113604
0.00011881
2.85571e-05
0.000123932
1.1391e-05
0.000132357
-0.000141189
0.00010037
-0.000199063
5.38964e-05
-0.000202655
1.86677e-06
-5.84291e-05
-3.72293e-05
4.72601e-05
-2.92753e-05
8.75462e-05
3.83264e-06
0.00011047
6.28383e-05
0.000102375
0.000147424
4.57899e-05
0.000246752
-8.46199e-06
0.000358233
-5.2438e-05
0.000478782
-6.25134e-05
1.62028e-05
-6.17728e-05
-4.73977e-05
-0.000203435
7.78791e-06
-0.000217792
1.56169e-05
-0.00023362
2.04514e-05
2.35356e-05
-0.00016902
0.000128643
0.000207046
-8.47138e-05
-7.42241e-05
9.70252e-05
-9.62992e-05
1.31196e-07
-9.93255e-08
5.012e-05
0.000356256
-0.000386251
-0.000238266
-0.000163744
0.000215065
-0.000255203
-0.000177814
-0.000270494
-0.000188968
-0.000285203
-0.000197442
-0.000301229
-0.000202228
-0.000317343
-0.000204242
-0.000336205
-0.000202264
-0.000356214
-0.000195067
-0.000377552
-0.000181766
-0.000399354
-0.000161801
-0.000420273
-0.00013486
-0.000438815
-0.000101181
-0.000453767
-6.12203e-05
-0.000464707
-1.57257e-05
-0.000469775
3.30613e-05
-0.000466926
8.01802e-05
-0.000455043
0.000124006
-0.000434067
0.000160545
-0.000404714
0.000186081
-0.000369421
0.000198722
-0.000330915
0.000198873
-0.000292985
0.000187592
-0.000259147
0.000168175
-0.000231171
0.000145084
-0.000209682
0.000121222
-0.000194238
9.89743e-05
-0.000183265
8.01085e-05
-0.000176481
6.49799e-05
-0.00017194
5.42887e-05
-0.000169461
4.83495e-05
-0.000167823
4.63878e-05
-0.000165423
4.63858e-05
-0.000164257
4.75547e-05
-0.000164761
4.72645e-05
-0.000167658
4.17469e-05
-0.000166184
2.54011e-05
-0.000183126
3.48947e-05
-0.000167292
-3.15073e-05
-0.000212191
7.6934e-06
-0.000163332
-0.000145337
-2.10532e-05
-8.23473e-05
1.71623e-05
-0.000156847
0.000184369
-0.000121745
0.000120709
5.35982e-06
-3.37859e-05
2.12483e-05
-6.339e-05
5.64647e-05
1.93472e-05
-6.0266e-05
8.03216e-05
2.11858e-05
-9.42137e-05
-4.1015e-05
5.96435e-06
3.20353e-05
0.000240692
-0.000139987
4.66929e-05
-0.000234996
0.000407238
0.000242608
0.000155134
-0.000189987
5.05945e-05
7.3248e-05
-5.53566e-05
-0.000168182
0.000245228
0.000172203
-0.000253181
1.40854e-05
7.17708e-05
-1.22158e-05
-8.23552e-05
-0.000186943
0.000116686
0.000433382
-0.000202142
0.000131005
-0.000159337
0.000368076
-0.00013367
0.00018081
-8.25352e-05
0.000249227
-3.57728e-05
0.00016816
5.8426e-06
0.000168064
5.09875e-05
0.00014883
8.79214e-05
0.000136203
0.000117422
0.000130459
0.000140208
0.000128615
0.000157757
0.000131362
0.000172159
0.000138187
0.000185513
0.000148779
0.000200845
0.000162487
0.000220338
0.000178077
0.00024535
0.000194447
0.00027576
0.000209859
0.000311509
0.00022143
0.000350897
0.000226519
0.000390663
0.000221799
0.000428489
0.000206061
0.000460734
0.000178519
0.000485608
0.000141161
0.000500986
9.61028e-05
0.000507928
4.66166e-05
0.000508362
-4.13517e-06
0.000502127
-5.36783e-05
0.000489076
-8.95319e-05
0.000472094
-0.000126508
0.000452602
-0.000151789
0.000431894
-0.000170462
0.000409488
-0.000182933
0.000380923
-0.000185523
-0.000189053
0.000332534
-1.22843e-05
-5.86419e-05
0.000191233
-0.000197159
2.03784e-05
-4.29391e-06
2.05728e-06
0.000195995
0.000141705
-3.50542e-05
-0.000264908
0.000169312
-0.000136609
9.10158e-05
-2.52865e-06
5.78163e-05
0.000106136
2.76891e-05
9.67356e-05
6.78302e-05
-0.000127711
0.000294567
-0.000369987
0.000470772
-0.000334381
0.000384567
4.53375e-05
0.000234071
0.000170864
0.000112313
0.000147626
5.73276e-05
0.000139672
4.93638e-05
7.54236e-05
4.90253e-05
-9.19297e-06
5.65288e-05
-0.0001164
5.50265e-05
-0.000198282
-6.90995e-05
-6.02936e-05
-0.000111784
0.000136748
-4.13111e-05
-0.000205239
2.25868e-05
-0.000216282
3.04711e-05
-0.000228051
3.65443e-05
-0.0002375
3.76004e-05
6.14527e-05
-0.000253181
-1.90348e-05
2.7108e-05
4.15689e-05
9.91168e-05
-0.000238324
-0.000129375
0.000219786
0.000152004
-0.000256772
-0.000141311
-0.000276821
-0.000153993
-0.000296965
-0.000165259
-0.000317244
-0.000173815
-0.000337273
-0.000179136
-0.000357982
-0.000180924
-0.000379735
-0.00017857
-0.000402465
-0.000171297
-0.000425663
-0.00015854
-0.000448532
-0.000139957
-0.000469949
-0.000115478
-0.000488703
-8.5384e-05
-0.000503459
-5.01003e-05
-0.000512509
-1.06523e-05
-0.000513566
3.05741e-05
-0.000505972
6.95981e-05
-0.000488896
0.000104239
-0.000462927
0.000132176
-0.000429975
0.00015111
-0.000392678
0.00015984
-0.000353999
0.000159037
-0.000317006
0.000149981
-0.000283945
0.000135104
-0.000255516
0.000117394
-0.000232144
9.87947e-05
-0.000213524
8.14922e-05
-0.000198688
6.64981e-05
-0.000187022
5.45435e-05
-0.000177767
4.63933e-05
-0.000169709
4.2248e-05
-0.000161803
4.15818e-05
-0.000155446
4.42249e-05
-0.000150434
4.73136e-05
-0.000148369
5.00912e-05
-0.000156912
5.54433e-05
-0.000155762
2.57683e-05
-0.000191716
8.0458e-05
-0.000169953
-6.00606e-05
-0.000248138
0.000101915
-0.000180765
-0.000218456
-0.000316562
0.000104781
-4.11228e-05
-3.23402e-05
7.68208e-06
-0.000135033
0.000278786
1.27713e-05
0.0001703
3.52134e-05
-6.20485e-05
1.28502e-05
8.79948e-06
1.32764e-05
1.24962e-05
4.75495e-06
1.72925e-05
-3.37222e-06
0.000163815
-0.000139924
8.54251e-05
-3.95546e-05
2.16173e-05
4.64148e-05
-5.21448e-05
-5.4839e-05
4.82044e-05
1.26488e-05
-9.612e-05
8.52955e-05
-6.30907e-05
6.50399e-05
0.000120263
-0.000119677
4.7922e-05
0.000279717
-8.96652e-05
-0.000382634
0.00011165
-6.20035e-05
-2.8828e-05
7.55193e-05
-8.64179e-05
8.22474e-05
-2.01593e-05
-2.39248e-05
-8.91946e-05
-0.000408627
-0.000163701
-0.00042841
-0.000166029
-0.00045087
-0.000160331
-0.000472415
-0.000148367
-0.000492797
-0.00013044
-0.000510135
-0.000107787
-0.000519158
-7.88047e-05
-0.000527902
-4.31195e-05
-0.000525931
-4.4399e-06
-0.000515513
3.72461e-05
-0.000496672
7.69085e-05
-0.000469392
0.000112016
-0.000435927
0.000141241
-0.00039857
0.00016274
-0.000360229
0.000175454
-0.000323355
0.00017986
-0.000290166
0.000177098
-0.000261512
0.000169318
-0.000237708
0.000158626
-0.000217706
0.000146555
-0.000200275
0.000134727
-0.000183655
0.000124463
-0.00016529
0.000116443
-0.00014323
0.000111526
-0.000115624
0.000110151
-8.03962e-05
0.000112758
-3.7173e-05
0.000119039
1.29755e-05
0.000130397
6.85696e-05
0.000150646
0.000121917
0.00015511
0.000186808
0.000218569
0.00021502
0.00017262
0.000274693
0.00030155
0.000252213
0.000120331
0.000209464
0.00034387
0.000184746
-9.425e-05
-2.55298e-05
-8.59242e-05
2.35625e-05
0.000310904
-0.000378995
-0.000229252
0.000250632
-0.000191997
0.000270569
-0.000138103
0.000342959
-4.48994e-05
0.00017982
0.00031336
6.9987e-05
0.000259692
0.000142465
-0.000145753
9.67833e-05
-0.000288254
0.000106785
-0.000295715
-0.000113732
0.000254723
-0.000443338
0.000499409
-0.00047714
0.000271074
-0.000357743
6.51568e-05
-0.000210957
-6.4207e-05
-9.71555e-05
-0.000118409
-1.51099e-05
-0.00021277
9.1602e-05
-0.00036744
0.000144645
-0.00022507
0.000167605
4.91345e-05
0.00025282
4.43229e-05
-7.14904e-05
-3.24746e-05
-7.86521e-05
0.000346159
1.74922e-05
-9.24133e-05
7.36464e-06
-2.60762e-05
-8.15728e-05
6.12087e-05
4.11831e-05
-2.1053e-05
7.03931e-05
-1.83858e-05
7.418e-05
-1.84618e-05
7.73477e-05
-8.31215e-05
-1.85002e-05
7.80764e-05
-8.72266e-05
-2.1704e-05
-9.13823e-05
-2.54994e-05
3.04549e-05
-3.45699e-05
-9.2647e-05
-0.000362048
0.000106903
-2.56057e-05
-7.95262e-05
7.69015e-05
2.24113e-05
-6.88536e-05
-0.000112644
7.60032e-05
-7.00924e-05
-8.33145e-05
7.91127e-05
6.06659e-05
-9.84262e-05
6.4285e-05
3.3026e-05
-9.02835e-05
4.20985e-05
2.93065e-05
2.98507e-05
2.44899e-05
-0.000124312
0.000143017
-8.84514e-05
-4.58007e-06
5.55657e-05
-1.36187e-05
9.14146e-06
-0.000201439
3.03132e-05
-0.00020685
3.90263e-05
-0.000210843
4.37659e-05
-0.000220022
5.01372e-05
6.15643e-05
-0.000216749
0.000142136
-0.000234367
-0.000156529
-8.50315e-05
4.17467e-05
0.000146582
-0.000102133
-0.000224575
-0.000103415
0.000128125
0.000203176
-0.000243788
-0.000106908
-0.000264664
-0.000117422
-0.000286918
-0.000128833
-0.0003095
-0.000139823
-0.000332266
-0.000148245
-0.000355193
-0.000153532
-0.000378082
-0.000155692
-0.000401122
-0.000153765
-0.000424314
-0.000147216
-0.000447175
-0.000135839
-0.000469191
-0.000119288
-0.000489358
-9.78504e-05
-0.000506436
-7.19191e-05
-0.000518996
-4.2007e-05
-0.000525229
-9.44528e-06
-0.000523467
2.37209e-05
-0.000513089
5.49998e-05
-0.000494291
8.18895e-05
-0.00046828
0.000102761
-0.000436744
0.000116795
-0.000402098
0.000123221
-0.000366961
0.000122739
-0.000333324
0.000116048
-0.000302506
0.000105281
-0.000274636
9.18697e-05
-0.00025078
7.783e-05
-0.000229984
6.43647e-05
-0.000212026
5.25712e-05
-0.000196198
4.29764e-05
-0.000182024
3.69079e-05
-0.000168385
3.40935e-05
-0.000155307
3.48048e-05
-0.000142854
3.84718e-05
-0.000132184
4.30797e-05
-0.0001221
4.50656e-05
-0.000125283
6.50695e-05
-0.000116596
1.43583e-05
-0.000133087
0.000107343
-0.000121099
-8.35505e-05
-0.000128617
0.000125644
-0.000114244
-0.000233853
-7.99439e-05
7.34231e-05
-5.83634e-05
-0.00036686
-0.000100811
-5.51254e-05
8.61384e-05
-0.00011636
-6.11496e-05
7.31601e-05
-6.88799e-05
-0.000129004
5.78555e-05
-2.98202e-05
-6.22222e-05
2.49131e-05
-0.000116278
6.75788e-05
-0.000114443
0.000247807
-3.0407e-05
-0.000127511
3.59929e-05
-8.77228e-05
-0.00011664
7.91158e-05
-3.30602e-05
-7.91522e-05
3.76344e-05
6.65152e-05
-3.83539e-05
4.22844e-05
7.35563e-05
2.8308e-05
-1.42672e-05
-4.93473e-05
9.77443e-05
-0.000116601
-8.51975e-05
4.33649e-05
6.49553e-05
-0.000108158
-8.99064e-05
7.96159e-05
-5.78765e-05
-2.21776e-05
1.6161e-05
9.42779e-05
-4.61773e-05
-8.88653e-05
2.01762e-05
9.6716e-05
1.4851e-05
0.000110433
7.79267e-05
-0.000132684
7.62309e-05
8.96778e-05
-2.71491e-05
8.35878e-05
-2.17347e-05
7.6454e-05
-1.70613e-05
-0.00040785
-0.000134908
-0.000433643
-0.000139028
-0.00045607
-0.000136489
-0.000476679
-0.000126228
-0.000494565
-0.000110968
-0.00051013
-9.05897e-05
-0.000519306
-6.80004e-05
-0.000523773
-3.71603e-05
-0.000519186
-7.98846e-06
-0.000506783
2.52132e-05
-0.000486292
5.56888e-05
-0.000460301
8.37843e-05
-0.000429204
0.000106011
-0.000395626
0.000122969
-0.000361484
0.000133172
-0.000328954
0.000137422
-0.000299572
0.000136491
-0.000273625
0.000131562
-0.000251001
0.000124216
-0.000231094
0.000115606
-0.000212728
0.000106736
-0.000193881
9.89476e-05
-0.000172326
9.30935e-05
-0.000146397
8.97406e-05
-0.000114295
8.9221e-05
-7.39126e-05
9.2027e-05
-2.5413e-05
9.83487e-05
3.04486e-05
0.000108004
9.62004e-05
0.000126899
0.000158732
0.000131846
0.000227249
0.000179167
0.000260078
0.000149386
0.000314708
0.000226852
0.000294813
0.000100198
0.000261693
0.000265721
0.000242464
-8.11063e-05
6.36809e-05
0.000377852
0.000186737
5.40391e-05
-0.000177228
0.000189061
4.99916e-05
0.000188895
4.61282e-05
0.000189788
4.05214e-05
0.000189968
3.28068e-05
0.000190327
2.28753e-05
6.22323e-05
-4.1205e-05
-7.89877e-05
-4.14422e-05
-9.6383e-05
0.000382128
-0.000443176
3.93226e-05
-0.000118362
-5.69178e-05
-0.000136059
3.0205e-05
-0.00010088
-2.69808e-05
-2.92751e-05
-8.82575e-05
-4.79687e-05
8.01661e-05
4.78999e-05
4.07177e-05
4.85623e-05
0.000437068
-0.000158257
7.92096e-05
-0.000357535
1.61747e-05
5.62973e-05
-1.39985e-05
2.4328e-05
-0.000125279
-1.24394e-06
-1.67825e-05
9.37787e-06
5.59349e-05
-5.20296e-05
8.1172e-05
-1.47808e-05
-8.60396e-05
7.24925e-06
0.000188518
-3.63703e-05
0.000159834
-0.000218813
2.00089e-06
-0.000305793
0.000118717
-0.000336121
7.60523e-05
-0.000100476
-5.32744e-05
0.000101966
2.80688e-05
0.000263035
6.75174e-05
0.000265059
0.000120999
-0.000184658
0.0003974
-0.000562759
0.00015309
-6.24885e-05
0.000156932
0.000230246
0.00034872
0.000270215
0.000272616
0.000258552
0.000102304
0.000177836
-4.73033e-05
1.43235e-05
6.23681e-06
-0.000317528
-1.63803e-05
-0.000453745
-0.000461118
-7.67048e-05
-0.000672002
-3.68533e-07
-0.000625576
1.55099e-05
-0.00048482
-5.80358e-05
-0.000467562
9.76392e-05
-2.06022e-05
6.1265e-05
-1.9112e-05
6.49082e-05
-1.71328e-05
6.81494e-05
-1.60605e-05
7.20676e-05
-1.55543e-05
7.29242e-05
-1.43552e-05
7.02353e-05
9.6599e-05
-2.87325e-05
-7.81697e-05
0.000304872
2.371e-05
-0.00012659
-8.12564e-05
-0.000144167
0.000109284
-0.000130249
-0.000105828
0.000236776
-0.000300881
-0.000107471
2.05215e-05
-0.000120598
0.000118189
-3.17512e-05
-8.73776e-05
-3.23322e-05
6.50736e-05
0.000113756
-4.2196e-05
9.19614e-05
-0.000109689
3.63786e-05
1.16505e-05
-8.68377e-05
-3.2953e-05
0.000215501
-9.73852e-05
3.27695e-06
-3.64811e-06
4.7825e-05
6.39439e-06
4.37986e-05
-1.96782e-05
-0.000143128
9.03558e-05
-4.77666e-05
0.000101862
-0.000177508
-6.11546e-05
9.7483e-05
-0.000207596
-7.09438e-05
-0.000231687
-8.04614e-05
-0.000255992
-9.09516e-05
-0.000280544
-0.00010218
-0.000305623
-0.000112625
-0.000331124
-0.000120568
-0.000356128
-0.000126357
-0.000380926
-0.000128937
-0.00040523
-0.000128044
-0.000428502
-0.000123309
-0.000450838
-0.000113998
-0.00047158
-0.000100365
-0.000489996
-8.26199e-05
-0.000504906
-6.14065e-05
-0.000514938
-3.73338e-05
-0.000519092
-1.1436e-05
-0.00051617
1.4512e-05
-0.000505468
3.86233e-05
-0.000487824
5.9433e-05
-0.000464267
7.53345e-05
-0.000436752
8.57561e-05
-0.000406838
9.09293e-05
-0.000376073
9.0817e-05
-0.000346435
8.63875e-05
-0.000317874
7.87457e-05
-0.000291368
6.90553e-05
-0.000267413
5.84124e-05
-0.000245343
4.7974e-05
-0.000224848
3.86117e-05
-0.000205755
3.12578e-05
-0.000186932
2.64191e-05
-0.000168336
2.465e-05
-0.000149777
2.58103e-05
-0.000131631
2.97073e-05
-0.000115088
3.44087e-05
-0.000101013
3.52156e-05
-9.13451e-05
6.2572e-05
-8.70034e-05
3.68819e-06
-7.07141e-05
9.96659e-05
-8.60463e-05
-7.81544e-05
-3.25955e-06
6.04476e-05
-1.27484e-05
-0.000208163
4.79948e-05
2.47646e-05
4.21336e-05
-0.000328233
0.000274923
-0.00011181
3.223e-05
-2.19484e-05
6.37083e-06
-1.79418e-05
-5.90089e-05
-4.38821e-05
5.93341e-05
3.56408e-05
-2.23422e-07
1.64081e-05
-0.000132552
-9.46596e-05
6.65759e-05
9.65629e-06
-5.80146e-05
4.16291e-05
-0.000137933
0.000141261
0.000241112
-0.000172817
-3.34738e-07
-0.000177258
0.000134612
-0.000119354
-5.33355e-05
3.87487e-05
0.000145398
4.40114e-05
0.000153058
4.31402e-05
0.000159192
4.09121e-05
0.00016418
3.67345e-05
0.00016797
3.06693e-05
0.000171174
2.19769e-05
0.00017115
1.00437e-05
-1.18583e-05
3.03819e-05
0.000172419
0.000161312
4.50024e-07
0.000195529
2.86604e-06
3.3697e-05
0.00011222
-7.32984e-05
5.81737e-05
-4.45378e-05
-0.000246672
0.000154286
-0.000146986
-0.000350713
-4.86027e-05
3.82588e-05
-0.000372126
-0.000101814
-0.000396406
-0.000108351
-0.000421532
-0.000111355
-0.00044515
-0.000110322
-0.000465824
-0.000103162
-0.000483618
-9.10334e-05
-0.000495981
-7.63729e-05
-0.000504996
-5.74715e-05
-0.000506548
-3.44793e-05
-0.000502327
-1.16908e-05
-0.000490056
1.26973e-05
-0.000471398
3.57473e-05
-0.000447159
5.68699e-05
-0.000419639
7.40783e-05
-0.000390197
8.71788e-05
-0.000360761
9.54755e-05
-0.00033279
9.94261e-05
-0.000307077
9.95175e-05
-0.000283968
9.67013e-05
-0.000262939
9.16803e-05
-0.000243447
8.57113e-05
-0.000224336
7.92726e-05
-0.000203728
7.34811e-05
-0.00017981
6.90322e-05
-0.000150911
6.64922e-05
-0.000115153
6.64712e-05
-7.05379e-05
6.90829e-05
-1.73355e-05
7.50174e-05
4.39099e-05
8.29213e-05
0.000115068
9.84732e-05
0.000181579
0.000102797
0.000249263
0.000134978
0.000285399
0.000113082
0.000333335
0.000160532
0.000329002
6.93081e-05
0.000350127
0.000165397
0.000338823
-8.28468e-05
0.000424858
0.000265469
0.000407108
-0.000455619
8.55551e-05
-2.26808e-05
7.50894e-05
-1.75944e-05
6.66722e-05
-1.46352e-05
5.87387e-05
-1.17265e-05
9.91218e-05
-5.25462e-06
1.63868e-05
9.42561e-05
7.27632e-05
-6.92868e-05
8.66752e-05
6.96333e-05
6.53041e-05
-6.32798e-05
4.56101e-05
7.02432e-05
5.33974e-05
4.87435e-05
-0.000202707
0.000272505
2.01107e-05
9.33952e-06
0.000325262
-4.00849e-05
0.000339982
4.79168e-05
-0.00014926
-6.76637e-05
-0.000157566
0.000120477
-0.000148456
-0.000114206
0.00017811
-7.61464e-05
-0.000172506
2.90512e-05
-0.000114686
-3.17142e-05
-9.4594e-05
7.12389e-05
0.000157011
8.51334e-05
0.0003178
-0.000196999
-8.44369e-05
-3.31248e-05
-7.71075e-05
-3.96234e-05
-9.56949e-05
3.12756e-05
-3.06062e-05
-7.65133e-05
-6.17174e-05
3.26395e-05
-4.64815e-05
7.82603e-05
4.37634e-05
3.59406e-05
-9.48985e-05
-3.34822e-05
0.00010546
0.000184246
-7.92974e-05
-0.00015293
7.14548e-05
-9.69376e-05
0.000216748
-7.3561e-05
5.572e-05
-0.000204254
-9.31169e-05
0.000125697
0.000109118
-0.000116181
4.04303e-05
-3.34726e-05
5.43921e-05
-6.57564e-05
-0.000129598
4.7002e-05
8.24394e-05
-1.18722e-05
1.08431e-05
4.59606e-05
-1.37383e-05
5.48429e-05
-1.47941e-05
5.92485e-05
-1.44408e-05
6.13886e-05
-1.36065e-05
6.41092e-05
-1.22141e-05
6.70232e-05
-1.1491e-05
6.82285e-05
-1.02414e-05
6.47829e-05
-8.38012e-06
5.2472e-05
-0.000165156
3.09522e-05
0.000269866
-6.76037e-05
2.93829e-06
4.79701e-05
6.22466e-05
-2.03862e-05
-0.000126876
3.71756e-05
-3.77488e-05
-2.2361e-05
2.69125e-05
2.00614e-05
-6.318e-05
0.000122484
-0.000138909
7.03628e-05
-0.000121856
-2.10969e-05
-0.000149882
-3.16432e-05
-0.000175287
-4.38219e-05
-0.000199636
-5.45077e-05
-0.000225321
-6.3806e-05
-0.000252998
-7.30981e-05
-0.000282003
-8.21566e-05
-0.000310739
-9.02568e-05
-0.000338983
-9.64596e-05
-0.000366278
-0.000100122
-0.000392326
-0.000100874
-0.000417046
-9.8313e-05
-0.000439759
-9.22398e-05
-0.000460294
-8.21999e-05
-0.000477863
-6.89254e-05
-0.00049166
-5.27883e-05
-0.0005009
-3.43582e-05
-0.000504806
-1.46597e-05
-0.000502184
4.67888e-06
-0.000493633
2.28014e-05
-0.000478713
3.85741e-05
-0.000458792
5.06769e-05
-0.000435352
5.8693e-05
-0.00040999
6.27058e-05
-0.000383563
6.31996e-05
-0.000357228
6.03652e-05
-0.000331586
5.5344e-05
-0.000306438
4.83731e-05
-0.000282536
4.04791e-05
-0.000259889
3.2585e-05
-0.000237819
2.53452e-05
-0.000215894
1.96163e-05
-0.000193779
1.59398e-05
-0.000171159
1.46099e-05
-0.000148072
1.56227e-05
-0.000125164
1.8803e-05
-0.000104058
2.28596e-05
-8.82761e-05
2.28121e-05
-6.40612e-05
4.51735e-05
-6.52349e-05
-1.76148e-06
-1.47582e-05
5.67046e-05
-3.35095e-05
-6.17366e-05
4.67459e-05
-1.13324e-06
3.63881e-05
-0.000160505
7.3962e-05
8.06857e-06
-6.1649e-05
-0.000160776
1.07565e-06
0.000167111
0.000115326
3.14884e-05
-0.000125714
0.000262167
-0.000236955
0.000181334
-8.99334e-05
0.000147774
-0.000240495
0.00017053
-0.000329962
0.000214734
-0.000116969
0.000218484
0.00013253
5.51686e-05
0.000472924
4.23535e-06
0.000378671
5.36208e-05
-0.000173931
2.57981e-05
-0.00051326
-8.36112e-06
1.06592e-05
-0.000346029
0.000505299
-0.000597832
0.000476547
-0.000545411
0.000218568
-0.000628399
0.000263405
-0.000555212
-7.55856e-05
-0.000418427
-0.000518441
-0.000287216
-0.000590882
-0.000309291
2.62051e-06
-0.000399818
0.000236189
-0.00019619
1.81601e-05
-1.70971e-05
-9.50421e-05
0.000185721
-9.60794e-05
0.000348029
0.000219829
-9.51222e-05
-0.000164218
-3.50601e-05
-9.25071e-05
1.51037e-05
-3.01536e-06
0.000151276
3.26704e-05
0.000156472
8.13738e-05
-5.2198e-05
7.7752e-05
-6.50216e-05
7.67451e-06
-3.07218e-05
2.79508e-05
1.06144e-05
-1.00689e-05
5.23495e-06
5.99987e-06
0.000269403
-0.000273788
0.000248475
0.000121353
0.000122484
8.45129e-05
3.17424e-05
9.73707e-05
3.0773e-05
0.000108657
3.14272e-05
0.000118294
3.09675e-05
0.000126275
2.88035e-05
0.000132649
2.49854e-05
0.000137152
1.89435e-05
0.000137975
1.13109e-05
0.000136433
4.92251e-06
0.000131523
4.41112e-06
-0.00012175
-1.81616e-06
2.42893e-05
0.000100014
-7.72661e-07
0.000137982
1.52306e-05
1.07651e-05
0.000349323
-0.000159562
-0.000105241
0.000120922
-0.000103174
0.000122225
9.0495e-05
-0.000141062
-8.01849e-05
2.05227e-05
-5.57847e-05
5.8239e-05
-2.91415e-05
-0.000104921
-5.99533e-05
8.64347e-05
-0.000128995
5.20596e-05
0.000210679
6.33697e-05
-6.48883e-05
-4.35004e-05
3.53354e-05
4.38192e-05
-4.95153e-05
4.50044e-05
-5.32525e-05
4.8955e-05
-5.64637e-05
5.23718e-05
-5.89315e-05
5.51405e-05
-5.97264e-05
5.71568e-05
5.23006e-05
-7.97532e-05
-5.01806e-05
-7.25318e-05
4.99187e-05
6.80339e-05
-6.05776e-05
3.39775e-06
0.000118195
8.39517e-05
-1.95541e-05
6.9549e-05
-1.48231e-05
5.71357e-05
-1.1739e-05
4.58304e-05
-9.48878e-06
3.64269e-05
-7.81281e-06
2.94661e-05
-5.91703e-06
-0.000210221
3.77457e-05
0.000235954
-5.06659e-05
2.13344e-06
-1.62225e-06
2.59595e-06
6.44403e-05
-3.44207e-06
-4.63588e-06
9.75646e-06
1.72301e-06
-8.83075e-06
-9.21968e-06
3.03962e-05
-1.09074e-05
4.5329e-05
-1.17384e-05
5.33837e-05
-1.15791e-05
5.67405e-05
-1.09792e-05
5.84166e-05
-9.76613e-06
6.03519e-05
-8.37653e-06
6.27057e-05
-6.9671e-06
6.36822e-05
-5.58969e-06
6.00953e-05
-4.52055e-06
4.79279e-05
-3.68563e-06
2.50386e-05
-1.58156e-05
2.96944e-05
-5.11747e-05
-0.000131531
4.73785e-05
0.00024637
-7.992e-05
0.000305736
7.89451e-06
-2.90233e-06
0.000155201
-8.27838e-06
-6.65445e-05
2.2422e-06
-8.11007e-05
-5.59508e-06
-9.8511e-05
-1.29853e-05
-0.000120014
-2.10634e-05
-0.000144857
-2.86484e-05
-0.000171571
-3.62211e-05
-0.000200664
-4.32322e-05
-0.000231302
-5.06204e-05
-0.000262966
-5.74924e-05
-0.000294715
-6.34498e-05
-0.00032572
-6.79366e-05
-0.000355512
-7.03246e-05
-0.000383551
-7.03637e-05
-0.000409526
-6.7627e-05
-0.000432376
-6.22809e-05
-0.000451857
-5.39308e-05
-0.000467339
-4.31925e-05
-0.000478211
-3.06097e-05
-0.000483866
-1.70329e-05
-0.000483765
-3.56788e-06
-0.000478323
9.06565e-06
-0.00046728
2.037e-05
-0.000451484
2.92145e-05
-0.000432206
3.52241e-05
-0.00041082
3.84242e-05
-0.000388019
3.91112e-05
-0.000364775
3.75707e-05
-0.000341423
3.42968e-05
-0.000318264
2.98089e-05
-0.00029509
2.43261e-05
-0.000272312
1.85065e-05
-0.000249455
1.30726e-05
-0.000225952
8.76886e-06
-0.0002016
5.97911e-06
-0.00017628
4.92706e-06
-0.000150181
5.48835e-06
-0.000124531
7.64831e-06
-0.000100212
1.05856e-05
-8.34762e-05
9.52073e-06
-5.37389e-05
2.15594e-05
-5.40284e-05
-5.21833e-06
2.67418e-06
9.74221e-06
-1.45998e-05
-4.00424e-05
5.66832e-05
-4.73794e-05
4.19197e-05
-0.000104461
7.72557e-05
-2.05561e-05
1.61758e-06
-4.19691e-05
-5.39378e-05
0.000110365
-0.000138504
0.000121874
-0.00038203
-0.000245745
0.000277668
-0.000948298
0.000361612
-0.00116245
4.6802e-06
-0.000290186
-0.000925605
-0.000265016
-0.000317677
-0.000527779
-0.000108783
-0.000466038
-0.000213679
-0.000359055
3.19755e-06
-3.82297e-05
0.000145687
0.000198297
0.000122776
0.000196079
-0.00021392
-0.000113947
-0.00026709
-0.000186454
2.95722e-05
7.99165e-05
0.000202675
0.000911449
-0.000391591
0.00111294
-2.94952e-05
0.00104546
0.000287672
0.000723685
0.000162001
2.38308e-06
5.79001e-05
-0.00075855
8.41838e-05
-0.000983825
0.000254382
-0.001156
0.00047872
-0.00109161
-0.00017167
-0.00059308
-0.000880325
-0.00105713
9.2728e-05
-0.00180197
0.0007554
-9.32389e-05
-0.00119909
-0.000744515
-0.000186895
0.000306363
-0.000418432
-0.000276795
-0.000351561
0.000190459
-0.000371263
-6.6198e-05
-0.000335943
8.75138e-05
-0.000332607
3.50196e-05
-0.000288374
9.78735e-05
-0.000252235
7.08283e-05
-0.000190297
9.01455e-05
-0.000123634
7.04556e-05
-5.04371e-05
6.75619e-05
1.42313e-05
5.59002e-05
7.11372e-05
5.00377e-05
0.000118857
4.51537e-05
0.000157234
4.31789e-05
0.000188281
4.3304e-05
0.000213863
4.52964e-05
0.000235365
4.85502e-05
0.00025453
5.26432e-05
0.000273242
5.70886e-05
0.000292345
6.12599e-05
0.00031287
6.43512e-05
0.000335072
6.58993e-05
0.000358876
6.53749e-05
0.000383868
6.19995e-05
0.000408868
5.55646e-05
0.000432273
4.59008e-05
0.000452688
3.33173e-05
0.000468264
1.83381e-05
0.000478646
1.52085e-06
0.000481562
-1.45667e-05
0.000479
-3.11617e-05
0.000469462
-4.65837e-05
0.000454831
-5.97979e-05
0.00043548
-6.91674e-05
0.000412265
-7.68911e-05
0.000384484
-7.90923e-05
0.000355236
-7.85108e-05
0.000323714
-7.33607e-05
0.000288643
-6.38188e-05
0.000294359
-5.21906e-05
0.000217514
-6.26462e-05
0.000139916
0.000214091
-4.26241e-05
-4.16208e-05
0.000145231
4.75046e-05
2.1932e-05
0.000181181
9.03798e-05
-3.62719e-05
1.68976e-05
-8.28952e-05
-0.000106342
2.47049e-05
3.30411e-05
-1.83897e-05
8.03802e-05
-9.91612e-05
8.30267e-05
-3.74327e-05
0.000305117
2.21594e-05
0.000355844
-5.63665e-05
-7.84549e-05
-0.000182602
5.72878e-05
-0.000182679
0.000204511
-7.93128e-05
-0.000186424
-0.000102016
-3.75857e-05
-9.86616e-05
3.75473e-05
-0.000120427
4.23931e-05
0.000147932
-0.000133346
4.40203e-05
0.000144454
2.79279e-05
7.6557e-05
-5.82567e-05
-7.46137e-05
-6.1757e-05
6.64753e-05
5.18662e-05
2.70446e-05
-5.29736e-05
7.24694e-05
-9.52942e-05
-3.81535e-05
8.90205e-05
-8.54474e-05
-5.14656e-05
4.16162e-05
-1.30921e-05
2.99926e-05
-2.96583e-05
0.000200573
-4.23594e-05
5.14758e-05
-6.17497e-05
3.15414e-05
-3.51545e-05
2.471e-05
0.000114174
-0.000105075
0.000129049
-0.000109227
-9.73795e-05
-0.000188374
0.000330008
-0.000102269
1.56127e-05
-0.000101427
6.0679e-06
-9.99285e-05
5.85934e-06
-9.64661e-05
9.46777e-06
-9.03966e-05
1.35927e-05
-8.2505e-05
1.67475e-05
-7.33905e-05
1.85559e-05
-6.31609e-05
1.9196e-05
-5.16264e-05
1.82992e-05
-3.83598e-05
1.61516e-05
1.21192e-05
-1.96545e-05
0.000100853
6.24457e-05
-9.7097e-05
-4.18989e-05
2.58282e-05
3.5768e-05
-5.59647e-05
2.21773e-05
3.65801e-05
2.21337e-05
3.79977e-05
2.113e-05
3.7467e-05
1.96965e-05
3.59467e-05
1.7444e-05
3.41982e-05
1.45691e-05
3.20357e-05
3.04625e-05
0.000112783
-0.000228969
-0.000101033
2.76166e-05
1.86035e-05
-4.04393e-05
2.09264e-05
1.36125e-05
1.52837e-05
1.0379e-05
8.64131e-06
0.000231628
-8.59535e-06
1.05165e-05
1.35372e-05
-0.000219727
6.73518e-05
-7.41388e-05
-7.97459e-05
0.000233895
-5.87285e-05
-0.000135378
5.26885e-05
1.40832e-05
-0.000157534
5.58356e-05
-1.16242e-05
4.27202e-05
-7.94776e-06
2.98031e-05
-5.417e-06
1.83435e-05
-4.16082e-06
8.77233e-06
-3.71352e-06
1.87682e-06
-3.46876e-06
-1.63897e-06
-3.88265e-06
8.87091e-05
-0.000202827
0.000195093
-5.33311e-05
1.32411e-05
4.54285e-05
-8.54869e-05
5.29036e-06
1.66492e-05
-8.58413e-05
6.65236e-06
-0.000103476
-1.63482e-06
1.44662e-05
-0.000135334
-1.23023e-05
-0.000161056
-1.7728e-05
-0.000198019
-2.45831e-05
-0.000220272
-2.71597e-05
-0.000247981
-3.22277e-05
-0.000279209
-3.77371e-05
-0.000311051
-4.21728e-05
-0.000341251
-4.4685e-05
-0.000369552
-4.50262e-05
-0.000393219
-4.27124e-05
-0.000412724
-3.83054e-05
-0.000426494
-3.16124e-05
-0.000433967
-2.32371e-05
-0.000434926
-1.3988e-05
-0.000430142
-4.53125e-06
-0.000419466
5.36783e-06
-0.000404234
1.45267e-05
-0.000385969
2.24971e-05
-0.000366139
2.88169e-05
-0.000346036
3.31383e-05
-0.000326729
3.5558e-05
-0.000308576
3.61195e-05
-0.000291382
3.52527e-05
-0.000274782
3.34605e-05
-0.000258138
3.08751e-05
-0.000240192
2.78703e-05
-0.000219342
2.52697e-05
-0.000194022
2.30805e-05
-0.000162648
2.13855e-05
-0.000123442
2.10819e-05
-7.46438e-05
2.21342e-05
-1.63205e-05
2.52808e-05
4.91128e-05
2.87038e-05
0.000122054
3.61429e-05
0.000185188
3.72471e-05
0.000236974
4.72955e-05
0.000270954
3.31964e-05
0.000305074
4.60557e-05
0.000307503
1.03083e-05
0.000336252
4.39473e-05
0.000318408
-4.06689e-05
0.000337281
0.00018602
9.95375e-05
-9.45351e-05
-0.000211418
0.000592197
-0.00151283
-0.00015466
6.9734e-05
-6.22045e-05
6.6708e-05
1.97819e-05
0.000115347
-0.000145695
-2.20258e-05
0.000365374
0.000158954
0.000489984
-6.90929e-07
-0.00039031
-3.99139e-05
-0.000669976
-1.31043e-05
-0.000739708
-3.80761e-06
-0.000877671
-9.8926e-06
-0.000789373
-6.86387e-06
-0.00053389
-7.62396e-06
-0.000281994
-7.33809e-06
-0.000370796
-1.13063e-05
-0.000535789
-9.04293e-06
-0.000437731
-2.53845e-07
-0.000171775
1.20572e-06
-0.000503408
-1.4047e-05
-0.000389573
-1.52443e-05
-5.6498e-05
4.19633e-05
-8.21358e-05
0.000170578
-0.000316877
0.000201937
-0.000493615
0.000213091
-0.000397355
0.000208226
9.02299e-06
0.000189054
-5.09918e-05
-2.51494e-06
-0.00076603
-5.36654e-05
-0.000529307
5.58518e-06
0.000317921
0.000132977
-0.000102128
-4.42079e-05
-0.00082827
-0.000105254
-5.51518e-06
1.29686e-05
-6.41712e-06
3.58051e-06
1.09753e-05
-9.46711e-06
3.19165e-05
-1.08392e-05
4.50883e-05
-1.06698e-05
5.16016e-05
-9.62658e-06
5.40493e-05
-8.07716e-06
5.52402e-05
-6.32944e-06
5.67466e-05
-4.31818e-06
5.8614e-05
-2.21856e-06
5.93469e-05
-3.2505e-07
5.58195e-05
1.30233e-06
4.38048e-05
1.19365e-06
2.2505e-05
-2.04625e-07
-3.01362e-06
-1.67164e-06
6.01442e-06
-1.00871e-05
5.66933e-06
-6.22703e-07
-1.36728e-05
2.99812e-06
1.99682e-06
-1.40146e-05
-2.56693e-05
6.23849e-06
2.69967e-05
-2.68409e-05
3.83589e-06
-3.2606e-05
1.04143e-06
-4.2759e-05
-1.75004e-06
-5.73527e-05
-5.47762e-06
-7.59779e-05
-9.35105e-06
-9.8457e-05
-1.33658e-05
-0.000124074
-1.73807e-05
-0.000152673
-2.16254e-05
-0.000183483
-2.59795e-05
-0.000215695
-3.02772e-05
-0.000248498
-3.41989e-05
-0.000281077
-3.72425e-05
-0.000312812
-3.89979e-05
-0.000342906
-3.92577e-05
-0.000370707
-3.78897e-05
-0.000395142
-3.46301e-05
-0.000415425
-2.95346e-05
-0.000431147
-2.28099e-05
-0.000441597
-1.54116e-05
-0.000446366
-7.79149e-06
-0.000445852
-5.18859e-07
-0.000439942
6.35054e-06
-0.000429128
1.19712e-05
-0.000414554
1.59773e-05
-0.00039742
1.81604e-05
-0.000378475
1.87872e-05
-0.000358558
1.81451e-05
-0.000338139
1.63708e-05
-0.000317357
1.36999e-05
-0.000296302
1.04919e-05
-0.000274619
6.70588e-06
-0.00025244
2.84377e-06
-0.000229246
-1.04312e-07
-0.000204565
-2.00865e-06
-0.000178605
-2.78791e-06
-0.000151704
-2.70529e-06
-0.000125945
-1.47246e-06
-0.000102257
1.12398e-06
-8.50974e-05
-3.23962e-06
-6.51276e-05
7.40267e-06
-5.90837e-05
-9.57451e-06
-2.90331e-05
-6.35125e-06
-4.18822e-05
-2.56438e-05
-2.64647e-05
-2.66251e-05
-2.98973e-05
-6.36679e-05
-9.78743e-05
4.00168e-05
-0.000101858
2.47527e-05
-0.000377498
0.000221409
-0.000542167
0.000459593
0.000114839
-0.000528085
7.58248e-05
-0.000127307
-0.000142384
4.90077e-05
3.15372e-05
0.000144164
-4.54231e-05
-9.80868e-05
4.77289e-05
-0.000125774
0.000221877
-7.46906e-05
-8.71616e-05
-0.00020602
-1.75181e-05
0.000266623
-1.8189e-05
0.000288699
1.82084e-05
-2.53847e-05
0.000118834
-1.13351e-05
8.45645e-05
1.70677e-06
1.50702e-06
2.96208e-06
-7.01389e-06
0.000104245
-4.46831e-06
1.28359e-05
6.11681e-06
-5.03427e-06
1.61342e-05
-6.97647e-06
1.76762e-05
-7.99001e-06
1.827e-05
-8.65975e-06
1.81292e-05
-9.44624e-06
1.76797e-05
-1.0162e-05
1.69803e-05
-1.08474e-05
1.60547e-05
1.47215e-05
1.554e-05
4.26952e-06
-1.7863e-05
-0.00044046
0.000493065
-3.94749e-06
1.2198e-05
-7.46538e-06
1.04046e-05
-1.16363e-05
8.45053e-06
6.30082e-06
8.4603e-06
3.74716e-06
-7.16814e-05
1.01851e-05
-6.88954e-05
5.77511e-06
-6.51199e-05
4.18787e-06
-5.93365e-05
4.81618e-06
-5.19738e-05
6.11528e-06
-4.35955e-05
7.06609e-06
-3.47846e-05
7.51111e-06
-2.58465e-05
7.51121e-06
-1.69557e-05
6.68668e-06
5.32497e-06
0.000289162
-0.00021595
-8.9762e-05
-0.000112887
0.000134134
3.23883e-05
-7.30566e-05
5.01012e-05
-1.30484e-05
1.04469e-05
1.10536e-05
-1.74866e-05
1.03141e-05
-1.7778e-05
-2.42761e-05
8.99796e-06
-3.56982e-05
6.71805e-06
-4.29421e-05
6.12262e-06
-5.29874e-05
3.12687e-06
-6.83305e-05
3.05469e-07
-8.47608e-05
-1.65304e-06
-0.00010378
-3.96532e-06
-0.000122072
-5.65842e-06
-0.000142002
-7.7782e-06
-0.000164969
-9.69858e-06
-0.000190498
-1.15148e-05
-0.00021762
-1.28864e-05
-0.000244777
-1.3982e-05
-0.000270164
-1.43521e-05
-0.000292646
-1.37958e-05
-0.000310873
-1.22219e-05
-0.000324115
-9.79949e-06
-0.000331946
-6.86311e-06
-0.000334617
-3.49621e-06
-0.000331866
-6.54946e-08
-0.000324743
3.48454e-06
-0.000314355
6.64586e-06
-0.000302045
9.2618e-06
-0.000289111
1.11309e-05
-0.000276505
1.21945e-05
-0.000264696
1.24707e-05
-0.000253456
1.20702e-05
-0.000242411
1.12724e-05
-0.000230931
1.00708e-05
-0.000218028
8.59736e-06
-0.000201582
7.07822e-06
-0.000180216
5.69439e-06
-0.000152703
4.46054e-06
-0.000117089
3.81836e-06
-7.1653e-05
3.77352e-06
-1.66319e-05
4.83158e-06
4.48415e-05
5.42464e-06
0.000112743
9.01435e-06
0.000168174
8.87097e-06
0.000208411
1.20509e-05
0.000233792
4.63998e-06
0.000253346
8.39335e-06
0.000254777
-6.08929e-06
0.000301628
3.74926e-06
0.000290222
-5.77224e-06
0.000417361
9.04806e-05
0.000221249
8.2659e-05
0.000383846
0.000395513
-0.000622189
0.000734579
-0.000131111
-0.00125259
4.50587e-05
-6.72619e-06
3.23965e-05
-3.76024e-06
2.02317e-05
-1.844e-06
8.76105e-06
-5.12748e-07
-9.91661e-07
-2.22592e-07
-9.49389e-06
-6.1587e-07
-1.59667e-05
-1.41918e-06
-1.99508e-05
-3.58345e-06
-1.98691e-05
0.000246529
-2.20759e-05
-0.000132681
5.51671e-05
9.16342e-05
7.55452e-06
-0.000143776
5.64081e-05
-5.6993e-05
-9.01851e-05
0.000223854
-5.78452e-05
2.34394e-06
-2.29012e-05
9.79263e-06
1.41404e-05
-2.64675e-05
5.6893e-06
-2.90879e-05
2.94029e-06
3.09569e-06
-2.36562e-05
-6.66328e-05
-8.80484e-06
-7.17255e-06
6.22801e-07
-1.083e-05
1.19885e-05
-1.15795e-05
3.17656e-05
-1.12307e-05
4.38058e-05
-9.95618e-06
4.93855e-05
-8.11597e-06
5.12409e-05
-5.84321e-06
5.20053e-05
-3.39018e-06
5.31946e-05
-9.1172e-07
5.48939e-05
1.70602e-06
5.54721e-05
4.47482e-06
5.1601e-05
6.12537e-06
4.06161e-05
6.53074e-06
2.04426e-05
3.40375e-06
-1.68824e-06
-1.68369e-05
-1.45752e-06
7.23617e-06
-5.93509e-06
5.81679e-06
1.57601e-05
-7.41574e-05
0.000135696
-3.55194e-06
1.7504e-06
2.40155e-05
0.000129683
3.38935e-05
-8.33756e-06
-5.35856e-06
3.09058e-06
-1.29212e-05
4.61772e-06
-1.30081e-05
4.46171e-06
-1.61623e-05
4.16773e-06
-1.94847e-05
4.53093e-06
-1.99248e-05
5.18351e-06
-2.16018e-05
5.39239e-06
-2.45574e-05
4.97612e-06
-2.53818e-05
4.86942e-06
-1.92864e-05
5.52573e-06
-1.53908e-05
6.39978e-06
-2.86618e-05
7.05726e-06
-4.35253e-05
4.05293e-06
-2.42783e-05
2.14969e-05
3.98143e-06
0.000142017
-4.06938e-07
0.000206332
-2.7606e-05
0.00023938
-2.18641e-05
0.000202233
1.81035e-05
0.00015069
1.74444e-05
3.79572e-06
-3.72467e-05
1.85069e-06
-3.01478e-05
-1.41926e-07
5.481e-06
9.45796e-05
-3.81699e-05
4.06718e-06
-0.000138214
7.49173e-07
-0.000250244
-1.80917e-05
3.97405e-06
3.47657e-06
5.51468e-06
2.61813e-06
5.41732e-06
1.93573e-06
3.24338e-06
1.42025e-06
-2.05329e-06
7.13585e-07
-1.07472e-05
-2.29546e-07
-2.29664e-05
-1.13095e-06
-3.84465e-05
-2.06474e-06
-5.68969e-05
-3.20378e-06
-7.79698e-05
-4.54719e-06
-0.000101496
-6.08406e-06
-0.00012721
-7.79242e-06
-0.000155079
-9.09127e-06
-0.000184545
-1.01434e-05
-0.000214835
-1.10024e-05
-0.000244997
-1.15177e-05
-0.000273658
-1.15632e-05
-0.000299375
-1.09998e-05
-0.000321177
-9.52686e-06
-0.000338484
-7.5082e-06
-0.000350759
-5.16215e-06
-0.000358043
-2.76468e-06
-0.000360059
-3.3751e-07
-0.000356824
1.78712e-06
-0.000349247
3.30191e-06
-0.000338561
4.10097e-06
-0.000325578
4.33207e-06
-0.00031101
4.0901e-06
-0.000295409
3.36757e-06
-0.000279138
2.20842e-06
-0.00026224
7.44649e-07
-0.0002445
-9.95e-07
-0.000225651
-2.92913e-06
-0.000205563
-4.55584e-06
-0.000183696
-5.584e-06
-0.000159974
-6.15873e-06
-0.000135379
-6.32877e-06
-0.000112272
-5.9107e-06
-9.19377e-05
-3.51756e-06
-7.8687e-05
-1.08394e-05
-6.83276e-05
2.23576e-06
-5.91986e-05
-1.35252e-05
-4.11558e-05
-2.27413e-06
-4.93893e-05
-1.88473e-05
-3.49054e-05
6.15187e-07
-3.8679e-05
-2.85071e-05
-8.1891e-05
6.81491e-05
-3.12438e-05
4.46766e-05
-0.000288141
0.000293736
-1.70365e-05
0.000347799
-0.000911652
0.000406467
-0.000116499
-0.00086243
-0.000185541
-3.88617e-06
6.23559e-05
2.0419e-05
-0.000120561
0.000263208
-0.0013
0.000234768
-0.000757275
-8.55509e-05
-7.43905e-05
-1.36686e-05
-0.000737422
-0.000410377
1.46285e-05
0.000627826
0.000902796
-0.000177466
-8.26311e-05
0.000141857
-0.000782022
0.000971095
-0.00128034
0.00151966
-0.00163322
0.00163953
-0.00164287
0.00166123
-0.00159759
0.00152631
-0.00134607
0.00105973
-0.000871976
0.000997889
-0.000580552
0.000209482
0.000140472
-0.000398484
9.02639e-05
1.47981e-05
0.000191838
-0.000309887
0.000244009
-0.00106215
5.83065e-05
-1.19668e-05
0.000141816
0.000774606
-0.000277248
0.000184436
-5.11609e-05
3.99974e-06
-6.39813e-06
-4.13403e-05
2.35674e-05
-3.8505e-05
3.2992e-05
-3.88219e-05
3.64717e-05
-5.08462e-05
6.39016e-05
-7.93267e-05
9.45605e-05
-0.000108031
0.000119883
-0.000130234
0.0001392
-0.000147149
0.000154122
-0.00016009
0.000164691
-0.000167524
0.000168127
-0.000166064
0.00016069
-0.000151345
0.00013883
-0.0001236
0.000106268
-8.78489e-05
6.93371e-05
-5.19066e-05
3.63642e-05
-2.31365e-05
1.21825e-05
-3.13334e-06
-4.22141e-06
9.94876e-06
-1.4426e-05
1.79248e-05
-2.03744e-05
2.16052e-05
-2.14801e-05
1.98745e-05
-1.72159e-05
1.42594e-05
-1.13467e-05
8.39765e-06
-6.78808e-06
5.1392e-06
-2.54712e-06
-1.07754e-06
5.41113e-06
-1.01327e-05
1.53736e-05
-2.09752e-05
2.66256e-05
-3.26408e-05
4.07521e-05
-5.25867e-05
3.8443e-05
-2.93334e-05
2.13773e-05
-1.3746e-05
6.78662e-06
-1.07769e-06
-4.5969e-06
9.99824e-06
2.55661e-06
3.92166e-06
4.66105e-06
-7.40595e-06
7.87107e-06
-6.48748e-06
4.14403e-06
-1.34363e-06
-1.33984e-06
3.98718e-06
-6.65743e-06
9.00552e-06
-1.07246e-05
1.16866e-05
-1.14386e-05
9.61583e-06
5.96989e-06
1.78047e-05
-1.95047e-05
-6.18555e-06
-2.52846e-06
-9.85649e-06
1.51372e-05
4.28485e-07
-1.63151e-05
1.64847e-05
-1.83373e-05
2.26656e-05
-1.95854e-05
1.79694e-05
-1.76444e-05
1.78032e-05
-1.85433e-05
1.91891e-05
-1.93886e-05
1.94424e-05
-1.91692e-05
1.81621e-05
-1.63823e-05
1.38829e-05
-1.06814e-05
6.56022e-06
-1.77973e-06
-3.3209e-06
7.95516e-06
-1.1629e-05
-1.04486e-05
1.47628e-05
-1.78191e-05
2.15216e-05
-2.3552e-05
2.60583e-05
-2.86545e-05
3.05319e-05
-3.2675e-05
3.48509e-05
-3.77829e-05
4.20411e-05
-4.80742e-05
5.6014e-05
-6.58887e-05
7.71359e-05
-8.88775e-05
0.000100023
-0.000109746
0.000117453
-0.000122749
0.000125617
-0.000126285
0.000125314
-0.000123521
0.000121661
-0.00012039
0.000119876
-0.000119719
0.000119587
-0.000118717
0.000116241
-0.000110535
0.000100492
-8.49896e-05
6.22693e-05
-3.08382e-05
-9.45023e-06
5.38886e-05
-0.000101456
0.000135719
-0.000152345
0.000152892
-0.000142499
0.000126532
-0.000141582
0.000173279
-0.000321963
0.00040068
-4.55823e-06
-1.77351e-06
-1.48564e-06
-6.34523e-05
-8.45464e-05
-1.59645e-06
0.000108355
7.96076e-05
-1.1015e-06
1.84264e-06
-2.10376e-07
-3.04285e-07
-4.2729e-08
-3.02361e-08
0.000123402
2.02512e-06
-0.000133094
0.000103354
-0.000373794
0.00012374
-3.35425e-05
-0.000118012
-8.06324e-05
-6.23201e-05
8.68036e-05
-3.15236e-05
-7.1649e-05
-5.88047e-05
-4.93087e-05
4.36405e-05
-2.08293e-05
-2.11804e-05
-3.35734e-05
-3.02116e-05
1.25081e-06
2.45463e-05
-5.37257e-05
0.000108754
)
;

boundaryField
{
    wall
    {
        type            calculated;
        value           uniform 0;
    }
    outlet
    {
        type            calculated;
        value           nonuniform List<scalar> 
33
(
4.44674e-09
3.69675e-09
4.05878e-09
4.33348e-09
4.10039e-09
4.2672e-09
4.1985e-09
4.12572e-09
4.12771e-09
4.13148e-09
4.10832e-09
4.22022e-09
4.16004e-09
4.1516e-09
4.27374e-09
3.71356e-09
3.9101e-09
3.63589e-09
3.61748e-09
3.70653e-09
3.66721e-09
3.66138e-09
3.66847e-09
3.71074e-09
3.5981e-09
3.89013e-09
3.7391e-09
3.9461e-09
3.60952e-09
3.53675e-09
3.33665e-09
2.12856e-09
2.05816e-09
)
;
    }
    inlet
    {
        type            calculated;
        value           nonuniform List<scalar> 
30
(
-1.29077e-05
-1.11159e-05
-1.32306e-05
-1.17689e-05
-3.18312e-06
-8.68894e-06
3.40657e-07
-1.13266e-05
3.87237e-05
2.03216e-05
5.2273e-05
4.88076e-05
5.02116e-05
5.17435e-05
4.85359e-05
4.90156e-05
4.2551e-05
4.73431e-05
1.34636e-05
3.17127e-05
-3.31286e-06
-7.8397e-06
-6.1274e-06
-2.30591e-06
-9.23153e-07
-1.34861e-06
-2.68567e-07
-1.86245e-07
-3.12851e-08
-4.40756e-08
)
;
    }
    frontAndBackPlanes
    {
        type            empty;
        value           nonuniform List<scalar> 0();
    }
}


// ************************************************************************* //
