/*--------------------------------*- C++ -*----------------------------------*\
| =========                 |                                                 |
| \\      /  F ield         | OpenFOAM: The Open Source CFD Toolbox           |
|  \\    /   O peration     | Version:  2212                                  |
|   \\  /    A nd           | Website:  www.openfoam.com                      |
|    \\/     M anipulation  |                                                 |
\*---------------------------------------------------------------------------*/
FoamFile
{
    version     2.0;
    format      ascii;
    arch        "LSB;label=32;scalar=64";
    class       volVectorField;
    location    "0.0333";
    object      U;
}
// * * * * * * * * * * * * * * * * * * * * * * * * * * * * * * * * * * * * * //

dimensions      [0 1 -1 0 0 0 0];

internalField   nonuniform List<vector> 
2308
(
(23.9634 -17.2124 -7.44313e-16)
(-3.96942 -5.08798 0)
(1.08697 -41.9734 6.17746e-17)
(-17.2356 -34.1374 -2.29459e-16)
(-1.79645 50.2228 0)
(-14.0614 48.2505 -2.12546e-19)
(15.8513 53.642 2.66377e-19)
(16.2393 42.4532 -3.33343e-16)
(2.88447 45.1173 6.17492e-16)
(4.68835 74.3263 -6.76997e-17)
(4.78757 80.8889 1.2164e-16)
(2.8866 89.3265 -1.83221e-16)
(2.4669 92.3402 9.07107e-17)
(1.22274 94.1788 -4.61584e-17)
(0.386378 94.9309 8.00046e-18)
(-0.637467 94.2453 6.79436e-17)
(-1.27905 92.5063 9.62577e-18)
(0.93038 92.6191 2.14376e-17)
(1.08493 94.8217 2.84831e-17)
(0.900084 96.7891 2.08388e-18)
(0.687621 96.9587 1.54115e-17)
(0.578409 96.1929 -4.44972e-17)
(0.119841 94.1136 5.72928e-17)
(0.612483 90.5512 -2.61604e-17)
(0.138275 84.2546 -1.11309e-16)
(-1.87225 76.6823 -5.23906e-17)
(0.836239 68.1236 2.62559e-17)
(0.526116 58.9333 -2.86138e-17)
(9.67196 63.4918 0)
(-1.77778 89.9234 -1.97503e-16)
(0.537287 49.0936 1.50279e-18)
(0.64468 39.7257 3.7945e-19)
(0.882582 31.3641 -6.40971e-18)
(1.11441 24.4859 5.95563e-18)
(1.24965 19.2751 -6.25499e-18)
(1.28366 15.5657 5.80059e-18)
(1.28451 12.9619 -2.86027e-18)
(1.33414 11.0691 2.81154e-18)
(1.48919 9.58475 -2.77512e-18)
(1.72175 8.30773 1.35136e-18)
(1.97672 7.28382 2.68168e-18)
(2.15808 6.39649 3.97428e-18)
(2.20613 6.09497 -7.83401e-18)
(2.08787 5.51671 5.14871e-18)
(2.02012 6.11931 2.52621e-18)
(3.66836 5.96234 -2.53943e-18)
(3.72077 5.47865 2.57267e-18)
(3.76377 6.1116 -3.91688e-18)
(3.68506 6.53027 -4.30271e-18)
(3.5736 7.44668 6.74052e-18)
(3.51252 8.41559 -1.36791e-18)
(3.61021 9.54369 2.7777e-18)
(3.91521 10.8342 6.9942e-19)
(4.45801 12.4852 -4.3e-18)
(5.22366 14.8025 -1.45487e-18)
(6.15369 18.1402 2.95512e-18)
(7.09089 22.8528 0)
(7.86288 29.1547 -3.77094e-19)
(8.38574 36.9155 -1.25567e-17)
(8.7888 45.7028 -4.37976e-17)
(9.06934 54.916 5.27445e-17)
(8.54726 62.8152 5.48147e-17)
(10.4017 67.2302 6.41401e-17)
(8.39512 73.4465 -1.05632e-20)
(7.53389 77.6177 7.33374e-17)
(5.53755 82.0221 -1.37635e-16)
(3.69773 84.894 -3.18913e-17)
(1.48689 86.0471 0)
(-0.751139 86.6923 0)
(-2.59372 86.101 0)
(-4.10403 84.7909 0)
(1.65172 4.53144 -1.24814e-18)
(3.41216 4.51071 1.25059e-18)
(3.52088 90.1395 -9.80641e-17)
(2.19847 91.5341 -1.96592e-18)
(0.842382 92.3219 7.61039e-18)
(-0.589691 91.6099 0)
(-2.02495 89.507 -1.42055e-17)
(-2.92154 86.6594 -1.37527e-17)
(-4.16835 80.3366 6.80356e-18)
(-6.02207 72.7648 2.69576e-17)
(-6.20136 65.049 0)
(-6.5389 56.1972 9.98546e-21)
(-6.91169 47.0638 4.81251e-20)
(-6.8264 38.2076 -6.13435e-18)
(-6.13132 30.2365 9.06978e-18)
(-5.02445 23.675 1.34976e-20)
(-3.82325 18.7188 -5.14878e-18)
(-2.77324 15.1756 0)
(-1.91795 12.6411 -7.15178e-19)
(-1.21003 10.7309 4.22998e-18)
(-0.580851 9.20779 -5.54642e-18)
(-0.0383173 7.9441 -1.18024e-20)
(0.373939 7.01842 5.379e-18)
(0.594557 6.2855 0)
(0.607267 6.16149 5.21594e-18)
(0.425951 5.65125 -1.99048e-21)
(0.323922 6.40868 -2.53207e-18)
(1.74765 89.137 -8.59105e-17)
(-0.184205 4.63179 -2.49008e-18)
(-1.62068 86.7069 8.74972e-17)
(-5.10221 82.9785 3.50233e-20)
(5.0296 4.45999 -2.50766e-18)
(5.2082 5.88668 3.17818e-18)
(5.24244 5.51618 0)
(5.2154 6.21947 -9.81828e-19)
(5.12409 6.6697 2.33592e-18)
(5.09354 7.50407 2.70139e-18)
(5.20815 8.29812 -2.75425e-18)
(5.57035 9.17084 0)
(6.22195 10.1502 -7.07643e-19)
(7.21511 11.4139 1.44014e-18)
(8.5774 13.2213 -1.42937e-21)
(10.2689 15.8563 -1.48433e-18)
(12.1173 19.6272 0)
(13.7917 24.744 2.28307e-18)
(14.9668 31.1463 -9.23951e-18)
(15.4848 38.3724 -6.2185e-18)
(15.412 45.7222 2.57801e-17)
(15.0147 52.3002 9.68048e-17)
(14.8232 56.5946 7.3803e-18)
(12.5896 61.1568 7.12176e-17)
(10.16 64.7448 -3.26399e-17)
(7.14389 68.6067 0)
(4.31324 70.8273 0)
(1.37225 71.6388 0)
(-1.75586 72.0627 1.13275e-16)
(-4.64743 71.6738 -1.32359e-16)
(-7.04141 70.8096 1.37209e-16)
(21.1343 29.972 -2.67893e-16)
(-20.9272 34.2384 0)
(-13.7753 53.942 0)
(-17.0241 44.8157 0)
(8.14316 76.5755 1.99053e-16)
(7.21852 78.7822 5.53809e-17)
(4.52478 80.1081 -6.28075e-20)
(1.69664 80.6851 -9.19562e-19)
(-1.18436 80.2028 9.05976e-19)
(-3.74551 78.3944 7.08747e-18)
(-5.9938 75.774 -1.38386e-17)
(-8.37731 70.0726 -1.27612e-20)
(-10.9636 63.1422 0)
(-12.4391 56.2457 2.93847e-17)
(-13.4463 48.4435 1.90443e-17)
(-13.9642 40.3963 -3.12279e-18)
(-13.6992 32.6787 3.07e-18)
(-12.4774 25.9147 0)
(-10.5227 20.5159 0)
(-8.33846 16.5136 -3.69013e-19)
(-6.34786 13.6283 0)
(-4.72122 11.4945 2.14925e-18)
(-3.4208 9.82725 3.68391e-21)
(-2.39568 8.4842 -1.38795e-18)
(-1.62253 7.40626 0)
(-1.1182 6.71346 -1.34853e-18)
(-0.883868 6.21939 1.98987e-18)
(-0.871218 6.30034 -3.26618e-18)
(-1.03586 5.86877 0)
(-1.08969 6.77065 -5.05917e-18)
(-1.58418 4.92685 1.24525e-18)
(-1.45693 7.44267 -2.57154e-21)
(-0.105607 6.90258 0)
(1.74187 6.73851 -6.1389e-19)
(3.42497 6.77279 -1.99257e-18)
(12.336 46.0263 2.91656e-16)
(4.88028 6.79613 1.54039e-19)
(24.7171 16.0855 -8.48389e-16)
(27.52 -1.68903 -1.96398e-16)
(-5.55139 81.3634 0)
(16.114 26.8961 2.86003e-16)
(3.16158 54.5714 -5.8294e-16)
(3.10394 85.4633 3.5703e-17)
(-8.79841 69.6602 -2.09056e-16)
(-2.76913 2.94205 -1.21023e-18)
(-1.05793 2.1181 -1.21e-18)
(1.18077 2.25835 -1.51175e-19)
(3.2249 2.56047 2.42417e-18)
(4.91803 2.66989 1.51588e-19)
(6.42625 1.83909 0)
(6.25612 6.54546 1.23627e-18)
(6.46508 4.2801 2.515e-18)
(6.56824 5.8869 -6.36442e-19)
(6.54669 5.65256 -2.59622e-18)
(6.47592 6.39026 -2.96434e-18)
(6.39076 6.80209 4.02208e-18)
(6.43877 7.46849 1.3587e-18)
(6.68272 8.02088 -2.7683e-18)
(7.21033 8.58017 2.1083e-18)
(8.07328 9.17472 -6.24452e-19)
(9.32705 9.96475 0)
(11.0323 11.1285 0)
(13.2215 12.8451 0)
(15.7685 15.3022 3.02465e-18)
(18.2948 18.7034 -1.54353e-18)
(20.243 23.1167 7.74508e-21)
(21.2259 28.2831 -1.27512e-17)
(21.1957 33.6476 0)
(20.4357 38.5876 -1.37148e-17)
(18.9992 42.0875 1.44598e-17)
(16.0972 45.1026 3.00385e-17)
(12.6259 47.806 1.55227e-17)
(8.62073 50.5691 6.26321e-17)
(4.70219 52.163 -6.27677e-17)
(0.853594 52.6467 0)
(-3.14468 52.7913 1.59269e-17)
(-6.97706 52.6123 -3.23188e-17)
(-10.323 52.511 -6.62453e-17)
(13.1368 65.4642 3.25815e-17)
(14.7005 -12.2093 0)
(-6.20489 52.4464 -5.48934e-19)
(22.2188 28.2667 3.67747e-16)
(21.2495 33.4561 -7.76402e-17)
(20.4302 40.2615 8.75305e-17)
(19.4315 45.8543 -1.62377e-17)
(17.6217 51.1216 3.20794e-17)
(15.3244 55.414 -1.5232e-17)
(12.5508 60.0208 0)
(9.53041 62.5329 -1.4526e-17)
(6.03999 63.5672 -1.456e-17)
(2.23872 63.9222 0)
(-1.57807 63.3248 0)
(-5.17766 61.6981 8.78875e-19)
(-8.71796 59.1715 -7.75659e-18)
(-12.0623 54.3283 0)
(-15.2679 48.4872 0)
(-17.5966 42.7852 -9.79803e-18)
(-19.1309 36.5063 -6.39405e-18)
(-19.7734 30.1449 1.25405e-17)
(-19.2626 24.2711 3.08407e-18)
(-17.4145 19.3901 7.62238e-19)
(-14.6433 15.7504 3.00981e-18)
(-11.6591 13.1339 -3.3334e-18)
(-8.98814 11.2213 0)
(-6.82303 9.72964 -1.43876e-18)
(-5.13074 8.49887 0)
(-3.85373 7.50364 0)
(-2.95683 6.75909 0)
(-2.41556 6.38806 -5.41752e-18)
(-2.16304 6.15971 0)
(-2.10699 6.40785 -2.94257e-18)
(-2.1794 6.02147 4.82696e-19)
(-2.10405 7.02662 9.97561e-18)
(-2.43154 5.06873 0)
(-2.19739 7.92076 -4.90038e-18)
(-3.58123 3.60432 7.51511e-20)
(-2.39256 -45.9857 0)
(21.1422 21.2708 4.66449e-16)
(-20.0818 -22.1071 8.19518e-16)
(-13.5897 -39.0656 0)
(7.13046 -44.1449 -2.71375e-16)
(27.3194 4.43642 9.73832e-16)
(-9.51708 69.2243 -1.08194e-18)
(8.03587 75.4115 6.91657e-17)
(7.89172 0.733482 -1.52622e-19)
(7.74746 6.21372 -1.24047e-18)
(7.71041 4.07979 1.26049e-18)
(7.73177 5.94924 0)
(7.60583 5.8526 0)
(7.49009 6.59204 1.65498e-19)
(7.40812 6.92514 -6.73783e-19)
(7.50476 7.37462 -2.39142e-18)
(7.80545 7.66469 1.73839e-19)
(8.3893 7.89407 -3.6324e-19)
(9.30247 8.09984 -4.38503e-19)
(10.6099 8.40109 1.99735e-18)
(12.4043 8.87973 1.80276e-19)
(14.7827 9.60424 -1.5015e-18)
(17.7029 10.6169 0)
(20.8345 12.0604 6.16985e-18)
(23.5063 14.1118 -9.78832e-21)
(25.0683 16.805 3.21193e-17)
(25.2375 19.797 -2.64101e-17)
(24.136 22.7136 0)
(22.0514 24.9608 2.82456e-17)
(18.5861 26.5769 -8.79697e-17)
(14.3315 28.1983 4.52524e-17)
(9.68202 29.6757 6.08113e-17)
(4.94388 30.6145 -1.84584e-20)
(0.174529 30.8372 -6.17648e-17)
(-4.49099 30.7709 6.26574e-17)
(-8.89426 30.7371 6.41262e-17)
(-12.7332 31.2023 -6.37617e-17)
(-13.119 52.6718 -1.33092e-16)
(11.1921 29.3453 -9.49355e-19)
(29.0486 -16.7252 -8.59679e-19)
(27.1716 15.5279 -6.49726e-17)
(26.1229 19.7063 -8.50158e-18)
(25.0081 24.5103 -2.49386e-17)
(23.5722 29.284 -8.07313e-18)
(21.5129 33.5665 0)
(18.9224 37.1676 1.5246e-17)
(15.6246 40.2414 -7.44112e-18)
(11.8101 42.241 -7.29584e-18)
(7.51458 43.0965 3.6707e-18)
(2.91367 43.2707 3.60928e-18)
(-1.73517 42.5763 7.11013e-18)
(-6.40535 41.1707 0)
(-10.9326 38.9587 6.8773e-18)
(-14.9573 35.0983 -6.66631e-18)
(-18.7708 30.7306 -1.03768e-19)
(-21.6154 26.5524 -1.96364e-17)
(-23.4106 22.1407 1.6125e-18)
(-23.9134 18.0581 -7.88937e-18)
(-22.8547 14.5489 0)
(-20.2904 12.0121 -2.48893e-18)
(-16.8907 10.4013 1.83984e-19)
(-13.4638 9.29149 3.3458e-18)
(-10.4874 8.42767 0)
(-8.09782 7.65992 0)
(-6.25475 6.9655 -8.91621e-20)
(-4.90648 6.42568 -2.71565e-18)
(-3.99706 6.09735 2.76216e-18)
(-3.46368 6.06943 3.39838e-18)
(-3.19783 6.09218 -6.67025e-19)
(-3.07429 6.46101 1.96885e-18)
(-3.02918 6.08593 -6.45732e-19)
(-2.85016 7.15656 -5.08007e-18)
(-2.99225 5.15756 4.99353e-18)
(-2.70052 8.38104 1.10372e-17)
(-4.01101 4.30679 4.81105e-18)
(-3.50217 11.1096 0)
(-3.3975 9.96168 -2.44219e-18)
(-2.76738 8.48803 2.28955e-21)
(-1.16389 6.81051 2.67648e-18)
(0.831831 7.17769 8.92132e-19)
(2.53023 8.03446 -1.19083e-18)
(3.95861 9.07545 2.38708e-18)
(5.26959 8.78823 -2.38508e-18)
(7.24962 8.12307 -1.19841e-18)
(-17.2846 -25.2332 -3.10134e-16)
(-7.53766 -42.3002 -7.84193e-17)
(4.00021 -4.21947 -1.61418e-16)
(23.2548 10.6259 -4.76331e-16)
(22.9841 -10.8211 -2.47548e-16)
(-6.08115 -16.5568 9.78587e-17)
(-15.9564 32.4346 0)
(-14.5528 53.2034 2.65789e-16)
(14.2035 20.8647 7.0558e-16)
(20.6637 11.7918 2.88586e-16)
(16.016 -4.35425 -3.02232e-16)
(-1.96738 59.6102 5.90848e-16)
(28.2082 2.67768 0)
(28.0385 5.53936 8.34536e-18)
(27.3228 8.57321 -2.02711e-18)
(26.0332 11.762 -3.76201e-17)
(24.0419 14.7156 7.77452e-18)
(21.2437 17.1236 0)
(17.6466 18.9962 -5.51846e-21)
(13.3877 20.2404 -1.83423e-18)
(8.57747 20.7943 0)
(3.40016 20.6604 -3.57694e-18)
(-1.92867 19.9233 -3.52859e-18)
(-7.45109 18.8824 0)
(-12.5887 17.2586 8.59117e-19)
(-17.1383 14.7074 -8.58832e-19)
(-21.3404 12.0872 8.35796e-19)
(-24.3377 9.74617 1.22922e-17)
(-25.9309 7.60241 0)
(-25.8593 5.92524 1.58385e-18)
(-24.2506 5.18923 -7.79789e-19)
(-20.9592 5.11184 1.92478e-19)
(-17.2738 5.38372 5.69839e-19)
(-13.8239 5.59812 -3.36662e-18)
(-10.9207 5.66222 0)
(-8.60109 5.57528 7.26018e-19)
(-6.82415 5.43234 1.43141e-18)
(-5.54459 5.38382 1.41073e-18)
(-4.70161 5.47717 -5.95151e-22)
(-4.20545 5.7674 -6.81417e-19)
(-3.93098 5.99441 -2.01003e-18)
(-3.74028 6.43445 -1.31888e-18)
(-3.59088 6.05055 -1.29563e-18)
(-3.37369 7.17903 0)
(-3.36168 5.13403 -5.00498e-18)
(-2.93214 8.86803 -4.91615e-18)
(-4.12353 4.79395 -3.62083e-18)
(-2.52609 12.2842 -6.5013e-18)
(-5.03733 6.10571 2.90698e-18)
(-5.8477 4.43613 -2.32186e-18)
(-5.46352 1.84214 0)
(-4.71029 -1.06556 1.173e-18)
(-2.70741 -3.32942 1.15973e-18)
(-0.844276 -3.17425 -2.34292e-18)
(1.90203 -2.43341 2.35792e-18)
(4.83291 -1.55249 1.20309e-20)
(6.64963 -3.22525 -1.18879e-18)
(8.70306 -5.22168 3.54406e-18)
(9.67747 -5.81347 -3.55295e-18)
(9.41211 7.96458 5.9925e-19)
(8.95266 0.41186 -4.60396e-19)
(9.0612 6.16458 9.32296e-19)
(8.64451 4.23636 -3.15552e-18)
(8.63065 6.16431 1.2048e-18)
(8.36538 6.16643 0)
(8.20705 6.83162 1.65837e-19)
(8.11226 7.05823 2.36531e-18)
(8.20439 7.28709 -3.43404e-19)
(8.48268 7.32123 8.69955e-19)
(9.01455 7.24431 -4.48538e-22)
(9.84551 7.09052 3.61966e-19)
(11.0456 6.92476 -1.82423e-19)
(12.725 6.74901 1.29344e-18)
(15.0094 6.55227 -4.50709e-18)
(17.9313 6.25089 1.05457e-20)
(21.2812 5.89092 3.10919e-18)
(24.5286 5.62534 -3.15539e-18)
(26.7167 5.69502 -2.56985e-17)
(27.2655 6.21462 2.63554e-17)
(26.382 6.92771 0)
(24.0643 7.34317 -5.5724e-17)
(20.3885 7.54418 4.27672e-17)
(15.7081 7.87672 -4.40601e-17)
(10.5791 7.97644 0)
(5.20673 8.18881 0)
(-0.340067 8.21127 0)
(-5.41123 8.14438 -7.65411e-18)
(-10.1136 8.31092 1.53203e-20)
(-14.3425 9.38156 1.25288e-16)
(6.4742 28.2432 -3.17386e-16)
(-17.9624 34.2301 1.35203e-16)
(-14.9751 53.7316 -1.25917e-16)
(14.8409 59.1688 1.64888e-17)
(17.1337 12.2144 3.41947e-16)
(22.8897 2.6115 2.9136e-16)
(25.1732 0.80324 3.09195e-19)
(27.2958 -2.6868 -2.97291e-16)
(28.0493 -23.4354 -2.05439e-16)
(29.5925 1.84149 -2.01698e-16)
(29.2726 -10.1479 7.25661e-17)
(29.0924 -8.888 -1.6953e-17)
(28.9622 -7.70175 -3.26409e-17)
(28.3414 -6.10124 0)
(27.1013 -4.58088 3.13871e-17)
(25.1073 -3.16738 0)
(22.2321 -2.12385 0)
(18.5435 -1.43211 7.42377e-18)
(14.1647 -0.978716 1.83008e-18)
(9.11709 -0.952496 0)
(3.61868 -1.35315 3.56781e-18)
(-1.96758 -1.94829 -6.15216e-21)
(-7.81918 -2.49213 7.11955e-21)
(-13.2495 -3.31141 3.43526e-18)
(-18.0548 -4.33858 3.78749e-18)
(-22.1548 -5.0752 -3.75328e-18)
(-24.7607 -5.37474 -6.75248e-18)
(-25.8537 -4.94332 2.01066e-19)
(-25.1751 -3.89136 -1.19422e-18)
(-22.8924 -2.25944 3.89424e-19)
(-19.6463 -0.422442 1.54613e-18)
(-16.2303 1.19938 -1.14209e-18)
(-13.1298 2.40257 1.50225e-18)
(-10.5355 3.20051 2.84096e-21)
(-8.47777 3.68461 -3.64088e-18)
(-6.91437 4.04985 1.43373e-18)
(-5.7983 4.45864 1.41349e-18)
(-5.0712 4.92647 -2.08291e-18)
(-4.63311 5.48607 2.73155e-18)
(-4.36941 5.87299 2.69331e-18)
(-4.15642 6.35447 0)
(-3.95935 5.99513 7.7955e-18)
(-3.80711 7.19987 1.27822e-18)
(-3.69288 5.10682 1.25312e-18)
(-3.24625 9.40815 0)
(-4.05538 4.78508 0)
(-1.46305 13.2931 3.55906e-18)
(-3.638 5.12054 -2.94595e-22)
(5.4957 18.5259 -5.69376e-19)
(0.0764609 17.3923 5.68471e-19)
(-5.57405 15.1292 0)
(-7.21938 13.0356 0)
(-6.43215 9.33019 -5.74231e-19)
(-4.71942 5.22268 1.71174e-18)
(-3.15349 5.43634 0)
(-0.543316 6.68115 -1.14155e-18)
(1.83256 10.8494 -1.14036e-18)
(4.0732 11.3623 2.27052e-18)
(7.18772 10.5822 -1.14124e-18)
(9.5129 11.8384 3.46472e-18)
(11.0435 12.8442 5.63055e-19)
(9.64157 -5.01367 5.97568e-19)
(11.1311 8.05848 1.20643e-18)
(9.51243 0.827805 0)
(10.0216 6.29142 -4.67942e-19)
(9.17961 4.70666 -1.19073e-19)
(9.1261 6.49916 7.26365e-19)
(8.74259 6.56947 -1.64223e-19)
(8.54707 7.12237 -3.33866e-19)
(8.41496 7.23752 -2.70333e-18)
(8.45127 7.25691 6.86643e-19)
(8.65106 7.06885 -1.74555e-18)
(9.06649 6.72763 8.87519e-19)
(9.73346 6.24942 -3.60167e-19)
(10.7444 5.66442 0)
(12.1978 4.91001 0)
(14.2205 3.92774 0)
(16.892 2.59103 -1.52959e-18)
(20.0183 0.876611 0)
(23.197 -1.14752 1.3685e-20)
(25.8051 -3.29884 1.28805e-17)
(27.0325 -5.3292 -6.52471e-18)
(26.6274 -7.08987 1.34706e-17)
(24.7011 -8.6806 4.13229e-17)
(21.1184 -9.93989 -5.05998e-20)
(16.4408 -10.9148 -1.43735e-17)
(11.0729 -11.8322 -2.89961e-17)
(5.36263 -12.2027 5.83609e-17)
(-0.528297 -12.5882 -2.96489e-17)
(-5.85485 -12.7083 -3.08402e-21)
(-10.6218 -12.1897 1.51228e-17)
(-14.9103 -10.474 1.97528e-19)
(-18.0893 11.0968 -1.91915e-16)
(9.96558 20.3171 -3.29427e-16)
(1.48394 25.1989 6.20184e-16)
(-6.65785 -13.5284 0)
(-20.7888 13.8492 -1.33121e-16)
(29.1561 -14.98 5.32514e-16)
(28.4403 -11.0698 -2.8683e-16)
(26.9211 -7.76311 -5.54096e-16)
(-14.1513 53.4647 -4.29222e-17)
(17.4836 45.6356 -4.20908e-17)
(10.1803 69.0245 -1.6521e-17)
(-18.7753 35.9169 4.92948e-19)
(19.8868 4.23232 -3.37842e-16)
(24.6692 -5.52253 2.81053e-16)
(-0.494515 3.96874 -5.61378e-19)
(-3.53837 9.19416 -5.60344e-19)
(-6.21959 4.98909 0)
(-7.15858 -2.9114 -5.61426e-19)
(-7.82625 -7.80025 5.63669e-19)
(-6.19799 -8.25623 -5.50672e-19)
(-4.97316 -8.30482 5.53332e-19)
(-0.531552 -9.32166 1.12754e-18)
(5.5416 -9.15369 -1.13496e-18)
(8.09976 -11.8394 2.27309e-18)
(8.77639 -13.3989 -3.43702e-18)
(8.1916 -13.0896 0)
(6.44722 -11.4891 7.85299e-21)
(5.35411 -10.9944 0)
(11.7918 13.2595 -3.48619e-18)
(9.12734 -3.37656 1.18509e-18)
(11.8776 8.30016 0)
(9.62923 2.03872 0)
(10.3439 6.62175 3.12386e-19)
(9.28719 5.4462 -3.97913e-20)
(9.17582 6.94748 0)
(8.71639 7.05233 -1.63936e-19)
(8.4865 7.44982 1.66775e-19)
(8.31566 7.46358 6.78243e-19)
(8.26948 7.31356 3.43579e-19)
(8.35392 6.95032 6.9855e-19)
(8.6096 6.38343 -1.99632e-21)
(9.09363 5.6134 -1.44367e-18)
(9.90129 4.64061 3.68497e-19)
(11.1079 3.38874 1.48797e-18)
(12.8433 1.74626 3.74025e-19)
(15.0981 -0.311612 -7.67556e-19)
(17.6976 -2.81486 1.55266e-18)
(20.4455 -5.89413 -4.74111e-18)
(22.9024 -9.48406 -6.40634e-18)
(24.3703 -13.3291 3.28473e-18)
(24.4411 -16.9154 -6.67314e-18)
(23.0308 -20.3958 0)
(19.9517 -23.2646 -2.08387e-17)
(15.7338 -25.6667 4.27507e-17)
(10.7804 -27.5614 0)
(5.32231 -28.6315 0)
(-0.269215 -29.3357 0)
(-5.67978 -29.4986 1.10343e-17)
(-10.3509 -28.719 -1.5657e-20)
(-14.4084 -26.2775 -2.73825e-19)
(-18.7589 -8.16587 -1.24232e-16)
(-10.4825 43.2999 -3.13481e-16)
(13.2467 12.3332 -1.31124e-20)
(-15.5529 -31.0351 2.52384e-16)
(3.85988 -46.0273 0)
(28.5673 -18.4922 -1.55803e-17)
(28.5889 -18.3536 0)
(28.0436 -18.1098 0)
(26.8513 -17.9712 7.72956e-18)
(24.9257 -17.9596 -1.5322e-17)
(22.1559 -18.1652 0)
(18.5866 -18.5156 7.4419e-18)
(14.2946 -18.7414 0)
(9.24296 -19.2501 -1.81009e-18)
(3.85572 -19.9463 1.7757e-18)
(-1.59411 -20.2408 -8.81275e-18)
(-7.25927 -19.9868 8.67527e-21)
(-12.5389 -19.7416 -3.41806e-18)
(-17.0538 -19.1911 6.76292e-18)
(-20.5149 -17.9924 4.99542e-18)
(-22.5334 -16.0998 -4.92998e-18)
(-23.0108 -13.5736 0)
(-22.0084 -10.4893 3.65597e-21)
(-19.8063 -7.27845 -2.35706e-18)
(-17.058 -4.35139 0)
(-14.294 -1.99404 0)
(-11.7899 -0.215132 7.53633e-19)
(-9.65306 1.10744 2.22684e-18)
(-7.91738 2.08829 -1.46499e-18)
(-6.62991 2.89491 1.43504e-18)
(-5.72288 3.68495 -2.82927e-18)
(-5.13799 4.46256 -6.97323e-19)
(-4.7697 5.23551 -5.49201e-18)
(-4.54929 5.74395 2.69683e-18)
(-4.37037 6.26238 0)
(-4.19001 5.99414 -5.20978e-18)
(-4.16744 7.29063 -2.55588e-18)
(-3.96977 5.27737 0)
(-3.72942 10.0586 2.4766e-18)
(-3.82162 4.81614 1.50906e-20)
(-1.06802 14.2126 3.57226e-18)
(-2.1374 3.03312 3.49464e-18)
(8.25988 19.3047 0)
(2.32318 -5.40893 -1.14438e-18)
(-3.23682 20.1434 -3.08917e-16)
(5.48722 18.4542 -6.33324e-16)
(-2.34262 -39.2575 1.20891e-16)
(-19.6442 36.4677 -1.20668e-16)
(21.7547 -3.76817 5.77176e-16)
(-22.5171 16.9508 -6.09037e-19)
(5.5995 -10.6614 5.8013e-19)
(12.7058 12.5994 2.91334e-18)
(8.56324 -1.63821 -2.37335e-18)
(11.9006 8.36004 0)
(9.3623 3.46974 0)
(10.0753 7.00983 0)
(8.99222 6.32071 0)
(8.79486 7.46464 6.4788e-19)
(8.28451 7.5879 -3.29089e-19)
(8.00658 7.83434 1.66655e-19)
(7.7844 7.74392 -1.01948e-18)
(7.65293 7.45759 6.89857e-19)
(7.62968 6.93267 3.50265e-19)
(7.76222 6.17427 -5.34777e-19)
(8.09824 5.14481 0)
(8.72424 3.82947 -8.55308e-22)
(9.69707 2.13051 -3.72832e-19)
(11.131 0.0143995 3.78154e-19)
(12.8713 -2.45877 7.67092e-19)
(14.924 -5.4338 -8.74517e-19)
(17.1384 -9.03373 8.86431e-19)
(19.163 -13.2076 -2.40197e-18)
(20.5518 -17.8588 -4.88269e-18)
(20.879 -22.5648 3.31645e-18)
(19.995 -27.2298 0)
(17.7011 -31.2931 -4.64803e-21)
(14.264 -34.874 -2.10538e-17)
(10.0108 -37.5266 1.77681e-17)
(5.1875 -39.2892 -3.59928e-18)
(0.154381 -40.2413 0)
(-4.82027 -40.5417 -3.63474e-18)
(-9.3792 -39.6252 5.0937e-17)
(-13.1814 -36.8832 -2.84562e-17)
(-18.2436 -23.7967 1.17165e-16)
(-14.3129 40.4262 6.40279e-16)
(16.4592 4.37076 -1.6696e-19)
(24.1801 30.1178 -2.79849e-19)
(20.8 29.2729 1.63354e-18)
(8.63324 27.6708 2.69468e-19)
(-6.68306 23.7863 0)
(-12.1653 21.1171 -5.53282e-19)
(-8.74618 11.742 5.50462e-19)
(-6.78967 4.86802 -8.19022e-19)
(-6.94643 3.51525 -1.93071e-18)
(-4.85201 0.275058 2.21367e-18)
(-3.64969 7.29477 0)
(0.983711 12.1575 -1.08192e-18)
(2.42669 14.2245 3.3096e-18)
(6.14742 19.0423 -2.23089e-18)
(6.54986 20.4519 -1.08563e-18)
(8.45837 19.4867 1.68696e-18)
(12.8847 13.6801 -2.23311e-18)
(-14.8426 33.8086 6.1543e-16)
(25.9139 -12.4667 -2.62725e-16)
(27.7155 -14.6617 2.64647e-16)
(28.6674 -17.5919 5.24542e-16)
(28.7976 -20.7096 2.45953e-16)
(-6.62779 60.6468 -1.28705e-18)
(-19.2173 38.1962 1.81474e-16)
(15.0647 -23.0518 0)
(-14.6623 -34.9858 0)
(28.0411 -25.5269 0)
(27.3055 -25.918 3.92054e-18)
(26.5838 -26.6117 -7.78621e-18)
(25.3932 -27.4461 5.46274e-20)
(23.579 -28.4166 2.28955e-17)
(21.0577 -29.5193 -1.50669e-17)
(17.8122 -30.5485 3.63319e-20)
(13.8384 -31.2341 7.29421e-18)
(9.1471 -32.0518 -1.2642e-17)
(4.15487 -32.6936 1.79947e-18)
(-0.991146 -32.4075 7.03738e-18)
(-6.07616 -31.3737 -1.74065e-18)
(-10.6964 -30.1188 1.71613e-18)
(-14.5131 -28.231 -5.05898e-18)
(-17.2391 -25.5426 1.6693e-18)
(-18.6801 -22.1419 4.93002e-18)
(-18.8357 -18.2634 -3.24218e-18)
(-17.8553 -14.2153 3.19444e-18)
(-16.111 -10.374 1.18269e-18)
(-14.0201 -7.00881 2.72659e-18)
(-11.952 -4.27676 -3.44488e-18)
(-10.0862 -2.17234 2.27184e-18)
(-8.48055 -0.555472 -4.08961e-18)
(-7.12051 0.771842 -2.93809e-18)
(-6.11211 1.95051 2.8824e-18)
(-5.41351 3.05506 1.42038e-18)
(-4.9735 4.07488 -1.39666e-18)
(-4.68734 5.00864 0)
(-4.53863 5.61448 -2.70416e-18)
(-4.42512 6.17971 1.32858e-18)
(-4.31278 6.05888 -2.60341e-18)
(-4.41498 7.39626 -3.8438e-18)
(-4.12006 5.56837 -2.51115e-18)
(-4.17296 10.5775 -4.93418e-18)
(-3.44174 4.92155 1.20686e-18)
(-1.16157 14.894 -1.19174e-18)
(-0.999448 0.785172 -2.33646e-18)
(8.47087 19.8014 0)
(4.01405 -13.7536 0)
(20.2313 26.8395 0)
(-2.7723 -38.6585 0)
(-21.7666 -4.43005 -1.0318e-18)
(-20.2802 38.2299 6.54417e-16)
(-7.53888 13.7976 3.07906e-16)
(9.27443 10.9418 3.17742e-16)
(0.900509 15.0548 6.24699e-16)
(-10.7437 51.358 -3.11733e-16)
(-2.86416 -40.2873 -1.02816e-16)
(-1.16663 -48.6829 0)
(-10.5963 57.4737 -3.49292e-16)
(-23.6134 19.6066 -1.40072e-16)
(-16.1282 -34.226 -5.18245e-17)
(-2.29055 67.4754 -9.12888e-16)
(-14.4141 -28.6286 3.28724e-16)
(-16.7452 -26.8641 2.51031e-16)
(-4.97299 -44.9066 -5.4521e-17)
(17.3679 16.7383 -1.11252e-18)
(6.67948 -8.23593 -2.88934e-19)
(14.7193 12.1885 -8.8132e-19)
(8.3395 0.614319 -9.41758e-22)
(11.522 8.41748 0)
(8.9264 5.03733 0)
(9.38246 7.56539 0)
(8.3879 7.25623 -1.59261e-19)
(8.05713 8.05072 -2.02414e-19)
(7.50302 8.11028 2.06066e-19)
(7.16458 8.2198 -1.6798e-19)
(6.89694 8.02435 4.25825e-19)
(6.71061 7.62127 -5.19084e-19)
(6.62022 6.96014 0)
(6.65917 6.02591 0)
(6.88241 4.76577 0)
(7.3534 3.16067 0)
(8.13656 1.11104 0)
(9.24183 -1.3058 0)
(10.5745 -4.06703 -1.91619e-19)
(12.173 -7.33084 7.78313e-19)
(13.8597 -11.1025 0)
(15.4287 -15.3875 -1.99981e-18)
(16.5686 -20.1641 3.65879e-18)
(16.9343 -25.1477 3.30285e-18)
(16.4031 -30.1852 0)
(14.6985 -34.8313 1.02709e-17)
(12.0238 -38.9609 -1.04499e-17)
(8.58725 -42.1303 -3.5075e-18)
(4.5959 -44.3182 7.13057e-18)
(0.325865 -45.6108 -1.07976e-17)
(-3.81424 -45.9919 5.41192e-18)
(-7.92446 -44.9756 -1.44285e-17)
(-11.3397 -42.7041 3.57755e-18)
(-15.8889 -39.0025 1.1283e-16)
(-18.3784 31.6471 3.42067e-16)
(24.6261 -22.5772 5.01149e-16)
(20.8859 -23.1565 2.46585e-16)
(9.8459 -33.6724 0)
(8.4189 -19.9266 -2.44341e-21)
(3.22915 4.43006 -5.49801e-19)
(1.12909 17.2118 -2.72381e-19)
(-2.9304 9.17437 -6.69611e-20)
(-5.37432 -11.5704 6.78677e-20)
(-11.63 -22.9713 0)
(-9.29075 -18.0982 0)
(-6.42704 -20.8551 8.43171e-19)
(-2.61787 -24.3954 -2.15417e-18)
(0.723613 -23.2325 2.75823e-18)
(3.58004 -25.1233 0)
(-6.38448 -24.5915 -2.18028e-18)
(-5.48891 -21.998 2.18225e-18)
(0.642707 -19.5879 5.74682e-19)
(1.22078 -26.0953 5.67582e-19)
(7.85926 -24.1116 0)
(6.85854 -23.8783 0)
(12.1455 53.9109 0)
(26.5077 -18.2407 2.54445e-16)
(27.9039 -19.8989 0)
(28.3033 -22.1586 -5.19576e-16)
(28.0728 -24.5427 2.58868e-16)
(27.1054 -26.78 4.63631e-16)
(5.59397 -44.8603 -8.66341e-17)
(11.7148 -5.35833 3.03418e-16)
(25.0504 -29.6516 8.12035e-18)
(25.384 -29.9747 -6.47197e-17)
(25.1022 -30.9686 2.77005e-17)
(24.4136 -31.9221 -3.14329e-17)
(23.2739 -33.1266 -1.34826e-17)
(21.6137 -34.3857 1.91312e-17)
(19.3821 -35.6581 3.74002e-18)
(16.5087 -36.7951 -1.85375e-17)
(12.9891 -37.6786 1.09825e-17)
(8.88661 -38.4671 0)
(4.44388 -39.0043 -8.89611e-18)
(-0.0392878 -38.3813 5.27983e-18)
(-4.32452 -36.8018 8.68251e-18)
(-8.16136 -34.8297 1.71759e-18)
(-11.2278 -32.1237 -6.76193e-18)
(-13.3442 -28.6673 -3.33701e-18)
(-14.4117 -24.6583 0)
(-14.4826 -20.3729 0)
(-13.7553 -16.1348 -8.00501e-19)
(-12.5294 -12.2166 -3.9486e-19)
(-11.0795 -8.77813 3.8987e-18)
(-9.60552 -5.90508 7.77237e-19)
(-8.2673 -3.60729 -2.64469e-18)
(-7.12991 -1.80126 3.2291e-22)
(-6.20224 -0.263044 0)
(-5.4523 1.17105 0)
(-4.95584 2.51063 -2.85173e-18)
(-4.65365 3.70575 4.20292e-18)
(-4.44264 4.77419 -1.37785e-18)
(-4.38032 5.47217 -1.58835e-21)
(-4.35141 6.09959 1.32576e-18)
(-4.33187 6.15468 1.30513e-18)
(-4.53055 7.45529 7.69924e-18)
(-4.15633 5.92067 0)
(-4.56115 10.7961 3.70374e-18)
(-3.09424 4.95326 -3.64606e-18)
(-2.1927 15.2686 2.37572e-18)
(-0.185781 -1.57591 -2.34641e-18)
(4.85118 19.9943 2.29696e-18)
(5.56813 -20.3079 0)
(13.2208 22.8991 0)
(11.1405 -44.2923 -1.14939e-18)
(-18.5785 23.3198 6.06073e-16)
(-21.4959 -19.2695 -1.21122e-16)
(20.2228 -17.2782 -2.58313e-16)
(-18.3237 8.85462 6.05548e-16)
(-14.9921 8.57157 2.65951e-19)
(-11.2376 6.91357 6.19656e-16)
(-23.6698 -0.369959 1.33757e-16)
(12.7282 3.08621 -6.75745e-16)
(-3.51055 10.2333 0)
(4.924 8.69774 0)
(-4.4095 -48.3612 -5.96882e-17)
(-22.3033 -17.8859 -3.11087e-16)
(5.15008 -43.1084 2.39551e-17)
(-10.8389 59.7875 -5.43386e-16)
(-13.355 -38.6387 -6.04499e-17)
(-21.0307 27.2657 -3.7934e-16)
(-1.75483 -38.9148 0)
(-1.87908 -38.2624 -5.31693e-17)
(-11.6253 -41.7326 0)
(-9.69864 -44.8884 1.85257e-18)
(-6.54988 -46.8649 3.64457e-18)
(-3.15227 -47.6994 1.3523e-18)
(0.282112 -47.1254 2.23838e-19)
(3.67764 -45.5448 0)
(6.84277 -43.131 4.37492e-18)
(9.54217 -39.7744 -4.32263e-18)
(11.5844 -35.6099 1.70155e-18)
(12.8368 -30.9832 -3.34196e-18)
(13.2048 -26.1121 8.19432e-19)
(12.9148 -21.3251 0)
(12.0591 -16.7525 1.60123e-18)
(10.9009 -12.5608 -7.8892e-19)
(9.63721 -8.76532 7.79061e-19)
(8.41969 -5.37324 -1.34288e-18)
(7.36877 -2.40894 1.53706e-18)
(6.54535 0.228176 1.61599e-21)
(5.89421 2.53018 -7.80396e-19)
(5.54331 4.38346 3.62632e-19)
(5.40051 5.83691 -4.01069e-19)
(5.42137 6.92529 0)
(5.55142 7.70924 1.73381e-19)
(5.76603 8.21163 -8.53501e-20)
(6.04921 8.51748 -3.35568e-19)
(6.41781 8.54722 2.86062e-19)
(6.97816 8.63645 4.06404e-20)
(7.45769 8.17717 -1.59302e-19)
(8.43443 8.32495 0)
(8.33122 6.80246 0)
(10.607 8.77041 -6.02578e-19)
(8.05469 3.94393 3.26454e-18)
(14.6181 12.0036 -5.81089e-19)
(6.44548 -0.547914 0)
(18.9814 18.7728 2.21003e-18)
(-2.43683 -6.96035 -2.26401e-20)
(-2.96021 -37.6014 2.80618e-16)
(14.496 45.664 9.93898e-19)
(24.321 35.2231 0)
(31.9288 55.8272 -2.64863e-19)
(32.715 53.2173 2.82163e-19)
(16.0229 50.9532 6.53121e-19)
(-12.4095 45.4268 -5.20819e-19)
(-18.891 44.0342 1.22331e-19)
(-10.8094 24.9481 2.42443e-19)
(-7.41414 11.9651 1.8803e-18)
(-11.0479 12.2715 -2.61997e-18)
(-10.7829 8.92213 -2.11843e-18)
(-16.5269 14.4146 2.12284e-18)
(-10.6981 26.5854 -2.50675e-19)
(-8.91098 29.744 5.02806e-19)
(-4.82064 19.0499 -2.13515e-18)
(-4.89592 20.9304 -5.1894e-19)
(4.61659 21.641 2.12907e-18)
(5.07643 15.8487 0)
(13.957 35.3833 9.96504e-19)
(8.09756 38.9751 -5.03816e-19)
(-21.2834 19.7352 3.14927e-16)
(-20.3117 -29.0826 -1.06528e-16)
(-21.1002 7.52661 -2.98406e-16)
(-2.37048 -41.7617 0)
(-2.05255 -40.149 0)
(-1.85804 -39.537 -1.00889e-16)
(-1.55988 -39.3139 -2.52523e-17)
(-1.26956 -39.8262 -3.15125e-17)
(-1.17386 -39.4675 -7.64559e-17)
(-1.05277 -38.9477 1.04635e-16)
(-0.91333 -38.3243 5.63154e-17)
(-13.9736 -32.0189 0)
(-4.66612 -37.974 -5.48109e-17)
(-23.4385 -17.451 2.21158e-19)
(-20.5129 -21.0091 2.81468e-16)
(-21.7376 -20.3948 -2.6741e-16)
(-20.6626 1.49219 -3.05645e-16)
(-17.7748 1.49802 0)
(-14.3098 0.203462 0)
(-24.6547 3.50969 2.8416e-16)
(-21.3329 13.5414 5.95211e-16)
(-3.50923 -45.1063 -7.58118e-17)
(26.6711 -22.6712 2.56122e-16)
(27.5135 -23.5331 -2.62162e-16)
(27.4347 -24.8979 0)
(26.8276 -26.274 -5.44524e-16)
(25.624 -27.3621 2.7173e-16)
(25.1217 -28.0259 -3.59439e-16)
(19.4943 -26.4876 -2.22193e-16)
(23.1251 -31.0003 6.86816e-17)
(23.171 -31.8548 -7.59757e-17)
(22.9759 -32.7847 3.28899e-17)
(22.5988 -33.8357 -3.22157e-17)
(21.9683 -34.9562 0)
(20.9494 -36.1232 -1.94075e-18)
(19.5079 -37.3169 -2.87064e-18)
(17.5669 -38.4321 1.12794e-17)
(15.0785 -39.3034 3.66977e-18)
(11.9983 -40.0176 -1.82776e-17)
(8.52901 -40.5962 7.22922e-18)
(4.76296 -40.881 8.89408e-18)
(1.03625 -39.9918 -7.04059e-18)
(-2.42651 -38.0937 4.34327e-18)
(-5.48297 -35.7683 -4.28511e-18)
(-7.9032 -32.8366 -1.6995e-18)
(-9.56418 -29.2753 5.00218e-18)
(-10.4321 -25.3151 8.23784e-19)
(-10.5722 -21.1926 3.25534e-18)
(-10.1573 -17.1425 -3.20064e-18)
(-9.37864 -13.3717 0)
(-8.44349 -10.0073 -7.79677e-19)
(-7.46044 -7.11848 -3.84554e-19)
(-6.55255 -4.71735 -3.79424e-18)
(-5.78505 -2.7507 3.35642e-18)
(-5.20474 -1.09889 -3.67638e-19)
(-4.73198 0.462764 2.90283e-18)
(-4.39318 1.98085 -5.3511e-18)
(-4.22065 3.28798 2.80569e-18)
(-4.0839 4.46634 1.38259e-18)
(-4.09278 5.25103 6.78832e-19)
(-4.11517 5.96967 -1.33766e-18)
(-4.21191 6.20208 3.92112e-18)
(-4.47234 7.39286 -3.84597e-18)
(-4.08845 6.27602 -1.26082e-18)
(-4.82896 10.6536 -3.7152e-18)
(-2.79185 5.30652 4.85882e-18)
(-3.85581 15.5408 -3.58474e-18)
(0.191124 -0.723434 2.36177e-18)
(-0.599221 21.1083 -4.5917e-18)
(7.07473 -18.5077 0)
(8.40147 23.5368 2.11275e-18)
(20.2169 -41.5031 -1.11493e-18)
(13.4519 47.565 -9.94278e-19)
(-22.3165 -14.552 -7.06078e-16)
(-23.7967 -14.5223 3.24092e-16)
(-24.4342 -15.0178 -3.21234e-16)
(-8.97013 -43.197 1.67757e-16)
(-23.768 -17.4331 -3.33993e-16)
(-23.598 -14.2677 0)
(2.29424 -41.1948 -9.03017e-17)
(-23.4843 -18.0923 -3.52557e-16)
(-6.30995 -39.6262 2.54482e-16)
(0.42079 5.48549 9.19262e-16)
(8.53141 1.53587 -6.21067e-16)
(-7.39579 4.32465 -3.11168e-16)
(-23.3897 -10.3141 0)
(-19.9363 -4.82681 -3.18553e-16)
(-22.3391 -4.96104 3.11322e-16)
(-1.90313 -37.3961 -1.6405e-16)
(-21.4459 -10.2356 -3.31494e-16)
(-6.37735 -47.1765 3.91096e-17)
(-0.190695 -39.7457 -9.43979e-17)
(9.73651 -13.1481 -3.00759e-16)
(-22.3433 -18.7773 1.50172e-16)
(-22.404 -19.2777 2.91789e-16)
(-0.627136 -40.4533 9.57839e-17)
(-0.976697 -40.9901 -9.6442e-17)
(-1.3205 -41.2285 0)
(-10.4119 -42.3455 -3.78895e-18)
(-8.09768 -44.99 -2.32732e-18)
(-5.51721 -46.8873 7.304e-18)
(-2.84806 -47.399 -3.1815e-18)
(-0.114086 -46.6214 -4.02076e-18)
(2.53835 -44.9053 4.41232e-19)
(4.98684 -42.4497 -3.48212e-18)
(7.06105 -39.1692 8.5432e-19)
(8.59436 -35.249 1.68835e-18)
(9.55666 -30.9273 0)
(9.86841 -26.459 -8.22467e-19)
(9.69209 -22.03 0)
(9.09861 -17.7529 -8.0043e-19)
(8.27555 -13.7331 3.95727e-19)
(7.34853 -10.0032 0)
(6.43784 -6.56977 0)
(5.63564 -3.47082 -7.81452e-19)
(5.02462 -0.708635 1.49252e-18)
(4.50041 1.76307 4.73448e-20)
(4.21644 3.84372 -7.24206e-19)
(4.11625 5.47279 6.69796e-20)
(4.15434 6.70461 7.91752e-19)
(4.28734 7.60319 -1.34211e-18)
(4.50002 8.20426 1.40625e-18)
(4.78301 8.62113 -6.70919e-19)
(5.14754 8.79545 2.58359e-21)
(5.67154 9.03716 -6.49732e-19)
(6.21575 8.89483 7.18255e-19)
(7.14242 9.19639 -1.56528e-19)
(7.45938 8.5267 1.53503e-19)
(9.13802 9.61862 -3.00658e-19)
(7.6492 7.37015 -1.18345e-18)
(12.6063 12.1196 -2.31732e-18)
(5.921 5.61594 1.13945e-18)
(15.2608 19.7036 1.66355e-18)
(-2.1583 1.84766 -1.0885e-18)
(1.57999 35.4899 0)
(23.2452 -26.9055 0)
(24.8371 -26.5882 2.79956e-16)
(25.9006 -26.0089 -5.517e-16)
(26.4072 -25.4854 -1.36522e-19)
(26.1331 -25.339 2.64825e-16)
(24.9565 -25.6246 -2.63619e-16)
(11.2351 -41.0966 1.5876e-16)
(-23.4242 15.6267 3.24711e-16)
(-17.5844 -34.0656 4.47613e-16)
(-22.8663 0.0562433 0)
(-24.4926 -11.2849 3.12276e-16)
(-0.850092 -37.2079 1.17591e-16)
(-3.40248 -36.3669 -2.10552e-16)
(-20.0975 -15.6494 3.71391e-16)
(-16.8333 -5.89397 3.32449e-20)
(-2.15582 79.3604 -1.05242e-16)
(-7.77974 -45.6614 4.15531e-17)
(8.43887 -40.6455 2.25033e-16)
(16.7862 34.7715 0)
(-23.644 9.85681 -5.8251e-16)
(-1.60861 -43.3778 -1.79528e-16)
(-3.92569 -41.2891 -2.89625e-16)
(-3.38088 -41.7912 1.9374e-16)
(22.5171 -26.488 2.65599e-16)
(28.2676 -40.8647 -2.16343e-18)
(-15.7895 -75.3536 1.06256e-18)
(2.14788 -43.4798 4.91793e-19)
(22.6405 -58.6598 -5.43726e-19)
(-1.47452 9.12965 -2.48173e-19)
(5.06846 26.6605 1.39584e-18)
(2.10497 12.2053 -1.02914e-18)
(4.7554 -33.6072 7.96573e-21)
(-21.5559 -58.8937 -2.87167e-19)
(-14.1818 -36.4307 2.82042e-19)
(3.14414 -37.6502 2.81087e-19)
(-11.8636 -46.7258 2.07603e-18)
(-38.1095 -44.1727 -5.47421e-19)
(-35.5101 -41.4681 -1.79745e-18)
(-20.6148 -39.0833 2.10142e-18)
(-7.27351 -39.379 -2.09419e-18)
(3.05308 -40.9835 2.97527e-18)
(7.68268 -55.8006 -4.2113e-18)
(-23.3654 -56.046 2.92495e-19)
(-33.7038 -36.0024 -1.12727e-18)
(-28.0929 -16.3727 3.2179e-18)
(-28.4052 -14.9955 -3.11341e-18)
(-1.74304 -41.3759 3.15077e-16)
(-1.51789 -40.1608 -3.04252e-16)
(-1.4617 -39.6216 1.52436e-16)
(-1.40017 -39.4948 -7.50916e-17)
(-1.38036 -39.9604 6.2911e-18)
(-1.67593 -41.2533 1.96891e-16)
(0.99388 -42.9466 -8.06588e-17)
(-22.6472 -23.6884 2.42416e-16)
(-23.1669 4.72918 -2.8859e-16)
(-24.5054 -16.1315 -1.45034e-19)
(-22.6128 -18.8177 0)
(-12.5913 -25.9013 -1.21821e-16)
(1.03513 -38.6957 3.72917e-16)
(-4.73853 -36.4082 9.98102e-17)
(3.90563 -0.38764 -9.16193e-16)
(4.14029 -44.198 0)
(-18.9337 -20.6052 -3.13079e-16)
(-10.6584 -1.94307 0)
(-6.57883 -37.9406 8.34775e-17)
(-25.1578 -9.48738 -2.73128e-16)
(4.78985 -9.2537 0)
(-0.772619 -46.1526 1.65624e-16)
(-3.65609 0.905627 -9.27665e-16)
(18.6731 -27.6212 -1.3679e-16)
(19.6006 -29.5402 8.48071e-17)
(20.0384 -31.0948 -7.48255e-17)
(20.2059 -32.5052 6.95521e-17)
(20.1717 -33.7919 0)
(19.9022 -35.0395 -4.03753e-18)
(19.3803 -36.2401 0)
(18.5245 -37.3802 -9.70711e-19)
(17.2923 -38.4399 -9.57749e-19)
(15.6095 -39.3649 0)
(13.4336 -40.0305 1.85614e-18)
(10.8839 -40.3659 5.47988e-18)
(8.0624 -40.4905 -7.23895e-18)
(5.02782 -40.4176 -2.66968e-18)
(2.0328 -39.3889 2.64086e-18)
(-0.664066 -37.3808 -4.34107e-18)
(-3.06199 -35.043 -5.40651e-21)
(-4.95479 -32.2381 4.22746e-18)
(-6.28846 -28.9208 3.34538e-18)
(-7.04832 -25.2858 -4.1137e-18)
(-7.29463 -21.5139 0)
(-7.14723 -17.7731 -3.21146e-18)
(-6.72422 -14.2237 3.55446e-18)
(-6.17131 -10.9865 3.90024e-19)
(-5.57493 -8.14664 0)
(-5.01732 -5.72064 5.68603e-19)
(-4.55082 -3.67316 0)
(-4.21109 -1.91579 3.68414e-19)
(-4.00603 -0.294618 0)
(-3.77318 1.30845 -3.57271e-19)
(-3.70114 2.71111 0)
(-3.62184 3.98175 0)
(-3.67854 4.85673 -1.03035e-21)
(-3.7301 5.69872 -3.3493e-18)
(-3.89082 6.05488 1.31065e-18)
(-4.14732 7.16003 1.28893e-18)
(-3.82812 6.52522 1.26345e-18)
(-4.64101 10.1717 1.23682e-18)
(-2.4046 6.03808 1.21467e-18)
(-4.53938 15.311 2.36731e-18)
(0.488052 2.29749 -1.17221e-18)
(-4.41723 22.2438 -1.97074e-20)
(6.31946 -10.0476 -4.6176e-18)
(0.766097 28.0148 -5.94683e-20)
(21.9852 -32.4995 0)
(15.8686 31.0988 0)
(32.7684 -64.1664 0)
(10.0189 -23.6579 8.09426e-16)
(-12.9125 -33.4417 -2.01877e-16)
(7.16639 -18.0471 2.8615e-17)
(-23.9792 -6.25782 -1.55511e-19)
(-2.04777 -36.195 -1.20632e-19)
(-18.7776 -11.1781 3.36927e-16)
(-2.84421 -48.5081 8.38678e-17)
(-14.2438 -17.0617 -1.28669e-16)
(8.40192 56.3406 2.62034e-16)
(-5.61278 -43.5933 7.22177e-17)
(-25.7585 5.14941 -2.61731e-16)
(28.2384 -20.0081 -2.78597e-16)
(17.9204 -23.6842 -7.21095e-19)
(20.0372 -24.5537 -3.05946e-16)
(21.9703 -25.0562 -2.88691e-16)
(23.4837 -25.2954 5.63497e-16)
(24.4799 -25.5607 -2.78146e-16)
(24.7413 -26.1732 0)
(24.218 -27.1245 5.7153e-19)
(22.3638 -28.5156 -5.57191e-16)
(18.7587 -28.336 2.76301e-16)
(19.4545 -30.3752 -2.915e-16)
(-13.1836 -23.0802 2.96156e-19)
(-21.0756 -18.8298 1.53329e-16)
(-14.6534 -28.2486 -3.03226e-16)
(21.7144 -28.8656 3.7033e-16)
(-10.8118 -35.3316 1.22667e-16)
(-9.67712 -38.3044 -3.92417e-18)
(-8.95677 -41.5864 5.66832e-18)
(-7.03707 -43.9962 4.63884e-19)
(-5.06272 -45.7507 -7.29909e-18)
(-2.93635 -46.2052 6.33229e-18)
(-0.778421 -45.3747 1.11134e-19)
(1.26215 -43.6742 3.08055e-18)
(3.15381 -41.3317 -3.47416e-18)
(4.73852 -38.2853 8.56574e-19)
(5.91578 -34.7018 0)
(6.66948 -30.7782 0)
(6.96504 -26.7279 1.64488e-18)
(6.90079 -22.6689 1.62598e-18)
(6.52365 -18.6945 8.06681e-19)
(5.96276 -14.8695 -1.18182e-18)
(5.31133 -11.2357 -9.72933e-20)
(4.6586 -7.81172 7.68745e-19)
(4.07281 -4.64036 -7.56755e-19)
(3.60891 -1.80215 -4.66166e-20)
(3.24981 0.768662 0)
(2.98974 3.01092 0)
(2.90188 4.79047 -4.46527e-20)
(2.92004 6.14857 -8.81045e-20)
(3.02605 7.15987 -4.33834e-20)
(3.21072 7.87181 6.39782e-19)
(3.47261 8.40911 -6.92012e-19)
(3.81674 8.73478 -6.19547e-19)
(4.27956 9.11524 -6.44899e-22)
(4.76901 9.19441 7.18329e-19)
(5.5576 9.69426 -4.71221e-19)
(6.042 9.66688 1.0784e-18)
(7.3333 10.597 1.33264e-21)
(6.86241 9.99402 5.92199e-19)
(9.53349 12.9744 0)
(5.19879 9.75037 -1.13746e-18)
(10.3153 19.7262 -1.11822e-18)
(-2.70609 5.48661 0)
(4.242 30.6732 0)
(-23.6173 -17.2696 1.04094e-18)
(0.18677 -43.361 1.78908e-16)
(-0.71569 -43.5757 9.28095e-17)
(-1.49689 -43.5133 -1.89967e-16)
(-2.3284 -43.231 -4.33687e-16)
(2.83588 -45.2142 6.24429e-17)
(7.36305 -26.093 -2.53948e-17)
(-18.9263 -17.7422 2.91953e-16)
(-20.1464 -18.4881 0)
(-20.6294 -19.5386 2.80973e-16)
(-15.0134 -29.9629 -3.55734e-16)
(-19.3052 -23.2875 2.89426e-16)
(-17.3296 -26.322 3.10237e-16)
(-5.46883 80.6371 -2.89996e-16)
(16.1976 -22.8815 -4.09904e-16)
(-17.5706 -31.5367 0)
(-20.5243 -29.0433 0)
(-24.3539 -2.50919 -2.89805e-16)
(-24.9573 -12.9384 6.07882e-16)
(-20.8824 -19.55 0)
(-17.1698 -21.1492 4.68926e-16)
(-0.849277 -35.821 -1.05198e-16)
(-3.57914 -34.8821 7.42354e-17)
(17.2843 -24.2724 -2.54902e-16)
(6.89868 -6.7658 1.21241e-15)
(-9.05086 69.9743 3.21308e-16)
(-8.50306 -39.6876 -2.32103e-16)
(-22.2237 24.419 0)
(-9.48255 -36.9799 0)
(-9.81314 -34.5779 -2.84231e-16)
(-17.4576 -17.4241 -3.527e-16)
(-13.4174 -7.9122 3.18689e-16)
(-6.68603 -35.861 -2.19095e-19)
(-25.9065 -5.22695 -8.55132e-19)
(-25.7266 1.16136 1.43625e-16)
(-17.5043 -24.4108 -3.00753e-16)
(-18.1757 -18.7357 -2.64638e-16)
(7.04696 -39.3968 2.43591e-16)
(5.96361 -41.2686 -1.08648e-16)
(3.07942 -39.9573 1.64071e-16)
(23.6245 -28.2067 -3.09455e-16)
(21.3606 -26.7808 3.68866e-16)
(0.304471 -45.1501 -5.28022e-17)
(-0.765812 -42.9617 5.19392e-17)
(-1.12468 -41.2712 0)
(-1.16162 -40.1539 1.27526e-16)
(-1.19132 -39.643 -2.54465e-17)
(-1.27852 -39.5584 0)
(-1.51777 -39.9436 -3.12087e-18)
(-2.10438 -41.0177 0)
(-3.16618 -42.6018 4.88716e-17)
(-24.4659 0.692133 -2.72664e-16)
(-24.3774 -18.7373 1.63005e-18)
(-7.07304 -4.6777 6.18617e-16)
(-0.247657 -3.45072 1.9486e-18)
(1.3023 -37.4801 4.64695e-17)
(-12.2991 -40.3568 7.94396e-16)
(-10.3085 -17.4027 0)
(14.9516 -24.5326 2.54251e-17)
(15.9261 -26.8494 5.24037e-17)
(16.4503 -28.8971 -9.3457e-18)
(16.8256 -30.9073 0)
(16.9802 -32.6893 -1.67346e-17)
(16.9078 -34.3333 1.62669e-17)
(16.5627 -35.7841 1.18618e-17)
(15.9179 -37.0328 -6.81465e-18)
(14.944 -38.058 3.8138e-18)
(13.6232 -38.8079 -3.77224e-18)
(11.9266 -39.2372 3.70354e-18)
(9.91391 -39.355 -1.83695e-18)
(7.68346 -39.2596 0)
(5.27384 -39.0287 1.77894e-18)
(2.91081 -38.0342 1.7543e-18)
(0.801406 -36.1497 -8.67555e-19)
(-1.0777 -33.9826 -2.14135e-18)
(-2.55949 -31.4509 -8.4578e-19)
(-3.6502 -28.4802 3.34505e-18)
(-4.32396 -25.2263 -3.29099e-18)
(-4.63797 -21.8131 0)
(-4.66694 -18.3737 0)
(-4.50025 -15.0476 -5.93392e-19)
(-4.22506 -11.9506 -1.94983e-19)
(-3.91178 -9.1757 -3.08103e-18)
(-3.62579 -6.75314 2.84011e-18)
(-3.40159 -4.66469 3.08751e-18)
(-3.25639 -2.82661 -2.94202e-18)
(-3.21367 -1.20916 -2.86192e-18)
(-3.12743 0.413489 2.84424e-18)
(-3.09863 1.89054 0)
(-3.05258 3.23049 0)
(-3.12273 4.1958 -3.4153e-19)
(-3.18648 5.17756 1.67818e-18)
(-3.35977 5.62796 5.16743e-21)
(-3.54085 6.63162 -1.93773e-18)
(-3.31729 6.37491 1.2682e-18)
(-3.9356 9.25401 -1.23841e-18)
(-1.93393 6.29369 1.22758e-18)
(-4.04928 14.3572 -1.19844e-18)
(0.815211 4.39571 3.52835e-18)
(-4.26914 21.7847 2.27121e-18)
(5.5595 -2.99842 -2.29208e-18)
(-1.11116 29.1699 1.16214e-18)
(13.8399 -23.839 -2.1928e-18)
(6.69627 30.4439 -8.25026e-20)
(29.5528 -41.3248 -1.71204e-19)
(18.1505 31.3772 1.72336e-18)
(39.2421 74.6595 2.8129e-19)
(12.6083 95.8565 1.03723e-18)
(-24.1193 102.317 0)
(5.78416 8.38476 1.01808e-18)
(16.3994 93.5155 -1.00667e-18)
(25.6879 110.9 0)
(3.33358 100.255 6.6902e-21)
(-20.6331 93.4708 5.25468e-20)
(-13.6598 93.3236 1.93108e-18)
(1.57638 69.2487 -2.0421e-18)
(1.61574 19.5085 -1.90717e-18)
(-5.99896 31.1158 3.89349e-18)
(-6.38069 65.2209 -4.0689e-18)
(-34.6777 57.8795 2.03936e-18)
(-29.5405 28.0688 0)
(-29.5656 21.5761 -4.50979e-18)
(-25.9846 21.6878 4.06023e-18)
(-29.6265 28.7959 1.35619e-18)
(-21.4343 67.9521 2.2598e-18)
(-28.4545 68.7601 -2.70775e-18)
(-31.3457 58.4606 0)
(-18.8887 56.0409 -4.69342e-19)
(-7.34628 53.004 2.26094e-18)
(3.5704 23.8221 -2.56118e-18)
(-24.0007 -17.5009 -3.00903e-16)
(-5.29772 -34.7387 2.22451e-17)
(16.0612 -32.811 6.38413e-16)
(14.8599 -30.7718 3.03082e-16)
(-15.9913 -23.1946 -3.15818e-16)
(11.4147 -17.32 0)
(1.68129 -47.294 0)
(-0.31776 -49.4591 -1.97669e-16)
(1.50816 73.8637 1.02263e-15)
(-25.2626 6.31668 -1.5611e-16)
(13.3811 -18.4191 -2.91253e-16)
(15.7753 -20.2074 -8.15956e-20)
(18.0939 -21.4909 -1.35199e-19)
(20.053 -22.5061 2.85845e-16)
(21.5367 -23.5331 -2.83647e-16)
(22.3972 -24.8558 0)
(22.4895 -26.4543 5.69907e-16)
(21.4214 -28.3281 2.89392e-16)
(19.2744 -30.6151 0)
(16.4923 -33.3721 -3.22718e-16)
(10.9424 -39.1035 4.77249e-16)
(12.714 -35.3718 -7.27314e-16)
(13.6285 -36.3291 7.37397e-16)
(-19.577 -30.9734 0)
(-24.9434 -8.41302 4.13438e-20)
(-18.8891 -20.2576 4.63525e-16)
(-2.14771 -34.727 1.25861e-17)
(14.2022 -20.391 1.32367e-16)
(-9.34031 69.524 3.77644e-16)
(-9.84874 -39.9639 -4.1966e-16)
(9.47674 -37.7099 -2.2015e-16)
(-11.9518 -31.7578 -7.38851e-19)
(-15.7017 -13.1155 3.3009e-16)
(-7.01385 -33.7587 1.54696e-16)
(-26.5378 -0.635144 -1.60879e-16)
(4.02678 -38.3026 -2.87389e-16)
(-18.7659 -23.4037 2.69264e-16)
(-16.863 -26.2877 0)
(-18.0693 -22.7623 -2.91265e-16)
(-18.4994 -20.0565 -4.4406e-20)
(-17.9739 -17.9956 -2.84169e-16)
(-16.7835 -16.3752 0)
(-15.204 -15.161 0)
(-13.8452 -14.8657 7.80561e-16)
(-9.68487 -12.1402 -5.51825e-16)
(0.590683 -48.3419 -8.79143e-17)
(25.9671 -28.5552 -6.09315e-17)
(1.46594 -45.9253 -8.40194e-17)
(0.0894313 -46.0275 -4.33335e-17)
(-1.02726 -45.7506 -1.80629e-16)
(-2.01206 -45.3528 3.72935e-16)
(-3.25382 -44.689 1.91352e-16)
(-4.62044 -43.5793 0)
(-25.4192 -4.61699 4.96198e-16)
(-25.2491 -13.7268 -5.62739e-16)
(0.872079 -1.02502 0)
(-3.72744 -7.8776 1.21439e-15)
(5.05959 -45.053 5.57092e-17)
(2.77345 -45.0094 -5.89636e-17)
(1.16376 -43.6454 0)
(-0.0295497 -42.1233 0)
(-0.598499 -40.9192 -1.01731e-16)
(-0.859843 -40.0714 -2.55803e-17)
(-1.01616 -39.638 7.58378e-17)
(-1.22936 -39.53 -1.25649e-17)
(-1.63555 -39.7625 -9.66999e-17)
(-2.45814 -40.4341 1.11203e-16)
(-3.81968 -41.3847 -1.95683e-16)
(-5.88769 -41.614 2.45267e-16)
(-13.2081 -36.6337 -5.01769e-16)
(1.77557 -36.2279 0)
(-19.7547 -26.4411 0)
(19.0227 -10.5207 7.97428e-16)
(-6.95867 65.9494 1.61038e-16)
(-3.90597 -8.22999 -1.17124e-16)
(12.1452 37.2451 0)
(11.0317 -17.7583 -8.67524e-17)
(10.9784 -18.9823 8.53437e-17)
(11.565 -21.2132 -3.95394e-17)
(12.1695 -23.6684 0)
(12.7506 -26.2529 0)
(13.1804 -28.6943 4.14193e-18)
(13.3693 -30.9278 -9.59187e-22)
(13.3394 -32.8801 -3.96134e-18)
(13.0128 -34.5276 2.41863e-19)
(12.372 -35.8369 -2.38837e-19)
(11.4252 -36.7692 -1.87484e-18)
(10.1807 -37.3096 2.45746e-21)
(8.69639 -37.4933 0)
(7.03571 -37.417 9.02182e-19)
(5.2348 -37.259 5.33971e-18)
(3.44275 -36.4799 -5.27574e-18)
(1.84316 -34.8226 -2.6038e-18)
(0.394487 -32.9255 -4.32351e-19)
(-0.776105 -30.7412 2.95718e-18)
(-1.65108 -28.1212 -3.34446e-18)
(-2.23388 -25.2219 3.08486e-18)
(-2.56789 -22.1208 -3.25656e-18)
(-2.69436 -18.9365 3.20408e-18)
(-2.69059 -15.7979 3.95621e-19)
(-2.60649 -12.8256 1.95144e-19)
(-2.49232 -10.1113 -9.61281e-20)
(-2.3963 -7.70053 -3.03758e-18)
(-2.34044 -5.59828 2.98655e-18)
(-2.32595 -3.72635 -2.95066e-18)
(-2.36086 -2.08845 2.76333e-18)
(-2.38996 -0.497539 3.3505e-20)
(-2.37862 0.955659 -2.81951e-18)
(-2.36126 2.33506 -1.80021e-19)
(-2.41128 3.35117 4.94414e-18)
(-2.46417 4.42157 -5.03114e-18)
(-2.61171 4.91674 2.30559e-18)
(-2.72435 5.84007 -6.4795e-19)
(-2.6057 5.80419 1.27179e-18)
(-2.93693 7.98105 -1.24833e-18)
(-1.45612 5.94236 1.83704e-18)
(-3.24311 12.9179 1.20045e-18)
(0.665251 4.64991 -1.16533e-18)
(-4.10457 20.4219 -3.43174e-18)
(4.39457 -3.30107 2.31779e-18)
(-2.55297 29.0531 -1.02213e-18)
(9.52732 -27.9761 3.32661e-18)
(12.058 35.8937 -9.63372e-19)
(16.4677 -46.7552 1.50785e-19)
(28.6922 37.3424 -3.71079e-19)
(-12.9679 -59.3656 -2.24565e-19)
(30.9908 -78.136 -1.21614e-18)
(40.4914 -114.036 5.24727e-20)
(24.4126 -23.7289 0)
(78.7139 -112.689 8.83768e-19)
(8.27439 -233.566 7.78915e-19)
(-82.888 -157.056 -4.11248e-18)
(-23.7066 -27.298 1.82283e-18)
(-16.3867 -16.9618 1.91598e-18)
(1.55387 -31.092 -3.92334e-18)
(3.47111 -114.692 4.04655e-18)
(-39.9818 -125.241 -1.37702e-19)
(-53.4088 -95.6211 -4.22157e-18)
(-33.846 -57.8881 2.3156e-18)
(-9.50135 -41.0024 -1.97586e-18)
(1.58604 -38.3115 2.08458e-18)
(2.3911 -87.1935 0)
(-29.7632 -86.6058 0)
(-35.4448 -82.3937 -6.26758e-19)
(-57.9621 -88.1699 -2.5951e-18)
(-64.8504 -70.8543 1.67026e-18)
(-59.4619 -60.2673 5.76155e-19)
(-62.5759 -67.146 -1.97577e-18)
(-69.1613 -68.2231 3.99681e-18)
(-72.0243 -57.3725 -2.24942e-18)
(-51.07 -53.5444 5.43778e-19)
(-33.2799 -31.4302 0)
(13.5947 -0.00209304 1.51918e-18)
(-5.87326 -6.1304 5.10387e-19)
(7.83032 23.9329 0)
(-0.13778 9.19623 0)
(7.63594 18.8604 -5.57802e-19)
(4.58969 12.4237 0)
(6.80039 13.4347 0)
(5.26943 11.2547 0)
(5.2732 10.9034 6.04763e-19)
(4.34447 9.86272 -6.17201e-19)
(3.89696 9.64975 6.27349e-19)
(3.3089 9.05279 -6.19362e-19)
(2.89126 8.80908 -6.49365e-19)
(2.49923 8.32607 1.3209e-18)
(2.20813 7.88208 -6.40133e-19)
(1.98825 7.25243 -2.12904e-20)
(1.84468 6.45098 7.03261e-19)
(1.78055 5.35004 -7.48049e-19)
(1.79314 3.90299 2.23589e-20)
(1.88047 2.00429 -7.24757e-19)
(2.1017 -0.308272 -9.1035e-20)
(2.33828 -2.92295 2.43072e-20)
(2.68656 -5.82771 7.57934e-19)
(3.09221 -9.01348 1.53498e-18)
(3.53604 -12.3992 -1.46202e-18)
(3.96378 -15.9224 -9.86734e-20)
(4.31116 -19.5571 -1.4985e-18)
(4.51622 -23.2595 1.62611e-18)
(4.49737 -26.9816 -1.64188e-18)
(4.21426 -30.6554 8.4001e-19)
(3.61494 -34.1839 1.58769e-18)
(2.70153 -37.4027 0)
(1.5037 -40.1367 4.33532e-18)
(0.078318 -42.2507 -3.51337e-18)
(-1.45693 -43.7493 1.18036e-19)
(-3.07784 -44.4202 8.99694e-19)
(-4.69937 -43.817 3.66587e-18)
(-6.14426 -41.932 -1.82622e-18)
(-7.52937 -39.2186 -7.49404e-18)
(-8.53081 -35.5488 1.89829e-17)
(-10.7239 -32.3594 -1.11433e-16)
(-9.36675 -28.3655 0)
(-10.5816 -25.0939 6.35862e-17)
(-11.5462 -21.8064 -6.05914e-17)
(-15.5515 -30.2363 3.22975e-16)
(-14.8255 -21.4815 0)
(22.803 -30.0717 -7.55355e-17)
(-7.94415 -11.8156 2.68261e-16)
(-8.3874 -11.611 0)
(-24.4987 12.2113 -1.67206e-16)
(-5.10796 -5.97795 9.63003e-16)
(2.52622 -8.4406 2.99278e-16)
(11.066 -40.1891 -5.4874e-19)
(-22.7173 -24.5749 2.52534e-16)
(-18.8301 -29.2934 2.37343e-16)
(-24.8378 -14.9836 -2.92708e-16)
(-25.1341 -5.87795 0)
(-20.1614 -22.2394 -2.59691e-16)
(-22.8538 -19.0522 2.78961e-16)
(-3.80897 -33.16 6.80961e-17)
(-0.314813 -34.5416 6.95632e-17)
(13.0645 -27.4145 0)
(5.50971 -36.7228 1.95183e-16)
(11.146 -33.2212 -3.38468e-16)
(-13.0804 -26.0959 2.1572e-20)
(-9.24431 -30.2562 -5.89267e-16)
(-9.9875 -10.4536 3.10752e-16)
(-14.4566 -20.029 -3.21092e-16)
(-5.5781 -32.7433 0)
(-5.98799 -28.0008 8.22793e-17)
(-14.6167 -30.7769 2.73294e-16)
(-26.2397 -10.2571 6.23887e-16)
(-5.80847 -30.5437 -5.18045e-18)
(-12.4908 -15.6852 -9.25388e-19)
(-10.6098 -28.5474 3.05991e-16)
(7.92251 -35.2077 1.85929e-16)
(7.19066 -19.1427 5.08153e-16)
(9.95742 -23.6491 -3.17125e-16)
(-1.98006 -33.0841 1.1449e-17)
(-21.4769 -20.5977 -2.62192e-16)
(-25.3068 -11.0979 -2.8548e-16)
(-21.0956 -27.5518 -2.4457e-16)
(13.7595 -36.2728 -6.80384e-16)
(16.1844 -32.6906 9.37132e-16)
(18.3359 -29.2389 -2.99733e-16)
(19.6035 -26.356 -2.94293e-16)
(19.8611 -23.8582 -5.80727e-16)
(19.1214 -21.6082 2.87879e-16)
(17.7246 -19.6305 5.7204e-16)
(15.8341 -17.8783 -2.82514e-19)
(13.6154 -16.134 2.88762e-16)
(11.2216 -14.2775 2.95142e-16)
(8.87853 -12.3614 2.32876e-19)
(4.82806 -13.7617 -6.37945e-16)
(-15.9347 -21.3386 0)
(-23.2904 21.2942 0)
(-7.38915 -8.20749 -2.59704e-16)
(-9.24884 -9.67333 -2.66041e-16)
(-11.0639 -11.0119 7.98274e-20)
(-12.8675 -12.7623 3.19469e-19)
(-14.5094 -14.8831 5.22289e-19)
(-15.6865 -17.4986 -2.88815e-16)
(-16.1234 -20.8161 -5.8695e-16)
(-15.8096 -25.2088 -2.92722e-16)
(-12.1559 -17.6423 -2.64502e-16)
(-25.7278 -8.59121 -2.4562e-16)
(-8.10938 -46.4971 1.90597e-17)
(-5.78907 -48.2026 3.94007e-17)
(-3.41732 -49.2696 -4.12914e-17)
(-1.84181 -49.2998 4.28513e-20)
(3.55642 64.7731 -2.69678e-16)
(-14.6255 -26.827 0)
(-25.4382 -9.86118 1.85222e-19)
(-6.77041 -26.0372 -6.03113e-16)
(-20.5312 -24.3505 0)
(2.49727 -34.6326 8.74422e-17)
(-8.98117 -17.8312 3.65064e-16)
(1.96739 -46.7053 0)
(0.0447507 -46.4449 -2.87982e-20)
(-1.14864 -45.7752 1.80566e-16)
(-2.4142 -45.0904 -2.81406e-16)
(-4.17272 -43.9845 0)
(-6.18078 -42.2043 0)
(-8.17772 -39.1081 0)
(-25.1594 -14.3616 0)
(28.5165 -24.862 -2.12652e-16)
(-4.47453 -4.35112 0)
(-4.47559 -6.33186 0)
(-6.63551 -8.36661 -6.42778e-17)
(-5.31259 -9.12742 5.36437e-17)
(-5.57381 -13.1907 1.70187e-17)
(-6.65659 -17.4643 0)
(-6.79574 -21.3853 -7.57915e-18)
(-6.74546 -25.8261 0)
(-6.46334 -29.9134 -1.4915e-17)
(-5.82056 -33.9363 1.5477e-20)
(-5.03541 -37.2978 2.7835e-18)
(-4.11725 -39.666 3.63031e-18)
(-3.02521 -40.7712 -7.19428e-18)
(-1.92291 -40.5874 3.55176e-18)
(-0.861215 -39.5301 0)
(0.13571 -37.8444 -8.65872e-19)
(0.992542 -35.5486 1.28515e-18)
(1.66465 -32.7559 1.11032e-19)
(2.12293 -29.6479 -2.91422e-18)
(2.37037 -26.356 0)
(2.43793 -22.9682 -1.82818e-18)
(2.35444 -19.541 -5.48576e-20)
(2.1708 -16.114 9.49045e-20)
(1.92567 -12.7345 2.33607e-18)
(1.66713 -9.4351 -7.79564e-19)
(1.42527 -6.30186 0)
(1.20515 -3.41247 2.33521e-20)
(1.03235 -0.820345 9.20707e-20)
(0.922758 1.47663 -7.36845e-19)
(0.861904 3.38346 7.14059e-19)
(0.841776 4.82926 7.48148e-19)
(0.869852 5.94088 -6.81642e-19)
(0.960366 6.75789 2.13403e-20)
(1.11863 7.39306 -5.26087e-21)
(1.32492 7.8526 6.19469e-19)
(1.61209 8.32346 -1.29933e-18)
(1.89887 8.61881 6.38306e-19)
(2.30435 9.18077 -6.28522e-19)
(2.63767 9.42404 1.31023e-18)
(3.19519 10.4716 -1.28679e-18)
(3.36709 11.0629 5.93614e-19)
(4.13878 12.9688 0)
(3.39394 13.0605 -5.6936e-19)
(5.29742 17.8411 5.58593e-19)
(2.49076 11.0047 0)
(9.96834 24.183 0)
(7.71681 -1.68441 -1.04827e-18)
(23.2947 20.5195 -1.0313e-18)
(-3.0711 -18.1204 1.31335e-19)
(-11.4086 -22.4727 0)
(-6.745 -13.0443 -5.96784e-16)
(11.8803 25.2676 3.10053e-19)
(-43.9234 54.1025 -7.25548e-19)
(-42.7612 141.437 4.91597e-19)
(-18.704 163.428 0)
(0.395014 204.748 6.17199e-20)
(-14.4648 278.443 2.0353e-18)
(-26.2305 218.363 -1.85816e-18)
(-22.2057 175.167 -7.67405e-21)
(-3.07335 169.775 2.87198e-21)
(20.4481 173.071 -1.90452e-18)
(32.2824 186.758 3.88329e-18)
(27.937 182.215 -1.89831e-18)
(28.9377 124.312 0)
(6.22437 44.3355 1.85871e-18)
(-16.1892 55.2672 -1.97955e-18)
(-3.47454 80.8443 -2.02808e-20)
(-3.59851 95.4417 -1.23944e-19)
(-12.1009 90.8357 3.09185e-20)
(-15.5554 82.6586 2.35377e-18)
(-22.8872 97.9184 -3.91198e-18)
(-22.2873 99.7931 1.96123e-18)
(-13.6311 91.8744 -1.93841e-18)
(-15.3673 86.1174 -1.08281e-19)
(-5.09096 97.388 1.95938e-18)
(-12.0043 68.6584 0)
(5.05831 37.366 -9.26609e-19)
(-44.5691 -30.093 1.03054e-18)
(-89.4329 -7.73275 -6.01376e-19)
(-13.4329 -33.5297 -1.43814e-16)
(6.02206 -42.1799 -1.9275e-16)
(3.40421 -42.7869 5.60602e-17)
(1.59102 -42.1334 2.23643e-20)
(0.35688 -41.2679 2.51141e-17)
(-0.298385 -40.6094 2.52145e-17)
(-0.672912 -40.0995 0)
(-0.888535 -39.7467 -1.13671e-16)
(-1.14293 -39.509 1.2477e-17)
(-1.60695 -39.4151 9.96489e-17)
(-2.48459 -39.5469 -1.24191e-17)
(-3.91843 -39.728 9.86482e-17)
(-6.08132 -39.1751 -1.21991e-16)
(-8.37523 -36.1227 1.93725e-16)
(1.83433 -48.7919 1.79187e-16)
(4.2897 -46.6594 -5.61612e-16)
(7.27208 -43.4748 -2.02813e-19)
(8.99694 -38.9159 2.30844e-19)
(7.11775 -10.5089 0)
(6.6783 -10.3426 0)
(6.51593 -11.1301 0)
(6.86445 -12.8102 3.83769e-20)
(7.44892 -15.0459 7.07564e-17)
(8.12901 -17.7299 -3.39277e-17)
(8.71238 -20.5646 2.46964e-17)
(9.1614 -23.317 0)
(9.44988 -25.8818 -3.92357e-18)
(9.46074 -28.1668 3.86728e-18)
(9.20403 -30.0991 0)
(8.705 -31.616 2.34096e-19)
(7.97565 -32.6897 1.8476e-18)
(7.04187 -33.3588 -9.18946e-19)
(5.96247 -33.6999 1.79619e-18)
(4.7795 -33.9242 -5.34703e-18)
(3.5051 -33.6023 8.78894e-19)
(2.35936 -32.4018 -3.90437e-18)
(1.34821 -30.9067 -3.95667e-21)
(0.481819 -29.1449 3.80226e-18)
(-0.174616 -26.9317 3.34406e-18)
(-0.644842 -24.3826 -2.87815e-18)
(-0.945286 -21.5828 1.01605e-19)
(-1.10683 -18.6387 0)
(-1.19015 -15.6776 2.9699e-18)
(-1.22529 -12.8316 -3.11764e-18)
(-1.2423 -10.1982 9.61999e-20)
(-1.273 -7.83587 3.03726e-18)
(-1.3263 -5.76939 -3.0805e-18)
(-1.39915 -3.93192 0)
(-1.47678 -2.34776 1.02133e-19)
(-1.53247 -0.845911 -1.45429e-18)
(-1.58884 0.527611 1.40616e-18)
(-1.59763 1.84728 1.73412e-19)
(-1.60563 2.8215 8.54135e-20)
(-1.64851 3.85009 1.34433e-18)
(-1.70948 4.31232 -2.3104e-18)
(-1.77154 5.10059 1.4587e-18)
(-1.67515 5.14166 -1.59384e-18)
(-1.79671 6.7761 2.18601e-18)
(-0.826911 5.49119 -2.15059e-18)
(-2.10282 11.5396 0)
(0.584458 5.78723 1.17985e-18)
(-3.66684 19.3684 0)
(2.73731 1.75078 -1.16868e-18)
(-5.19825 30.0352 1.08142e-18)
(4.1758 -19.678 -1.08468e-18)
(3.43075 44.188 2.13557e-18)
(2.76797 -49.8247 0)
(9.75637 46.5286 -5.02115e-19)
(-15.0035 -127.359 3.99748e-21)
(-3.69184 150.164 0)
(3.79342 -33.0481 0)
(9.11747 -29.918 3.15301e-16)
(-3.98281 -30.9737 -8.26686e-17)
(0.127438 -32.8162 0)
(-21.9075 -21.859 0)
(-24.2045 -17.2267 5.65107e-16)
(-24.0226 -19.3851 -9.53175e-19)
(-21.0579 -25.6979 6.02729e-19)
(3.50616 -21.2434 5.74576e-16)
(-0.877274 -11.6626 -9.25023e-16)
(3.25727 -4.02094 0)
(1.64875 -16.2057 0)
(7.81158 46.5048 -7.13096e-19)
(-1.20999 -0.524334 -5.39819e-16)
(-2.7249 -2.30457 1.32687e-19)
(-4.57347 -4.14223 -2.66762e-16)
(-6.37904 -5.89589 2.73362e-16)
(-8.33832 -7.85148 -2.81186e-16)
(-10.3941 -10.1374 0)
(-12.2996 -12.8961 8.83021e-16)
(-13.7787 -16.3382 -2.99707e-16)
(-14.6612 -20.9578 3.02839e-16)
(-1.33637 -43.7575 1.89756e-16)
(6.06008 84.5808 -2.78072e-16)
(-10.7724 -39.6406 4.12857e-16)
(-8.80723 -42.8714 1.2389e-16)
(-5.38199 -44.4672 -1.39646e-16)
(-1.76796 -44.4499 4.63367e-17)
(4.91168 -5.76915 3.24563e-16)
(13.8399 -33.459 -5.75509e-16)
(15.9154 -29.4495 -2.90712e-16)
(17.3335 -25.1642 3.00439e-16)
(17.674 -21.8064 0)
(16.9898 -18.9357 0)
(15.51 -16.3845 -2.89765e-16)
(13.5766 -14.1193 0)
(11.3862 -12.061 -2.9419e-19)
(9.07751 -10.0462 -2.84978e-16)
(6.88046 -7.99065 -5.86638e-16)
(-22.8452 -23.5918 2.5186e-16)
(-25.1645 -13.8885 -2.78906e-16)
(-23.1783 -19.4954 -2.7934e-16)
(-1.61006 -30.982 2.07392e-17)
(6.40381 -25.685 -4.5472e-16)
(6.04462 -31.6625 -6.57478e-16)
(-8.85578 -24.5222 -2.97083e-16)
(-9.29326 -18.0532 0)
(-0.529167 2.10704 0)
(0.381515 3.75655 1.60302e-16)
(0.562796 3.63379 -7.35791e-17)
(-0.270647 3.15664 -6.65233e-17)
(-0.716297 2.22461 6.49337e-17)
(-1.59818 1.16852 0)
(-2.17624 -0.986062 0)
(-2.69242 -4.45612 0)
(-3.1697 -8.53685 7.64249e-18)
(-3.52109 -13.1715 0)
(-3.59009 -18.0223 3.73645e-18)
(-3.54283 -22.8029 0)
(-3.31261 -26.994 9.19346e-19)
(-2.92228 -30.174 0)
(-2.407 -32.0695 0)
(-1.8389 -32.8092 0)
(-1.26111 -32.5943 0)
(-0.724176 -31.6972 -1.7328e-18)
(-0.198001 -30.1559 4.23647e-19)
(0.231544 -28.0648 1.68571e-18)
(0.535866 -25.5997 -1.25281e-18)
(0.727062 -22.8877 1.64161e-18)
(0.812279 -20.0173 1.77747e-18)
(0.805485 -17.044 -8.47186e-19)
(0.738638 -14.003 -7.88841e-19)
(0.634735 -10.9431 7.67476e-19)
(0.517402 -7.90787 -7.55668e-19)
(0.390951 -5.00496 0)
(0.250257 -2.32819 0)
(0.150572 0.0973432 -7.30414e-19)
(0.112981 2.22294 7.36233e-19)
(0.0693857 3.92709 0)
(0.0549865 5.19586 0)
(0.0780472 6.14234 6.716e-19)
(0.141942 6.80173 -6.81661e-19)
(0.255895 7.26322 -1.04903e-20)
(0.382732 7.55125 3.22135e-22)
(0.545685 7.79046 6.49619e-19)
(0.710335 7.92329 -6.53071e-19)
(0.93048 8.17323 0)
(1.12743 8.26692 -6.55603e-19)
(1.35883 8.93458 7.40067e-20)
(1.48292 9.38355 5.93533e-19)
(1.69154 10.8265 -5.8394e-19)
(1.71298 11.1964 1.14212e-18)
(2.36595 15.4075 -8.36633e-19)
(2.83803 11.296 -5.49048e-19)
(7.33221 24.8231 5.29909e-19)
(10.2821 10.2001 0)
(19.2683 42.6333 5.01332e-19)
(30.2993 10.8242 -2.6044e-19)
(-72.7986 47.1856 4.4564e-19)
(5.21165 -42.0124 -1.61644e-16)
(2.43951 -42.4986 -1.06271e-17)
(-0.186604 -41.0371 8.05316e-20)
(-0.851237 -39.666 4.57494e-17)
(-2.10113 -38.8739 0)
(-4.47651 -37.03 0)
(-7.07042 -34.373 0)
(-9.64612 -30.0399 0)
(-9.65056 -28.0804 -1.92495e-16)
(-22.08 -23.2939 -5.62954e-16)
(0.739142 -30.8642 -4.04427e-17)
(-3.9546 -15.7924 5.53336e-16)
(1.79828 -28.7673 0)
(-4.14997 -28.162 0)
(-23.1603 -20.2052 -4.36686e-19)
(-25.1595 -17.0249 -3.08291e-19)
(1.57368 -43.5941 3.56961e-16)
(4.81011 -40.2684 4.11123e-19)
(7.79384 -35.734 0)
(9.81296 -31.476 -3.47856e-16)
(7.33095 37.9201 -6.29241e-16)
(8.03346 -42.3243 -2.23384e-16)
(8.06744 -36.2446 8.3831e-17)
(5.47007 -39.771 0)
(3.11177 -40.8925 -3.01785e-17)
(1.46405 -40.8393 -1.84347e-17)
(0.371239 -40.4993 -2.48872e-17)
(-0.193301 -40.2527 -2.49096e-17)
(-0.49891 -40.0122 -1.00131e-16)
(-0.678081 -39.7248 1.24867e-17)
(-0.909204 -39.3989 2.00697e-16)
(-1.33858 -39.0687 4.3689e-19)
(-2.13045 -38.7733 -9.95708e-17)
(-3.44527 -38.3553 8.60945e-17)
(-5.46239 -37.2063 -8.57878e-20)
(-7.79483 -33.7829 -4.71518e-17)
(-9.02155 -26.1305 -3.53427e-16)
(-3.76284 -3.95081 0)
(117.875 -2511.96 1.98645e-17)
(85.5159 -3085.37 0)
(-60.7672 -2972.91 3.63648e-17)
(-161.801 -2902.32 5.86285e-18)
(-79.858 -2100.18 8.97174e-18)
(11.5267 -1655.41 -2.04546e-18)
(26.0396 -1152.22 0)
(15.4645 -1281.83 0)
(-14.6717 -1171.41 4.33299e-19)
(-8.83481 -1236.85 0)
(-14.5558 -1188.96 1.3713e-18)
(-42.0327 -1272.05 1.72381e-18)
(-77.93 -1429.26 2.92698e-18)
(71.4733 -1970.43 5.1117e-20)
(179.792 -3232.45 -3.25515e-18)
(17.1188 -3407.9 -4.54243e-19)
(-23.3679 -3345.38 -1.86358e-18)
(-8.21564 -3242.09 3.90948e-19)
(-11.8253 -3338.61 -1.9184e-18)
(-25.0701 -3405.82 0)
(-48.6305 -3407.31 0)
(-45.7929 -3328.35 1.46614e-17)
(-31.2017 -3290.29 0)
(-32.6644 -3301.9 7.29663e-18)
(-36.2295 -3339.15 2.93927e-17)
(-32.9409 -3317.4 7.59581e-18)
(-71.1314 -3412.87 -1.4998e-17)
(-139.16 -3224.45 -6.40383e-19)
(-313 -3230.99 6.3188e-19)
(-486.083 -3004.41 1.30294e-18)
(2.32233 -3.11571 0)
(2.29731 -2.71722 1.4943e-16)
(2.29986 -2.61531 -2.16037e-16)
(2.49359 -3.09445 3.54422e-20)
(2.89056 -4.16993 0)
(3.39262 -5.84403 1.64389e-17)
(3.92978 -7.98704 -8.08579e-18)
(4.44091 -10.4223 0)
(4.84978 -12.9541 0)
(5.1206 -15.5054 0)
(5.23045 -17.9446 -4.72756e-19)
(5.1779 -20.1596 7.12074e-22)
(4.98716 -22.1135 -9.22244e-19)
(4.65981 -23.715 3.65003e-18)
(4.19451 -24.8831 -2.70672e-18)
(3.63026 -25.8694 -8.87905e-19)
(2.88465 -26.3679 3.51351e-18)
(2.20311 -26.0299 -1.73519e-18)
(1.63522 -25.2935 -1.71438e-18)
(1.11299 -24.2136 1.68937e-18)
(0.684185 -22.635 1.04322e-19)
(0.35594 -20.6593 -2.05948e-19)
(0.129229 -18.3638 -1.0163e-19)
(-0.0194897 -15.8528 -1.60559e-18)
(-0.12125 -13.252 1.5804e-18)
(-0.192508 -10.708 0)
(-0.256031 -8.3321 -1.54011e-18)
(-0.328038 -6.19402 1.49176e-18)
(-0.411543 -4.32982 0)
(-0.496507 -2.69259 2.30167e-20)
(-0.546696 -1.3212 -3.40257e-20)
(-0.642662 0.00622421 0)
(-0.704857 1.1849 0)
(-0.755357 2.25956 0)
(-0.754802 3.05801 1.45199e-18)
(-0.804735 3.87175 -2.72765e-18)
(-0.840057 4.18032 1.40144e-18)
(-0.832163 4.70065 -1.62224e-19)
(-0.730742 4.60027 3.1861e-19)
(-0.678779 5.67178 3.12956e-19)
(-0.243111 4.60854 -2.22829e-22)
(-0.344165 9.75998 0)
(0.37014 5.09626 -5.91456e-19)
(-0.58002 17.474 -1.14154e-18)
(1.16561 1.78706 5.85552e-19)
(-0.921199 29.6114 -2.16023e-18)
(0.560009 -18.3085 2.24971e-18)
(0.439679 50.8809 -1.06201e-18)
(-7.2671 -34.7758 -1.25086e-18)
(7.9128 63.8644 8.77752e-19)
(14.23 -60.2008 -1.18669e-18)
(31.4497 42.1754 5.42826e-19)
(269.166 -2991.72 1.191e-17)
(-6.27523 -20.446 0)
(3.59253 -27.2386 2.93787e-16)
(-0.846416 -28.2667 3.68981e-17)
(-24.4376 -16.5237 5.9333e-16)
(-25.1502 -19.1185 -2.61618e-16)
(3.19925 181.266 -2.63927e-20)
(24.8014 -6.04491 1.02598e-19)
(-12.3676 -13.7106 -2.49003e-16)
(-16.1572 -18.3197 -4.6227e-16)
(-513.803 -1309.85 0)
(5.43083 10074.5 -8.93145e-19)
(33.0933 8442.97 0)
(-58.1949 9461.94 1.00271e-18)
(-21.4254 10177.3 -2.9676e-20)
(-65.4517 10144.4 2.01046e-18)
(-41.7648 9980.2 1.84321e-18)
(-68.0699 9966.8 -3.99399e-18)
(-54.1355 9920.16 -3.80525e-18)
(-65.9932 9820.33 1.89145e-18)
(-61.2907 10072.5 1.86738e-18)
(-67.7849 10080.3 1.88315e-18)
(-59.1557 9517.82 1.90526e-18)
(-63.8369 9831.52 -1.88681e-18)
(-57.6 9212.02 0)
(-59.1213 9266.41 -1.87448e-18)
(-60.678 9408.47 0)
(-59.8539 9347.83 0)
(-61.2602 8957.59 -1.86625e-18)
(-60.0939 9237.74 0)
(-62.7025 8373.36 -1.86345e-18)
(-53.2887 8647.21 3.76959e-18)
(-63.3013 7853.61 0)
(-44.7027 8055.5 0)
(-67.5399 7517.42 0)
(-34.3656 7419.4 0)
(-68.7863 7945.56 -1.20527e-20)
(-26.3672 7250.69 1.91863e-18)
(-67.6269 8416.19 0)
(2.31693 7718.38 -2.11507e-18)
(-10.8757 188.301 2.48139e-19)
(488.953 -988.502 -2.42722e-17)
(-60.4024 7938.85 0)
(21.1803 7407.61 -1.18249e-19)
(0.157552 84.818 -7.96673e-19)
(-40.8919 -73.2034 1.37128e-18)
(-1.37563 47.5555 0)
(-5.73377 -29.7534 0)
(0.732951 24.1725 0)
(-1.7561 -24.0833 0)
(0.676568 12.2853 1.15367e-18)
(0.157451 -4.04968 5.68662e-19)
(0.27227 6.12826 2.40087e-18)
(0.257288 1.13356 -1.7917e-18)
(-0.0377599 3.06543 1.24923e-18)
(0.103685 1.65862 -2.15369e-18)
(-0.0978598 2.90797 1.29404e-18)
(-0.067893 2.56049 0)
(-0.140972 2.81354 4.18769e-20)
(-0.119201 2.87011 -1.4032e-18)
(-0.186895 1.96384 1.38541e-18)
(-0.154407 2.44455 -1.35935e-18)
(-0.0468097 0.623812 0)
(-0.150293 1.32365 0)
(0.145381 -0.899668 -2.29836e-20)
(0.0994857 -0.132192 2.26469e-20)
(0.280217 -2.91604 2.3656e-20)
(0.204844 -1.80861 0)
(0.411561 -5.68093 1.55836e-18)
(0.352672 -4.21783 -1.53416e-18)
(0.548089 -8.7493 0)
(0.482406 -7.2345 0)
(0.681428 -11.1691 -1.64615e-18)
(0.603328 -10.0979 1.61949e-18)
(0.899305 -12.1287 0)
(0.78133 -11.8679 -1.04093e-19)
(1.152 -11.3655 -1.29789e-18)
(1.03224 -11.9169 0)
(1.39624 -9.01505 -1.77727e-18)
(1.28895 -10.4436 1.75245e-18)
(1.27726 -5.85234 -1.81674e-18)
(1.36193 -7.3959 3.59458e-18)
(1.16881 -3.00856 4.65178e-19)
(1.21675 -4.40619 -2.30369e-19)
(1.08374 -0.382532 0)
(1.11918 -1.67352 0)
(0.856968 1.86806 0)
(1.02113 0.820011 0)
(0.459087 3.24733 -1.02212e-16)
(0.657194 2.70026 3.14058e-17)
(0.057472 3.39238 -6.44817e-17)
(0.254766 3.45747 1.26526e-16)
(-0.130741 2.61432 0)
(-0.086442 3.12078 -1.32899e-16)
(0.358684 0.953712 4.11515e-19)
(-0.0280379 1.90383 0)
(2.3013 -1.83142 8.33174e-16)
(1.11486 -0.323062 -2.87849e-16)
(5.41619 -5.16318 1.00758e-19)
(3.7603 -3.47881 0)
(8.87153 -8.82878 0)
(7.15135 -6.90606 -2.81332e-16)
(11.3462 -13.5274 -6.19367e-16)
(10.3589 -10.9934 0)
(10.0106 -20.6032 -3.0301e-16)
(11.4659 -16.5736 3.59491e-19)
(8.42083 -27.3223 3.41103e-17)
(8.96599 -25.5806 5.60427e-16)
(1.69765 -25.091 2.54897e-21)
(5.49782 -26.506 -4.1179e-17)
(-0.435435 -19.7383 4.60117e-17)
(-0.597038 -21.4253 -3.94309e-20)
(-2.98077 -18.0822 -2.13785e-16)
(-1.23536 -19.9591 -8.99817e-20)
(-6.23015 -11.7259 -4.36379e-16)
(-4.84717 -15.973 -3.74842e-16)
(-3.8765 -3.51606 0)
(-5.49227 -31.4846 -4.69909e-17)
(-7.01184 -25.714 0)
(-2.56972 -36.7531 1.24316e-17)
(-3.97825 -34.8508 -2.44339e-17)
(-0.932359 -38.9505 1.01064e-16)
(-1.5472 -37.994 -1.00555e-16)
(-0.481474 -40.2819 -5.01987e-17)
(-0.624122 -39.7299 0)
(-0.164179 -40.4863 -4.95559e-17)
(-0.372181 -40.5402 9.98289e-17)
(1.03811 -39.6359 0)
(0.247639 -40.1464 0)
(3.87329 -36.863 0)
(2.22598 -38.7183 0)
(8.64729 -15.993 -6.34287e-17)
(5.76006 -33.2184 0)
(-7.96766 -14.9021 8.19213e-16)
(9.7472 -27.182 2.90766e-16)
(1.25337 -1.78454 -2.38774e-16)
(2.77327 -4.57238 0)
(5.83942 -7.05774 -2.36736e-16)
(3.9076 -2.14287 -2.39369e-16)
(4.65353 -17.1491 2.12372e-16)
(5.86035 -13.2624 4.256e-16)
(0.847193 -25.3296 3.3701e-16)
(2.91885 -21.4416 -2.02359e-16)
(0.180734 -24.6376 -4.65119e-17)
(0.166633 -25.7504 -3.07708e-16)
(-6.10052 -27.9561 8.21632e-17)
(-2.82683 -27.8868 4.26116e-17)
(-9.57964 -21.5725 3.30844e-16)
(-8.24844 -26.1363 -1.48509e-20)
(-9.40296 -12.2435 -7.20212e-19)
(-9.99053 -16.5607 -3.35289e-16)
(-6.5981 -6.25009 9.15151e-16)
(-8.18516 -8.82029 -3.18549e-16)
(-3.32678 -2.53743 2.82467e-16)
(-4.93919 -4.23123 2.92257e-19)
(-0.626419 0.320992 0)
(-1.84438 -1.08182 0)
(1.15247 3.15521 -2.89206e-16)
(0.384039 1.75684 2.65782e-16)
(2.12363 5.22843 0)
(1.77953 4.30393 0)
(1.637 7.59884 0)
(1.96439 6.41534 0)
(0.751071 9.29966 3.08997e-17)
(1.28463 8.61594 -6.34874e-17)
(0.179243 9.40553 1.55995e-17)
(0.376499 9.69329 -4.65854e-17)
(-0.0572285 6.20522 -3.81629e-18)
(0.105416 8.26908 -1.16288e-17)
(-0.442528 -0.329319 -3.7273e-18)
(-0.305457 3.31513 0)
(-0.726906 -8.04121 0)
(-0.55469 -4.26773 0)
(-0.85273 -13.8404 3.58071e-18)
(-0.864318 -11.3346 0)
(-0.755713 -16.3028 3.48832e-18)
(-0.813368 -15.435 -5.31454e-18)
(-0.587519 -16.4916 0)
(-0.682285 -16.6754 -1.72264e-18)
(-0.414842 -14.7116 3.32515e-18)
(-0.492589 -15.7853 -1.68687e-18)
(-0.316748 -11.7855 -7.60212e-19)
(-0.353915 -13.3576 -1.63791e-18)
(-0.318372 -8.14567 0)
(-0.309609 -10.0393 7.97737e-19)
(-0.308842 -4.08275 7.66155e-19)
(-0.324301 -6.14785 -7.65871e-19)
(-0.302518 -0.181862 -7.44876e-19)
(-0.288344 -2.06978 7.56298e-19)
(-0.204345 2.92124 0)
(-0.289906 1.51451 -5.73952e-21)
(-0.132389 4.78745 0)
(-0.129218 4.03833 0)
(-0.158913 5.44955 0)
(-0.154043 5.25056 0)
(-0.0989107 5.32991 -6.58843e-19)
(-0.132069 5.46249 5.2282e-21)
(-0.0306611 4.81081 6.32094e-19)
(-0.0571786 5.11452 -7.63858e-22)
(0.0684056 4.14088 -3.8507e-20)
(0.040895 4.48452 0)
(0.129284 3.9311 1.18722e-18)
(0.103522 4.02523 -6.05918e-19)
(0.148023 3.86101 -5.72623e-19)
(0.183074 4.4061 -5.81164e-19)
(1.27362 2.59526 2.71225e-19)
(0.261831 7.80545 8.37206e-19)
(6.29103 2.53553 -1.32814e-19)
(1.87749 18.7447 3.96711e-19)
(4.7391 54.5415 -3.12708e-19)
(-1.46802 -1.45346 7.37824e-16)
(-2.22896 -4.10865 -1.28473e-16)
(-3.96701 -24.4812 6.77389e-17)
(-25.2117 9.72123 -1.66974e-16)
(-47.6141 5495.47 0)
(-1.15395 -18.588 1.82726e-19)
(58.8356 4541.78 1.18678e-19)
(-4.27299 -39.0342 -4.55537e-16)
(-0.820851 -1.10696 0)
(-0.435631 -0.461308 -4.83857e-16)
(0.4074 -0.498785 0)
(0.137715 -0.138517 0)
(-0.149943 -0.139488 -1.13716e-17)
(-0.0272009 -0.0298667 -4.4054e-18)
(0.022532 -0.0292991 4.40352e-18)
(-23.0437 20.9487 1.05411e-17)
(-12.2701 -36.6191 1.66317e-16)
(0.192849 -25.0583 0)
(0.0808076 -22.9794 -5.22568e-16)
(-3.25946 -22.5571 2.62235e-16)
(11.6187 69.5748 -9.49429e-17)
(2.02212 80.1158 -1.5723e-16)
(7.43111 80.5391 1.35795e-16)
(2.34992 35.3799 6.25018e-16)
(-6.46469 43.1765 -3.07984e-16)
(-2.12285 40.4798 6.1549e-16)
(-2.78359 30.4352 -1.16799e-18)
(-11.0939 34.6899 -6.10828e-16)
(-7.09489 33.5791 -3.07419e-16)
(-7.46632 23.6413 -6.1933e-16)
(-15.2811 25.3159 2.39507e-19)
(-11.5418 25.4031 -3.05709e-16)
(-11.5729 16.1328 -6.19201e-16)
(-18.5665 16.0977 -6.01826e-16)
(-15.3 16.9863 0)
(-12.3438 -35.7905 1.43343e-15)
(-24.363 -17.6621 0)
(0.233627 -0.17935 0)
(27.4664 -24.8593 4.86547e-16)
(-2.67414 -4.31585 0)
(-26.594 -5.83579 9.43678e-16)
(-21.1916 -18.6334 7.71632e-16)
(-14.3473 -33.8054 -8.95277e-16)
(29.0612 -10.4069 0)
(28.219 -7.00907 4.97125e-19)
(-16.218 -25.0417 0)
(-5.98781 71.3673 4.21182e-16)
(4.83332 89.7286 4.3682e-17)
(8.66107 -40.5548 -1.2828e-15)
(-8.75628 -16.8849 -1.18026e-15)
(3.62494 75.287 1.1353e-15)
(-2.792 -2.79676 -3.35813e-16)
(-0.0110028 -46.2872 0)
(-7.96289 -12.3389 0)
(-1.83481 -43.6003 0)
(-17.7594 -28.8456 0)
(26.2822 12.0355 1.30935e-15)
(-11.1644 -44.5738 -1.424e-15)
(5.34412 67.2508 -5.4954e-16)
(-6.76724 -12.803 -1.01218e-15)
(-1.01611 75.5263 -1.82888e-15)
(10.3971 -17.1936 -3.68544e-16)
(-21.8692 29.6607 -2.93868e-17)
(-16.4162 47.423 -5.76273e-16)
(18.9651 38.7714 1.11018e-16)
(18.2534 19.7487 -7.17141e-16)
(-0.514696 -0.334223 -2.82812e-16)
(-4.05665 -39.7139 8.84059e-16)
(16.7162 -17.699 5.50832e-16)
(6.65733 -9.3754 0)
(0.195564 1.98349 0)
(-8.31719 -31.5278 1.66374e-15)
(4.02436 -46.7212 0)
(0.457974 -38.9389 -9.35433e-16)
(-22.192 -18.997 -7.56993e-16)
(8.01996 -14.1077 -1.23608e-15)
(-12.4486 -30.5885 1.4603e-16)
(-15.7713 -36.4609 -1.3665e-16)
(-13.1659 -35.9894 0)
(-17.1576 -17.0428 2.44439e-19)
(-1.14123 83.8678 5.41167e-16)
(-5.9483 -40.1995 -1.07422e-16)
(17.7879 -25.8928 8.77646e-16)
(19.0185 -2.26211 -1.46251e-15)
(-16.5837 38.4876 -3.9749e-16)
(4.75622 85.1197 6.17718e-16)
(4.65177 68.4297 -5.57118e-16)
(-13.6894 -16.6742 2.9537e-16)
)
;

boundaryField
{
    wall
    {
        type            noSlip;
    }
    outlet
    {
        type            inletOutlet;
        inletValue      uniform (0 0 0);
        value           nonuniform List<vector> 
33
(
(5.43083 10074.5 -8.93145e-19)
(33.0933 8442.97 0)
(-58.1949 9461.94 1.00271e-18)
(-21.4254 10177.3 -2.9676e-20)
(-65.4517 10144.4 2.01046e-18)
(-41.7648 9980.2 1.84321e-18)
(-68.0699 9966.8 -3.99399e-18)
(-54.1355 9920.16 -3.80525e-18)
(-65.9932 9820.33 1.89145e-18)
(-61.2907 10072.5 1.86738e-18)
(-67.7849 10080.3 1.88315e-18)
(-59.1557 9517.82 1.90526e-18)
(-63.8369 9831.52 -1.88681e-18)
(-57.6 9212.02 0)
(-59.1213 9266.41 -1.87448e-18)
(-60.678 9408.47 0)
(-59.8539 9347.83 0)
(-61.2602 8957.59 -1.86625e-18)
(-60.0939 9237.74 0)
(-62.7025 8373.36 -1.86345e-18)
(-53.2887 8647.21 3.76959e-18)
(-63.3013 7853.61 0)
(-44.7027 8055.5 0)
(-67.5399 7517.42 0)
(-34.3656 7419.4 0)
(-68.7863 7945.56 -1.20527e-20)
(-26.3672 7250.69 1.91863e-18)
(-67.6269 8416.19 0)
(2.31693 7718.38 -2.11507e-18)
(-60.4024 7938.85 0)
(21.1803 7407.61 -1.18249e-19)
(-47.6141 5495.47 0)
(58.8356 4541.78 1.18678e-19)
)
;
    }
    inlet
    {
        type            inletOutlet;
        inletValue      uniform (0 0 0);
        value           nonuniform List<vector> 
30
(
(-6.08115 -16.5568 9.78587e-17)
(4.78985 -9.2537 0)
(7.16639 -18.0471 2.8615e-17)
(7.36305 -26.093 -2.53948e-17)
(0.872079 -1.02502 0)
(-3.90597 -8.22999 -1.17124e-16)
(-5.49227 -31.4846 -4.69909e-17)
(-7.01184 -25.714 0)
(-2.56972 -36.7531 1.24316e-17)
(-3.97825 -34.8508 -2.44339e-17)
(-0.932359 -38.9505 1.01064e-16)
(-1.5472 -37.994 -1.00555e-16)
(-0.481474 -40.2819 -5.01987e-17)
(-0.624122 -39.7299 0)
(-0.164179 -40.4863 -4.95559e-17)
(-0.372181 -40.5402 9.98289e-17)
(1.03811 -39.6359 0)
(0.247639 -40.1464 0)
(3.87329 -36.863 0)
(2.22598 -38.7183 0)
(5.76006 -33.2184 0)
(2.77327 -4.57238 0)
(-2.22896 -4.10865 -1.28473e-16)
(-0.820851 -1.10696 0)
(-0.435631 -0.461308 -4.83857e-16)
(0.4074 -0.498785 0)
(0.137715 -0.138517 0)
(-0.149943 -0.139488 -1.13716e-17)
(-0.0272009 -0.0298667 -4.4054e-18)
(0.022532 -0.0292991 4.40352e-18)
)
;
    }
    frontAndBackPlanes
    {
        type            empty;
    }
}


// ************************************************************************* //
