/*--------------------------------*- C++ -*----------------------------------*\
| =========                 |                                                 |
| \\      /  F ield         | OpenFOAM: The Open Source CFD Toolbox           |
|  \\    /   O peration     | Version:  2212                                  |
|   \\  /    A nd           | Website:  www.openfoam.com                      |
|    \\/     M anipulation  |                                                 |
\*---------------------------------------------------------------------------*/
FoamFile
{
    version     2.0;
    format      ascii;
    arch        "LSB;label=32;scalar=64";
    class       volVectorField;
    location    "0.0415";
    object      U;
}
// * * * * * * * * * * * * * * * * * * * * * * * * * * * * * * * * * * * * * //

dimensions      [0 1 -1 0 0 0 0];

internalField   nonuniform List<vector> 
2308
(
(-0.797583 3.5463 -1.02361e-15)
(0.198066 0.458698 0)
(-0.0112506 5.49435 7.24037e-17)
(0.223191 2.12073 -3.61136e-16)
(0.0507159 3.60929 0)
(0.212261 3.32538 -1.20569e-20)
(-0.180166 3.25385 2.0211e-21)
(-0.233813 3.41994 -4.98795e-16)
(-0.0299222 3.70471 9.07681e-16)
(0.00536283 3.02397 -1.20554e-16)
(0.00398383 3.02624 2.14983e-16)
(0.0178359 3.03276 -3.15674e-16)
(0.0148112 3.0402 1.56324e-16)
(0.013787 3.04884 -7.91568e-17)
(0.0146263 3.05956 1.34803e-17)
(0.0167445 3.07306 1.12012e-16)
(0.0192711 3.09028 1.49806e-17)
(-0.0100912 3.11364 3.46531e-17)
(-0.00641426 3.09194 4.66286e-17)
(-0.00706583 3.07386 3.45086e-18)
(-0.00674867 3.05975 2.63238e-17)
(-0.00592401 3.04924 -7.69281e-17)
(-0.00570801 3.04103 9.88336e-17)
(-0.00630295 3.03491 -4.5526e-17)
(-0.000142475 3.03034 -1.95771e-16)
(-0.00195232 3.02651 -9.31637e-17)
(-0.00501078 3.02498 4.76524e-17)
(0.0026712 3.02209 -5.24326e-17)
(-0.10976 3.30469 0)
(0.0194659 3.11219 -3.19781e-16)
(0.00190933 3.02003 2.79263e-18)
(0.000930358 3.01833 7.15423e-19)
(0.000824048 3.01657 -1.22348e-17)
(0.000845341 3.01483 1.15647e-17)
(0.000991593 3.01321 -1.22963e-17)
(0.00105432 3.01177 1.15811e-17)
(0.00114094 3.01042 -5.78554e-18)
(0.00119054 3.0092 5.7845e-18)
(0.00121055 3.00813 -5.77772e-18)
(0.00123223 3.00729 2.88896e-18)
(0.0011996 3.00668 5.78278e-18)
(0.00112856 3.00634 8.68017e-18)
(0.000980344 3.00635 -1.7399e-17)
(0.000792816 3.00659 1.16379e-17)
(0.000593079 3.00703 5.81867e-18)
(0.0212016 3.0037 -5.83841e-18)
(0.0212103 3.00336 5.81509e-18)
(0.0211682 3.00315 -8.70523e-18)
(0.0210023 3.00334 -9.43242e-18)
(0.0207158 3.00377 1.44853e-17)
(0.0203435 3.00451 -2.8969e-18)
(0.0198653 3.00538 5.80454e-18)
(0.0193345 3.00664 1.45162e-18)
(0.0188021 3.00784 -8.70234e-18)
(0.0182297 3.00922 -2.90732e-18)
(0.0175943 3.01074 5.80894e-18)
(0.0169599 3.01231 0)
(0.0162689 3.01391 -7.22192e-19)
(0.0154711 3.01541 -2.37454e-17)
(0.013751 3.01664 -8.17937e-17)
(0.0117741 3.01754 9.63508e-17)
(0.0184796 3.02243 9.94806e-17)
(0.0200328 3.01964 1.14168e-16)
(0.0228498 3.02333 1.07272e-21)
(0.0253812 3.02724 1.27929e-16)
(0.0251137 3.02889 -2.37187e-16)
(0.0278986 3.03477 -5.44143e-17)
(0.0313229 3.04239 0)
(0.0358431 3.05269 0)
(0.0409489 3.06564 0)
(0.0468325 3.08263 0)
(0.000327995 3.00791 -2.91183e-18)
(0.0210802 3.00441 2.92609e-18)
(-0.0412856 3.08348 -1.60904e-16)
(-0.0343162 3.06646 -3.25248e-18)
(-0.0277591 3.05364 1.27444e-17)
(-0.0234358 3.04363 0)
(-0.0207179 3.03602 -2.44361e-17)
(-0.0187268 3.03056 -2.39158e-17)
(-0.0160727 3.0259 1.19956e-17)
(-0.0160832 3.02268 4.81088e-17)
(-0.0164182 3.02141 0)
(-0.01437 3.01921 3.38814e-22)
(-0.0137067 3.01718 8.91638e-20)
(-0.0139649 3.01541 -1.15507e-17)
(-0.0144882 3.01374 1.73333e-17)
(-0.0150181 3.01214 -1.83514e-22)
(-0.0155814 3.01066 -1.0135e-17)
(-0.0160464 3.00928 0)
(-0.0165153 3.00793 -1.44773e-18)
(-0.0169849 3.00676 8.68042e-18)
(-0.0174082 3.00574 -1.15696e-17)
(-0.0178323 3.00492 5.63307e-23)
(-0.018255 3.00432 1.15841e-17)
(-0.0186957 3.00406 0)
(-0.0191311 3.00412 1.15986e-17)
(-0.0195389 3.00443 -8.3995e-24)
(-0.019947 3.00497 -5.8212e-18)
(-0.0169117 3.13539 -1.37095e-16)
(-0.0203642 3.00584 -5.8246e-18)
(0.0167939 3.137 1.39804e-16)
(0.0520466 3.10542 -6.02489e-22)
(0.0410408 2.9946 -5.86078e-18)
(0.040986 2.99433 7.31603e-18)
(0.0407915 2.99401 0)
(0.0405039 2.99411 -2.18929e-18)
(0.0400074 2.99444 5.09926e-18)
(0.0393827 2.99504 5.8266e-18)
(0.0385809 2.99598 -5.82558e-18)
(0.0376527 2.99708 0)
(0.0366352 2.99845 -1.4549e-18)
(0.0355516 2.9997 2.91714e-18)
(0.0343731 3.00125 -3.67086e-24)
(0.0331332 3.00275 -2.91725e-18)
(0.0318968 3.00419 0)
(0.0306395 3.00563 4.376e-18)
(0.0293926 3.007 -1.74186e-17)
(0.0286112 3.00828 -1.16503e-17)
(0.0291533 3.00972 4.72971e-17)
(0.0313913 3.01224 1.75321e-16)
(0.0323194 3.011 1.32334e-17)
(0.0338992 3.01211 1.25828e-16)
(0.0355805 3.01392 -5.6878e-17)
(0.0372937 3.01644 0)
(0.0415884 3.02152 0)
(0.0475012 3.02808 0)
(0.0552173 3.03726 1.88243e-16)
(0.0643399 3.04944 -2.18621e-16)
(0.0741166 3.06594 2.22722e-16)
(-0.340962 3.413 -4.00833e-16)
(0.28131 3.21757 0)
(0.17555 3.24314 0)
(0.22702 3.24773 0)
(-0.0801758 3.09242 3.20801e-16)
(-0.059464 3.06921 9.07584e-17)
(-0.0522428 3.05164 -4.1774e-22)
(-0.0452538 3.03994 -1.54298e-18)
(-0.0392832 3.03113 1.53431e-18)
(-0.034822 3.02469 1.21667e-17)
(-0.0315536 3.02022 -2.4051e-17)
(-0.0290331 3.01642 6.84401e-23)
(-0.0281066 3.01355 0)
(-0.028052 3.0123 5.31712e-17)
(-0.0277193 3.01076 3.49162e-17)
(-0.0277945 3.00902 -5.78756e-18)
(-0.0283971 3.00734 5.78524e-18)
(-0.0293024 3.00568 0)
(-0.0303182 3.00414 0)
(-0.0313952 3.00263 -7.25534e-19)
(-0.032433 3.00125 0)
(-0.0334269 2.99987 4.35076e-18)
(-0.0343914 2.99869 -4.97522e-23)
(-0.0352969 2.99767 -2.90167e-18)
(-0.0361707 2.99677 0)
(-0.0370248 2.9962 -2.90211e-18)
(-0.0378114 2.99595 4.35762e-18)
(-0.0385253 2.99593 -7.2707e-18)
(-0.0391888 2.99626 0)
(-0.0398257 2.99686 -1.16397e-17)
(-0.0403538 2.99771 2.91504e-18)
(-0.0408314 2.99895 4.42562e-23)
(-0.0207702 3.00711 0)
(3.28534e-05 3.00909 -1.46047e-18)
(0.0208365 3.00549 -4.75564e-18)
(-0.18011 3.51277 4.35614e-16)
(0.0408107 2.99566 3.66724e-19)
(-0.454655 3.34606 -1.2565e-15)
(-0.598283 3.07772 -2.89122e-16)
(0.0537836 3.13537 0)
(-0.336324 3.71537 4.16439e-16)
(-0.0343302 3.5358 -8.71355e-16)
(-0.0131874 3.16633 5.72277e-17)
(0.0848244 3.08856 -3.36795e-16)
(-0.0412881 3.00035 -2.9262e-18)
(-0.0212104 3.00854 -2.9254e-18)
(-0.000398094 3.01055 -3.66008e-19)
(0.0204378 3.00682 5.85668e-18)
(0.0404515 2.99668 3.67229e-19)
(0.0587983 2.97844 0)
(0.059113 2.97763 2.94155e-18)
(0.0591801 2.9771 5.87907e-18)
(0.0589431 2.97702 -1.46873e-18)
(0.0585971 2.97701 -5.87019e-18)
(0.0580483 2.9773 -6.59286e-18)
(0.0572705 2.97786 8.78826e-18)
(0.0563011 2.97869 2.93023e-18)
(0.0551005 2.97997 -5.86619e-18)
(0.0537516 2.98134 4.39762e-18)
(0.0522821 2.98274 -1.28193e-18)
(0.0506906 2.98425 0)
(0.0490048 2.98592 0)
(0.0472498 2.9875 0)
(0.0454755 2.989 5.87674e-18)
(0.0437195 2.99044 -2.9433e-18)
(0.0421665 2.99189 3.17837e-22)
(0.0410933 2.99309 -2.37328e-17)
(0.0408034 2.99409 0)
(0.041209 2.99462 -2.49263e-17)
(0.042183 2.99356 2.57825e-17)
(0.0437913 2.99302 5.30581e-17)
(0.0457876 2.9934 2.70658e-17)
(0.0491663 2.99524 1.07969e-16)
(0.0548084 2.99896 -1.06856e-16)
(0.0626301 3.00402 0)
(0.0729568 3.01114 2.64802e-17)
(0.0859155 3.02165 -5.32216e-17)
(0.100103 3.03702 -1.07858e-16)
(-0.119093 3.15615 5.17097e-17)
(-0.557028 4.53925 0)
(0.120942 3.51428 3.43477e-22)
(-0.338728 3.28585 5.53958e-16)
(-0.297272 3.22638 -1.18295e-16)
(-0.244835 3.18444 1.34585e-16)
(-0.19918 3.14362 -2.56133e-17)
(-0.162104 3.10776 5.00557e-17)
(-0.132256 3.07874 -2.44991e-17)
(-0.108091 3.05684 0)
(-0.0874144 3.03912 -2.37272e-17)
(-0.0727652 3.02462 -2.40744e-17)
(-0.0618439 3.01525 0)
(-0.0536109 3.00894 0)
(-0.0477081 3.00454 1.50959e-18)
(-0.0436914 3.00133 -1.35018e-17)
(-0.0410781 2.99882 0)
(-0.0397188 2.99689 0)
(-0.0392542 2.99584 -1.77502e-17)
(-0.0393741 2.99478 -1.17304e-17)
(-0.0400439 2.9935 2.33586e-17)
(-0.0411595 2.99206 5.833e-18)
(-0.0425847 2.99036 1.45772e-18)
(-0.0441711 2.98893 5.82865e-18)
(-0.045769 2.98726 -6.56165e-18)
(-0.0473323 2.98582 0)
(-0.0488532 2.98444 -2.91416e-18)
(-0.0503115 2.98323 0)
(-0.0516886 2.98203 0)
(-0.0529961 2.98113 0)
(-0.0542334 2.98058 -1.16592e-17)
(-0.05538 2.98019 0)
(-0.0564364 2.98005 -6.55274e-18)
(-0.057332 2.98042 1.09236e-18)
(-0.0581458 2.98093 2.29498e-17)
(-0.0588528 2.98175 0)
(-0.059437 2.98292 -1.16643e-17)
(-0.059938 2.98425 1.82195e-19)
(-0.665122 5.301 0)
(-0.411736 3.53859 6.83217e-16)
(0.842724 3.07128 1.09391e-15)
(0.129594 1.85198 0)
(-0.49223 3.70843 -3.29877e-16)
(-0.543964 3.27962 1.43074e-15)
(0.0954118 3.11955 -6.99442e-21)
(-0.0731023 3.1887 1.08652e-16)
(0.0748367 2.94922 -3.69529e-19)
(0.0750332 2.94887 -2.95089e-18)
(0.0749168 2.94864 2.94911e-18)
(0.0745754 2.94897 0)
(0.0740669 2.94914 0)
(0.0732731 2.94973 3.68055e-19)
(0.0722475 2.95064 -1.47175e-18)
(0.0709306 2.95179 -5.14625e-18)
(0.069372 2.95345 3.67497e-19)
(0.067651 2.955 -7.58066e-19)
(0.0657508 2.95663 -9.02529e-19)
(0.0636945 2.95839 4.04874e-18)
(0.0615193 2.96014 3.68553e-19)
(0.0592931 2.96198 -2.94946e-18)
(0.0570487 2.96347 0)
(0.0548576 2.96495 1.18253e-17)
(0.0528435 2.96623 3.04965e-22)
(0.0512247 2.96708 5.98281e-17)
(0.0502261 2.96747 -4.84267e-17)
(0.0498795 2.96704 0)
(0.0503593 2.96564 5.07011e-17)
(0.0519145 2.9637 -1.55403e-16)
(0.0544916 2.96309 7.8808e-17)
(0.0588442 2.96298 1.04834e-16)
(0.0655683 2.96445 2.88069e-21)
(0.0751082 2.96712 -1.03902e-16)
(0.0878573 2.97132 1.039e-16)
(0.104168 2.97896 1.04389e-16)
(0.123966 2.99129 -1.04328e-16)
(0.115658 3.05881 -2.14025e-16)
(-0.222405 3.86179 -5.38587e-21)
(-0.624092 2.68754 -1.09555e-20)
(-0.403088 3.17626 -9.77454e-17)
(-0.345643 3.12051 -1.29425e-17)
(-0.291265 3.08965 -3.8347e-17)
(-0.24077 3.06351 -1.25265e-17)
(-0.197136 3.0401 0)
(-0.160745 3.02055 2.43209e-17)
(-0.131048 3.00574 -1.20186e-17)
(-0.106914 2.99414 -1.1973e-17)
(-0.0886835 2.98488 6.01471e-18)
(-0.0750827 2.97886 6.03221e-18)
(-0.0650835 2.97528 1.20613e-17)
(-0.0580266 2.97305 0)
(-0.0533298 2.97143 1.19718e-17)
(-0.050445 2.97036 -1.17486e-17)
(-0.049061 2.96957 -1.85983e-19)
(-0.0488353 2.96907 -3.55427e-17)
(-0.0494043 2.96845 2.94704e-18)
(-0.0505829 2.96752 -1.46794e-17)
(-0.0522049 2.96625 0)
(-0.0541127 2.96463 -4.75222e-18)
(-0.0561557 2.96316 3.65507e-19)
(-0.0581927 2.96145 6.58312e-18)
(-0.0602277 2.95996 0)
(-0.0622249 2.95855 0)
(-0.0641093 2.95714 -1.82846e-19)
(-0.0659316 2.95586 -5.66331e-18)
(-0.0676509 2.95502 5.85171e-18)
(-0.0692553 2.95433 7.31197e-18)
(-0.0707435 2.95373 -1.45995e-18)
(-0.0720929 2.95355 4.38026e-18)
(-0.0732346 2.95389 -1.46151e-18)
(-0.0741772 2.95426 -1.16926e-17)
(-0.0750603 2.95511 1.16803e-17)
(-0.0757919 2.95608 2.628e-17)
(-0.0763392 2.95734 1.1669e-17)
(-0.0767961 2.95869 0)
(-0.060373 2.98581 -6.01894e-18)
(-0.0417201 3.00201 -2.45232e-22)
(-0.0216833 3.01023 6.59743e-18)
(-0.000879666 3.01223 2.19796e-18)
(0.0199355 3.00845 -2.9344e-18)
(0.0399075 2.99823 5.8805e-18)
(0.0582763 2.97985 -5.88337e-18)
(0.0743635 2.95024 -2.95151e-18)
(0.803041 3.49277 -4.06888e-16)
(0.130879 5.35295 -9.34842e-17)
(-1.19322 1.25453 -1.62744e-16)
(-0.527332 3.51148 -6.94224e-16)
(-0.740995 3.76083 -3.43577e-16)
(0.929441 2.34038 9.77576e-17)
(0.146684 3.01033 0)
(0.131053 3.09065 4.28359e-16)
(-0.332077 3.92364 1.01117e-15)
(-0.49436 3.71379 4.14514e-16)
(-0.541772 4.29601 -4.16781e-16)
(0.0409497 3.4638 8.91728e-16)
(-0.44727 3.0146 0)
(-0.385097 2.98894 1.2713e-17)
(-0.325226 2.9729 -3.13755e-18)
(-0.270042 2.96139 -5.87264e-17)
(-0.221787 2.95141 1.2212e-17)
(-0.181104 2.94266 0)
(-0.147667 2.93626 4.47171e-23)
(-0.120816 2.93165 -2.99775e-18)
(-0.100124 2.92834 0)
(-0.0845931 2.92655 -6.00587e-18)
(-0.0733326 2.92613 -6.00448e-18)
(-0.0654946 2.92632 0)
(-0.060444 2.92656 1.49311e-18)
(-0.0575319 2.92697 -1.49027e-18)
(-0.0563043 2.92731 1.48824e-18)
(-0.0563262 2.92751 2.2232e-17)
(-0.0572752 2.92736 0)
(-0.0588828 2.92667 2.94719e-18)
(-0.060892 2.92552 -1.47131e-18)
(-0.0631709 2.92408 3.67833e-19)
(-0.0656126 2.92246 1.10365e-18)
(-0.0681039 2.92083 -6.62111e-18)
(-0.0705557 2.91935 0)
(-0.0729465 2.91773 1.46938e-18)
(-0.0752459 2.91612 2.93592e-18)
(-0.0774441 2.91504 2.93943e-18)
(-0.0795514 2.91399 -3.86536e-22)
(-0.0814498 2.91302 -1.46562e-18)
(-0.0832143 2.91236 -4.39468e-18)
(-0.0848112 2.91222 -2.93254e-18)
(-0.0861709 2.91225 -2.92986e-18)
(-0.0873261 2.9127 0)
(-0.0883001 2.91349 -1.17155e-17)
(-0.0891397 2.91423 -1.17048e-17)
(-0.089802 2.91545 -8.76523e-18)
(-0.0902678 2.91665 -1.60613e-17)
(-0.0906242 2.91798 7.30461e-18)
(-0.0771388 2.96023 -5.84321e-18)
(-0.0607238 2.98747 0)
(-0.0421532 3.00384 2.93368e-18)
(-0.0221192 3.01227 2.93811e-18)
(-0.00136923 3.01424 -5.8699e-18)
(0.0193272 3.0103 5.88476e-18)
(0.039252 2.99979 -1.61155e-23)
(0.0576304 2.98107 -2.94637e-18)
(0.0737227 2.95129 8.84889e-18)
(0.0869241 2.90624 -8.89259e-18)
(0.0875465 2.90554 1.48204e-18)
(0.0879127 2.90498 -1.10916e-18)
(0.0879392 2.90516 2.21718e-18)
(0.0877374 2.90511 -7.37688e-18)
(0.0873323 2.90582 2.76986e-18)
(0.0866194 2.90627 0)
(0.0856248 2.90726 3.69509e-19)
(0.0843217 2.90848 5.17418e-18)
(0.0827114 2.91018 -7.38538e-19)
(0.080863 2.91201 1.84481e-18)
(0.0788207 2.9138 2.90928e-23)
(0.0765786 2.91574 7.44326e-19)
(0.0741401 2.9178 -3.69446e-19)
(0.0715606 2.91962 2.58674e-18)
(0.0688892 2.92165 -8.87277e-18)
(0.0661823 2.92315 -1.44267e-22)
(0.0635767 2.9247 5.93686e-18)
(0.0611639 2.92572 -5.96014e-18)
(0.0590896 2.92631 -4.79797e-17)
(0.0574687 2.92618 4.83819e-17)
(0.0565353 2.92507 0)
(0.0565651 2.92314 -9.9875e-17)
(0.0579181 2.92001 7.5569e-17)
(0.0606733 2.9182 -7.67556e-17)
(0.0655439 2.91558 0)
(0.0733015 2.91443 0)
(0.0843914 2.91404 0)
(0.0993883 2.91437 -1.27127e-17)
(0.118915 2.91763 9.24093e-23)
(0.142858 2.9255 2.02526e-16)
(-0.122925 4.01228 -4.54999e-16)
(0.17191 3.03911 2.14476e-16)
(0.145747 3.13587 -2.01952e-16)
(-0.14542 3.20141 2.56344e-17)
(-0.449513 3.93961 4.86356e-16)
(-0.609851 3.6482 4.15196e-16)
(-0.638287 3.41734 1.33799e-20)
(-0.642401 3.19866 -4.32639e-16)
(-0.644154 2.3971 -3.0138e-16)
(-0.511393 3.07406 -2.998e-16)
(-0.54354 2.85119 1.08293e-16)
(-0.476181 2.83574 -2.51352e-17)
(-0.409399 2.83161 -4.96167e-17)
(-0.344864 2.83301 0)
(-0.286208 2.83626 4.89967e-17)
(-0.235102 2.83961 0)
(-0.191891 2.84208 0)
(-0.156368 2.84489 1.20127e-17)
(-0.127984 2.84783 2.99768e-18)
(-0.10601 2.85062 0)
(-0.0895431 2.8535 5.99205e-18)
(-0.0776917 2.85644 -2.02604e-22)
(-0.0696442 2.85922 -1.54891e-22)
(-0.0646135 2.86145 5.96839e-18)
(-0.0618802 2.86333 6.71195e-18)
(-0.0608755 2.86473 -6.69862e-18)
(-0.0611894 2.86562 -1.22507e-17)
(-0.0624882 2.86596 3.70492e-19)
(-0.0644686 2.86542 -2.22131e-18)
(-0.0668979 2.86445 7.39355e-19)
(-0.0695903 2.86311 2.95605e-18)
(-0.0723929 2.86152 -2.21669e-18)
(-0.0752335 2.8598 2.95434e-18)
(-0.0780145 2.85826 4.69932e-23)
(-0.0807172 2.85639 -7.37174e-18)
(-0.083325 2.85496 2.95202e-18)
(-0.0858101 2.8538 2.94944e-18)
(-0.0881749 2.85235 -4.41165e-18)
(-0.0903402 2.85129 5.8798e-18)
(-0.0923051 2.85074 5.88723e-18)
(-0.0940522 2.85033 0)
(-0.0956007 2.8504 1.76409e-17)
(-0.0969845 2.85079 2.93804e-18)
(-0.0980716 2.85134 2.93075e-18)
(-0.0989612 2.85224 0)
(-0.0997026 2.85322 0)
(-0.10024 2.85427 8.77371e-18)
(-0.100619 2.8555 4.17966e-23)
(-0.100966 2.85656 -1.46038e-18)
(-0.0909226 2.91913 1.46122e-18)
(-0.0773993 2.96166 0)
(-0.061044 2.98934 0)
(-0.0425473 3.00586 -1.46606e-18)
(-0.022635 3.01434 4.39911e-18)
(-0.00194196 3.01638 0)
(0.0186866 3.01229 -2.94602e-18)
(0.0385264 3.00163 -2.94546e-18)
(0.0568575 2.98258 5.89687e-18)
(0.0729456 2.95237 -2.95265e-18)
(0.0861417 2.9071 8.88698e-18)
(0.0959896 2.84171 1.48519e-18)
(0.0967227 2.841 1.48635e-18)
(0.0972623 2.84067 2.97186e-18)
(0.097458 2.84067 0)
(0.0973979 2.84095 -1.11363e-18)
(0.0971335 2.84139 -2.78365e-19)
(0.0965653 2.8422 1.66974e-18)
(0.095698 2.84323 -3.70881e-19)
(0.0944851 2.84461 -7.41465e-19)
(0.0929635 2.84616 -5.92405e-18)
(0.0911688 2.84815 1.48134e-18)
(0.0891517 2.85026 -3.70462e-18)
(0.0868966 2.85231 1.85105e-18)
(0.0844115 2.85451 -7.40267e-19)
(0.0817051 2.85686 0)
(0.0788034 2.85888 0)
(0.0757787 2.86099 0)
(0.0727053 2.86271 -2.9685e-18)
(0.0696545 2.86411 0)
(0.0667737 2.86502 -1.74069e-22)
(0.0642009 2.86541 2.39558e-17)
(0.062119 2.86487 -1.20608e-17)
(0.0607179 2.86328 2.43686e-17)
(0.060325 2.86054 7.41072e-17)
(0.0612126 2.85651 6.41548e-22)
(0.0639235 2.85287 -2.50678e-17)
(0.0692158 2.84797 -5.00256e-17)
(0.0773648 2.84399 9.928e-17)
(0.0893792 2.84018 -4.98445e-17)
(0.105735 2.83627 8.19059e-23)
(0.127189 2.83395 2.48125e-17)
(0.154608 2.83518 1.99822e-21)
(0.170958 2.93989 -3.08612e-16)
(-0.23854 4.10342 -4.67945e-16)
(-0.00550904 4.14516 8.82789e-16)
(1.23241 1.87464 0)
(0.202967 2.96415 -2.10355e-16)
(-0.680242 2.84047 7.75528e-16)
(-0.715279 3.03533 -4.13521e-16)
(-0.723591 3.27432 -7.91204e-16)
(0.172867 3.17248 -6.75138e-17)
(-0.225804 3.30597 -6.42831e-17)
(-0.0861335 3.2386 -2.56333e-17)
(0.200091 3.07671 4.67434e-21)
(-0.570265 3.89783 -4.7656e-16)
(-0.704467 3.54423 3.97414e-16)
(-0.101294 2.85745 -1.46217e-18)
(-0.0911644 2.92028 -1.46142e-18)
(-0.0775958 2.96325 0)
(-0.0613894 2.99112 -1.46599e-18)
(-0.0429774 3.00795 1.46823e-18)
(-0.0232245 3.01668 -1.46713e-18)
(-0.00259989 3.01875 1.46918e-18)
(0.0179484 3.0146 2.94437e-18)
(0.0377086 3.00367 -2.94719e-18)
(0.0559744 2.98435 5.89873e-18)
(0.0720515 2.95388 -8.86875e-18)
(0.0853011 2.90837 0)
(0.0952085 2.8426 5.68038e-23)
(0.101442 2.7508 0)
(0.102139 2.75008 -8.92317e-18)
(0.102736 2.74978 2.97706e-18)
(0.103111 2.74969 0)
(0.103232 2.75013 0)
(0.103146 2.75055 7.44137e-19)
(0.10275 2.75128 -9.30172e-20)
(0.102032 2.75249 0)
(0.100993 2.75375 -3.71826e-19)
(0.0996728 2.75548 3.71698e-19)
(0.0980572 2.75731 1.48543e-18)
(0.0961771 2.75944 7.41874e-19)
(0.0940218 2.76185 1.48439e-18)
(0.0916134 2.76422 1.609e-23)
(0.0889443 2.76663 -2.96836e-18)
(0.0860366 2.76915 7.42375e-19)
(0.0829274 2.77154 2.9705e-18)
(0.0796479 2.77369 7.42764e-19)
(0.0762705 2.7756 -1.48622e-18)
(0.072895 2.77694 2.97605e-18)
(0.0696679 2.77783 -8.94284e-18)
(0.0667376 2.77806 -1.19575e-17)
(0.0642416 2.77727 6.00553e-18)
(0.0624384 2.77531 -1.2103e-17)
(0.06163 2.77186 0)
(0.0624225 2.76702 -3.68964e-17)
(0.0646936 2.76175 7.4559e-17)
(0.0692706 2.75426 0)
(0.0770052 2.74778 0)
(0.0890614 2.74015 0)
(0.10634 2.73191 1.83236e-17)
(0.129117 2.72372 9.2908e-23)
(0.158032 2.71735 -2.17781e-21)
(0.187373 2.84304 -1.98618e-16)
(0.211287 3.5542 -4.67262e-16)
(-0.362678 4.15247 1.21425e-20)
(0.251376 1.65011 3.87309e-16)
(-0.183308 3.80116 0)
(-0.495341 2.63116 -2.36509e-17)
(-0.417647 2.64893 0)
(-0.348855 2.66756 0)
(-0.288562 2.68568 1.21233e-17)
(-0.236615 2.70193 -2.4163e-17)
(-0.192784 2.71547 0)
(-0.156887 2.7275 1.20263e-17)
(-0.128265 2.73804 0)
(-0.106167 2.74678 -2.99405e-18)
(-0.0897354 2.75427 2.99245e-18)
(-0.0780621 2.7606 -1.49561e-17)
(-0.0702612 2.76587 5.16957e-23)
(-0.0655168 2.77002 -5.96786e-18)
(-0.0631334 2.77329 1.19327e-17)
(-0.0625745 2.77569 8.93212e-18)
(-0.0633444 2.77716 -8.92807e-18)
(-0.0650613 2.77784 0)
(-0.0673927 2.77753 -4.50636e-23)
(-0.0701274 2.77669 -4.45071e-18)
(-0.0731265 2.7754 0)
(-0.0761947 2.77377 0)
(-0.0792893 2.77202 1.48211e-18)
(-0.0823236 2.77026 4.44358e-18)
(-0.0852884 2.76837 -2.96062e-18)
(-0.0881195 2.76693 2.95465e-18)
(-0.0907782 2.76557 -5.90378e-18)
(-0.0932895 2.76385 -1.47702e-18)
(-0.095619 2.76297 -1.18126e-17)
(-0.097717 2.76219 5.90057e-18)
(-0.0996006 2.76179 0)
(-0.101294 2.76204 -1.17921e-17)
(-0.102761 2.76202 -5.88266e-18)
(-0.104009 2.76266 0)
(-0.104997 2.76363 5.88142e-18)
(-0.105762 2.76445 -1.49232e-23)
(-0.106384 2.76535 8.79523e-18)
(-0.106817 2.76653 8.78172e-18)
(-0.107135 2.76747 0)
(-0.107414 2.76847 -2.92559e-18)
(0.125318 4.2557 -4.3494e-16)
(-0.126248 4.27124 -8.93977e-16)
(-0.0518447 6.05062 1.34391e-16)
(0.226448 3.11285 -1.8695e-16)
(-0.663419 3.84662 8.06247e-16)
(0.236158 2.99856 -2.94281e-21)
(0.10371 2.6267 1.48746e-18)
(0.104247 2.62604 7.44077e-18)
(0.104587 2.62603 -5.95775e-18)
(0.104805 2.62623 0)
(0.1049 2.62674 0)
(0.104744 2.6275 0)
(0.104299 2.62841 0)
(0.103526 2.62989 1.48938e-18)
(0.102446 2.63146 -7.44271e-19)
(0.101078 2.63326 3.72091e-19)
(0.0994277 2.63538 -2.23209e-18)
(0.0974922 2.6376 1.48703e-18)
(0.0952527 2.64019 7.43231e-19)
(0.0927239 2.64289 -1.11506e-18)
(0.0899539 2.64553 0)
(0.0869491 2.64817 -1.14599e-23)
(0.083739 2.65086 -7.43284e-19)
(0.0803148 2.65318 7.43834e-19)
(0.0768098 2.65516 1.48803e-18)
(0.0732185 2.65671 -1.67459e-18)
(0.069726 2.65753 1.67585e-18)
(0.0665184 2.65766 -4.47743e-18)
(0.0636778 2.65678 -8.98225e-18)
(0.0614913 2.65461 6.01681e-18)
(0.0602288 2.6508 0)
(0.0601724 2.64552 3.26395e-22)
(0.0621005 2.63838 -3.68201e-17)
(0.0666766 2.62932 3.05827e-17)
(0.0740737 2.62033 -6.12272e-18)
(0.0851035 2.60923 0)
(0.101006 2.59717 -6.04318e-18)
(0.124171 2.58393 8.34168e-17)
(0.157156 2.56956 -4.63166e-17)
(0.193205 2.71532 1.87879e-16)
(0.253367 3.43586 9.56786e-16)
(-0.487985 4.14911 1.17148e-20)
(-0.107722 2.76934 -7.32203e-19)
(-0.101579 2.8585 4.39336e-18)
(-0.0913675 2.9217 7.31289e-19)
(-0.0778348 2.96481 0)
(-0.0617517 2.99301 -1.46668e-18)
(-0.0434049 3.0103 1.46709e-18)
(-0.0237131 3.01918 -2.20471e-18)
(-0.00323872 3.02126 -5.14637e-18)
(0.017152 3.01698 5.88817e-18)
(0.0368456 3.00586 0)
(0.0550501 2.98628 -2.95093e-18)
(0.0711421 2.95539 8.86345e-18)
(0.0844712 2.90941 -5.91935e-18)
(0.0944274 2.84345 -2.9636e-18)
(0.100749 2.75156 4.44655e-18)
(0.103113 2.62707 -5.9404e-18)
(0.315065 3.57206 9.05955e-16)
(-0.774653 3.38856 -3.68338e-16)
(-0.782163 3.07248 3.75513e-16)
(-0.758092 2.80263 7.52319e-16)
(-0.707006 2.57968 3.57053e-16)
(0.101749 3.39009 -1.28999e-20)
(0.28614 3.30432 2.75199e-16)
(-0.314332 0.910161 0)
(0.21906 1.85923 0)
(-0.467279 2.39433 0)
(-0.398365 2.43546 5.99859e-18)
(-0.334033 2.47336 -1.2078e-17)
(-0.276339 2.5066 5.90879e-22)
(-0.22627 2.53539 3.62207e-17)
(-0.184065 2.55948 -2.41104e-17)
(-0.149438 2.58009 2.55388e-22)
(-0.121959 2.59752 1.19908e-17)
(-0.100877 2.61173 -2.09585e-17)
(-0.0853598 2.6234 2.99229e-18)
(-0.0745057 2.63284 1.19604e-17)
(-0.0674563 2.64034 -2.98836e-18)
(-0.0634126 2.64613 2.98631e-18)
(-0.061648 2.65055 -8.95491e-18)
(-0.0615917 2.65371 2.97996e-18)
(-0.0627661 2.65566 8.93062e-18)
(-0.0648094 2.65647 -5.95165e-18)
(-0.0674321 2.6564 5.9497e-18)
(-0.0704411 2.65566 2.23064e-18)
(-0.0736323 2.65437 5.20381e-18)
(-0.0769019 2.65273 -6.68951e-18)
(-0.080156 2.65089 4.45817e-18)
(-0.0833454 2.64898 -8.17039e-18)
(-0.086421 2.64706 -5.93863e-18)
(-0.0893226 2.64526 5.93454e-18)
(-0.0920798 2.64384 2.96269e-18)
(-0.0946764 2.64214 -2.96091e-18)
(-0.0970327 2.64111 0)
(-0.099204 2.64031 -5.91498e-18)
(-0.101181 2.64009 2.95503e-18)
(-0.10292 2.63993 -5.89786e-18)
(-0.104427 2.64019 -8.84702e-18)
(-0.105751 2.64088 -5.89731e-18)
(-0.106858 2.64169 -1.17635e-17)
(-0.107705 2.64243 2.93532e-18)
(-0.108336 2.64341 -2.93636e-18)
(-0.108856 2.64447 -5.87166e-18)
(-0.109228 2.64526 0)
(-0.109483 2.64638 0)
(-0.109755 2.64735 0)
(-0.046882 6.21003 0)
(0.225068 2.86334 -8.02175e-21)
(0.237178 3.17836 1.01284e-15)
(0.264742 4.32864 4.31621e-16)
(-0.260081 4.3586 4.4384e-16)
(0.00282416 4.42222 8.73311e-16)
(0.176848 3.42086 -4.68597e-16)
(-0.253531 5.99459 -1.15126e-16)
(-0.689247 4.81845 0)
(0.151733 3.31482 -5.33097e-16)
(0.270103 3.043 -2.17578e-16)
(0.200367 2.54862 -8.31471e-17)
(0.0449331 3.33982 -1.39935e-15)
(0.738412 3.94407 4.24852e-16)
(0.302381 1.57081 3.8102e-16)
(-0.236024 5.50036 -6.20049e-17)
(0.101256 2.46416 -2.97144e-18)
(0.101687 2.46409 -7.42956e-19)
(0.102073 2.46358 -2.23317e-18)
(0.102261 2.4637 3.67522e-22)
(0.102373 2.46405 0)
(0.102362 2.46459 0)
(0.102145 2.46553 0)
(0.101672 2.46669 -3.72631e-19)
(0.100934 2.46821 -4.65477e-19)
(0.0998913 2.47009 4.65302e-19)
(0.0985351 2.472 -3.72307e-19)
(0.0968654 2.47438 9.30411e-19)
(0.0949096 2.47677 -1.1169e-18)
(0.0926666 2.47953 0)
(0.0901475 2.48239 0)
(0.0873744 2.48531 0)
(0.0843888 2.48811 0)
(0.0811801 2.49092 0)
(0.0778292 2.49352 0)
(0.0742817 2.49574 -3.72174e-19)
(0.070672 2.49743 1.48911e-18)
(0.0670904 2.4984 0)
(0.0636202 2.49857 -3.72817e-18)
(0.0605331 2.49772 6.72243e-18)
(0.0580365 2.49554 5.99147e-18)
(0.0563968 2.49181 0)
(0.0560218 2.48621 1.81768e-17)
(0.0570909 2.47808 -1.82364e-17)
(0.0603564 2.46796 -6.05098e-18)
(0.0666621 2.45697 1.21441e-17)
(0.0767299 2.4426 -1.81489e-17)
(0.0914623 2.42646 9.00911e-18)
(0.111021 2.4068 -2.36756e-17)
(0.13493 2.38283 5.82662e-18)
(0.159016 2.36053 1.7965e-16)
(0.34995 3.44357 5.08577e-16)
(-0.825711 3.23238 6.83843e-16)
(-0.800535 3.69277 3.32589e-16)
(-0.110146 2.6482 0)
(-0.108065 2.76991 -1.34403e-23)
(-0.101863 2.85937 -1.46476e-18)
(-0.0916912 2.92297 -7.32254e-19)
(-0.0782145 2.96645 -1.8338e-19)
(-0.062129 2.99508 1.83373e-19)
(-0.0438714 3.0126 0)
(-0.0242014 3.02162 0)
(-0.00385149 3.02379 2.2071e-18)
(0.0163857 3.0195 -5.8871e-18)
(0.0360012 3.0082 7.36887e-18)
(0.0541912 2.98831 0)
(0.0702919 2.95717 -5.90247e-18)
(0.0836559 2.91092 5.91274e-18)
(0.0936863 2.8446 1.47967e-18)
(0.100069 2.75232 1.48067e-18)
(0.102509 2.62787 0)
(0.100871 2.46507 0)
(-0.158175 3.37683 0)
(-0.818655 3.14324 3.54181e-16)
(-0.809184 2.80162 0)
(-0.770728 2.52196 -7.39827e-16)
(-0.710643 2.29804 3.7291e-16)
(-0.642379 2.10568 6.76179e-16)
(-0.382602 3.63976 -1.03952e-16)
(-0.432249 4.62356 4.13589e-16)
(-0.477414 2.07466 1.25806e-17)
(-0.419353 2.14231 -9.7757e-17)
(-0.359872 2.20122 4.2539e-17)
(-0.302826 2.2535 -4.85167e-17)
(-0.250792 2.2992 -2.11802e-17)
(-0.205144 2.33847 3.02133e-17)
(-0.166472 2.37166 6.02711e-18)
(-0.134783 2.39948 -3.00567e-17)
(-0.109792 2.42257 1.80012e-17)
(-0.0907977 2.44133 0)
(-0.0769888 2.45639 -1.49614e-17)
(-0.0675248 2.46831 8.97117e-18)
(-0.0615912 2.47759 1.49443e-17)
(-0.0584229 2.48459 2.98739e-18)
(-0.0573387 2.48977 -1.19453e-17)
(-0.057817 2.49336 -5.96823e-18)
(-0.0594309 2.49556 0)
(-0.0618199 2.49653 0)
(-0.064736 2.49651 -1.48989e-18)
(-0.0678931 2.49573 -7.44823e-19)
(-0.071185 2.49438 7.44715e-18)
(-0.0745258 2.49264 1.48902e-18)
(-0.0778055 2.49068 -5.2115e-18)
(-0.0810263 2.48863 4.60442e-23)
(-0.0840715 2.48656 0)
(-0.0869647 2.48459 0)
(-0.0896644 2.48283 -5.94447e-18)
(-0.0921772 2.48117 8.91047e-18)
(-0.0944993 2.47993 -2.96719e-18)
(-0.096672 2.47914 3.51984e-22)
(-0.0986043 2.47867 2.95716e-18)
(-0.100307 2.47852 2.95732e-18)
(-0.101808 2.47903 1.77343e-17)
(-0.10311 2.47957 0)
(-0.104228 2.48007 8.83747e-18)
(-0.105131 2.48094 -8.83365e-18)
(-0.105858 2.48204 5.88639e-18)
(-0.106425 2.48295 -5.87579e-18)
(-0.106849 2.484 5.87479e-18)
(-0.107221 2.485 0)
(-0.107552 2.48619 0)
(-0.10799 2.48728 -2.93377e-18)
(0.431499 3.54372 8.87091e-16)
(0.236594 2.73131 -1.91394e-16)
(-0.736342 3.98632 -3.50753e-16)
(0.571592 3.83184 8.59904e-16)
(0.499834 4.08709 -1.11725e-20)
(0.405138 4.34706 8.61476e-16)
(0.265734 2.89611 2.10437e-16)
(-0.392369 4.38365 -9.36213e-16)
(0.144539 4.53792 0)
(-0.136114 4.55748 0)
(-0.226199 4.84201 -6.8042e-17)
(0.844643 3.04497 -4.24776e-16)
(-0.381554 4.60731 2.89982e-17)
(0.130323 3.21318 -8.44668e-16)
(0.187561 2.09891 -9.63417e-17)
(0.368008 3.32311 -5.64819e-16)
(0.162711 6.02464 0)
(0.102388 6.19649 -5.97536e-17)
(0.148071 2.1383 0)
(0.115957 2.17174 3.00227e-18)
(0.0932546 2.19822 5.99032e-18)
(0.0766804 2.22082 2.25044e-18)
(0.0648247 2.23917 3.763e-19)
(0.056785 2.25481 0)
(0.0519768 2.26735 7.53936e-18)
(0.0497323 2.27783 -7.54926e-18)
(0.0492452 2.28614 3.00167e-18)
(0.0502578 2.29151 -5.98566e-18)
(0.0523034 2.29482 1.49348e-18)
(0.0550576 2.29669 0)
(0.0582522 2.29733 2.98169e-18)
(0.0617241 2.29691 -1.49069e-18)
(0.0652866 2.29562 1.48952e-18)
(0.0687812 2.29359 -2.60728e-18)
(0.0721842 2.29104 3.02618e-18)
(0.0754362 2.28822 -6.54057e-23)
(0.0785159 2.28517 -1.58317e-18)
(0.0813795 2.28205 7.44982e-19)
(0.0840189 2.27895 -8.38171e-19)
(0.0864222 2.27584 0)
(0.088563 2.27288 3.72628e-19)
(0.0904382 2.27016 -1.86349e-19)
(0.0920414 2.26765 -7.4548e-19)
(0.0933463 2.26537 6.46446e-19)
(0.0943735 2.26336 9.31924e-20)
(0.0951488 2.26172 -3.72662e-19)
(0.0957036 2.26016 0)
(0.095994 2.25927 0)
(0.0961 2.25841 -1.49066e-18)
(0.0960051 2.25811 8.19379e-18)
(0.095782 2.25776 -1.4902e-18)
(0.0954963 2.25798 0)
(0.0952908 2.25833 5.95104e-18)
(0.0951594 2.259 -1.78838e-22)
(-0.0381749 6.30883 3.19972e-16)
(-0.108551 2.48782 2.93437e-18)
(-0.110712 2.6485 0)
(-0.108514 2.77035 -7.33596e-19)
(-0.102194 2.8602 7.32716e-19)
(-0.0921859 2.92411 1.83347e-18)
(-0.0788037 2.96799 -1.46693e-18)
(-0.0627188 2.9969 3.67179e-19)
(-0.0444841 3.01476 7.34975e-19)
(-0.0248079 3.0241 5.1497e-18)
(-0.00455379 3.02638 -7.3553e-18)
(0.0156521 3.02203 -5.89067e-18)
(0.0352682 3.01054 5.89534e-18)
(0.0534728 2.99037 -7.37251e-19)
(0.0695889 2.95891 1.47557e-18)
(0.082955 2.91229 -5.90813e-18)
(0.0930208 2.84562 -1.47695e-18)
(0.099522 2.75317 5.91804e-18)
(0.102112 2.62878 0)
(0.100663 2.46612 2.96428e-18)
(0.0950219 2.26036 -1.48326e-18)
(0.454908 3.38425 4.65079e-16)
(0.233866 2.56104 -1.67334e-16)
(0.618746 3.58708 -4.27257e-16)
(-0.51731 5.68298 0)
(-0.317287 5.80934 0)
(-0.0498439 5.83267 -1.10523e-16)
(0.229788 5.79353 -2.76897e-17)
(0.486859 5.69156 -3.45085e-17)
(0.357757 5.90872 -8.48475e-17)
(0.238815 6.0696 1.1823e-16)
(0.133082 6.18147 6.42819e-17)
(0.180993 1.5961 0)
(-0.077043 6.23925 -6.32713e-17)
(0.840648 2.67095 -7.30235e-21)
(0.79334 2.14848 3.79976e-16)
(0.834326 2.66612 -3.62891e-16)
(0.679896 3.71842 -4.30321e-16)
(0.61947 4.00595 0)
(0.534712 4.30288 0)
(0.309866 2.93711 4.39621e-16)
(0.542239 3.47122 8.66894e-16)
(-0.450723 5.43773 -8.48609e-17)
(-0.828237 2.81796 3.54421e-16)
(-0.801004 2.47356 -3.66932e-16)
(-0.751929 2.20074 0)
(-0.689147 1.98607 -7.79137e-16)
(-0.622415 1.81251 3.91848e-16)
(-0.574835 1.89054 -5.28149e-16)
(-0.426278 1.19434 -3.22924e-16)
(-0.440137 1.71522 1.02269e-16)
(-0.401872 1.80111 -1.13874e-16)
(-0.356256 1.87867 4.99979e-17)
(-0.30723 1.94872 -4.92784e-17)
(-0.259095 2.0107 0)
(-0.214547 2.0651 -3.03883e-18)
(-0.175268 2.11199 -4.54559e-18)
(-0.141898 2.15162 1.81091e-17)
(-0.114625 2.18469 6.01632e-18)
(-0.0931606 2.21184 -3.00278e-17)
(-0.0770182 2.23378 1.19912e-17)
(-0.0655121 2.25112 1.49659e-17)
(-0.0578549 2.26462 -1.19637e-17)
(-0.0533073 2.27494 7.47309e-18)
(-0.0511737 2.28259 -7.47187e-18)
(-0.0508692 2.28806 -2.98747e-18)
(-0.0519073 2.29172 8.9584e-18)
(-0.0538818 2.29383 1.49234e-18)
(-0.0564814 2.29466 5.96731e-18)
(-0.0594593 2.29448 -5.96616e-18)
(-0.0626477 2.29348 0)
(-0.0659185 2.29195 -1.49136e-18)
(-0.0691807 2.28998 -7.45641e-19)
(-0.0723903 2.28782 -7.45496e-18)
(-0.0754681 2.28549 6.70816e-18)
(-0.0783989 2.2832 -7.45106e-19)
(-0.0811413 2.28096 5.95914e-18)
(-0.0836866 2.27891 -1.11679e-17)
(-0.0860422 2.27703 5.95226e-18)
(-0.0882272 2.27562 2.97397e-18)
(-0.0902394 2.27446 1.48533e-18)
(-0.0920695 2.27364 -2.96652e-18)
(-0.0936858 2.27353 8.8821e-18)
(-0.0951166 2.27368 -8.86524e-18)
(-0.09633 2.27403 -2.95126e-18)
(-0.0973666 2.27445 -8.85318e-18)
(-0.0982596 2.27568 1.18046e-17)
(-0.0990524 2.27636 -8.84292e-18)
(-0.0996581 2.27725 5.89316e-18)
(-0.100119 2.27852 -1.17809e-17)
(-0.100598 2.2794 0)
(-0.101066 2.28093 5.88017e-18)
(-0.101617 2.28212 -2.93949e-18)
(-0.102216 2.28309 -2.93883e-18)
(0.840603 3.35489 -9.67041e-16)
(0.850375 3.01392 4.48961e-16)
(0.837364 2.70778 -4.49108e-16)
(0.358061 4.52858 2.02274e-16)
(0.809859 2.37143 -4.67236e-16)
(0.285409 2.76515 0)
(-0.174465 5.39 -1.07805e-16)
(0.770053 2.13279 -4.95141e-16)
(-0.0302586 5.92255 2.97299e-16)
(0.00780617 4.72151 1.26324e-15)
(-0.282676 4.63509 -8.53634e-16)
(0.290375 4.60193 -4.28218e-16)
(0.8234 3.30798 0)
(0.718886 3.85652 -4.41359e-16)
(0.765783 3.54369 4.36067e-16)
(0.0481341 6.31127 -1.87446e-16)
(0.79196 3.63716 -4.56485e-16)
(-0.0197741 4.78039 4.54724e-17)
(0.162738 5.91303 -1.08762e-16)
(-0.426908 4.90254 -4.00951e-16)
(0.756739 1.96027 2.09439e-16)
(0.800983 2.26545 4.02581e-16)
(0.32823 5.82089 1.08358e-16)
(0.500542 5.68968 -1.07007e-16)
(0.68909 5.51037 0)
(0.111111 1.88417 -6.0718e-18)
(0.0906408 1.92359 -3.77807e-18)
(0.0732229 1.95525 1.20212e-17)
(0.0601508 1.98014 -5.2536e-18)
(0.0510569 1.99964 -6.75781e-18)
(0.0452092 2.01516 7.51384e-19)
(0.0419325 2.02817 -6.00607e-18)
(0.0407341 2.03812 1.49814e-18)
(0.0411165 2.04543 2.99143e-18)
(0.0426048 2.05034 0)
(0.0449074 2.05313 -1.49408e-18)
(0.0477563 2.05434 0)
(0.0508888 2.05439 -1.4922e-18)
(0.0541389 2.05336 7.45927e-19)
(0.0574236 2.05147 0)
(0.0606967 2.04894 0)
(0.0638509 2.04588 -1.53736e-18)
(0.0668791 2.04259 2.98112e-18)
(0.0696993 2.03912 9.3103e-20)
(0.0723438 2.03553 -1.49083e-18)
(0.0747392 2.03204 1.39759e-19)
(0.0769103 2.02855 1.67759e-18)
(0.0788407 2.02521 -2.88947e-18)
(0.0805497 2.02209 3.07585e-18)
(0.0819914 2.01917 -1.4916e-18)
(0.0832033 2.01652 5.82683e-21)
(0.0841662 2.01417 -1.49137e-18)
(0.0849269 2.01213 1.67769e-18)
(0.0854816 2.0103 -3.72783e-19)
(0.0858407 2.00895 3.72513e-19)
(0.0859723 2.00776 -7.45032e-19)
(0.0859167 2.00715 -2.98097e-18)
(0.0857728 2.00655 -5.95733e-18)
(0.0856209 2.00658 2.97607e-18)
(0.0855107 2.00693 4.46075e-18)
(0.0855002 2.00737 -2.97204e-18)
(0.0855222 2.00832 0)
(-0.567781 1.47211 0)
(-0.634409 1.63382 3.98402e-16)
(-0.699969 1.8294 -7.76727e-16)
(-0.759986 2.07767 -6.47464e-21)
(-0.807484 2.38633 3.67566e-16)
(-0.837873 2.75724 -3.59634e-16)
(-0.563694 2.6963 1.95964e-16)
(0.453217 3.24294 4.84384e-16)
(0.249181 2.35225 7.06293e-16)
(0.713666 3.44743 0)
(0.827167 3.00491 4.39452e-16)
(0.0576233 6.25431 1.3641e-16)
(-0.0216516 6.37772 -2.43509e-16)
(0.795083 3.71064 5.02515e-16)
(0.647376 4.18367 -1.02765e-20)
(0.0313477 3.2157 -1.6724e-16)
(0.185322 4.67335 4.91494e-17)
(-0.420771 2.45326 2.73037e-16)
(-0.293457 3.54281 0)
(0.55194 3.28193 -8.5541e-16)
(-0.793132 5.33849 -1.94352e-16)
(-0.229066 5.90875 -3.29842e-16)
(-0.382002 5.80569 2.15803e-16)
(-0.842952 3.17473 3.56409e-16)
(-0.102984 2.28388 -5.87761e-18)
(-0.109233 2.48861 2.93729e-18)
(-0.111411 2.64916 1.46781e-18)
(-0.109178 2.77091 -1.4673e-18)
(-0.10274 2.86077 -7.33609e-19)
(-0.0928559 2.92497 4.03783e-18)
(-0.0796268 2.96925 -2.93625e-18)
(-0.063471 2.99862 9.65209e-24)
(-0.0451817 3.01696 -7.35333e-19)
(-0.0255151 3.02651 7.35832e-19)
(-0.00528222 3.02885 7.35874e-19)
(0.0150144 3.02447 5.89145e-18)
(0.0346902 3.01285 -1.47367e-18)
(0.0529522 2.99244 -5.15784e-18)
(0.0690994 2.96059 5.90101e-18)
(0.0824662 2.91362 -5.9068e-18)
(0.0925881 2.84678 8.86012e-18)
(0.0992252 2.75427 -1.1821e-17)
(0.101928 2.62982 7.39153e-19)
(0.100589 2.4671 -2.96297e-18)
(0.0950365 2.26116 8.89349e-18)
(0.0856468 2.00907 -8.89284e-18)
(-0.588371 5.4802 3.39355e-16)
(-0.330164 5.54634 -3.28732e-16)
(-0.0165841 5.54477 1.64633e-16)
(0.313703 5.50382 -8.12475e-17)
(0.624623 5.42205 6.78461e-18)
(0.885088 5.28329 2.12396e-16)
(0.147054 5.48533 -9.29367e-17)
(0.293587 2.60275 3.77238e-16)
(0.639776 3.35693 -4.17465e-16)
(0.801971 2.4415 1.12341e-20)
(0.717373 1.87878 0)
(0.240346 1.30484 -1.86341e-16)
(-0.0058443 5.95043 4.40349e-16)
(-0.00771836 6.23646 1.17185e-16)
(-0.138621 4.85605 -1.24843e-15)
(-0.256847 4.67606 0)
(0.812927 3.57715 -4.18858e-16)
(0.428899 4.60125 0)
(0.104086 5.8513 9.93878e-17)
(0.337201 2.80623 -4.22051e-16)
(-0.671877 1.55052 0)
(-0.916859 5.12129 1.7879e-16)
(0.158068 4.83729 -1.26302e-15)
(-0.378023 1.20094 -1.9965e-16)
(-0.371051 1.32376 1.24961e-16)
(-0.350801 1.43 -1.11671e-16)
(-0.321383 1.52275 1.04491e-16)
(-0.285472 1.60574 0)
(-0.246443 1.68108 -6.2095e-18)
(-0.207534 1.74877 0)
(-0.17139 1.80828 -1.52454e-18)
(-0.139403 1.85936 -1.51795e-18)
(-0.11232 1.90256 0)
(-0.0904591 1.93836 3.01203e-18)
(-0.0734783 1.96756 9.01526e-18)
(-0.0608678 1.99091 -1.19988e-17)
(-0.0520465 2.00918 -4.49144e-18)
(-0.0464291 2.02313 4.48816e-18)
(-0.0433775 2.03357 -7.47479e-18)
(-0.0423027 2.04109 3.16998e-22)
(-0.0426988 2.04625 7.47149e-18)
(-0.0441634 2.0495 5.97451e-18)
(-0.046376 2.05111 -7.46581e-18)
(-0.0490671 2.05144 0)
(-0.0519909 2.05075 -5.9695e-18)
(-0.0550576 2.04928 6.71475e-18)
(-0.0581621 2.04725 7.45824e-19)
(-0.0612201 2.04485 0)
(-0.0641934 2.04223 1.1186e-18)
(-0.067015 2.03948 0)
(-0.0696962 2.03674 7.45704e-19)
(-0.0721963 2.03401 0)
(-0.0745057 2.03148 -7.44992e-19)
(-0.0766201 2.0292 0)
(-0.0785736 2.02734 0)
(-0.0803613 2.02572 -1.14289e-22)
(-0.0819738 2.02452 -7.43364e-18)
(-0.0834394 2.02376 2.9698e-18)
(-0.0847285 2.02333 2.96607e-18)
(-0.0858396 2.02319 2.96252e-18)
(-0.0868064 2.02347 2.95741e-18)
(-0.087636 2.02408 2.94918e-18)
(-0.0883264 2.02468 5.89443e-18)
(-0.0889234 2.02537 -2.94605e-18)
(-0.0894579 2.02654 -1.79387e-23)
(-0.089998 2.02762 -1.1796e-17)
(-0.0905346 2.0292 3.28992e-22)
(-0.0911303 2.0303 0)
(-0.0917657 2.03127 0)
(-0.0924975 2.03207 0)
(-1.77152 2.4623 8.25545e-16)
(0.720409 3.82754 -2.55623e-16)
(-0.8128 2.11446 2.84755e-17)
(0.784899 3.25319 -9.22938e-21)
(0.0139081 6.3822 8.67701e-22)
(0.735063 3.9849 4.58672e-16)
(-0.445324 4.8523 9.38719e-17)
(0.36069 1.00172 -1.87499e-16)
(-0.0951379 3.44279 3.94652e-16)
(-0.0590207 5.47668 8.39271e-17)
(0.536148 3.1117 -3.89243e-16)
(-0.566458 2.6046 -4.16084e-16)
(-0.415757 1.01011 1.64933e-21)
(-0.483311 1.12549 -4.37262e-16)
(-0.549965 1.26078 -4.08332e-16)
(-0.61763 1.42876 7.89204e-16)
(-0.684462 1.64149 -3.8568e-16)
(-0.745786 1.90863 0)
(-0.795705 2.2342 -3.66401e-21)
(-0.825784 2.60933 -7.43991e-16)
(-0.805728 3.57852 3.65434e-16)
(-0.822506 2.9967 -3.84052e-16)
(0.241175 1.17488 7.3837e-21)
(0.660466 1.61034 2.15729e-16)
(0.186102 1.40967 -4.66917e-16)
(-0.461426 1.41663 5.39501e-16)
(0.136619 1.5368 1.92267e-16)
(0.105615 1.57276 -6.22339e-18)
(0.0820681 1.61984 9.09918e-18)
(0.0651459 1.6554 7.53736e-19)
(0.0522744 1.68591 -1.20183e-17)
(0.0429467 1.71061 1.04994e-17)
(0.0367149 1.72956 1.87275e-19)
(0.032975 1.74415 5.2458e-18)
(0.0312791 1.75605 -5.99289e-18)
(0.0311023 1.7645 1.49606e-18)
(0.0321005 1.77037 0)
(0.0338807 1.77418 0)
(0.0362297 1.77606 2.98407e-18)
(0.0389248 1.77631 2.98415e-18)
(0.0418133 1.77528 1.49191e-18)
(0.0447686 1.77326 -2.23752e-18)
(0.0477159 1.77041 -1.86433e-19)
(0.0506021 1.76702 1.49137e-18)
(0.0533889 1.76317 -1.49159e-18)
(0.0560288 1.75906 -9.32181e-20)
(0.0585068 1.75482 0)
(0.0607751 1.75047 0)
(0.0628521 1.74619 -9.32288e-20)
(0.0646967 1.74199 -1.86482e-19)
(0.0663393 1.73795 -9.32545e-20)
(0.0677669 1.73409 1.3988e-18)
(0.0689989 1.73048 -1.53879e-18)
(0.0700256 1.72711 -1.39881e-18)
(0.0708493 1.72403 4.8747e-23)
(0.0714881 1.72127 1.67859e-18)
(0.0719429 1.71881 -1.1189e-18)
(0.0722811 1.7166 2.61038e-18)
(0.0724597 1.71481 5.99009e-23)
(0.0724973 1.71349 1.4898e-18)
(0.0725028 1.7123 0)
(0.0725267 1.71175 -2.97885e-18)
(0.0724886 1.71145 -2.97691e-18)
(0.0725057 1.71157 0)
(0.0726725 1.71165 0)
(0.0729062 1.71201 2.96821e-18)
(0.345286 5.40559 2.02855e-16)
(0.56229 5.32745 1.03661e-16)
(0.804731 5.21043 -2.0844e-16)
(1.06218 5.04994 -4.68851e-16)
(-0.0815461 4.77198 7.35314e-17)
(-0.873367 2.74426 -2.54796e-17)
(0.596231 1.33554 4.09264e-16)
(0.677433 1.54744 0)
(0.735982 1.8074 3.8449e-16)
(0.780329 3.39207 -4.57497e-16)
(0.820857 2.53123 3.84687e-16)
(0.816515 2.94683 4.06526e-16)
(0.0427576 3.17985 -4.58506e-16)
(-0.352761 0.930734 -5.92199e-16)
(0.272912 1.93084 0)
(0.299962 2.40329 0)
(0.720287 3.19739 -4.17043e-16)
(0.805742 2.7325 8.63957e-16)
(0.629985 1.6326 0)
(0.456868 1.30154 6.85385e-16)
(-0.0107868 6.25792 -1.23494e-16)
(-0.00572421 6.39449 8.72407e-17)
(-0.750407 4.09136 -3.37962e-16)
(-0.284669 4.92026 1.63607e-15)
(0.0905697 3.2152 5.08907e-16)
(0.285925 5.20235 -2.80811e-16)
(0.36413 3.22706 0)
(0.420772 5.01673 0)
(0.531961 4.77343 -3.56178e-16)
(0.74037 4.04404 -4.7167e-16)
(0.554662 4.51915 4.31748e-16)
(0.215993 5.73383 1.40647e-21)
(0.38994 2.85705 -8.53781e-21)
(0.501381 2.99284 2.14722e-16)
(0.365503 1.46687 -4.50043e-16)
(0.568784 1.32471 -3.76234e-16)
(-0.561001 4.50645 3.02366e-16)
(-0.474227 4.60444 -1.33508e-16)
(-0.29404 5.2929 1.98367e-16)
(-0.555163 1.62971 -4.50447e-16)
(-0.500468 1.32611 5.32686e-16)
(-1.12789 4.99269 -5.60983e-17)
(-0.91221 5.12414 5.53801e-17)
(-0.634721 5.19463 0)
(-0.317024 5.21939 1.35606e-16)
(0.0338306 5.20616 -2.70515e-17)
(0.398203 5.17087 0)
(0.748235 5.11014 -3.32611e-18)
(1.0591 5.01142 0)
(1.3013 4.84021 5.19273e-17)
(0.635214 3.14399 -3.9913e-16)
(0.354005 2.64541 1.70753e-20)
(0.302623 4.89027 8.35091e-16)
(0.014845 5.03279 -1.91096e-20)
(-0.127477 5.88897 5.53234e-17)
(0.516183 3.41358 9.72417e-16)
(0.235416 0.923177 0)
(-0.29866 0.968409 3.72381e-17)
(-0.284532 1.0656 7.76712e-17)
(-0.264879 1.1562 -1.39398e-17)
(-0.241059 1.24568 0)
(-0.2129 1.32909 -2.55196e-17)
(-0.18292 1.40583 2.49439e-17)
(-0.153594 1.47483 1.84618e-17)
(-0.126357 1.53548 -1.06758e-17)
(-0.102258 1.58745 6.06619e-18)
(-0.0818974 1.63109 -6.04183e-18)
(-0.0655077 1.667 6.02482e-18)
(-0.0529805 1.69598 -3.00557e-18)
(-0.0439768 1.71899 0)
(-0.0379767 1.7367 2.99458e-18)
(-0.0344199 1.74992 2.99139e-18)
(-0.0327984 1.75948 -1.49531e-18)
(-0.0326686 1.76606 -3.73657e-18)
(-0.0336441 1.77025 -1.49429e-18)
(-0.0353981 1.77247 5.97588e-18)
(-0.0376567 1.7731 -5.9751e-18)
(-0.0402103 1.77252 0)
(-0.042941 1.77086 0)
(-0.0457321 1.76852 -1.1197e-18)
(-0.0485048 1.76565 -3.73197e-19)
(-0.0512154 1.76243 -5.97016e-18)
(-0.0537972 1.75901 5.59675e-18)
(-0.0562423 1.75551 6.15522e-18)
(-0.0585372 1.75201 -5.96855e-18)
(-0.0606777 1.74852 -5.87568e-18)
(-0.0626523 1.74518 5.94513e-18)
(-0.0644611 1.74217 0)
(-0.0661104 1.73946 0)
(-0.0676071 1.7371 -7.45212e-19)
(-0.0689553 1.73508 3.72295e-18)
(-0.0701856 1.73343 -2.2007e-22)
(-0.071272 1.7321 -4.46021e-18)
(-0.0722356 1.73111 2.97048e-18)
(-0.0730681 1.7304 -2.96679e-18)
(-0.0737749 1.72978 2.96418e-18)
(-0.0743724 1.72978 -2.9594e-18)
(-0.0749311 1.72992 8.87813e-18)
(-0.0755032 1.73073 5.91638e-18)
(-0.076037 1.73146 -5.90497e-18)
(-0.0765617 1.73234 2.94696e-18)
(-0.0771139 1.73304 -5.89094e-18)
(-0.0777519 1.73351 1.44192e-22)
(-0.0784462 1.73381 -1.60144e-22)
(-0.0793339 1.73387 5.88326e-18)
(-0.0934083 2.03224 1.10225e-18)
(-0.103863 2.28389 3.30491e-18)
(-0.11007 2.48837 0)
(-0.112332 2.64871 2.93691e-18)
(-0.110127 2.77069 -2.93626e-18)
(-0.103651 2.86078 0)
(-0.0938138 2.92526 2.29508e-20)
(-0.0805719 2.97024 1.83712e-19)
(-0.0643652 3.00027 5.51518e-18)
(-0.046054 3.0188 -5.8835e-18)
(-0.0262609 3.02861 -5.51899e-18)
(-0.00589605 3.0311 1.10409e-17)
(0.0145259 3.02674 -1.17812e-17)
(0.0343198 3.01501 5.89246e-18)
(0.0526707 2.99439 0)
(0.0688629 2.96227 -1.32648e-17)
(0.0822927 2.91506 1.17991e-17)
(0.092468 2.84801 4.42733e-18)
(0.0991522 2.75539 6.64334e-18)
(0.101909 2.63085 -8.12538e-18)
(0.100604 2.46836 0)
(0.095157 2.26247 -1.47951e-18)
(0.0859182 2.01022 6.66125e-18)
(0.0733231 1.71269 -7.41716e-18)
(0.750016 2.1892 -4.29264e-16)
(0.0680835 6.18909 2.64523e-17)
(-0.788718 3.40146 8.27635e-16)
(-0.74555 3.97678 3.95197e-16)
(0.758637 3.99949 -4.1579e-16)
(-0.269823 0.668844 0)
(-1.26206 4.72937 0)
(-0.588395 4.10748 -2.17822e-16)
(-0.0072009 3.29844 1.56986e-15)
(0.354694 2.9835 -2.40173e-16)
(-0.314351 0.710722 -4.18602e-16)
(-0.38196 0.803648 -6.28615e-21)
(-0.445461 0.90511 -4.9749e-21)
(-0.511927 1.03413 3.99614e-16)
(-0.58166 1.20162 -3.92241e-16)
(-0.652258 1.41758 0)
(-0.718658 1.68882 7.68331e-16)
(-0.770913 2.01315 3.85173e-16)
(-0.798116 2.38145 0)
(-0.793824 2.78635 -4.17136e-16)
(-0.675293 3.68027 5.97951e-16)
(-0.727362 3.81815 -9.28949e-16)
(-0.750699 3.22497 9.39559e-16)
(0.289448 2.1817 0)
(0.777529 2.98854 -1.06338e-20)
(0.533588 1.42243 6.70484e-16)
(-0.00590729 6.40138 1.48431e-17)
(-0.634378 4.53776 1.76436e-16)
(0.102704 3.16181 6.09659e-16)
(0.511273 4.23135 -5.1752e-16)
(-0.649456 4.21387 -2.78146e-16)
(0.649198 4.3818 7.02917e-21)
(0.66192 4.33886 4.4483e-16)
(0.320195 5.56668 1.90941e-16)
(0.443734 2.92629 -2.42666e-16)
(-0.391213 5.19905 -3.53108e-16)
(0.437506 1.54437 3.99335e-16)
(0.794056 2.37525 0)
(0.768233 1.96879 -3.85609e-16)
(0.714324 1.62874 2.79849e-21)
(0.642864 1.34724 -3.88013e-16)
(0.571187 1.13629 0)
(0.493004 0.973943 0)
(0.437887 0.887058 1.10257e-15)
(0.317202 0.73181 -7.95989e-16)
(-0.970344 4.73285 -9.48791e-17)
(-0.529833 2.02069 -9.03991e-17)
(0.107292 4.78966 -9.71033e-17)
(0.310043 4.77838 -4.94288e-17)
(0.536588 4.76405 -2.01936e-16)
(0.808467 4.7288 4.0983e-16)
(1.11892 4.65531 2.06948e-16)
(1.43341 4.53258 0)
(0.608088 2.94711 7.3263e-16)
(0.414903 2.69761 -8.59621e-16)
(-0.299962 0.41664 0)
(0.163003 5.14928 1.62021e-15)
(-1.57391 4.289 5.82682e-17)
(-1.43872 4.57694 -6.16969e-17)
(-1.23685 4.7282 0)
(-0.954749 4.79426 0)
(-0.631148 4.8212 -1.06362e-16)
(-0.281017 4.81961 -2.6579e-17)
(0.0843979 4.80263 7.95452e-17)
(0.455595 4.77436 -1.31721e-17)
(0.820264 4.73118 -1.01358e-16)
(1.1624 4.66457 1.16552e-16)
(1.46012 4.54417 -2.04955e-16)
(1.67562 4.31734 2.57028e-16)
(0.667448 2.89838 -6.27301e-16)
(-0.219258 5.79536 0)
(0.387114 1.72618 0)
(-0.677658 4.13286 1.09225e-15)
(0.103032 3.29177 2.48059e-16)
(0.67888 1.54466 -1.16269e-16)
(-0.220761 3.67537 0)
(-0.241398 0.692887 -1.26739e-16)
(-0.221273 0.743575 1.25339e-16)
(-0.203891 0.817934 -5.85584e-17)
(-0.185351 0.897006 0)
(-0.165432 0.979275 0)
(-0.143919 1.05889 6.32381e-18)
(-0.122391 1.13241 -1.70192e-22)
(-0.101782 1.19851 -6.15096e-18)
(-0.0827774 1.25657 3.80752e-19)
(-0.0662282 1.30608 -3.78622e-19)
(-0.0525188 1.34726 -3.0161e-18)
(-0.0416722 1.38075 8.53148e-23)
(-0.0336555 1.40745 0)
(-0.0281238 1.42826 1.49986e-18)
(-0.0246946 1.44405 8.98471e-18)
(-0.0229947 1.45547 -8.97584e-18)
(-0.0225932 1.4633 -4.48496e-18)
(-0.0231876 1.46825 -7.46969e-19)
(-0.0245016 1.47087 5.23022e-18)
(-0.026308 1.47159 -5.97621e-18)
(-0.0284157 1.47085 5.60223e-18)
(-0.0306948 1.4688 -5.97462e-18)
(-0.0330627 1.46587 5.97408e-18)
(-0.0354413 1.46224 7.4667e-19)
(-0.0377502 1.45812 3.73275e-19)
(-0.0399555 1.45364 -1.86602e-19)
(-0.0420323 1.44898 -5.97065e-18)
(-0.0439877 1.44426 5.97083e-18)
(-0.0457946 1.43954 -5.96984e-18)
(-0.0474658 1.43491 5.69003e-18)
(-0.0490073 1.43036 6.99514e-20)
(-0.0504188 1.42606 -5.96853e-18)
(-0.0516996 1.42208 -3.72661e-19)
(-0.0528432 1.41841 1.08128e-17)
(-0.0538898 1.41505 -1.11811e-17)
(-0.0548349 1.412 5.21535e-18)
(-0.0556862 1.40924 -1.48923e-18)
(-0.0564469 1.40676 2.97628e-18)
(-0.0570978 1.40451 -2.97407e-18)
(-0.057692 1.40247 4.45728e-18)
(-0.0582492 1.40081 2.96847e-18)
(-0.0587861 1.39983 -2.96352e-18)
(-0.0593245 1.39905 -8.87636e-18)
(-0.0597992 1.39839 5.9161e-18)
(-0.0602923 1.39772 -2.95547e-18)
(-0.0607497 1.3971 8.85197e-18)
(-0.0612691 1.39635 -2.94795e-18)
(-0.0619699 1.39545 -1.55764e-22)
(-0.0628309 1.39452 -1.47261e-18)
(-0.0638955 1.39316 -4.59975e-19)
(-0.0805042 1.73324 -2.84947e-18)
(-0.0945133 2.03174 9.67539e-24)
(-0.104886 2.28334 0)
(-0.111107 2.48763 2.93864e-18)
(-0.113368 2.64785 2.57174e-18)
(-0.111201 2.77027 -1.21214e-17)
(-0.104868 2.86073 5.87733e-18)
(-0.0949401 2.92559 5.84505e-18)
(-0.081521 2.97109 -1.19456e-17)
(-0.0654456 3.0015 1.1766e-17)
(-0.0470693 3.0204 -3.67576e-19)
(-0.0270176 3.03042 -1.21409e-17)
(-0.00645299 3.03303 6.99215e-18)
(0.0141888 3.02872 -5.88958e-18)
(0.0341642 3.01694 6.0749e-18)
(0.0526189 2.99615 0)
(0.0688711 2.96379 0)
(0.082396 2.91627 -1.47443e-18)
(0.0926202 2.84901 -7.37787e-18)
(0.099259 2.75628 5.16551e-18)
(0.102072 2.63174 1.47679e-18)
(0.100874 2.46939 -5.9111e-18)
(0.0954903 2.26363 1.1828e-17)
(0.0863403 2.01169 -6.6557e-18)
(0.0739406 1.71387 1.48102e-18)
(0.0589097 1.37578 0)
(0.0581319 1.37594 4.44993e-18)
(0.0576565 1.37633 1.48522e-18)
(0.0574153 1.37696 0)
(0.0572778 1.37806 0)
(0.0572171 1.3794 -1.48824e-18)
(0.0571197 1.38101 0)
(0.0569922 1.38286 0)
(0.0569084 1.38504 0)
(0.0567885 1.38782 1.49142e-18)
(0.0565656 1.39096 -1.49182e-18)
(0.0562895 1.39441 1.49213e-18)
(0.0559095 1.39813 -1.44558e-18)
(0.0554147 1.40213 -1.49232e-18)
(0.0547662 1.40647 2.98445e-18)
(0.0539799 1.4111 -1.42221e-18)
(0.0530321 1.41596 -4.6627e-20)
(0.051922 1.42104 1.51539e-18)
(0.0506386 1.42631 -1.58519e-18)
(0.0491777 1.43174 4.66284e-20)
(0.0475411 1.43726 -1.49195e-18)
(0.0457349 1.44282 -1.86559e-19)
(0.0437528 1.44831 4.65478e-20)
(0.041611 1.45362 1.49181e-18)
(0.0393241 1.45865 2.9837e-18)
(0.0369392 1.46331 -2.79713e-18)
(0.0344773 1.46745 -1.86484e-19)
(0.031981 1.47085 -2.79786e-18)
(0.0294977 1.47327 2.985e-18)
(0.0271032 1.47445 -2.98599e-18)
(0.0248769 1.47404 1.49305e-18)
(0.0229922 1.47198 2.80256e-18)
(0.0216228 1.46809 0)
(0.0210358 1.46157 7.47794e-18)
(0.0214856 1.45172 -5.98535e-18)
(0.0233099 1.43894 1.98756e-19)
(0.026962 1.42187 1.49707e-18)
(0.0328195 1.39927 5.99829e-18)
(0.0412924 1.37117 -3.00616e-18)
(0.0529247 1.33687 -1.20461e-17)
(0.0667882 1.29186 3.01335e-17)
(0.0805172 1.26566 -1.75267e-16)
(0.111424 1.19524 0)
(0.12125 1.11837 9.75902e-17)
(0.143058 1.04266 -9.23322e-17)
(0.765214 2.8488 4.13484e-16)
(0.308088 1.19719 0)
(-0.46583 1.59345 -1.1148e-16)
(0.229466 0.711939 3.95395e-16)
(0.256581 0.701723 0)
(0.432551 3.13211 -2.49557e-16)
(0.220676 0.472978 1.38754e-15)
(-0.123801 5.17296 4.02089e-16)
(-0.635162 3.20981 8.1908e-21)
(0.362607 2.45132 3.88001e-16)
(0.343191 1.94949 3.62728e-16)
(0.763221 2.48609 -4.20009e-16)
(0.701673 2.97092 0)
(0.510214 1.63124 -3.81107e-16)
(0.677886 1.95734 4.01872e-16)
(0.0157177 6.36338 8.09284e-17)
(-0.0808489 6.21555 8.30705e-17)
(-0.667085 4.47678 0)
(-0.485895 5.03017 2.42841e-16)
(-0.668845 4.37787 -4.33469e-16)
(0.67458 4.43381 3.64249e-21)
(0.444225 5.24141 -7.4177e-16)
(0.437257 4.85885 4.17725e-16)
(0.66806 4.42958 -4.2413e-16)
(0.134898 6.09805 0)
(0.243391 5.81783 1.02457e-16)
(0.710088 2.26183 3.4854e-16)
(0.470094 2.76052 9.41872e-16)
(0.194246 5.9715 -6.39027e-18)
(0.560919 4.71511 6.45352e-21)
(0.573758 4.85901 3.91863e-16)
(-0.579472 4.74579 2.34643e-16)
(-0.389225 5.16007 6.67825e-16)
(-0.548561 4.88177 -4.15287e-16)
(-0.0234839 6.37259 1.36503e-17)
(0.59215 1.76519 -3.81475e-16)
(0.74664 2.75112 -4.12365e-16)
(0.353536 2.22204 -3.76214e-16)
(-0.719203 2.61891 -8.61982e-16)
(-0.745167 2.14176 1.20555e-15)
(-0.722576 1.74371 -3.91825e-16)
(-0.671155 1.41749 -3.90034e-16)
(-0.601855 1.15308 -7.80981e-16)
(-0.527094 0.945691 3.92696e-16)
(-0.455359 0.789023 7.88948e-16)
(-0.389957 0.67331 2.50862e-21)
(-0.331191 0.588052 4.06581e-16)
(-0.278191 0.523826 4.19718e-16)
(-0.234394 0.469528 -5.1046e-21)
(-0.247581 5.23681 -8.42431e-16)
(0.388656 1.25657 0)
(0.342236 3.14693 0)
(0.280109 0.530234 -3.70412e-16)
(0.328964 0.575603 -3.75974e-16)
(0.37802 0.645032 -2.86228e-21)
(0.445409 0.750392 -1.58915e-21)
(0.518564 0.903346 -4.05246e-21)
(0.5971 1.11701 -3.88193e-16)
(0.667814 1.39765 -7.76328e-16)
(0.712672 1.76825 -3.81381e-16)
(0.308544 0.972141 -3.89236e-16)
(0.572881 2.76644 -3.6651e-16)
(0.255596 3.74997 2.27275e-17)
(0.032357 3.87035 4.59421e-17)
(-0.166459 3.93952 -4.70942e-17)
(-0.358338 4.02574 -4.40126e-22)
(-0.0211123 3.4016 -4.10017e-16)
(0.586617 1.44438 0)
(0.658951 2.76789 1.37191e-20)
(0.342285 5.57976 -7.6499e-16)
(0.465875 1.827 0)
(-0.299087 5.6716 1.07404e-16)
(0.20184 0.895785 5.50688e-16)
(0.0208195 3.84806 0)
(0.213419 3.87247 3.40321e-22)
(0.408691 3.91519 2.02146e-16)
(0.675909 3.96766 -3.09321e-16)
(1.01355 3.99238 0)
(1.39447 3.97318 0)
(1.73525 3.86812 0)
(0.609441 2.57626 0)
(-0.530866 2.35719 -3.17703e-16)
(0.141861 0.513299 0)
(0.141057 0.585851 0)
(0.121856 0.65694 -9.63689e-17)
(0.10163 0.702683 8.09328e-17)
(0.0860146 0.782635 2.59255e-17)
(0.0674718 0.857593 0)
(0.0590295 0.925338 -1.17809e-17)
(0.0432546 0.98076 0)
(0.0341299 1.01563 -2.37126e-17)
(0.0266513 1.0512 1.86448e-22)
(0.0205702 1.08127 4.49368e-18)
(0.016274 1.10542 5.98976e-18)
(0.0135429 1.12455 -1.19728e-17)
(0.0120949 1.13877 5.97137e-18)
(0.0117369 1.14898 0)
(0.0121823 1.15619 -1.49428e-18)
(0.0132059 1.1605 2.24069e-18)
(0.0146562 1.16231 1.86614e-19)
(0.0164053 1.16239 -5.2271e-18)
(0.0182972 1.1609 0)
(0.0202517 1.15791 -3.35754e-18)
(0.0222073 1.15374 -9.31006e-20)
(0.0241443 1.14865 1.86685e-19)
(0.026034 1.14285 4.47656e-18)
(0.0278376 1.13648 -1.51543e-18)
(0.0295217 1.12972 0)
(0.0310775 1.12268 4.66253e-20)
(0.0324942 1.11541 1.86498e-19)
(0.0337806 1.10806 -1.5153e-18)
(0.0349237 1.10074 1.49212e-18)
(0.0359293 1.09346 1.58537e-18)
(0.0368036 1.08632 -1.46887e-18)
(0.0375478 1.07935 4.66314e-20)
(0.0381882 1.07261 -1.16589e-20)
(0.0387222 1.0661 1.39899e-18)
(0.0391786 1.05987 -2.98464e-18)
(0.0395401 1.05395 1.4923e-18)
(0.0398507 1.0483 -1.4922e-18)
(0.0400746 1.04295 3.17064e-18)
(0.040292 1.03786 -3.17008e-18)
(0.0405152 1.03308 1.4914e-18)
(0.0407001 1.02893 0)
(0.0408409 1.02496 -1.48921e-18)
(0.0410061 1.02134 1.48877e-18)
(0.0411876 1.01795 0)
(0.041438 1.01495 0)
(0.041766 1.01227 -2.96989e-18)
(0.0422388 1.00982 -2.96782e-18)
(0.0429289 1.00765 3.70554e-19)
(0.571327 4.8355 0)
(0.300276 5.18532 -7.88882e-16)
(-0.0652968 1.39133 1.47201e-18)
(-0.0818215 1.73205 -2.94243e-18)
(-0.0956465 2.03069 7.35043e-19)
(-0.106015 2.28225 0)
(-0.112376 2.48647 3.67492e-19)
(-0.114466 2.64688 6.24776e-18)
(-0.112207 2.76965 -5.51214e-18)
(-0.106127 2.86048 -4.59427e-20)
(-0.0961802 2.92583 1.14873e-20)
(-0.0826518 2.9717 -5.88298e-18)
(-0.0665023 3.00235 1.1584e-17)
(-0.047997 3.02166 -5.70129e-18)
(-0.0277969 3.03185 0)
(-0.00692733 3.03459 5.70378e-18)
(0.0139534 3.03035 -5.84296e-18)
(0.0341363 3.01857 3.22789e-24)
(0.0527386 2.99766 -7.36366e-19)
(0.0690697 2.96514 1.84137e-19)
(0.0826392 2.91745 7.36782e-18)
(0.0928675 2.84992 -1.18017e-17)
(0.0995322 2.75702 5.90327e-18)
(0.102432 2.6327 -5.90406e-18)
(0.101246 2.47042 -7.37425e-19)
(0.0959678 2.26472 5.90955e-18)
(0.087032 2.01273 0)
(0.0748448 1.71456 -2.95926e-18)
(0.0599775 1.3755 2.96055e-18)
(0.0438865 1.00572 -1.85041e-18)
(0.55562 1.92113 -1.79868e-16)
(-1.67717 4.03842 -1.98736e-16)
(-1.47413 4.24814 5.7794e-17)
(-1.20787 4.35086 -2.11101e-21)
(-0.90146 4.39191 2.59172e-17)
(-0.571738 4.40245 2.60266e-17)
(-0.229297 4.39904 0)
(0.111931 4.38115 -1.17253e-16)
(0.453508 4.36083 1.29835e-17)
(0.799896 4.33134 1.02975e-16)
(1.14011 4.29126 -1.28136e-17)
(1.45909 4.21276 1.01922e-16)
(1.72617 4.05513 -1.25918e-16)
(1.86435 3.7605 1.99818e-16)
(-0.867039 4.11249 1.93981e-16)
(-1.18832 3.99979 -5.9705e-16)
(-1.52142 3.80282 -1.62782e-20)
(-1.76798 3.62675 -1.48058e-20)
(-0.174684 0.467029 0)
(-0.162095 0.489821 0)
(-0.146292 0.533563 0)
(-0.130819 0.593734 2.23824e-21)
(-0.114426 0.660459 1.0585e-16)
(-0.0974898 0.731877 -5.13511e-17)
(-0.0821325 0.803188 3.76485e-17)
(-0.0680117 0.869316 0)
(-0.0550862 0.928991 -6.11499e-18)
(-0.0438829 0.980757 6.06954e-18)
(-0.0344778 1.0245 0)
(-0.0269316 1.06049 3.76301e-19)
(-0.0212082 1.08939 3.00633e-18)
(-0.0172186 1.11211 -1.50182e-18)
(-0.0147074 1.12943 2.99893e-18)
(-0.0134016 1.14219 -8.98738e-18)
(-0.0130942 1.15107 1.49598e-18)
(-0.0135762 1.15664 -6.72757e-18)
(-0.0146153 1.15953 3.32875e-22)
(-0.0160268 1.1602 6.72428e-18)
(-0.0176659 1.15917 5.97622e-18)
(-0.0194468 1.15659 -5.22851e-18)
(-0.021313 1.15289 1.86729e-19)
(-0.0231884 1.14827 0)
(-0.0250008 1.14296 5.6004e-18)
(-0.0267416 1.13716 -5.97293e-18)
(-0.0283695 1.13098 1.86633e-19)
(-0.029889 1.12459 5.97175e-18)
(-0.0312841 1.11812 -6.15844e-18)
(-0.0325551 1.11165 0)
(-0.0337176 1.10524 2.09914e-19)
(-0.0347666 1.09894 -3.03171e-18)
(-0.0357235 1.09282 2.98517e-18)
(-0.036583 1.08695 3.73099e-19)
(-0.0373521 1.08135 1.86525e-19)
(-0.038059 1.07603 2.98342e-18)
(-0.03869 1.07098 -5.21947e-18)
(-0.0392761 1.06618 3.35419e-18)
(-0.0398114 1.06161 -3.72511e-18)
(-0.0403038 1.05725 5.21255e-18)
(-0.040796 1.05312 -5.2093e-18)
(-0.0412945 1.04926 0)
(-0.0417503 1.04581 2.97088e-18)
(-0.0421775 1.04263 0)
(-0.0425961 1.03982 -2.96247e-18)
(-0.0430502 1.03681 2.95886e-18)
(-0.0434997 1.0338 -2.95662e-18)
(-0.0439785 1.03093 5.90759e-18)
(-0.044558 1.02805 0)
(-0.0453038 1.02512 -1.47456e-18)
(-0.0462274 1.02203 2.61292e-23)
(-0.0475272 1.01884 0)
(-0.38195 5.48977 0)
(-0.577014 4.86872 4.06513e-16)
(0.0428308 6.28963 -1.0035e-16)
(-0.139579 6.13106 0)
(0.546592 1.93433 0)
(0.70212 2.26668 8.18815e-16)
(0.434584 2.50676 -1.32731e-20)
(0.406407 2.00857 1.36121e-20)
(-0.263281 5.49729 7.45789e-16)
(0.0267193 5.36103 -1.21916e-15)
(-0.120129 0.263144 0)
(-0.104654 5.50607 0)
(-0.116578 3.6135 -1.21297e-20)
(0.147216 0.270556 -7.75271e-16)
(0.173627 0.292871 2.91322e-21)
(0.207594 0.314655 -3.76165e-16)
(0.243767 0.34939 3.81322e-16)
(0.291464 0.404288 -3.8765e-16)
(0.349292 0.490355 0)
(0.41787 0.620254 1.18548e-15)
(0.490595 0.80631 -3.95729e-16)
(0.554259 1.07167 3.92505e-16)
(-0.232387 2.81468 2.11694e-16)
(-0.0419651 3.11368 -4.44495e-16)
(0.448554 2.39587 5.03272e-16)
(0.273874 2.63495 1.47817e-16)
(0.065186 2.6556 -1.62426e-16)
(-0.100862 2.70293 5.27803e-17)
(-0.145269 0.267289 4.64454e-16)
(-0.577437 1.93082 -7.22352e-16)
(-0.592032 1.42782 -3.71372e-16)
(-0.554169 1.07706 3.90944e-16)
(-0.492894 0.82768 0)
(-0.422852 0.645221 0)
(-0.356693 0.513988 -3.94401e-16)
(-0.29904 0.422566 0)
(-0.250295 0.360121 -9.37347e-22)
(-0.209563 0.317636 -4.00849e-16)
(-0.175861 0.289024 -8.33174e-16)
(0.424298 2.27962 3.81647e-16)
(0.695776 2.54126 -4.06787e-16)
(0.62795 2.08044 -4.08626e-16)
(-0.0456582 6.29891 2.51874e-17)
(-0.445879 5.25531 -5.88798e-16)
(-0.479288 5.21968 -8.33374e-16)
(0.458847 5.23185 -3.82909e-16)
(0.436798 5.0974 0)
(0.109088 0.278773 0)
(0.0966601 0.296505 2.34851e-16)
(0.0814726 0.328386 -1.08682e-16)
(0.0741436 0.382185 -9.89866e-17)
(0.0577563 0.433104 9.73935e-17)
(0.0439174 0.480677 0)
(0.0340451 0.542892 0)
(0.0255875 0.603246 0)
(0.0207159 0.656309 1.19016e-17)
(0.0137826 0.699467 0)
(0.0100681 0.731073 5.94031e-18)
(0.00730303 0.758378 0)
(0.00535891 0.781491 1.49468e-18)
(0.00423407 0.800073 0)
(0.00379826 0.814493 0)
(0.00384625 0.824986 0)
(0.00437041 0.832052 0)
(0.00526236 0.83636 -2.98721e-18)
(0.00637387 0.838201 7.469e-19)
(0.00761627 0.837905 2.98633e-18)
(0.00895126 0.835822 -2.23934e-18)
(0.0103185 0.832214 2.98548e-18)
(0.0116922 0.827253 3.26474e-18)
(0.0130448 0.821146 -1.58568e-18)
(0.0143498 0.814114 -1.49238e-18)
(0.0155837 0.806333 1.46894e-18)
(0.0167357 0.797962 -1.46901e-18)
(0.0177913 0.789115 0)
(0.0187388 0.779958 0)
(0.0195862 0.770572 -1.48036e-18)
(0.0203349 0.761064 1.51558e-18)
(0.0209822 0.751515 0)
(0.0215297 0.742027 0)
(0.0220029 0.732636 1.44554e-18)
(0.0223982 0.723418 -1.49234e-18)
(0.0227378 0.71444 -2.33173e-20)
(0.0230291 0.705727 7.28673e-22)
(0.0232919 0.697296 1.49234e-18)
(0.0235283 0.689204 -1.52734e-18)
(0.0237503 0.681427 0)
(0.0239492 0.673985 -1.58546e-18)
(0.0241678 0.666907 1.86539e-19)
(0.0244281 0.660175 1.4917e-18)
(0.0246566 0.653841 -1.49109e-18)
(0.0248477 0.647865 2.9807e-18)
(0.0250835 0.642387 -2.23347e-18)
(0.0253563 0.6373 -1.4875e-18)
(0.0256745 0.632378 1.48644e-18)
(0.0260162 0.62773 0)
(0.0264134 0.623425 1.4837e-18)
(0.0268909 0.619404 -7.41074e-19)
(0.0275289 0.615893 1.2956e-18)
(-0.23952 2.56962 -1.91492e-16)
(-0.0537377 2.62263 -1.2352e-17)
(0.0974224 2.6254 -1.18865e-21)
(0.205395 2.6782 5.10993e-17)
(0.422936 2.80685 0)
(0.728491 2.91231 0)
(1.1179 2.9918 0)
(1.53661 2.96378 0)
(1.77189 3.11213 -1.98213e-16)
(0.489093 2.10275 -8.42045e-16)
(-0.191235 6.00389 -4.99142e-17)
(0.151494 5.48322 7.23064e-16)
(-0.248586 5.82845 0)
(0.0715319 6.15829 0)
(0.564265 2.20592 -1.13726e-20)
(0.497838 2.57784 -2.29994e-21)
(-0.482948 2.96589 3.89872e-16)
(-0.821594 2.96083 1.85867e-20)
(-1.20838 2.88436 0)
(-1.61907 2.86273 -3.58564e-16)
(-0.123736 3.79066 -9.17652e-16)
(-0.556047 3.90813 -2.75065e-16)
(-1.77818 3.86662 8.52544e-17)
(-1.51523 4.2512 0)
(-1.2494 4.41961 -3.07572e-17)
(-0.972045 4.51326 -1.87877e-17)
(-0.689396 4.55403 -2.53634e-17)
(-0.4188 4.56265 -2.55512e-17)
(-0.159398 4.55735 -1.02673e-16)
(0.100367 4.53836 1.28548e-17)
(0.366129 4.51121 2.05638e-16)
(0.637158 4.47197 4.02904e-19)
(0.925595 4.42346 -1.0159e-16)
(1.23005 4.33639 8.78088e-17)
(1.54273 4.19543 1.13899e-20)
(1.82232 3.92786 -4.79105e-17)
(2.00085 3.30972 -3.60579e-16)
(1.14903 1.13651 0)
(-0.0491184 1.01522 7.36943e-19)
(-0.0669352 1.38884 0)
(-0.0833172 1.73013 5.15161e-18)
(-0.0969583 2.02894 -2.20648e-18)
(-0.107187 2.28053 -5.51616e-18)
(-0.113433 2.48491 5.51423e-18)
(-0.115397 2.64573 0)
(-0.113181 2.76864 0)
(-0.10722 2.85976 4.5958e-20)
(-0.0972509 2.92557 0)
(-0.0837059 2.97176 4.59677e-20)
(-0.0674097 3.00275 1.83899e-19)
(-0.048656 3.02226 6.06981e-18)
(-0.0283487 3.03263 1.64485e-22)
(-0.00731874 3.03546 -6.07157e-18)
(0.0137322 3.03131 -4.60034e-20)
(0.0341115 3.01957 -1.84026e-19)
(0.0528702 2.99863 5.52179e-19)
(0.0693245 2.96595 -1.84103e-19)
(0.0828771 2.91819 0)
(0.0930845 2.8505 0)
(0.0999022 2.75761 3.68675e-19)
(0.102779 2.63328 0)
(0.101497 2.47091 7.38401e-19)
(0.0964816 2.26522 7.38512e-19)
(0.0877968 2.01333 1.84749e-19)
(0.0757981 1.71476 -3.69653e-19)
(0.0612918 1.37483 -2.95761e-18)
(0.0452337 1.00362 2.95873e-18)
(0.0284072 0.61265 1.84922e-19)
(-0.102513 0.281668 0)
(-0.0941137 0.310711 2.19063e-16)
(-0.0837154 0.345207 -3.18625e-16)
(-0.0709113 0.389927 1.87382e-21)
(-0.0570546 0.441502 0)
(-0.0436471 0.499036 2.48488e-17)
(-0.0329654 0.557961 -1.23346e-17)
(-0.0250223 0.613122 0)
(-0.019043 0.661406 0)
(-0.0143307 0.702824 0)
(-0.0106993 0.737367 -7.53068e-19)
(-0.00799105 0.765529 2.28548e-23)
(-0.00614965 0.787809 -1.50167e-18)
(-0.00511486 0.805044 6.00192e-18)
(-0.00474912 0.817847 -4.49609e-18)
(-0.00489987 0.826886 -1.4974e-18)
(-0.00550176 0.832594 5.98493e-18)
(-0.00640217 0.835517 -2.99085e-18)
(-0.00748421 0.836081 -2.98896e-18)
(-0.00866166 0.834693 2.98834e-18)
(-0.00992339 0.831566 1.86775e-19)
(-0.0112303 0.82709 -3.73447e-19)
(-0.0125431 0.821487 -1.86739e-19)
(-0.0138201 0.814973 -2.9869e-18)
(-0.0150337 0.807729 2.98721e-18)
(-0.016151 0.79995 0)
(-0.0171755 0.791798 -2.98643e-18)
(-0.0181051 0.783389 2.93958e-18)
(-0.0189328 0.774849 0)
(-0.019669 0.766273 4.66525e-20)
(-0.0203138 0.75773 -6.99771e-20)
(-0.0208838 0.749279 0)
(-0.0213833 0.740999 0)
(-0.02183 0.732901 0)
(-0.0222305 0.725057 3.17144e-18)
(-0.0226044 0.717465 -6.06208e-18)
(-0.0229496 0.710137 3.1705e-18)
(-0.0232786 0.703047 -3.72894e-19)
(-0.0236061 0.696187 7.4559e-19)
(-0.0239373 0.689565 7.45296e-19)
(-0.024274 0.683203 2.50586e-23)
(-0.0246333 0.677039 0)
(-0.0250074 0.671176 -1.48754e-18)
(-0.0254024 0.665598 -2.97166e-18)
(-0.0258011 0.66034 1.48397e-18)
(-0.0262145 0.655145 -5.92829e-18)
(-0.026658 0.649957 5.92176e-18)
(-0.0271153 0.644867 -2.95763e-18)
(-0.0275609 0.639917 -2.9545e-18)
(-0.0280884 0.635119 2.95157e-18)
(-0.0287619 0.63035 -2.58121e-18)
(-0.0296312 0.625784 1.47476e-18)
(-0.0306624 0.621207 7.37545e-19)
(0.29385 5.47062 0)
(-0.339897 5.5862 3.7242e-16)
(-0.0645586 6.16801 4.55358e-17)
(0.633655 2.35981 8.7226e-16)
(0.502942 2.37744 -3.92603e-16)
(0.0105434 0.209613 -9.2186e-20)
(0.0103282 0.211849 2.76816e-19)
(0.38693 0.81916 -3.56442e-16)
(0.465055 1.10853 -6.64961e-16)
(0.0107956 0.207733 0)
(0.0624234 1.37383 -2.9671e-18)
(0.0291445 0.60948 0)
(0.0464758 1.00133 2.96852e-18)
(0.0883453 2.01369 -1.84511e-19)
(0.0765218 1.71466 6.30411e-18)
(0.101491 2.47162 5.92398e-18)
(0.0967991 2.26592 -1.25964e-17)
(0.100121 2.75846 -1.22063e-17)
(0.102863 2.63399 5.92225e-18)
(0.0830087 2.91905 5.91383e-18)
(0.0931938 2.85133 5.9151e-18)
(0.0529029 2.99965 6.09537e-18)
(0.069468 2.96689 -5.91141e-18)
(0.0135306 3.03235 0)
(0.0340484 3.02063 -5.90901e-18)
(-0.0285942 3.03334 0)
(-0.00754435 3.03639 0)
(-0.0679291 3.00283 -5.90585e-18)
(-0.048998 3.02267 0)
(-0.0979641 2.92469 -5.90567e-18)
(-0.0843482 2.97133 1.17652e-17)
(-0.113924 2.7668 0)
(-0.107965 2.85838 0)
(-0.11418 2.48237 0)
(-0.116075 2.64358 0)
(-0.0980655 2.02561 -8.09113e-22)
(-0.108134 2.27757 5.53842e-18)
(-0.0683914 1.38454 0)
(-0.0846192 1.72637 -6.65283e-18)
(-0.0113316 0.214691 1.4698e-18)
(-0.0116464 0.211929 -1.47021e-18)
(-0.0315182 0.615816 0)
(-0.050529 1.01016 -7.40294e-19)
(-0.0107928 0.221186 -2.94159e-18)
(-0.0110531 0.217726 2.94001e-18)
(-0.0102456 0.229107 0)
(-0.0105238 0.224966 0)
(-0.00969218 0.238476 0)
(-0.00996173 0.233616 0)
(-0.00916544 0.249113 2.96134e-18)
(-0.00942767 0.243621 1.47889e-18)
(-0.00872273 0.261167 5.93378e-18)
(-0.00891791 0.254977 -4.44669e-18)
(-0.00846816 0.274451 2.96981e-18)
(-0.00857588 0.26768 -5.19512e-18)
(-0.00830492 0.288672 2.97161e-18)
(-0.00837348 0.281474 0)
(-0.00823169 0.303464 9.28958e-20)
(-0.00826334 0.296006 -3.15794e-18)
(-0.00817238 0.318647 2.97311e-18)
(-0.00820349 0.311014 -2.97315e-18)
(-0.00805559 0.334026 0)
(-0.00812606 0.326326 0)
(-0.00778965 0.349412 -4.64655e-20)
(-0.00794461 0.341728 4.64656e-20)
(-0.00729183 0.364564 4.64709e-20)
(-0.00757134 0.35703 0)
(-0.00652301 0.379177 2.97444e-18)
(-0.00694362 0.371961 -2.97453e-18)
(-0.00547866 0.392746 0)
(-0.00603312 0.386127 0)
(-0.00418508 0.404484 -2.97557e-18)
(-0.00485968 0.398899 2.9756e-18)
(-0.0027236 0.413381 0)
(-0.00346922 0.409357 -1.86014e-19)
(-0.00122158 0.417961 -2.23395e-18)
(-0.00197046 0.416385 0)
(0.000224813 0.416661 -2.98236e-18)
(-0.000483793 0.418075 2.97995e-18)
(0.00147511 0.407364 -2.98637e-18)
(0.000884038 0.413158 5.96785e-18)
(0.00226944 0.387672 7.47697e-19)
(0.00194642 0.399022 -3.73534e-19)
(0.00222893 0.354452 0)
(0.00238895 0.372955 0)
(0.000677807 0.304804 0)
(0.00171483 0.331987 0)
(-0.0060953 0.23481 -1.54599e-16)
(-0.00136539 0.272343 4.78685e-17)
(-0.0224019 0.171759 -9.60697e-17)
(-0.0142079 0.200081 1.89863e-16)
(-0.0343629 0.126426 0)
(-0.0290895 0.147159 -1.96023e-16)
(-0.0433945 0.0960479 2.69225e-21)
(-0.0383412 0.109061 0)
(-0.0595477 0.0899518 1.18167e-15)
(-0.0504192 0.090154 -4.11447e-16)
(-0.0849828 0.0999401 1.20322e-21)
(-0.0706506 0.0926227 0)
(-0.129528 0.139013 0)
(-0.10378 0.113873 -3.87211e-16)
(-0.209717 0.254289 -8.19709e-16)
(-0.164599 0.181156 0)
(-0.287311 0.552684 -3.87634e-16)
(-0.251161 0.369722 -2.64333e-21)
(-0.269812 1.0858 4.19929e-17)
(-0.326945 0.849237 7.03053e-16)
(-0.0396019 1.0638 8.91307e-23)
(-0.152568 1.05216 -4.9167e-17)
(0.0170435 0.996778 5.18703e-17)
(0.0234146 0.991074 -8.87329e-23)
(0.273084 1.26276 -2.30441e-16)
(0.108435 1.16946 1.6067e-21)
(0.860046 1.35656 -4.53981e-16)
(0.523252 1.38737 -3.96544e-16)
(0.968027 0.749198 0)
(0.789499 3.29559 -4.70312e-17)
(1.05703 3.00625 0)
(0.492659 3.66945 1.24506e-17)
(0.654126 3.52336 -2.44669e-17)
(0.252918 3.84477 1.01412e-16)
(0.37132 3.76766 -1.00899e-16)
(0.0416228 3.92526 -5.06631e-17)
(0.139798 3.89347 0)
(-0.154126 3.93436 -5.00802e-17)
(-0.0563985 3.93778 1.00884e-16)
(-0.368106 3.8553 0)
(-0.257015 3.90829 0)
(-0.651066 3.60477 0)
(-0.497483 3.76269 0)
(-1.60589 2.14957 -6.40662e-17)
(-0.826098 3.29606 0)
(1.90045 2.20667 8.33305e-16)
(-1.80764 3.10277 2.96276e-16)
(-0.66296 0.773476 -2.39544e-16)
(-0.416702 0.999101 0)
(-0.938846 1.13594 -2.42504e-16)
(-0.94874 0.70004 -2.42769e-16)
(-0.501805 1.32853 2.23393e-16)
(-0.791948 1.40938 4.39885e-16)
(-0.138323 1.36478 3.68371e-16)
(-0.276661 1.29287 -2.16666e-16)
(-0.0422615 1.03674 -5.28584e-17)
(-0.0307855 1.17513 -3.43576e-16)
(0.154519 1.09111 9.83001e-17)
(0.0300365 1.09646 4.96539e-17)
(0.300917 0.720856 4.13629e-16)
(0.259665 0.961846 -3.89527e-21)
(0.250811 0.339038 3.74781e-21)
(0.290991 0.500579 -4.26127e-16)
(0.159613 0.171472 1.2254e-15)
(0.203477 0.235937 -4.19121e-16)
(0.101429 0.110268 3.886e-16)
(0.125795 0.132726 -7.19981e-22)
(0.0709291 0.0923581 0)
(0.0838942 0.0982372 0)
(0.050505 0.0878065 -4.14116e-16)
(0.0604785 0.0906696 3.77259e-16)
(0.0354873 0.103769 0)
(0.0421331 0.0911101 0)
(0.0285574 0.141167 0)
(0.0332386 0.121486 0)
(0.0140747 0.194723 4.64121e-17)
(0.023051 0.166958 -9.4635e-17)
(0.00143533 0.26401 2.38984e-17)
(0.00617123 0.226142 -7.0513e-17)
(-0.0020548 0.328802 -5.91841e-18)
(-0.000992302 0.299167 -1.78725e-17)
(-0.00358111 0.370419 -5.91803e-18)
(-0.0032229 0.35261 0)
(-0.0029698 0.396546 0)
(-0.00346914 0.384861 0)
(-0.00167097 0.412459 5.95738e-18)
(-0.00238045 0.405639 0)
(-0.000185685 0.419421 5.9531e-18)
(-0.000937374 0.417004 -8.93175e-18)
(0.00140469 0.419476 0)
(0.00060477 0.420161 -2.97542e-18)
(0.00299424 0.413915 5.94777e-18)
(0.00219692 0.417271 -2.97414e-18)
(0.00448579 0.404364 -1.3935e-18)
(0.00376 0.40958 -2.97327e-18)
(0.00578213 0.391835 0)
(0.00516055 0.398406 1.48639e-18)
(0.0068376 0.377254 1.48635e-18)
(0.00634407 0.384758 -1.46303e-18)
(0.00761751 0.361277 -1.48629e-18)
(0.00726205 0.369409 1.48613e-18)
(0.00812004 0.344436 0)
(0.00790359 0.352939 -1.16109e-20)
(0.00838823 0.327089 0)
(0.00828218 0.335803 0)
(0.00848973 0.30964 0)
(0.00845526 0.318359 0)
(0.00851001 0.292516 -1.48701e-18)
(0.00850352 0.301011 1.16118e-20)
(0.00853988 0.276125 1.47474e-18)
(0.00851632 0.284204 6.05068e-23)
(0.00863045 0.260884 -9.28885e-20)
(0.00857021 0.268328 0)
(0.00884561 0.24718 2.9715e-18)
(0.00872829 0.253828 -1.48603e-18)
(0.00914258 0.235363 -1.48452e-18)
(0.00897912 0.241005 -1.48531e-18)
(0.00953377 0.22571 7.40957e-19)
(0.00933383 0.230248 2.22524e-18)
(0.00994485 0.217889 -3.69763e-19)
(0.00974039 0.221584 1.11033e-18)
(0.0101469 0.214649 -9.23563e-19)
(0.604676 0.677416 7.40585e-16)
(0.399498 0.96676 -1.26907e-16)
(0.0943163 5.98869 8.53627e-17)
(0.398297 3.04938 -2.52651e-16)
(0.0106926 0.206 0)
(0.0141314 5.71166 1.5763e-20)
(-0.0115423 0.208939 7.38594e-19)
(-0.145402 6.15963 -5.19824e-16)
(0.278425 0.387139 0)
(0.0898751 0.138442 -4.77909e-16)
(-0.0949841 0.147796 0)
(-0.0275489 0.0306165 0)
(0.0254532 0.0287007 -1.10587e-17)
(0.00328876 0.00455664 -4.11381e-18)
(-0.00351422 0.00490063 4.11213e-18)
(0.309151 3.08492 1.61818e-17)
(0.633729 4.07691 2.08538e-16)
(-0.0877646 5.99545 0)
(-0.148837 5.79103 -6.68354e-16)
(0.163344 5.78324 3.35637e-16)
(-0.0971372 3.11991 -1.51236e-16)
(-0.0225001 3.20856 -2.47147e-16)
(-0.0564063 3.14899 2.16769e-16)
(-0.0189106 3.90322 9.05258e-16)
(0.149052 3.67089 -4.54385e-16)
(0.0728701 3.78897 8.99072e-16)
(0.100108 4.00365 1.18506e-20)
(0.261149 3.71233 -8.92894e-16)
(0.18982 3.85843 -4.43393e-16)
(0.231223 4.07746 -8.81851e-16)
(0.384798 3.71595 1.17989e-20)
(0.317865 3.89573 -4.394e-16)
(0.366952 4.10919 -8.76224e-16)
(0.506929 3.67476 -8.68103e-16)
(0.447979 3.88883 0)
(0.707063 3.38819 1.80958e-15)
(0.569144 2.40813 0)
(-0.291675 0.229106 0)
(-0.591236 2.28055 7.22537e-16)
(0.491729 0.707314 0)
(0.517825 2.84603 1.40375e-15)
(0.82591 3.41375 1.04177e-15)
(0.740969 3.31074 -1.12089e-15)
(-0.594305 2.87368 0)
(-0.643673 3.02675 -1.61815e-21)
(0.301882 1.40389 0)
(0.0686617 3.25887 6.41131e-16)
(-0.0331361 3.10776 7.01336e-17)
(-0.599446 4.04075 -1.58132e-15)
(0.165251 0.913893 -1.78071e-15)
(-0.0430862 3.25388 1.74837e-15)
(0.157594 0.450219 -4.8773e-16)
(-0.408857 3.22617 0)
(0.190814 0.742229 0)
(-0.634718 5.47483 0)
(0.295876 1.72025 0)
(-0.468714 3.20996 1.9402e-15)
(0.384862 3.83647 -1.71038e-15)
(-0.0548426 3.32932 -8.41652e-16)
(1.45575 2.16737 -1.02079e-15)
(0.0373258 3.25868 -2.81123e-15)
(-0.49242 4.8623 -4.86692e-16)
(0.272066 3.15179 -4.44912e-17)
(0.195688 3.19858 -8.7774e-16)
(-0.26499 3.34081 1.6566e-16)
(-0.395142 3.76727 -1.0258e-15)
(0.263413 0.197475 -2.83099e-16)
(-0.174821 6.12168 1.01255e-15)
(-0.656896 4.37835 7.37053e-16)
(-0.186967 0.419743 0)
(0.113323 0.237896 0)
(0.346782 5.52878 2.06321e-15)
(-1.333 4.38763 0)
(0.0768893 6.0287 -1.10123e-15)
(0.72635 1.86522 -1.05288e-15)
(-1.59841 1.74122 -1.25105e-15)
(0.148734 1.38808 2.24159e-16)
(0.201761 2.3093 -2.17539e-16)
(0.166793 1.7898 0)
(0.520638 1.16388 -9.95505e-21)
(0.0138306 3.15972 8.51e-16)
(-0.12221 6.01588 -1.23366e-16)
(-0.374359 1.09996 1.26056e-15)
(-0.584131 4.09803 -2.01793e-15)
(0.29744 3.36001 -5.89121e-16)
(0.0154596 3.0329 1.06647e-15)
(0.00735896 3.02204 -9.95709e-16)
(0.401753 0.972446 4.24438e-16)
)
;

boundaryField
{
    wall
    {
        type            noSlip;
    }
    outlet
    {
        type            inletOutlet;
        inletValue      uniform (0 0 0);
        value           nonuniform List<vector> 
33
(
(0.0624234 1.37383 -2.9671e-18)
(0.0291445 0.60948 0)
(0.0464758 1.00133 2.96852e-18)
(0.0883453 2.01369 -1.84511e-19)
(0.0765218 1.71466 6.30411e-18)
(0.101491 2.47162 5.92398e-18)
(0.0967991 2.26592 -1.25964e-17)
(0.100121 2.75846 -1.22063e-17)
(0.102863 2.63399 5.92225e-18)
(0.0830087 2.91905 5.91383e-18)
(0.0931938 2.85133 5.9151e-18)
(0.0529029 2.99965 6.09537e-18)
(0.069468 2.96689 -5.91141e-18)
(0.0135306 3.03235 0)
(0.0340484 3.02063 -5.90901e-18)
(-0.0285942 3.03334 0)
(-0.00754435 3.03639 0)
(-0.0679291 3.00283 -5.90585e-18)
(-0.048998 3.02267 0)
(-0.0979641 2.92469 -5.90567e-18)
(-0.0843482 2.97133 1.17652e-17)
(-0.113924 2.7668 0)
(-0.107965 2.85838 0)
(-0.11418 2.48237 0)
(-0.116075 2.64358 0)
(-0.0980655 2.02561 -8.09113e-22)
(-0.108134 2.27757 5.53842e-18)
(-0.0683914 1.38454 0)
(-0.0846192 1.72637 -6.65283e-18)
(-0.0315182 0.615816 0)
(-0.050529 1.01016 -7.40294e-19)
(0.0106926 0.206 0)
(-0.0115423 0.208939 7.38594e-19)
)
;
    }
    inlet
    {
        type            inletOutlet;
        inletValue      uniform (0 0 0);
        value           uniform (0 0 0);
    }
    frontAndBackPlanes
    {
        type            empty;
    }
}


// ************************************************************************* //
