/*--------------------------------*- C++ -*----------------------------------*\
| =========                 |                                                 |
| \\      /  F ield         | OpenFOAM: The Open Source CFD Toolbox           |
|  \\    /   O peration     | Version:  2212                                  |
|   \\  /    A nd           | Website:  www.openfoam.com                      |
|    \\/     M anipulation  |                                                 |
\*---------------------------------------------------------------------------*/
FoamFile
{
    version     2.0;
    format      ascii;
    arch        "LSB;label=32;scalar=64";
    class       volVectorField;
    location    "0.0335";
    object      U;
}
// * * * * * * * * * * * * * * * * * * * * * * * * * * * * * * * * * * * * * //

dimensions      [0 1 -1 0 0 0 0];

internalField   nonuniform List<vector> 
2308
(
(-0.965401 3.19559 -1.02362e-15)
(0.104512 0.145985 0)
(0.0779134 4.65273 7.24031e-17)
(0.364027 2.04102 -3.6114e-16)
(0.056541 3.18796 0)
(0.24912 2.98125 3.73509e-21)
(-0.231714 2.93521 -4.83032e-21)
(-0.277557 3.04183 -4.98779e-16)
(-0.0381465 3.26609 9.07685e-16)
(0.0241972 2.99904 -1.20556e-16)
(0.0294837 2.98646 2.15019e-16)
(0.0284174 2.96656 -3.15912e-16)
(0.0276901 2.95126 1.56324e-16)
(0.0275975 2.93733 -7.9162e-17)
(0.0281926 2.92474 1.34806e-17)
(0.0292725 2.91458 1.1201e-16)
(0.030207 2.90778 1.49637e-17)
(-0.018699 2.90372 3.46376e-17)
(-0.0204314 2.90946 4.6611e-17)
(-0.0185323 2.91648 3.45096e-18)
(-0.016947 2.92685 2.63262e-17)
(-0.0153325 2.93966 -7.69278e-17)
(-0.0131197 2.95393 9.88388e-17)
(-0.00852079 2.96951 -4.55484e-17)
(-0.0105586 2.98455 -1.95875e-16)
(-0.0111822 2.99972 -9.31958e-17)
(-0.00573973 3.0138 4.76909e-17)
(0.00070238 3.02571 -5.24774e-17)
(-0.145479 2.97394 0)
(0.030016 2.90443 -3.19616e-16)
(0.000880527 3.03795 2.79377e-18)
(7.51877e-05 3.04844 7.15444e-19)
(-0.000204103 3.05735 -1.22352e-17)
(-0.00033068 3.0648 1.1565e-17)
(-0.000198301 3.07095 -1.22967e-17)
(-3.8244e-05 3.07605 1.15814e-17)
(0.00020632 3.08021 -5.78571e-18)
(0.000475252 3.08364 5.78466e-18)
(0.000772086 3.08639 -5.77788e-18)
(0.00106599 3.08866 2.88907e-18)
(0.00135191 3.09054 5.78296e-18)
(0.00163174 3.09224 8.68472e-18)
(0.00191014 3.09382 -1.74094e-17)
(0.00219728 3.09544 1.16392e-17)
(0.00249847 3.09723 5.8188e-18)
(0.0461646 3.09663 -5.83861e-18)
(0.0447389 3.09483 5.81811e-18)
(0.0434772 3.09309 -8.70984e-18)
(0.0424026 3.09151 -9.43274e-18)
(0.0414927 3.08976 1.44857e-17)
(0.0407266 3.08784 -2.89697e-18)
(0.0401001 3.08549 5.80471e-18)
(0.0396502 3.08283 1.45167e-18)
(0.0393969 3.07929 -8.70262e-18)
(0.0392931 3.07506 -2.90736e-18)
(0.0392911 3.06993 5.80912e-18)
(0.0394778 3.06366 0)
(0.0397071 3.05606 -7.22228e-19)
(0.04004 3.04694 -2.37458e-17)
(0.04005 3.03606 -8.18356e-17)
(0.0411034 3.02343 9.64453e-17)
(0.0486323 3.01422 9.956e-17)
(0.0590291 2.99848 1.14205e-16)
(0.0638064 2.98631 -1.63468e-21)
(0.069512 2.97296 1.27973e-16)
(0.0704827 2.95824 -2.37196e-16)
(0.0692188 2.94463 -5.44155e-17)
(0.0706826 2.93066 0)
(0.0735404 2.91794 0)
(0.0770319 2.90745 0)
(0.0807582 2.90043 0)
(0.0027545 3.09928 -2.91195e-18)
(0.047743 3.0986 2.92616e-18)
(-0.0605749 2.90562 -1.60859e-16)
(-0.0642561 2.91283 -3.25252e-18)
(-0.0622101 2.92372 1.27446e-17)
(-0.0587179 2.93755 0)
(-0.0553365 2.95265 -2.44369e-17)
(-0.0526525 2.96825 -2.39156e-17)
(-0.0504013 2.98338 1.1996e-17)
(-0.0488695 2.99821 4.81098e-17)
(-0.0464672 3.01283 0)
(-0.0423815 3.0254 -4.73348e-22)
(-0.0406358 3.03665 8.91669e-20)
(-0.0401838 3.04693 -1.15511e-17)
(-0.0400537 3.0558 1.73338e-17)
(-0.0398438 3.06325 -7.76245e-23)
(-0.0395806 3.06948 -1.01352e-17)
(-0.0392194 3.07465 0)
(-0.0389301 3.07886 -1.44778e-18)
(-0.0387455 3.08237 8.68069e-18)
(-0.0385979 3.08524 -1.15699e-17)
(-0.0386027 3.08759 7.35117e-23)
(-0.0387972 3.08956 1.15845e-17)
(-0.0391916 3.09139 0)
(-0.0397238 3.09307 1.1599e-17)
(-0.0404225 3.09487 -2.7743e-23)
(-0.0412798 3.09682 -5.82176e-18)
(-0.0221816 2.90317 -1.37092e-16)
(-0.0423464 3.09891 -5.82547e-18)
(0.0268231 2.90734 1.39743e-16)
(0.0820755 2.89878 -7.00557e-22)
(0.0909763 3.09641 -5.86145e-18)
(0.0881253 3.0945 7.31798e-18)
(0.0856375 3.09239 0)
(0.083418 3.09059 -2.18938e-18)
(0.081559 3.08874 5.09936e-18)
(0.0800067 3.08678 5.82685e-18)
(0.0787575 3.08472 -5.82574e-18)
(0.0778219 3.08224 0)
(0.0772409 3.07937 -1.45493e-18)
(0.076945 3.07566 2.9172e-18)
(0.0768419 3.07136 1.7511e-23)
(0.0770164 3.06605 -2.91734e-18)
(0.077376 3.05956 0)
(0.0778548 3.05175 4.37601e-18)
(0.0784769 3.04249 -1.74193e-17)
(0.0797578 3.03193 -1.16505e-17)
(0.0825438 3.02086 4.73221e-17)
(0.0878768 3.0103 1.75433e-16)
(0.0934856 2.99515 1.32343e-17)
(0.0988915 2.98044 1.25829e-16)
(0.103187 2.9649 -5.68807e-17)
(0.106138 2.94891 0)
(0.109143 2.93433 0)
(0.112926 2.91998 0)
(0.118126 2.90644 1.88238e-16)
(0.124323 2.89485 -2.18634e-16)
(0.13123 2.88677 2.22717e-16)
(-0.407882 3.02397 -4.00851e-16)
(0.35567 2.89731 0)
(0.221535 2.93479 0)
(0.283712 2.92526 0)
(-0.12699 2.88664 3.20799e-16)
(-0.123877 2.8911 9.07613e-17)
(-0.113343 2.90198 1.19003e-21)
(-0.106166 2.9157 -1.54307e-18)
(-0.100364 2.93095 1.53429e-18)
(-0.0957417 2.94702 1.21663e-17)
(-0.0920427 2.96324 -2.40519e-17)
(-0.089016 2.97866 -7.68536e-23)
(-0.0866532 2.99368 0)
(-0.0842436 3.00845 5.31736e-17)
(-0.0816787 3.0212 3.49166e-17)
(-0.080009 3.03252 -5.788e-18)
(-0.0790825 3.04271 5.78533e-18)
(-0.0784744 3.0515 0)
(-0.0778974 3.059 0)
(-0.0773622 3.06523 -7.25548e-19)
(-0.0768873 3.07055 0)
(-0.0765435 3.07491 4.35092e-18)
(-0.0763669 3.0786 -2.76804e-23)
(-0.0764229 3.08167 -2.90175e-18)
(-0.0767833 3.08422 0)
(-0.0775144 3.08651 -2.90208e-18)
(-0.0785312 3.08861 4.35775e-18)
(-0.0798847 3.09049 -7.27088e-18)
(-0.0815979 3.09256 0)
(-0.0835854 3.09484 -1.16401e-17)
(-0.0858848 3.09718 2.9151e-18)
(-0.0885492 3.09983 3.91818e-25)
(-0.0435706 3.10137 0)
(0.00295553 3.1016 -1.46052e-18)
(0.0493915 3.10097 -4.75573e-18)
(-0.220267 3.11699 4.3563e-16)
(0.0940394 3.09903 3.6676e-19)
(-0.539204 2.99668 -1.25651e-15)
(-0.700657 2.7723 -2.89111e-16)
(0.08002 2.90378 0)
(-0.383728 3.2766 4.16441e-16)
(-0.0405461 3.13288 -8.71361e-16)
(-0.0334796 2.91093 5.72359e-17)
(0.137851 2.88419 -3.36801e-16)
(-0.0914919 3.10274 -2.92631e-18)
(-0.0450293 3.10414 -2.92548e-18)
(0.00301849 3.10435 -3.66019e-19)
(0.0510145 3.1037 5.85689e-18)
(0.0972087 3.10165 3.67236e-19)
(0.13995 3.09687 0)
(0.135318 3.09412 2.94219e-18)
(0.130913 3.09153 5.88028e-18)
(0.126907 3.08925 -1.46869e-18)
(0.123316 3.08695 -5.87034e-18)
(0.12022 3.08479 -6.59307e-18)
(0.1176 3.08257 8.78851e-18)
(0.115422 3.08024 2.93042e-18)
(0.113715 3.07794 -5.86636e-18)
(0.112534 3.07524 4.39775e-18)
(0.1118 3.07199 -1.28196e-18)
(0.111438 3.06811 0)
(0.111426 3.06359 0)
(0.111709 3.05808 0)
(0.112217 3.05142 5.87688e-18)
(0.112891 3.04346 -2.94347e-18)
(0.113852 3.03419 -1.53679e-22)
(0.115414 3.02373 -2.3734e-17)
(0.117944 3.01257 0)
(0.121681 3.00058 -2.49348e-17)
(0.126199 2.98586 2.57837e-17)
(0.130786 2.96957 5.30609e-17)
(0.135237 2.95249 2.70661e-17)
(0.139415 2.93538 1.07968e-16)
(0.144352 2.91929 -1.06862e-16)
(0.150636 2.90349 0)
(0.158648 2.88819 2.64805e-17)
(0.168358 2.87463 -5.32237e-17)
(0.179226 2.86479 -1.07862e-16)
(-0.1734 2.89296 5.17144e-17)
(-0.678292 4.1463 0)
(0.137138 3.11203 4.74303e-21)
(-0.400683 2.95663 5.53941e-16)
(-0.353714 2.91006 -1.18295e-16)
(-0.308367 2.88632 1.34585e-16)
(-0.267962 2.8702 -2.56174e-17)
(-0.233958 2.86121 5.00503e-17)
(-0.205916 2.85966 -2.45015e-17)
(-0.183927 2.86493 0)
(-0.167701 2.87365 -2.37271e-17)
(-0.155588 2.88626 -2.40743e-17)
(-0.145984 2.90187 0)
(-0.138416 2.91881 0)
(-0.132558 2.93619 1.50967e-18)
(-0.128102 2.95322 -1.35024e-17)
(-0.124613 2.9695 0)
(-0.121844 2.98495 0)
(-0.119388 2.99964 -1.77491e-17)
(-0.117185 3.0127 -1.17307e-17)
(-0.115526 3.02426 2.33592e-17)
(-0.114354 3.03448 5.83311e-18)
(-0.113465 3.04315 1.45779e-18)
(-0.112686 3.05078 5.82884e-18)
(-0.111995 3.05701 -6.56184e-18)
(-0.111471 3.06248 0)
(-0.111121 3.06707 -2.91421e-18)
(-0.111045 3.07102 0)
(-0.111339 3.07432 0)
(-0.112087 3.0773 0)
(-0.113247 3.08005 -1.16595e-17)
(-0.114889 3.08247 0)
(-0.117095 3.08476 -6.55302e-18)
(-0.119785 3.0873 1.09239e-18)
(-0.122857 3.08992 2.29505e-17)
(-0.126338 3.09272 0)
(-0.130322 3.09564 -1.16648e-17)
(-0.134742 3.09874 1.82198e-19)
(-0.766695 4.34451 0)
(-0.492193 3.15353 6.83205e-16)
(0.847515 2.55574 1.0939e-15)
(0.262569 1.78183 0)
(-0.238845 2.45176 -3.29875e-16)
(-0.667425 2.95908 1.43077e-15)
(0.140467 2.88884 1.38487e-20)
(-0.105494 2.91308 1.08652e-16)
(0.177724 3.08678 -3.69548e-19)
(0.171774 3.08401 -2.95237e-18)
(0.166213 3.08106 2.9507e-18)
(0.161086 3.07862 0)
(0.156548 3.07586 0)
(0.1526 3.07319 3.68074e-19)
(0.149259 3.07055 -1.47179e-18)
(0.146518 3.06778 -5.14636e-18)
(0.144422 3.06511 3.67498e-19)
(0.142986 3.06193 -7.58107e-19)
(0.142112 3.05832 -9.02555e-19)
(0.141714 3.05422 4.04888e-18)
(0.141699 3.04936 3.68568e-19)
(0.142017 3.04379 -2.94956e-18)
(0.142604 3.03688 0)
(0.143386 3.02881 1.18256e-17)
(0.144419 3.01938 -4.84361e-23)
(0.145897 3.00878 5.98386e-17)
(0.14808 2.99719 -4.84366e-17)
(0.15097 2.98427 0)
(0.154851 2.96946 5.07016e-17)
(0.159192 2.95192 -1.55406e-16)
(0.163671 2.93411 7.88123e-17)
(0.168797 2.91531 1.04834e-16)
(0.175188 2.89703 -4.08935e-21)
(0.183445 2.87912 -1.03909e-16)
(0.194049 2.86125 1.03898e-16)
(0.207279 2.84501 1.04375e-16)
(0.22248 2.83235 -1.04341e-16)
(0.191024 2.86041 -2.14018e-16)
(-0.268022 3.41471 -7.43913e-21)
(-0.785023 2.44181 2.78956e-20)
(-0.510843 2.86963 -9.77457e-17)
(-0.437994 2.83185 -1.29429e-17)
(-0.377496 2.81961 -3.83456e-17)
(-0.327595 2.81519 -1.25261e-17)
(-0.286782 2.81588 0)
(-0.253954 2.82184 2.43206e-17)
(-0.227921 2.83266 -1.20192e-17)
(-0.207427 2.8463 -1.19738e-17)
(-0.19192 2.86237 6.01403e-18)
(-0.180156 2.88048 6.03209e-18)
(-0.171175 2.89952 1.20619e-17)
(-0.164386 2.91844 0)
(-0.159377 2.93649 1.19717e-17)
(-0.155557 2.95374 -1.17493e-17)
(-0.152564 2.96975 -1.85984e-19)
(-0.150141 2.9846 -3.5549e-17)
(-0.148098 2.99787 2.94762e-18)
(-0.14647 3.00958 -1.46795e-17)
(-0.145209 3.01979 0)
(-0.144138 3.02845 -4.75234e-18)
(-0.143194 3.03609 3.65512e-19)
(-0.1424 3.04246 6.58338e-18)
(-0.141793 3.04812 0)
(-0.141471 3.05298 0)
(-0.141543 3.05715 -1.82852e-19)
(-0.142098 3.06089 -5.66361e-18)
(-0.143145 3.06444 5.85202e-18)
(-0.144752 3.0676 7.31209e-18)
(-0.147026 3.07048 -1.46e-18)
(-0.149968 3.07348 4.38031e-18)
(-0.153481 3.07663 -1.46154e-18)
(-0.157594 3.0796 -1.16927e-17)
(-0.162233 3.08298 1.16809e-17)
(-0.167402 3.08629 2.62808e-17)
(-0.173181 3.08976 1.16696e-17)
(-0.179344 3.09329 0)
(-0.139464 3.10224 -6.01904e-18)
(-0.0947014 3.10613 -1.27609e-22)
(-0.0467092 3.10746 6.59769e-18)
(0.00299029 3.10759 2.19803e-18)
(0.0526448 3.10694 -2.93447e-18)
(0.100415 3.10499 5.88075e-18)
(0.144682 3.10028 -5.88346e-18)
(0.183866 3.09009 -2.95166e-18)
(0.773341 2.91834 -4.06896e-16)
(0.0261296 4.50233 -9.34862e-17)
(-0.952028 0.981748 -1.62757e-16)
(-0.628845 3.13117 -6.94265e-16)
(-0.910134 3.39446 -3.43568e-16)
(0.771484 1.8646 9.77409e-17)
(0.239354 2.82527 0)
(0.203396 2.86246 4.28365e-16)
(-0.400038 3.47551 1.01116e-15)
(-0.593391 3.32327 4.14516e-16)
(-0.675873 3.87893 -4.16762e-16)
(0.0433523 3.07346 8.91738e-16)
(-0.556368 2.74323 0)
(-0.488797 2.73517 1.27128e-17)
(-0.426992 2.7364 -3.13775e-18)
(-0.372888 2.74426 -5.87298e-17)
(-0.327597 2.75564 1.22115e-17)
(-0.290767 2.77008 0)
(-0.261378 2.78758 -7.61991e-22)
(-0.238302 2.80681 -2.99792e-18)
(-0.220608 2.82721 0)
(-0.207291 2.8484 -6.00623e-18)
(-0.197308 2.86983 -6.00448e-18)
(-0.189969 2.89047 0)
(-0.184609 2.90977 1.49319e-18)
(-0.180629 2.9279 -1.49105e-18)
(-0.177615 2.94446 1.4883e-18)
(-0.175256 2.95953 2.22434e-17)
(-0.173326 2.97299 0)
(-0.1718 2.98471 2.94738e-18)
(-0.170462 2.99487 -1.4714e-18)
(-0.169268 3.00359 3.67835e-19)
(-0.168236 3.01116 1.10372e-18)
(-0.167412 3.01775 -6.62134e-18)
(-0.16682 3.02365 0)
(-0.166601 3.02869 1.46947e-18)
(-0.166834 3.0332 2.93601e-18)
(-0.167563 3.03765 2.93939e-18)
(-0.16889 3.04159 -1.26279e-22)
(-0.170946 3.04525 -1.46566e-18)
(-0.173737 3.0489 -4.39494e-18)
(-0.177252 3.05269 -2.93262e-18)
(-0.181518 3.05638 -2.93006e-18)
(-0.186564 3.06018 0)
(-0.192258 3.06404 -1.17156e-17)
(-0.198568 3.06782 -1.1705e-17)
(-0.205446 3.07184 -8.7653e-18)
(-0.212798 3.07555 -1.6062e-17)
(-0.220549 3.07936 7.30471e-18)
(-0.18578 3.0971 -5.84349e-18)
(-0.144453 3.106 0)
(-0.0981285 3.10994 2.93378e-18)
(-0.0483992 3.11144 2.93821e-18)
(0.00296519 3.11153 -5.87006e-18)
(0.0542497 3.11071 5.88491e-18)
(0.103664 3.10847 -2.07445e-23)
(0.149497 3.10353 -2.94642e-18)
(0.190141 3.0933 8.84924e-18)
(0.224085 3.07386 -8.8927e-18)
(0.216523 3.07075 1.48232e-18)
(0.209138 3.06748 -1.10999e-18)
(0.20209 3.06465 2.2194e-18)
(0.195483 3.06127 -7.38059e-18)
(0.189476 3.0585 2.76992e-18)
(0.184145 3.05517 0)
(0.17949 3.05203 3.69545e-19)
(0.175568 3.04875 5.17439e-18)
(0.172371 3.04559 -7.3856e-19)
(0.169947 3.04227 1.84488e-18)
(0.168272 3.03856 1.44215e-23)
(0.167229 3.03455 7.4437e-19)
(0.166734 3.0302 -3.69449e-19)
(0.166686 3.025 2.58683e-18)
(0.166987 3.01929 -8.87305e-18)
(0.16756 3.01219 -1.05581e-22)
(0.168376 3.00405 5.93707e-18)
(0.169405 2.99437 -5.96051e-18)
(0.170766 2.9836 -4.7981e-17)
(0.172682 2.97166 4.83829e-17)
(0.175124 2.9582 0)
(0.178322 2.94283 -9.98786e-17)
(0.182356 2.92428 7.55702e-17)
(0.186994 2.90585 -7.67583e-17)
(0.192738 2.88506 0)
(0.200038 2.86437 0)
(0.20973 2.8438 0)
(0.222314 2.82275 -1.27134e-17)
(0.238166 2.80291 -2.61706e-21)
(0.257713 2.78632 2.0252e-16)
(-0.147811 3.54673 -4.55011e-16)
(0.257348 2.82544 2.14469e-16)
(0.215963 2.87442 -2.01966e-16)
(-0.200121 2.90996 2.56343e-17)
(-0.537956 3.50518 4.86346e-16)
(-0.742457 3.27522 4.15192e-16)
(-0.770989 3.06838 1.63643e-21)
(-0.78351 2.87857 -4.3266e-16)
(-0.808076 2.20297 -3.01364e-16)
(-0.638575 2.7809 -2.99793e-16)
(-0.677862 2.6094 1.08301e-16)
(-0.599093 2.60613 -2.51271e-17)
(-0.525954 2.61663 -4.96147e-17)
(-0.460012 2.63343 0)
(-0.402366 2.65428 4.89958e-17)
(-0.354123 2.67701 0)
(-0.314761 2.70067 0)
(-0.283345 2.72571 1.20125e-17)
(-0.258825 2.75095 2.99764e-18)
(-0.240094 2.77601 0)
(-0.226058 2.80067 5.99243e-18)
(-0.215715 2.82454 2.27504e-22)
(-0.208202 2.84701 2.7312e-22)
(-0.202812 2.86759 5.96878e-18)
(-0.198906 2.88652 6.71153e-18)
(-0.196017 2.90358 -6.69903e-18)
(-0.193789 2.91886 -1.22526e-17)
(-0.192039 2.93245 3.70554e-19)
(-0.190597 2.94406 -2.22124e-18)
(-0.189292 2.95421 7.39322e-19)
(-0.188124 2.96294 2.95614e-18)
(-0.187115 2.97053 -2.21674e-18)
(-0.186313 2.97724 2.95436e-18)
(-0.185801 2.9834 -4.7618e-23)
(-0.185692 2.98861 -7.37195e-18)
(-0.186043 2.99378 2.95213e-18)
(-0.186953 2.99873 2.94962e-18)
(-0.188607 3.00308 -4.41162e-18)
(-0.190975 3.00754 5.88014e-18)
(-0.194129 3.0121 5.8873e-18)
(-0.198148 3.01657 0)
(-0.203048 3.02126 1.76416e-17)
(-0.208786 3.02586 2.93829e-18)
(-0.215337 3.03033 2.93086e-18)
(-0.222611 3.03489 0)
(-0.230414 3.0392 0)
(-0.238788 3.04328 8.77356e-18)
(-0.247547 3.04719 -8.68874e-25)
(-0.256604 3.0505 -1.46046e-18)
(-0.228563 3.08277 1.46125e-18)
(-0.192477 3.10079 0)
(-0.149643 3.11014 0)
(-0.101675 3.11429 -1.46609e-18)
(-0.0502576 3.11573 4.39926e-18)
(0.00285519 3.1159 0)
(0.0558607 3.11495 -2.94613e-18)
(0.106983 3.11255 -2.94557e-18)
(0.154405 3.10724 5.89702e-18)
(0.196517 3.09659 -2.95276e-18)
(0.231748 3.07691 8.88743e-18)
(0.258785 3.04266 1.48551e-18)
(0.250065 3.03976 1.48638e-18)
(0.241466 3.03674 2.97252e-18)
(0.233132 3.03356 0)
(0.225208 3.03027 -1.11366e-18)
(0.217837 3.02671 -2.7837e-19)
(0.211121 3.02314 1.6698e-18)
(0.205149 3.0194 -3.70887e-19)
(0.199979 3.01563 -7.41458e-19)
(0.195612 3.01169 -5.92421e-18)
(0.192103 3.00788 1.48139e-18)
(0.189443 3.00393 -3.70473e-18)
(0.187555 2.99963 1.85112e-18)
(0.186359 2.99516 -7.40273e-19)
(0.185738 2.99047 0)
(0.185611 2.98499 0)
(0.18586 2.979 0)
(0.186431 2.97191 -2.9687e-18)
(0.18718 2.9636 0)
(0.188064 2.95382 -6.21268e-23)
(0.189189 2.94279 2.39563e-17)
(0.190838 2.93051 -1.20605e-17)
(0.193087 2.91679 2.43696e-17)
(0.195819 2.90085 7.41074e-17)
(0.199333 2.88149 -6.60023e-22)
(0.203796 2.86193 -2.50694e-17)
(0.209779 2.83936 -5.00255e-17)
(0.217587 2.8164 9.92825e-17)
(0.22812 2.79283 -4.98476e-17)
(0.242124 2.76815 -7.20166e-22)
(0.260275 2.74391 2.48108e-17)
(0.283006 2.72234 -6.20278e-21)
(0.280496 2.77506 -3.08631e-16)
(-0.285973 3.63949 -4.67958e-16)
(-0.00841933 3.67103 8.82773e-16)
(0.9482 1.37198 0)
(0.304842 2.77192 -2.10348e-16)
(-0.844128 2.58884 7.75545e-16)
(-0.880234 2.73795 -4.1352e-16)
(-0.886691 2.95089 -7.91199e-16)
(0.218711 2.88656 -6.75177e-17)
(-0.274861 2.96362 -6.42857e-17)
(-0.127932 2.93421 -2.56338e-17)
(0.274095 2.83663 -2.08237e-21)
(-0.688707 3.48866 -4.76554e-16)
(-0.864692 3.19756 3.9742e-16)
(-0.265822 3.05332 -1.46222e-18)
(-0.236726 3.08602 -1.46148e-18)
(-0.199321 3.10472 0)
(-0.154996 3.11443 -1.46601e-18)
(-0.105409 3.11901 1.46828e-18)
(-0.0522865 3.1208 -1.46718e-18)
(0.00260791 3.12097 1.46924e-18)
(0.0574081 3.11994 2.94447e-18)
(0.110222 3.1172 -2.94723e-18)
(0.159268 3.11145 5.89894e-18)
(0.202866 3.10038 -8.86885e-18)
(0.239412 3.08012 0)
(0.267532 3.04524 6.26311e-24)
(0.28632 2.98876 0)
(0.276719 2.98651 -8.92339e-18)
(0.267173 2.98399 2.97777e-18)
(0.257815 2.98079 0)
(0.248805 2.97753 0)
(0.240286 2.97373 7.44144e-19)
(0.232408 2.96962 -9.30182e-20)
(0.225234 2.96549 0)
(0.218869 2.96095 -3.71866e-19)
(0.213373 2.95648 3.71721e-19)
(0.208761 2.95179 1.48545e-18)
(0.205053 2.94708 7.41919e-19)
(0.202197 2.94246 1.48445e-18)
(0.200144 2.93759 4.81621e-23)
(0.198817 2.93255 -2.96847e-18)
(0.198098 2.92735 7.42416e-19)
(0.197901 2.92167 2.97061e-18)
(0.198106 2.91534 7.42767e-19)
(0.198568 2.90818 -1.48642e-18)
(0.19922 2.89976 2.97614e-18)
(0.200002 2.89002 -8.94296e-18)
(0.200888 2.87883 -1.19578e-17)
(0.202131 2.86623 6.00648e-18)
(0.204034 2.85218 -1.21038e-17)
(0.206478 2.83585 0)
(0.209552 2.81618 -3.68975e-17)
(0.21346 2.79536 7.45621e-17)
(0.219117 2.77073 0)
(0.226881 2.74599 0)
(0.237554 2.71928 0)
(0.251909 2.69106 1.83238e-17)
(0.270929 2.66223 -1.5946e-21)
(0.295574 2.63485 -2.89059e-22)
(0.310216 2.70595 -1.98619e-16)
(0.239824 3.14942 -4.67287e-16)
(-0.436663 3.70245 -5.05258e-21)
(0.357412 1.55011 3.8733e-16)
(-0.0407548 2.40852 0)
(-0.620703 2.44278 -2.36523e-17)
(-0.544072 2.47214 0)
(-0.474591 2.50577 0)
(-0.414884 2.54058 1.21241e-17)
(-0.365147 2.57497 -2.41633e-17)
(-0.324856 2.60818 0)
(-0.292892 2.64096 1.2027e-17)
(-0.268225 2.67232 0)
(-0.249505 2.70199 -2.99424e-18)
(-0.235617 2.73009 2.99264e-18)
(-0.225532 2.75635 -1.49566e-17)
(-0.218334 2.78053 7.78688e-23)
(-0.213267 2.80232 -5.96782e-18)
(-0.209676 2.82196 1.19331e-17)
(-0.207097 2.83943 8.93224e-18)
(-0.205178 2.85486 -8.92854e-18)
(-0.203717 2.86845 0)
(-0.202433 2.87997 -2.99587e-23)
(-0.201234 2.89002 -4.4509e-18)
(-0.200159 2.89874 0)
(-0.199244 2.9064 0)
(-0.198541 2.91326 1.48221e-18)
(-0.198118 2.91956 4.4437e-18)
(-0.1981 2.92523 -2.96071e-18)
(-0.198578 2.93097 2.95477e-18)
(-0.199652 2.93645 -5.90398e-18)
(-0.201458 2.94132 -1.47703e-18)
(-0.204049 2.94685 -1.18128e-17)
(-0.207538 2.95226 5.90081e-18)
(-0.211937 2.95775 0)
(-0.217245 2.96355 -1.17923e-17)
(-0.223457 2.96882 -5.88272e-18)
(-0.230568 2.97443 0)
(-0.23846 2.97985 5.88193e-18)
(-0.247005 2.98461 5.51881e-23)
(-0.25613 2.98906 8.79543e-18)
(-0.265635 2.99322 8.78218e-18)
(-0.27543 2.9964 0)
(-0.285402 2.99911 -2.92567e-18)
(0.147926 3.7838 -4.34929e-16)
(-0.152713 3.79875 -8.93979e-16)
(-0.0564972 5.39154 1.3439e-16)
(0.288223 2.85422 -1.86928e-16)
(-0.812803 3.47582 8.06242e-16)
(0.331163 2.77877 1.16991e-20)
(0.294852 2.90186 1.48752e-18)
(0.284738 2.89969 7.44112e-18)
(0.274698 2.89717 -5.95796e-18)
(0.264935 2.89387 0)
(0.255587 2.89007 0)
(0.246809 2.88576 0)
(0.238689 2.88082 0)
(0.23131 2.87587 1.48944e-18)
(0.224783 2.87053 -7.44308e-19)
(0.219139 2.865 3.72132e-19)
(0.21444 2.85945 -2.2322e-18)
(0.210662 2.85374 1.48711e-18)
(0.207726 2.84822 7.43262e-19)
(0.205581 2.8427 -1.11509e-18)
(0.20416 2.837 0)
(0.203389 2.83115 1.29703e-23)
(0.203115 2.82515 -7.4331e-19)
(0.203219 2.8185 7.43838e-19)
(0.203608 2.81114 1.48803e-18)
(0.204142 2.80275 -1.6747e-18)
(0.204748 2.79297 1.67591e-18)
(0.20541 2.78174 -4.47757e-18)
(0.206245 2.76895 -8.98255e-18)
(0.20759 2.75456 6.01638e-18)
(0.209571 2.73796 0)
(0.212193 2.7184 -5.62689e-22)
(0.215508 2.6962 -3.68193e-17)
(0.220474 2.67029 3.05846e-17)
(0.227455 2.64396 -6.12314e-18)
(0.237571 2.61442 0)
(0.251716 2.583 -6.04313e-18)
(0.270917 2.54956 8.34162e-17)
(0.296341 2.51574 -4.632e-17)
(0.326664 2.61102 1.87891e-16)
(0.295776 3.06757 9.56785e-16)
(-0.590494 3.72479 -3.46114e-21)
(-0.295396 3.00101 -7.32119e-19)
(-0.275049 3.05584 4.39357e-18)
(-0.244896 3.08938 7.31303e-19)
(-0.206199 3.10868 0)
(-0.16044 3.11909 -1.46669e-18)
(-0.109213 3.12432 1.46715e-18)
(-0.0543316 3.12646 -2.20478e-18)
(0.00229445 3.12669 -5.14648e-18)
(0.0588141 3.12542 5.88829e-18)
(0.113356 3.1223 0)
(0.164016 3.11597 -2.95103e-18)
(0.209112 3.10399 8.86386e-18)
(0.247023 3.08271 -5.91938e-18)
(0.276298 3.04718 -2.96371e-18)
(0.295904 2.99021 4.44689e-18)
(0.30493 2.90264 -5.94043e-18)
(0.365542 3.16253 9.05951e-16)
(-0.95752 3.05549 -3.68343e-16)
(-0.967027 2.77017 3.75531e-16)
(-0.940316 2.53285 7.52336e-16)
(-0.885788 2.35077 3.57076e-16)
(0.118272 3.02458 1.69702e-20)
(0.35223 2.94988 2.75224e-16)
(-0.337738 0.623144 0)
(0.328801 1.78494 0)
(-0.620987 2.24019 0)
(-0.537671 2.29497 5.99891e-18)
(-0.467329 2.34762 -1.20789e-17)
(-0.408395 2.39671 -7.5195e-22)
(-0.359786 2.44263 3.6221e-17)
(-0.320595 2.48514 -2.41109e-17)
(-0.289779 2.52517 1.15931e-22)
(-0.266228 2.56215 1.19917e-17)
(-0.248552 2.59608 -2.09592e-17)
(-0.23565 2.62727 2.99132e-18)
(-0.226474 2.6557 1.19601e-17)
(-0.220082 2.6813 -2.98857e-18)
(-0.215686 2.70404 2.98644e-18)
(-0.212673 2.72421 -8.95474e-18)
(-0.210588 2.74195 2.98017e-18)
(-0.209121 2.75749 8.93075e-18)
(-0.207944 2.7709 -5.95185e-18)
(-0.206881 2.7824 5.94989e-18)
(-0.2059 2.7924 2.2307e-18)
(-0.205004 2.80115 5.20397e-18)
(-0.204231 2.80892 -6.68978e-18)
(-0.203642 2.81598 4.45836e-18)
(-0.203326 2.82253 -8.17069e-18)
(-0.203391 2.82871 -5.93882e-18)
(-0.203946 2.8348 5.9348e-18)
(-0.205136 2.84106 2.96272e-18)
(-0.207062 2.84691 -2.96109e-18)
(-0.209782 2.8534 0)
(-0.213423 2.85987 -5.91533e-18)
(-0.21798 2.86665 2.95512e-18)
(-0.223501 2.87325 -5.89807e-18)
(-0.229974 2.87996 -8.84758e-18)
(-0.237334 2.88668 -5.89748e-18)
(-0.245533 2.89295 -1.17637e-17)
(-0.254451 2.89849 2.93541e-18)
(-0.263952 2.90365 -2.93647e-18)
(-0.273918 2.90812 -5.87171e-18)
(-0.284161 2.91143 0)
(-0.294553 2.91422 0)
(-0.304989 2.91585 0)
(-0.0551164 5.59095 0)
(0.341691 2.69816 1.37743e-20)
(0.307015 2.87669 1.01291e-15)
(0.319329 3.86833 4.31632e-16)
(-0.315819 3.89994 4.43836e-16)
(0.00256487 3.95023 8.73326e-16)
(0.207341 3.0402 -4.68584e-16)
(-0.29079 5.31634 -1.15122e-16)
(-0.754175 3.66663 0)
(0.175741 2.97705 -5.33092e-16)
(0.362808 2.79537 -2.17579e-16)
(0.32632 2.47866 -8.3146e-17)
(0.0515493 3.00117 -1.39938e-15)
(0.682953 3.32964 4.24852e-16)
(0.427435 1.43349 3.81045e-16)
(-0.321802 4.60822 -6.20053e-17)
(0.302809 2.77456 -2.97164e-18)
(0.29259 2.7741 -7.42988e-19)
(0.282345 2.77176 -2.23301e-18)
(0.272238 2.76892 2.12535e-22)
(0.262451 2.76518 0)
(0.253104 2.76057 0)
(0.244357 2.7554 0)
(0.236271 2.74961 -3.72647e-19)
(0.228977 2.74346 -4.65503e-19)
(0.222517 2.7371 4.65315e-19)
(0.21696 2.73032 -3.72304e-19)
(0.2123 2.72368 9.30432e-19)
(0.20853 2.71681 -1.11693e-18)
(0.205626 2.71022 0)
(0.2035 2.70372 0)
(0.202066 2.69726 0)
(0.201244 2.69065 0)
(0.200923 2.68401 0)
(0.200984 2.67699 0)
(0.201273 2.66935 -3.722e-19)
(0.201701 2.66082 1.48912e-18)
(0.202167 2.65106 0)
(0.202583 2.63981 -3.7284e-18)
(0.203043 2.62696 6.72247e-18)
(0.203799 2.61236 5.99148e-18)
(0.205142 2.59573 0)
(0.207147 2.57626 1.81769e-17)
(0.20981 2.55333 -1.82368e-17)
(0.21376 2.5268 -6.05096e-18)
(0.219651 2.49911 1.2144e-17)
(0.228243 2.46709 -1.81492e-17)
(0.240396 2.43277 9.00977e-18)
(0.25768 2.39465 -2.36757e-17)
(0.282215 2.35199 5.82707e-18)
(0.312442 2.31364 1.79648e-16)
(0.412624 3.05796 5.08598e-16)
(-0.973657 2.84614 6.83845e-16)
(-0.935673 3.28498 3.32585e-16)
(-0.315337 2.91633 0)
(-0.305332 3.0019 -4.40091e-24)
(-0.284175 3.05756 -1.46481e-18)
(-0.253009 3.09223 -7.32281e-19)
(-0.213074 3.11267 -1.83381e-19)
(-0.165837 3.12412 1.83381e-19)
(-0.113005 3.12996 0)
(-0.0564739 3.13244 0)
(0.00187588 3.13284 2.20716e-18)
(0.0601454 3.13144 -5.8873e-18)
(0.116363 3.12784 7.36897e-18)
(0.168633 3.12071 0)
(0.215225 3.10783 -5.90277e-18)
(0.254464 3.08564 5.91276e-18)
(0.284871 3.04898 1.47971e-18)
(0.30533 2.99093 1.48073e-18)
(0.314867 2.90295 0)
(0.312821 2.77465 0)
(-0.187068 3.01252 0)
(-1.00021 2.8155 3.54171e-16)
(-0.994705 2.50551 0)
(-0.953162 2.26072 -7.39838e-16)
(-0.88774 2.07715 3.72909e-16)
(-0.819902 1.9303 6.76221e-16)
(-0.17173 2.33078 -1.03952e-16)
(-0.532416 4.19965 4.13591e-16)
(-0.626437 1.93131 1.2592e-17)
(-0.561879 2.01511 -9.77534e-17)
(-0.496993 2.08851 4.25429e-17)
(-0.43608 2.15534 -4.8515e-17)
(-0.382727 2.21628 -2.1182e-17)
(-0.338255 2.27186 3.02129e-17)
(-0.302433 2.32243 6.02766e-18)
(-0.274464 2.36849 -3.00577e-17)
(-0.253234 2.41008 1.80014e-17)
(-0.237594 2.44752 0)
(-0.226432 2.48116 -1.49624e-17)
(-0.218702 2.51125 8.97071e-18)
(-0.213495 2.53791 1.49447e-17)
(-0.21006 2.56127 2.98769e-18)
(-0.20781 2.58171 -1.19456e-17)
(-0.206379 2.59954 -5.96845e-18)
(-0.205414 2.61502 0)
(-0.204612 2.62833 0)
(-0.203873 2.63979 -1.48989e-18)
(-0.20316 2.6498 -7.44826e-19)
(-0.202472 2.65865 7.44743e-18)
(-0.201845 2.66663 1.48905e-18)
(-0.201357 2.674 -5.2117e-18)
(-0.20112 2.68098 2.912e-24)
(-0.201238 2.68779 0)
(-0.201844 2.69457 0)
(-0.203045 2.70153 -5.94465e-18)
(-0.204965 2.70856 8.91077e-18)
(-0.207691 2.71603 -2.96737e-18)
(-0.21133 2.72383 2.50606e-22)
(-0.215896 2.73177 2.95733e-18)
(-0.221418 2.73979 2.95745e-18)
(-0.227891 2.74809 1.77348e-17)
(-0.235258 2.75591 0)
(-0.243449 2.7631 8.83763e-18)
(-0.252355 2.76998 -8.83412e-18)
(-0.261934 2.77611 5.88658e-18)
(-0.271973 2.78102 -5.87603e-18)
(-0.282304 2.78507 5.87515e-18)
(-0.292832 2.78792 0)
(-0.303333 2.78973 0)
(-0.313717 2.79009 -2.93386e-18)
(0.505362 3.14657 8.87075e-16)
(0.364203 2.59701 -1.91403e-16)
(-0.891266 3.62373 -3.50748e-16)
(0.687282 3.42744 8.59918e-16)
(0.604418 3.6619 2.95892e-21)
(0.493646 3.90877 8.6148e-16)
(0.37586 2.70352 2.10452e-16)
(-0.480504 3.94911 -9.36227e-16)
(0.176023 4.07625 0)
(-0.165726 4.09501 0)
(-0.303809 3.68636 -6.80424e-17)
(0.95859 2.65177 -4.24769e-16)
(-0.212089 3.58219 2.89929e-17)
(0.179802 2.93776 -8.44689e-16)
(0.305938 2.04453 -9.63412e-17)
(0.436773 2.96844 -5.64799e-16)
(0.202345 5.35874 0)
(0.133325 5.57786 -5.97538e-17)
(0.273084 2.09673 0)
(0.251631 2.14738 3.00247e-18)
(0.233779 2.19171 5.99028e-18)
(0.220128 2.23188 2.25037e-18)
(0.210283 2.26756 3.76326e-19)
(0.203571 2.30023 0)
(0.199161 2.32911 7.53989e-18)
(0.196358 2.35554 -7.5497e-18)
(0.194527 2.37853 3.00184e-18)
(0.193343 2.39775 -5.98588e-18)
(0.192723 2.41426 1.49345e-18)
(0.192493 2.42887 0)
(0.192334 2.4417 2.98171e-18)
(0.192111 2.4529 -1.49079e-18)
(0.191819 2.46278 1.48958e-18)
(0.191513 2.47156 -2.60739e-18)
(0.191299 2.47962 3.0263e-18)
(0.191298 2.48729 -7.91651e-23)
(0.191645 2.49475 -1.58324e-18)
(0.19244 2.50222 7.45007e-19)
(0.193791 2.50977 -8.38212e-19)
(0.195811 2.51745 0)
(0.198561 2.52534 3.72633e-19)
(0.202115 2.53344 -1.86352e-19)
(0.206539 2.54155 -7.45504e-19)
(0.211816 2.54962 6.46478e-19)
(0.217969 2.55747 9.31939e-20)
(0.224932 2.56505 -3.72684e-19)
(0.232673 2.57188 0)
(0.24109 2.57841 0)
(0.2501 2.5838 -1.49073e-18)
(0.259541 2.58855 8.1941e-18)
(0.269335 2.59197 -1.49011e-18)
(0.279292 2.59464 0)
(0.289267 2.59573 5.95118e-18)
(0.299036 2.59557 -1.11239e-22)
(-0.0538045 5.73309 3.19975e-16)
(-0.323801 2.78868 2.93449e-18)
(-0.325423 2.91523 0)
(-0.315064 3.00189 -7.3357e-19)
(-0.293177 3.05884 7.32788e-19)
(-0.261057 3.09471 1.83348e-18)
(-0.219923 3.11641 -1.467e-18)
(-0.171231 3.12894 3.67184e-19)
(-0.116875 3.13568 7.34985e-19)
(-0.0587371 3.13888 5.14981e-18)
(0.00136452 3.13948 -7.35548e-18)
(0.0613666 3.13785 -5.89087e-18)
(0.119289 3.13358 5.89539e-18)
(0.173162 3.12555 -7.37262e-19)
(0.221219 3.11153 1.47559e-18)
(0.261708 3.08807 -5.90847e-18)
(0.293212 3.05011 -1.47736e-18)
(0.314514 2.99099 5.91804e-18)
(0.324454 2.90213 0)
(0.322474 2.77339 2.96438e-18)
(0.308421 2.59454 -1.48332e-18)
(0.537395 3.01825 4.65079e-16)
(0.374203 2.457 -1.67347e-16)
(0.741766 3.21013 -4.27245e-16)
(-0.595943 4.90904 0)
(-0.358231 5.08697 0)
(-0.0495813 5.12553 -1.10523e-16)
(0.278328 5.07601 -2.76897e-17)
(0.573594 4.93531 -3.45086e-17)
(0.433398 5.20124 -8.48477e-17)
(0.301503 5.40925 1.18231e-16)
(0.184788 5.56629 6.42829e-17)
(0.297477 1.46127 0)
(-0.12308 5.65298 -6.32712e-17)
(0.970364 2.30392 4.05725e-21)
(0.686281 1.57001 3.79974e-16)
(0.868 2.18513 -3.62884e-16)
(0.828284 3.34259 -4.30326e-16)
(0.757499 3.60776 0)
(0.656822 3.89024 0)
(0.41266 2.71762 4.39621e-16)
(0.642365 3.09786 8.66894e-16)
(-0.541871 4.51771 -8.48618e-17)
(-0.984825 2.46758 3.54435e-16)
(-0.959693 2.15934 -3.66921e-16)
(-0.910329 1.9219 0)
(-0.845596 1.7405 -7.79167e-16)
(-0.777137 1.59531 3.91836e-16)
(-0.712003 1.70365 -5.28115e-16)
(-0.496394 0.932276 -3.22942e-16)
(-0.57919 1.5594 1.02277e-16)
(-0.539255 1.66571 -1.13871e-16)
(-0.489355 1.76033 5.00018e-17)
(-0.436695 1.84576 -4.92767e-17)
(-0.385882 1.92252 0)
(-0.340612 1.99196 -3.0388e-18)
(-0.302524 2.05459 -4.54543e-18)
(-0.271845 2.11081 1.811e-17)
(-0.248093 2.16115 6.01748e-18)
(-0.230344 2.20593 -3.00285e-17)
(-0.217567 2.24572 1.19911e-17)
(-0.208703 2.28088 1.49667e-17)
(-0.202808 2.31191 -1.19637e-17)
(-0.199051 2.3391 7.47358e-18)
(-0.196756 2.36269 -7.47204e-18)
(-0.19542 2.38319 -2.9878e-18)
(-0.194723 2.40096 8.95854e-18)
(-0.194271 2.41629 1.49245e-18)
(-0.193887 2.4295 5.96759e-18)
(-0.193493 2.44096 -5.96636e-18)
(-0.193047 2.45107 0)
(-0.192565 2.46014 -1.49142e-18)
(-0.192087 2.46842 -7.45649e-19)
(-0.191696 2.47626 -7.45522e-18)
(-0.191505 2.48382 6.70845e-18)
(-0.191619 2.4914 -7.45154e-19)
(-0.192167 2.49907 5.95933e-18)
(-0.193277 2.50703 -1.11683e-17)
(-0.195072 2.51527 5.95254e-18)
(-0.197647 2.52406 2.97401e-18)
(-0.201098 2.53308 1.48542e-18)
(-0.205487 2.54238 -2.96653e-18)
(-0.210807 2.55214 8.88253e-18)
(-0.217042 2.56172 -8.86551e-18)
(-0.224127 2.57094 -2.95151e-18)
(-0.232002 2.57957 -8.85366e-18)
(-0.240615 2.58817 1.18049e-17)
(-0.249863 2.5951 -8.84334e-18)
(-0.259545 2.60112 5.89336e-18)
(-0.269595 2.60623 -1.17812e-17)
(-0.279861 2.60946 0)
(-0.29011 2.61198 5.88038e-18)
(-0.30023 2.61249 -2.93963e-18)
(-0.309987 2.61139 -2.93895e-18)
(1.00581 2.98818 -9.67048e-16)
(1.02572 2.67567 4.48952e-16)
(1.01909 2.39956 -4.49113e-16)
(0.18019 3.45142 2.02274e-16)
(0.949657 2.02999 -4.67226e-16)
(0.406764 2.60446 0)
(-0.075456 4.57678 -1.07805e-16)
(0.912004 1.82594 -4.95155e-16)
(-0.111003 5.25146 2.97292e-16)
(0.0092891 4.26699 1.26323e-15)
(-0.346489 4.19082 -8.53627e-16)
(0.356365 4.16011 -4.28226e-16)
(1.00999 2.97403 0)
(0.88348 3.48279 -4.41351e-16)
(0.940034 3.19398 4.36083e-16)
(0.0733439 5.73951 -1.87449e-16)
(0.968007 3.27815 -4.56478e-16)
(-0.117164 3.62999 4.54722e-17)
(0.225484 5.20371 -1.0876e-16)
(-0.520786 4.49349 -4.00965e-16)
(0.822082 1.55229 2.09443e-16)
(0.849753 1.82931 4.0258e-16)
(0.409816 5.06161 1.08359e-16)
(0.5965 4.88738 -1.07008e-16)
(0.79464 4.67001 0)
(0.23708 1.82671 -6.07218e-18)
(0.216594 1.88178 -3.77811e-18)
(0.202124 1.93016 1.20222e-17)
(0.191886 1.97192 -5.25303e-18)
(0.184866 2.00822 -6.75781e-18)
(0.180263 2.04038 7.51435e-19)
(0.177452 2.06964 -6.0061e-18)
(0.175908 2.09524 1.49788e-18)
(0.175056 2.1174 2.99148e-18)
(0.174731 2.13652 0)
(0.174766 2.15298 -1.49428e-18)
(0.174924 2.16736 0)
(0.174982 2.18007 -1.4923e-18)
(0.174895 2.19127 7.45892e-19)
(0.174702 2.20129 0)
(0.174493 2.21048 0)
(0.174345 2.21908 -1.53742e-18)
(0.174369 2.22751 2.98124e-18)
(0.174681 2.2359 9.30848e-20)
(0.175384 2.24437 -1.4909e-18)
(0.176582 2.25315 1.39764e-19)
(0.17838 2.26214 1.67765e-18)
(0.180857 2.27145 -2.88958e-18)
(0.184072 2.28103 3.07598e-18)
(0.188055 2.29069 -1.49167e-18)
(0.192842 2.30032 5.82693e-21)
(0.198429 2.30971 -1.49142e-18)
(0.20479 2.31871 1.67775e-18)
(0.211884 2.32704 -3.72805e-19)
(0.219658 2.33485 3.72535e-19)
(0.227982 2.3415 -7.45109e-19)
(0.236768 2.34743 -2.98106e-18)
(0.245899 2.35178 -5.9575e-18)
(0.255194 2.35509 2.97627e-18)
(0.264506 2.35691 4.461e-18)
(0.273621 2.35712 -2.97209e-18)
(0.282356 2.35606 0)
(-0.663203 1.20094 0)
(-0.733 1.33901 3.98404e-16)
(-0.796573 1.50166 -7.76718e-16)
(-0.850689 1.71312 1.95659e-20)
(-0.888181 1.9831 3.6758e-16)
(-0.904562 2.31731 -3.59638e-16)
(-0.194465 1.37579 1.95959e-16)
(0.539859 2.9107 4.84409e-16)
(0.368506 2.28618 7.0631e-16)
(0.867705 3.10051 0)
(1.01949 2.69968 4.39453e-16)
(0.101455 5.67966 1.36415e-16)
(-0.0324248 5.84396 -2.43511e-16)
(0.946172 3.32342 5.02535e-16)
(0.796767 3.79329 6.78106e-21)
(0.0487689 2.92789 -1.67265e-16)
(0.0555469 3.55079 4.91487e-17)
(-0.123552 1.17484 2.7304e-16)
(-0.351585 3.13661 0)
(0.659674 2.94152 -8.55399e-16)
(-0.896309 4.47142 -1.94348e-16)
(-0.283865 5.19246 -3.29832e-16)
(-0.460985 5.04864 2.15805e-16)
(-0.893364 2.6997 3.56413e-16)
(-0.319172 2.60885 -5.87774e-18)
(-0.333386 2.78652 2.93749e-18)
(-0.335092 2.91373 1.46781e-18)
(-0.324441 3.0013 -1.4674e-18)
(-0.301978 3.05943 -7.33582e-19)
(-0.269006 3.09674 4.0379e-18)
(-0.226738 3.11986 -2.9364e-18)
(-0.176694 3.13374 3.10066e-24)
(-0.120786 3.14165 -7.35357e-19)
(-0.0610211 3.14551 7.35855e-19)
(0.000790831 3.1463 7.35898e-19)
(0.0625365 3.14443 5.89164e-18)
(0.122201 3.13953 -1.47356e-18)
(0.177657 3.1305 -5.15786e-18)
(0.227092 3.11511 5.9013e-18)
(0.268802 3.09019 -5.90681e-18)
(0.301275 3.05092 8.86078e-18)
(0.323257 2.99051 -1.1821e-17)
(0.333561 2.90043 7.39175e-19)
(0.331562 2.77078 -2.96309e-18)
(0.317198 2.59133 8.89402e-18)
(0.290469 2.35293 -8.89312e-18)
(-0.670455 4.68041 3.39359e-16)
(-0.371133 4.77386 -3.28733e-16)
(-0.00916962 4.78046 1.64633e-16)
(0.368795 4.73093 -8.12478e-17)
(0.71649 4.61933 6.78468e-18)
(0.992231 4.41439 2.12397e-16)
(0.238789 4.59881 -9.29372e-17)
(0.424006 2.47384 3.77221e-16)
(0.767438 3.01348 -4.17471e-16)
(0.9816 2.16258 7.73042e-21)
(0.851124 1.59866 0)
(0.297802 1.13111 -1.86342e-16)
(0.0718421 5.30018 4.40329e-16)
(-0.0542297 5.68854 1.17186e-16)
(-0.17081 4.41613 -1.24843e-15)
(-0.111759 3.59367 0)
(0.914916 3.12635 -4.18861e-16)
(0.528662 4.18327 0)
(0.0292451 5.21285 9.93884e-17)
(0.453521 2.61758 -4.22043e-16)
(-0.544435 1.23205 0)
(-1.00906 4.14704 1.78793e-16)
(0.194323 4.40098 -1.26302e-15)
(-0.458805 0.967255 -1.99656e-16)
(-0.472093 1.1221 1.2496e-16)
(-0.462436 1.25449 -1.11679e-16)
(-0.437206 1.3698 1.04488e-16)
(-0.401368 1.47123 0)
(-0.361085 1.56268 -6.20984e-18)
(-0.321528 1.64534 0)
(-0.28581 1.71968 -1.52462e-18)
(-0.25565 1.78601 -1.51794e-18)
(-0.231482 1.84508 0)
(-0.212958 1.89734 3.01222e-18)
(-0.199405 1.94349 9.016e-18)
(-0.189944 1.98407 -1.19987e-17)
(-0.183705 2.01968 -4.49177e-18)
(-0.17983 2.0508 4.48807e-18)
(-0.177614 2.07786 -7.47518e-18)
(-0.176476 2.10124 -7.10951e-23)
(-0.176058 2.12148 7.4717e-18)
(-0.176012 2.139 5.97483e-18)
(-0.176064 2.15408 -7.466e-18)
(-0.176084 2.16717 0)
(-0.175997 2.17862 -5.96977e-18)
(-0.175776 2.18886 6.71505e-18)
(-0.175453 2.19818 7.45834e-19)
(-0.175077 2.20688 0)
(-0.174724 2.21529 1.11863e-18)
(-0.17452 2.22359 0)
(-0.174576 2.23205 7.45716e-19)
(-0.175022 2.24069 0)
(-0.175975 2.24976 -7.45004e-19)
(-0.177553 2.2593 0)
(-0.179853 2.26945 0)
(-0.182955 2.27993 -5.55761e-23)
(-0.186905 2.29079 -7.4338e-18)
(-0.191742 2.30191 2.97002e-18)
(-0.197438 2.31291 2.96612e-18)
(-0.203964 2.32359 2.96246e-18)
(-0.211266 2.33392 2.95735e-18)
(-0.219255 2.34362 2.94929e-18)
(-0.227787 2.35205 5.89457e-18)
(-0.236816 2.35932 -2.94625e-18)
(-0.246189 2.3656 -4.11147e-23)
(-0.25576 2.37003 -1.17965e-17)
(-0.26536 2.37341 2.01225e-22)
(-0.274819 2.37446 0)
(-0.283873 2.37373 0)
(-0.292403 2.37128 0)
(-1.45068 1.81564 8.25449e-16)
(0.532163 3.00915 -2.55625e-16)
(-0.667629 1.67027 2.84787e-17)
(0.963861 2.93347 2.12401e-20)
(0.0299446 5.85315 1.19228e-21)
(0.896367 3.60669 4.58684e-16)
(-0.51626 3.69714 9.38727e-17)
(0.410476 0.723306 -1.87484e-16)
(-0.122933 3.07731 3.94641e-16)
(-0.144619 4.60757 8.39264e-17)
(0.653948 2.80336 -3.89266e-16)
(-0.692635 2.41296 -4.16099e-16)
(-0.428883 0.688366 1.58547e-20)
(-0.495971 0.791606 -4.37265e-16)
(-0.554645 0.900672 -4.08338e-16)
(-0.60967 1.03283 7.89198e-16)
(-0.660028 1.20218 -3.85695e-16)
(-0.701463 1.42052 0)
(-0.729509 1.6954 -7.81953e-21)
(-0.735746 2.01667 -7.43989e-16)
(-0.831278 3.07026 3.65438e-16)
(-0.708113 2.34938 -3.84045e-16)
(0.329752 0.973229 -4.05645e-21)
(0.725489 1.29114 2.15724e-16)
(0.291549 1.24816 -4.66944e-16)
(-0.571815 1.20676 5.39497e-16)
(0.229517 1.41276 1.92296e-16)
(0.200046 1.45804 -6.22374e-18)
(0.185809 1.51907 9.09936e-18)
(0.173698 1.56897 7.53737e-19)
(0.164352 1.61539 -1.20192e-17)
(0.157818 1.65638 1.04992e-17)
(0.153606 1.69169 1.87265e-19)
(0.15113 1.72265 5.24621e-18)
(0.1499 1.75083 -5.99294e-18)
(0.149484 1.77498 1.49607e-18)
(0.149567 1.79611 0)
(0.149937 1.81468 0)
(0.150408 1.83083 2.98411e-18)
(0.150792 1.84487 2.9843e-18)
(0.150989 1.85724 1.49196e-18)
(0.151003 1.86831 -2.23762e-18)
(0.150881 1.87836 -1.86445e-19)
(0.150701 1.88783 1.49143e-18)
(0.150551 1.89693 -1.49167e-18)
(0.150534 1.90597 -9.32239e-20)
(0.150738 1.91517 0)
(0.151276 1.92458 0)
(0.152254 1.9344 -9.32325e-20)
(0.153749 1.94462 -1.86486e-19)
(0.155832 1.95522 -9.32565e-20)
(0.158555 1.96608 1.39885e-18)
(0.161953 1.97711 -1.53886e-18)
(0.166059 1.9881 -1.39886e-18)
(0.170858 1.99886 6.58418e-23)
(0.176382 2.00921 1.67867e-18)
(0.182586 2.01892 -1.11895e-18)
(0.189403 2.02775 2.6105e-18)
(0.196753 2.03566 2.4703e-23)
(0.204535 2.04245 1.48984e-18)
(0.212593 2.04763 0)
(0.220858 2.05171 -2.97891e-18)
(0.229134 2.05397 -2.97697e-18)
(0.237242 2.05468 0)
(0.244992 2.05337 0)
(0.252184 2.05045 2.96827e-18)
(0.438339 4.46668 2.02857e-16)
(0.659868 4.35972 1.03662e-16)
(0.900866 4.22462 -2.0844e-16)
(1.14861 4.06362 -4.68854e-16)
(0.0337076 3.64541 7.35311e-17)
(-0.747643 2.1639 -2.54826e-17)
(0.567407 0.927827 4.09281e-16)
(0.62586 1.10365 0)
(0.655448 1.2918 3.84483e-16)
(0.592597 2.61946 -4.57512e-16)
(0.683804 1.88827 3.84687e-16)
(0.647855 2.23522 4.06527e-16)
(0.0705722 2.90876 -4.58531e-16)
(-0.366528 0.617696 -5.92189e-16)
(0.398603 1.84295 0)
(0.428315 2.30515 0)
(0.876194 2.88381 -4.17043e-16)
(0.996179 2.45639 8.63981e-16)
(0.747233 1.3712 0)
(0.552802 1.08976 6.85398e-16)
(0.0328906 5.72276 -1.23495e-16)
(-0.0126908 5.90492 8.73406e-17)
(-0.85095 3.67553 -3.37967e-16)
(-0.349195 4.49684 1.63607e-15)
(0.12476 2.91925 5.08915e-16)
(0.172068 4.39601 -2.80814e-16)
(0.438901 2.90416 0)
(0.31484 4.28522 0)
(0.439266 4.0951 -3.56176e-16)
(0.872418 3.64223 -4.71668e-16)
(0.681902 4.12163 4.31756e-16)
(0.153758 5.13961 2.68042e-21)
(0.503816 2.6405 1.67808e-20)
(0.602399 2.73172 2.14699e-16)
(0.481987 1.30823 -4.50028e-16)
(0.606714 1.0027 -3.76237e-16)
(-0.422883 3.68445 3.02366e-16)
(-0.309167 3.69666 -1.33485e-16)
(-0.190074 4.53075 1.98365e-16)
(-0.677668 1.41641 -4.50474e-16)
(-0.580478 1.05952 5.3269e-16)
(-1.20533 4.04955 -5.6099e-17)
(-1.00356 4.25161 5.53807e-17)
(-0.707794 4.35763 0)
(-0.349908 4.39363 1.35607e-16)
(0.0482184 4.3832 -2.70522e-17)
(0.454706 4.34392 0)
(0.836656 4.26819 -3.32609e-18)
(1.15803 4.12649 0)
(1.37052 3.874 5.19281e-17)
(0.764967 2.83879 -3.99153e-16)
(0.480478 2.48927 -3.30583e-20)
(0.372935 4.47589 8.35092e-16)
(0.0175313 4.61006 -9.22336e-21)
(-0.0576759 5.2781 5.53237e-17)
(0.193044 2.14738 9.72476e-16)
(0.280755 0.660225 0)
(-0.336428 0.70312 3.72384e-17)
(-0.344834 0.826761 7.76754e-17)
(-0.341678 0.940649 -1.39395e-17)
(-0.327327 1.05136 0)
(-0.304064 1.15274 -2.55217e-17)
(-0.276655 1.24514 2.49428e-17)
(-0.248619 1.32865 1.84631e-17)
(-0.223043 1.40357 -1.06754e-17)
(-0.201455 1.47016 6.06671e-18)
(-0.184352 1.52892 -6.0417e-18)
(-0.171579 1.58062 6.02549e-18)
(-0.162557 1.62601 -3.00548e-18)
(-0.156612 1.66588 0)
(-0.153017 1.7007 2.99492e-18)
(-0.151116 1.73097 2.99191e-18)
(-0.150339 1.75717 -1.49507e-18)
(-0.150265 1.77982 -3.73659e-18)
(-0.150628 1.79943 -1.49431e-18)
(-0.151104 1.81635 5.9762e-18)
(-0.151542 1.83097 -5.97528e-18)
(-0.151837 1.84374 0)
(-0.151939 1.85506 0)
(-0.151848 1.86527 -1.11973e-18)
(-0.151596 1.87471 -3.73221e-19)
(-0.151245 1.8837 -5.97038e-18)
(-0.150879 1.89258 5.59704e-18)
(-0.150606 1.90154 6.15543e-18)
(-0.150544 1.91077 -5.96885e-18)
(-0.150811 1.92033 -5.87587e-18)
(-0.151535 1.9304 5.94544e-18)
(-0.152819 1.94113 0)
(-0.154743 1.95242 0)
(-0.15737 1.96421 -7.45203e-19)
(-0.160727 1.97638 3.72307e-18)
(-0.164849 1.98869 -2.97283e-22)
(-0.169746 2.00092 -4.4604e-18)
(-0.175408 2.01284 2.97055e-18)
(-0.181788 2.02421 -2.96695e-18)
(-0.188803 2.03456 2.96427e-18)
(-0.196359 2.04431 -2.95957e-18)
(-0.204363 2.05272 8.87854e-18)
(-0.212716 2.06014 5.91662e-18)
(-0.221263 2.06563 -5.90522e-18)
(-0.229826 2.06946 2.94695e-18)
(-0.23824 2.07112 -5.89131e-18)
(-0.246314 2.07073 8.30003e-23)
(-0.253872 2.06833 -9.40013e-23)
(-0.26073 2.06384 5.88352e-18)
(-0.300179 2.3667 1.10231e-18)
(-0.327641 2.60416 3.30506e-18)
(-0.342333 2.78209 0)
(-0.344205 2.91016 2.93691e-18)
(-0.333417 2.9991 -2.93645e-18)
(-0.310537 3.05888 0)
(-0.276789 3.09797 2.29513e-20)
(-0.233474 3.12294 1.83716e-19)
(-0.182169 3.13841 5.51521e-18)
(-0.124767 3.14743 -5.88373e-18)
(-0.0633378 3.15198 -5.51909e-18)
(0.000211352 3.15309 1.10412e-17)
(0.0637404 3.15102 -1.17814e-17)
(0.125106 3.14546 5.89252e-18)
(0.182092 3.13532 0)
(0.23283 3.1186 -1.32654e-17)
(0.275656 3.09218 1.17991e-17)
(0.308954 3.0513 4.42748e-18)
(0.331444 2.98942 6.64375e-18)
(0.341936 2.89804 -8.12546e-18)
(0.339832 2.7676 0)
(0.325094 2.58758 -1.47957e-18)
(0.297757 2.34873 6.66168e-18)
(0.258666 2.04608 -7.41734e-18)
(0.92257 1.93827 -4.29287e-16)
(0.031005 5.68238 2.64525e-17)
(-0.653661 2.69558 8.27646e-16)
(-0.743201 3.42364 3.95199e-16)
(0.822593 3.52371 -4.15795e-16)
(-0.211732 0.340351 0)
(-1.28807 3.67888 0)
(-0.588333 2.77849 -2.1782e-16)
(-0.0105073 2.96819 1.56981e-15)
(0.451937 2.74043 -2.40189e-16)
(-0.241434 0.345746 -4.18594e-16)
(-0.298791 0.422985 1.07645e-20)
(-0.338895 0.489418 9.87189e-21)
(-0.376252 0.5749 3.99619e-16)
(-0.413675 0.690135 -3.92245e-16)
(-0.449714 0.844629 0)
(-0.481304 1.04685 7.68335e-16)
(-0.501389 1.29448 3.85178e-16)
(-0.503198 1.57917 0)
(-0.486821 1.90447 -4.17146e-16)
(-0.423365 2.69169 5.97999e-16)
(-0.588042 3.05876 -9.28967e-16)
(-0.458353 2.27537 9.39586e-16)
(0.42356 2.09556 0)
(0.956653 2.70036 7.94113e-21)
(0.63412 1.17619 6.70481e-16)
(0.00101072 5.91624 1.48605e-17)
(-0.759033 4.14183 1.76431e-16)
(0.132378 2.90355 6.09681e-16)
(0.301757 3.21065 -5.17526e-16)
(-0.518987 3.42495 -2.78151e-16)
(0.576541 3.73773 1.11297e-20)
(0.802561 3.95091 4.44833e-16)
(0.28275 5.0199 1.90986e-16)
(0.557216 2.68044 -2.42661e-16)
(-0.302106 4.51115 -3.5311e-16)
(0.562976 1.38344 3.99366e-16)
(0.458924 1.52038 0)
(0.459508 1.20816 -3.85617e-16)
(0.443413 0.959844 1.08894e-20)
(0.41438 0.760332 -3.88006e-16)
(0.389478 0.623217 0)
(0.343992 0.512297 0)
(0.337391 0.494164 1.1026e-15)
(0.266614 0.390851 -7.95931e-16)
(-1.024 3.60407 -9.48738e-17)
(-0.694937 1.86017 -9.03877e-17)
(0.205929 3.63391 -9.71028e-17)
(0.395343 3.60091 -4.94293e-17)
(0.610845 3.57808 -2.01938e-16)
(0.861019 3.54954 4.09833e-16)
(1.13999 3.51101 2.0695e-16)
(1.4204 3.45354 0)
(0.740505 2.69092 7.32612e-16)
(0.540677 2.51382 -8.59665e-16)
(-0.240655 0.333059 0)
(0.199335 4.74801 1.62021e-15)
(-1.51306 3.27146 5.82693e-17)
(-1.46202 3.62494 -6.16886e-17)
(-1.30292 3.8279 0)
(-1.02938 3.92456 0)
(-0.685802 3.96001 -1.06379e-16)
(-0.302883 3.95766 -2.65836e-17)
(0.0992407 3.94178 7.95577e-17)
(0.504184 3.91497 -1.31741e-17)
(0.894948 3.87248 -1.01374e-16)
(1.24118 3.78751 1.16571e-16)
(1.50419 3.62902 -2.04987e-16)
(1.6278 3.34808 2.56978e-16)
(0.269837 1.70964 -6.27287e-16)
(-0.159025 5.22932 0)
(0.519536 1.61766 0)
(-0.827899 3.75747 1.09226e-15)
(0.117864 2.95843 2.48067e-16)
(0.550748 1.23723 -1.16284e-16)
(-0.256312 3.24088 0)
(-0.213036 0.377298 -1.26747e-16)
(-0.221206 0.445644 1.25337e-16)
(-0.226524 0.53677 -5.85588e-17)
(-0.226191 0.632527 0)
(-0.219379 0.731107 0)
(-0.206844 0.825519 6.32434e-18)
(-0.190633 0.9125 3.18701e-23)
(-0.173628 0.991517 -6.15099e-18)
(-0.158011 1.06262 3.80786e-19)
(-0.144853 1.12572 -3.78612e-19)
(-0.134616 1.18121 -3.01636e-18)
(-0.127258 1.22982 7.35226e-24)
(-0.122433 1.2724 0)
(-0.119664 1.30972 1.49995e-18)
(-0.118444 1.34246 8.98527e-18)
(-0.118245 1.37089 -8.97599e-18)
(-0.118645 1.39546 -4.48534e-18)
(-0.119391 1.41671 -7.47263e-19)
(-0.120253 1.43507 5.2303e-18)
(-0.12105 1.4509 -5.97654e-18)
(-0.121699 1.4646 5.6024e-18)
(-0.122133 1.47659 -5.97491e-18)
(-0.122313 1.48726 5.97433e-18)
(-0.122258 1.49697 7.46702e-19)
(-0.122005 1.50607 3.73284e-19)
(-0.121625 1.51485 -1.86613e-19)
(-0.121206 1.52364 -5.97086e-18)
(-0.120841 1.53267 5.97115e-18)
(-0.120635 1.54208 -5.97003e-18)
(-0.120703 1.55204 5.69033e-18)
(-0.121152 1.56253 6.99546e-20)
(-0.122062 1.5737 -5.96872e-18)
(-0.123496 1.58549 -3.72567e-19)
(-0.125505 1.5978 1.08133e-17)
(-0.128135 1.61044 -1.11816e-17)
(-0.131406 1.62322 5.2156e-18)
(-0.135341 1.63589 -1.48927e-18)
(-0.13992 1.64819 2.97639e-18)
(-0.145113 1.65983 -2.97421e-18)
(-0.150866 1.67047 4.45743e-18)
(-0.157123 1.6801 2.96855e-18)
(-0.163788 1.68887 -2.96358e-18)
(-0.170771 1.69609 -8.87674e-18)
(-0.177908 1.70151 5.91636e-18)
(-0.185102 1.70486 -2.95556e-18)
(-0.192163 1.70622 8.85224e-18)
(-0.198948 1.70537 -2.94819e-18)
(-0.205262 1.70231 -9.25807e-23)
(-0.211018 1.6972 -1.47265e-18)
(-0.216161 1.68974 -4.59998e-19)
(-0.266758 2.05704 -2.8496e-18)
(-0.306978 2.36004 5.43461e-24)
(-0.335146 2.59787 0)
(-0.350366 2.7766 2.93864e-18)
(-0.352529 2.90587 2.57152e-18)
(-0.341759 2.9964 -1.21218e-17)
(-0.318586 3.05806 5.8777e-18)
(-0.284238 3.09905 5.84504e-18)
(-0.240011 3.12575 -1.19459e-17)
(-0.187522 3.14268 1.17663e-17)
(-0.128698 3.15292 -3.67739e-19)
(-0.0656051 3.15819 -1.21412e-17)
(-0.000327071 3.15959 6.99231e-18)
(0.0649836 3.15734 -5.88977e-18)
(0.12798 3.15112 6.07497e-18)
(0.186387 3.13985 0)
(0.238331 3.12173 0)
(0.282144 3.0936 -1.47446e-18)
(0.316151 3.05107 -7.37829e-18)
(0.338899 2.98761 5.16548e-18)
(0.349374 2.8948 1.47684e-18)
(0.347116 2.76322 -5.91152e-18)
(0.331931 2.58248 1.18285e-17)
(0.304037 2.34339 -6.65581e-18)
(0.264305 2.04043 1.4811e-18)
(0.214365 1.67461 0)
(0.20954 1.68154 4.45019e-18)
(0.204059 1.68682 1.48534e-18)
(0.198 1.69022 0)
(0.191501 1.69201 0)
(0.184704 1.6919 -1.48832e-18)
(0.177789 1.68987 0)
(0.17089 1.68596 0)
(0.164161 1.68042 0)
(0.157718 1.67362 1.49149e-18)
(0.151658 1.66546 -1.49188e-18)
(0.14606 1.6562 1.4922e-18)
(0.140994 1.64597 -1.44564e-18)
(0.136508 1.63501 -1.49239e-18)
(0.132633 1.62364 2.98458e-18)
(0.129358 1.61205 -1.42226e-18)
(0.126679 1.6004 -4.66296e-20)
(0.124566 1.58894 1.51547e-18)
(0.122984 1.57779 -1.58525e-18)
(0.121886 1.56709 4.66295e-20)
(0.121215 1.55686 -1.49203e-18)
(0.120901 1.5471 -1.86594e-19)
(0.12085 1.53771 4.65261e-20)
(0.120965 1.52856 1.49187e-18)
(0.121162 1.51945 2.98385e-18)
(0.121362 1.5102 -2.79725e-18)
(0.121478 1.50052 -1.86495e-19)
(0.121433 1.49005 -2.79796e-18)
(0.121173 1.47839 2.98515e-18)
(0.120671 1.4652 -2.98608e-18)
(0.119949 1.44998 1.49324e-18)
(0.119143 1.43273 2.80273e-18)
(0.118403 1.41325 0)
(0.117934 1.39085 7.47811e-18)
(0.117889 1.36471 -5.98578e-18)
(0.11861 1.33562 1.98759e-19)
(0.120481 1.30239 1.49709e-18)
(0.123965 1.26385 5.99822e-18)
(0.129606 1.22029 -3.00671e-18)
(0.138167 1.17136 -1.20467e-17)
(0.150849 1.11219 3.01348e-17)
(0.170929 1.07811 -1.75268e-16)
(0.179495 0.995382 0)
(0.201447 0.902963 9.75877e-17)
(0.221831 0.819397 -9.23408e-17)
(0.420064 1.90716 4.13499e-16)
(0.402058 0.979954 0)
(-0.596776 1.41391 -1.11486e-16)
(0.218181 0.416615 3.95398e-16)
(0.22702 0.382553 0)
(0.521933 2.83725 -2.49524e-16)
(0.104779 0.126735 1.38752e-15)
(-0.151636 4.76962 4.02085e-16)
(-0.284312 2.03126 1.14468e-20)
(0.494314 2.32554 3.88012e-16)
(0.466412 1.85637 3.62714e-16)
(0.948745 2.24222 -4.19995e-16)
(0.856856 2.69394 0)
(0.647235 1.4553 -3.81108e-16)
(0.840213 1.73092 4.01858e-16)
(0.0064911 5.9151 8.10106e-17)
(-0.046738 5.7228 8.30722e-17)
(-0.739342 4.02226 0)
(-0.426467 4.39767 2.42841e-16)
(-0.648835 3.78857 -4.33473e-16)
(0.706341 3.94385 4.71407e-22)
(0.410544 4.73923 -7.41789e-16)
(0.535207 4.46251 4.17722e-16)
(0.774244 4.01628 -4.24128e-16)
(0.108005 5.63241 0)
(0.239205 5.41063 1.02454e-16)
(0.251688 1.17476 3.48541e-16)
(0.602794 2.55207 9.41802e-16)
(0.175289 5.53995 -6.39029e-18)
(0.674833 4.32353 8.94045e-21)
(0.574847 4.36425 3.91864e-16)
(-0.545341 4.13622 2.34646e-16)
(-0.478377 4.76688 6.67816e-16)
(-0.648405 4.46938 -4.15288e-16)
(-0.0171604 5.92841 1.36615e-17)
(0.739455 1.5627 -3.81482e-16)
(0.923596 2.49644 -4.12388e-16)
(0.491292 2.11807 -3.76217e-16)
(-0.296157 1.50992 -8.6199e-16)
(-0.28611 1.13297 1.20556e-15)
(-0.267104 0.852282 -3.91831e-16)
(-0.240626 0.637371 -3.90032e-16)
(-0.211726 0.471485 -7.80987e-16)
(-0.184556 0.347178 3.92679e-16)
(-0.162835 0.259831 7.88937e-16)
(-0.1451 0.201002 5.20831e-21)
(-0.131044 0.163943 4.06585e-16)
(-0.115427 0.139213 4.19724e-16)
(-0.100333 0.122435 -3.14633e-21)
(-0.303913 4.84829 -8.42437e-16)
(0.484686 1.05439 0)
(0.425555 2.84793 0)
(0.129567 0.156276 -3.70429e-16)
(0.139573 0.165507 -3.75965e-16)
(0.132597 0.187123 1.00329e-20)
(0.147884 0.229505 1.15993e-20)
(0.164089 0.305068 1.57441e-20)
(0.188388 0.424386 -3.88189e-16)
(0.214901 0.590153 -7.76333e-16)
(0.238352 0.826534 -3.81376e-16)
(0.360385 0.715397 -3.89199e-16)
(0.698958 2.51636 -3.66516e-16)
(0.0754693 2.39193 2.27265e-17)
(-0.0734044 2.49804 4.59425e-17)
(-0.224161 2.57003 -4.70947e-17)
(-0.392782 2.67783 -4.32047e-22)
(-0.037249 3.02717 -4.10032e-16)
(0.100061 0.461079 0)
(0.816331 2.53281 5.79575e-21)
(0.361933 5.17034 -7.64995e-16)
(0.6061 1.69324 0)
(-0.259566 5.15377 1.07405e-16)
(0.236366 0.661668 5.50908e-16)
(0.111982 2.46086 0)
(0.271053 2.49361 4.22731e-22)
(0.442534 2.55469 2.02146e-16)
(0.663391 2.63845 -3.09323e-16)
(0.938161 2.73116 0)
(1.25102 2.81688 0)
(1.55391 2.84841 0)
(0.758342 2.37902 0)
(-0.703505 2.19468 -3.177e-16)
(0.11361 0.204477 0)
(0.12546 0.286558 0)
(0.152581 0.363132 -9.63769e-17)
(0.130545 0.41154 8.09276e-17)
(0.121003 0.504399 2.59249e-17)
(0.111712 0.590084 0)
(0.109032 0.669724 -1.17814e-17)
(0.0968334 0.733084 0)
(0.0929117 0.777957 -2.37129e-17)
(0.0881931 0.825082 -2.50984e-22)
(0.0847015 0.868254 4.49351e-18)
(0.0826691 0.906568 5.99026e-18)
(0.081818 0.940751 -1.19733e-17)
(0.0818129 0.970511 5.97137e-18)
(0.0823945 0.996546 0)
(0.0832866 1.01962 -1.49431e-18)
(0.0843301 1.03966 2.24084e-18)
(0.0854065 1.05693 1.86733e-19)
(0.0864093 1.07216 -5.22726e-18)
(0.0871897 1.08547 0)
(0.0876896 1.09695 -3.35771e-18)
(0.0879278 1.10704 -9.3121e-20)
(0.0879549 1.11611 1.86688e-19)
(0.0878333 1.12455 4.47676e-18)
(0.0876035 1.13264 -1.51551e-18)
(0.0873257 1.14069 0)
(0.0870776 1.14892 4.66266e-20)
(0.0869371 1.15741 1.86504e-19)
(0.0869843 1.16636 -1.51536e-18)
(0.0873055 1.17585 1.4922e-18)
(0.0879544 1.18581 1.58542e-18)
(0.0889765 1.19622 -1.46895e-18)
(0.0904072 1.20694 4.66328e-20)
(0.0922847 1.21784 -1.1659e-20)
(0.0946309 1.22868 1.39904e-18)
(0.0974672 1.23927 -2.98477e-18)
(0.100776 1.24937 1.49238e-18)
(0.104538 1.25865 -1.49225e-18)
(0.108722 1.26689 3.17078e-18)
(0.113296 1.27385 -3.17023e-18)
(0.118173 1.2793 1.49147e-18)
(0.123298 1.28334 0)
(0.128555 1.28546 -1.4893e-18)
(0.133842 1.28576 1.48881e-18)
(0.139044 1.28393 0)
(0.144064 1.28014 0)
(0.14874 1.27436 -2.96998e-18)
(0.153018 1.26654 -2.96792e-18)
(0.156881 1.25688 3.70572e-19)
(0.64831 4.41935 0)
(0.363444 4.80032 -7.88884e-16)
(-0.220698 1.68013 1.47212e-18)
(-0.271866 2.04824 -2.94244e-18)
(-0.312677 2.35177 7.35156e-19)
(-0.341463 2.59034 0)
(-0.35726 2.77019 3.67505e-19)
(-0.359808 2.9009 6.24777e-18)
(-0.349146 2.99318 -5.51252e-18)
(-0.325804 3.05671 -4.59439e-20)
(-0.291013 3.09964 1.14876e-20)
(-0.246039 3.12809 -5.88299e-18)
(-0.192457 3.14657 1.15843e-17)
(-0.132319 3.1579 -5.7015e-18)
(-0.0676649 3.16386 0)
(-0.000737945 3.16553 5.70391e-18)
(0.066187 3.16314 -5.84306e-18)
(0.130663 3.15633 1.04386e-24)
(0.19037 3.14404 -7.36379e-19)
(0.243385 3.12457 1.8414e-19)
(0.288018 3.09486 7.36821e-18)
(0.32252 3.05062 -1.18021e-17)
(0.345361 2.98531 5.90326e-18)
(0.355728 2.89107 -5.90447e-18)
(0.353166 2.75826 -7.37852e-19)
(0.337508 2.57656 5.9096e-18)
(0.309184 2.3366 0)
(0.269015 2.03297 -2.95946e-18)
(0.218539 1.66586 2.96062e-18)
(0.160416 1.2456 -1.85052e-18)
(0.13396 0.768714 -1.79866e-16)
(-1.60595 3.13728 -1.98795e-16)
(-1.48068 3.37467 5.78031e-17)
(-1.25164 3.4873 -1.83145e-21)
(-0.947375 3.52672 2.59213e-17)
(-0.602339 3.52812 2.6038e-17)
(-0.241643 3.51457 0)
(0.119879 3.49655 -1.1729e-16)
(0.485378 3.48323 1.2996e-17)
(0.851424 3.47064 1.03003e-16)
(1.18936 3.4376 -1.28158e-17)
(1.47472 3.35873 1.01938e-16)
(1.67023 3.18037 -1.2594e-16)
(1.69345 2.86653 1.99878e-16)
(-0.821136 2.84646 1.93982e-16)
(-1.08221 2.79411 -5.97066e-16)
(-1.34901 2.73289 -7.58165e-21)
(-1.58076 2.71936 -7.10033e-21)
(-0.092436 0.141249 0)
(-0.10609 0.168184 0)
(-0.11639 0.221774 0)
(-0.122355 0.288581 -2.08761e-21)
(-0.124674 0.362704 1.05848e-16)
(-0.12335 0.442044 -5.13542e-17)
(-0.118412 0.521687 3.76483e-17)
(-0.111083 0.596681 0)
(-0.1034 0.666105 -6.11554e-18)
(-0.0961206 0.72857 6.06938e-18)
(-0.0901395 0.784084 0)
(-0.0857897 0.832956 3.7632e-19)
(-0.0830248 0.875814 3.00658e-18)
(-0.0816664 0.913473 -1.50162e-18)
(-0.0814474 0.946588 2.99949e-18)
(-0.0820139 0.975709 -8.98749e-18)
(-0.0830321 1.0011 1.49602e-18)
(-0.0842122 1.02304 -6.72802e-18)
(-0.0854307 1.04199 5.57092e-23)
(-0.0865235 1.05826 6.72469e-18)
(-0.0874362 1.07221 5.97678e-18)
(-0.0881189 1.08418 -5.22868e-18)
(-0.088552 1.09458 1.86741e-19)
(-0.0887148 1.10374 0)
(-0.0886261 1.11205 5.60065e-18)
(-0.0883453 1.11988 -5.97322e-18)
(-0.0879312 1.12749 1.86638e-19)
(-0.0874477 1.13519 5.97196e-18)
(-0.086982 1.14324 -6.15877e-18)
(-0.0866367 1.15177 0)
(-0.0864949 1.16092 2.0992e-19)
(-0.0866303 1.1707 -3.0318e-18)
(-0.0871147 1.1811 2.98533e-18)
(-0.088001 1.19212 3.7311e-19)
(-0.0893305 1.20362 1.86527e-19)
(-0.0911483 1.21543 2.98352e-18)
(-0.0934857 1.22731 -5.2197e-18)
(-0.0963438 1.23901 3.35435e-18)
(-0.0997061 1.25025 -3.72527e-18)
(-0.103555 1.2607 5.21277e-18)
(-0.107843 1.2701 -5.20952e-18)
(-0.112553 1.27829 0)
(-0.117616 1.28523 2.97097e-18)
(-0.122943 1.29054 0)
(-0.12841 1.29424 -2.9626e-18)
(-0.133916 1.29553 2.95906e-18)
(-0.139319 1.2946 -2.95679e-18)
(-0.144529 1.2915 5.90784e-18)
(-0.149428 1.2862 0)
(-0.153942 1.27881 -1.47461e-18)
(-0.158051 1.26912 1.51316e-23)
(-0.161846 1.25738 0)
(-0.373712 5.00632 0)
(-0.625381 4.39761 4.06517e-16)
(0.0280025 5.87543 -1.00256e-16)
(-0.115906 5.68065 0)
(0.700773 1.77509 0)
(0.88032 2.05177 8.18847e-16)
(0.566456 2.35546 8.43601e-21)
(0.549382 1.88279 -3.34687e-20)
(-0.324037 5.1229 7.4579e-16)
(0.0316755 4.98231 -1.21917e-15)
(0.00131599 -0.0101783 0)
(-0.128724 5.14505 0)
(-0.138651 3.19323 1.29076e-20)
(0.00389587 -0.00317406 -7.75278e-16)
(-0.00485276 -0.00961743 1.40847e-21)
(-0.0114308 -0.0145492 -3.76168e-16)
(-0.0233943 -0.014795 3.81321e-16)
(-0.0253566 -0.00663507 -3.87648e-16)
(-0.0220083 0.012594 0)
(-0.00596149 0.0570313 1.18546e-15)
(0.0194077 0.133729 -3.95739e-16)
(0.0561823 0.259808 3.92505e-16)
(-0.232732 1.53113 2.11709e-16)
(-0.089061 2.90171 -4.44493e-16)
(0.134383 1.11174 5.03274e-16)
(0.0614713 1.28367 1.47818e-16)
(-0.029923 1.31093 -1.62427e-16)
(-0.124088 1.39466 5.27805e-17)
(0.00245974 -0.0167749 4.64463e-16)
(-0.154257 0.806271 -7.22336e-16)
(-0.111729 0.481106 -3.71362e-16)
(-0.0674256 0.280226 3.90937e-16)
(-0.0284959 0.155736 0)
(-0.00351024 0.0746185 0)
(0.0121711 0.0238494 -3.94397e-16)
(0.0194282 -0.000957441 0)
(0.0194392 -0.0123076 1.32447e-20)
(0.0154641 -0.0157391 -4.0084e-16)
(0.00874441 -0.0153337 -8.33185e-16)
(0.568995 2.14361 3.81628e-16)
(0.870139 2.31946 -4.06812e-16)
(0.794291 1.89203 -4.08617e-16)
(-0.0357853 5.89115 2.51661e-17)
(-0.517912 4.84938 -5.88798e-16)
(-0.502571 4.74422 -8.33377e-16)
(0.505847 4.81897 -3.82913e-16)
(0.521276 4.70994 0)
(0.0227843 0.00866965 0)
(0.0199358 0.0262139 2.34854e-16)
(0.0240818 0.055416 -1.0869e-16)
(0.0415376 0.102191 -9.89996e-17)
(0.044962 0.150066 9.73911e-17)
(0.0480467 0.195581 0)
(0.049643 0.255431 0)
(0.0475328 0.315902 0)
(0.0481186 0.372737 1.19018e-17)
(0.0444832 0.420764 0)
(0.0440505 0.459732 5.94056e-18)
(0.0437966 0.496229 0)
(0.0437759 0.530198 1.49472e-18)
(0.0441663 0.561106 0)
(0.044965 0.589061 0)
(0.0460077 0.613833 0)
(0.047177 0.635638 0)
(0.0483599 0.65491 -2.98742e-18)
(0.0495188 0.671791 7.46782e-19)
(0.0505736 0.686362 2.98654e-18)
(0.0514741 0.698939 -2.23959e-18)
(0.0521266 0.70969 2.98558e-18)
(0.052536 0.718863 3.2649e-18)
(0.052718 0.726768 -1.58574e-18)
(0.0527174 0.733767 -1.49245e-18)
(0.0525793 0.740179 1.469e-18)
(0.0523427 0.746294 -1.46909e-18)
(0.0520407 0.752352 0)
(0.0517236 0.758605 0)
(0.0514632 0.76517 -1.48042e-18)
(0.0513277 0.772176 1.51567e-18)
(0.0513569 0.779657 0)
(0.0515929 0.787598 0)
(0.0520707 0.795904 1.44559e-18)
(0.052815 0.80447 -1.49242e-18)
(0.0538644 0.813156 -2.33183e-20)
(0.0552352 0.821728 7.28708e-22)
(0.0569371 0.829944 1.4924e-18)
(0.0589559 0.83758 -1.52741e-18)
(0.0612943 0.844331 0)
(0.0639368 0.84994 -1.58552e-18)
(0.066855 0.854144 1.86553e-19)
(0.0699979 0.856727 1.49177e-18)
(0.0733241 0.857578 -1.49115e-18)
(0.0767506 0.856439 2.98082e-18)
(0.0802218 0.853365 -2.23357e-18)
(0.0836322 0.848145 -1.48757e-18)
(0.0869256 0.840588 1.48651e-18)
(0.0900149 0.830873 0)
(0.0928742 0.819126 1.48377e-18)
(0.0955027 0.805426 -7.41111e-19)
(0.0979988 0.790331 1.29565e-18)
(-0.0538002 1.23429 -1.91493e-16)
(0.0301401 1.28702 -1.23521e-17)
(0.127165 1.33087 -1.25803e-21)
(0.222893 1.42237 5.10993e-17)
(0.374213 1.58283 0)
(0.586583 1.76641 0)
(0.876042 1.95511 0)
(1.2384 2.0703 0)
(1.48696 2.30322 -1.98241e-16)
(0.634384 1.96801 -8.42061e-16)
(-0.182491 5.59207 -4.99144e-17)
(0.17878 5.12223 7.23057e-16)
(-0.261349 5.44066 0)
(0.0555133 5.7873 0)
(0.720885 2.04372 3.75333e-20)
(0.632336 2.41169 2.54996e-20)
(-0.418003 1.74316 3.89848e-16)
(-0.663844 1.84512 1.48495e-20)
(-0.959011 1.92933 0)
(-1.32721 2.05232 -3.58617e-16)
(-0.149719 3.34112 -9.17659e-16)
(-0.304885 2.79993 -2.7505e-16)
(-1.59032 2.98754 8.52651e-17)
(-1.42857 3.34586 0)
(-1.21377 3.49965 -3.07573e-17)
(-0.958386 3.55532 -1.87877e-17)
(-0.682215 3.57053 -2.53633e-17)
(-0.413125 3.5667 -2.55581e-17)
(-0.153606 3.55586 -1.0275e-16)
(0.102143 3.53505 1.2857e-17)
(0.36148 3.51693 2.05792e-16)
(0.630814 3.49911 4.01817e-19)
(0.911284 3.47895 -1.01592e-16)
(1.19445 3.43227 8.78088e-17)
(1.45483 3.32731 7.5641e-21)
(1.64573 3.07931 -4.7921e-17)
(1.70099 2.55817 -3.60616e-16)
(0.916404 0.903237 0)
(-0.165497 1.24344 7.36978e-19)
(-0.224744 1.66826 0)
(-0.276157 2.03755 5.15176e-18)
(-0.317272 2.34206 -2.20665e-18)
(-0.346514 2.58185 -5.51617e-18)
(-0.362832 2.76314 5.51464e-18)
(-0.365771 2.89546 0)
(-0.355247 2.9896 0)
(-0.331781 3.05507 4.59595e-20)
(-0.296636 3.09991 0)
(-0.251021 3.13018 4.59686e-20)
(-0.196512 3.15015 1.83904e-19)
(-0.135273 3.16254 6.06987e-18)
(-0.0693419 3.16912 8.3538e-23)
(-0.00105529 3.17099 -6.07171e-18)
(0.0671426 3.16854 -4.60046e-20)
(0.132871 3.16123 -1.84031e-19)
(0.193729 3.14803 5.52195e-19)
(0.247665 3.1273 -1.84108e-19)
(0.29292 3.09613 0)
(0.327655 3.05019 0)
(0.350449 2.98304 3.68686e-19)
(0.36073 2.88696 0)
(0.357782 2.75259 7.38431e-19)
(0.341658 2.56957 7.3854e-19)
(0.313124 2.32853 1.84757e-19)
(0.272796 2.02371 -3.69669e-19)
(0.22218 1.65515 -2.9578e-18)
(0.163832 1.23239 2.95882e-18)
(0.100591 0.773688 1.84932e-19)
(-0.00549444 0.00881589 0)
(-0.0218456 0.0320276 2.19077e-16)
(-0.0333313 0.0640285 -3.18628e-16)
(-0.041013 0.104462 -1.99523e-21)
(-0.0458094 0.151943 0)
(-0.0477115 0.206045 2.48492e-17)
(-0.0477769 0.263373 -1.23348e-17)
(-0.0469021 0.319929 0)
(-0.0453076 0.372437 0)
(-0.043884 0.420404 0)
(-0.0429551 0.463458 -7.53136e-19)
(-0.0426495 0.50188 -1.66015e-23)
(-0.0429248 0.536046 -1.5018e-18)
(-0.0437503 0.566592 6.0022e-18)
(-0.0449873 0.593813 -4.49612e-18)
(-0.0464346 0.617996 -1.4976e-18)
(-0.0479071 0.639152 5.98518e-18)
(-0.0492887 0.657559 -2.99091e-18)
(-0.0505318 0.673468 -2.98947e-18)
(-0.0515502 0.687009 2.98873e-18)
(-0.0523522 0.698481 1.86785e-19)
(-0.0529285 0.708159 -3.73459e-19)
(-0.0532664 0.716342 -1.86746e-19)
(-0.0533707 0.72338 -2.98704e-18)
(-0.0532637 0.729608 2.98735e-18)
(-0.0529869 0.735386 0)
(-0.0525882 0.741021 -2.98655e-18)
(-0.0521149 0.746765 2.93974e-18)
(-0.0516336 0.752842 0)
(-0.0512209 0.759406 4.66548e-20)
(-0.0509324 0.766546 -6.99802e-20)
(-0.0508142 0.774297 0)
(-0.0509164 0.782653 0)
(-0.0512844 0.791501 0)
(-0.0519427 0.800753 3.17155e-18)
(-0.052928 0.810207 -6.06235e-18)
(-0.0542669 0.819644 3.17066e-18)
(-0.0559744 0.828774 -3.72907e-19)
(-0.0580325 0.837333 7.45616e-19)
(-0.060431 0.844997 7.45321e-19)
(-0.0631534 0.851502 1.48917e-23)
(-0.0661715 0.856592 0)
(-0.0694334 0.860156 -1.48762e-18)
(-0.0728851 0.861917 -2.9718e-18)
(-0.07644 0.861766 1.48402e-18)
(-0.0800218 0.859331 -5.92853e-18)
(-0.0835616 0.854585 5.922e-18)
(-0.0870114 0.847554 -2.95774e-18)
(-0.090278 0.838292 -2.95464e-18)
(-0.0933158 0.826941 2.95171e-18)
(-0.0961084 0.813425 -2.58134e-18)
(-0.0987598 0.798196 1.47483e-18)
(-0.101508 0.781218 7.37579e-19)
(0.348389 5.09462 0)
(-0.384007 5.19183 3.72423e-16)
(-0.0614627 5.80254 4.55106e-17)
(0.800679 2.16206 8.72291e-16)
(0.664201 2.20893 -3.92638e-16)
(0.0352243 0.302254 -9.21918e-20)
(0.0342105 0.316193 2.76833e-19)
(0.325183 0.45112 -3.56392e-16)
(0.499076 0.821336 -6.64978e-16)
(0.0364669 0.287501 0)
(0.225181 1.63679 -2.96714e-18)
(0.10337 0.748715 0)
(0.166989 1.21088 2.96848e-18)
(0.315838 2.31507 -1.84854e-19)
(0.275597 2.00792 6.30387e-18)
(0.360834 2.74381 5.92408e-18)
(0.344459 2.55831 -1.25962e-17)
(0.353717 2.97899 -1.22062e-17)
(0.363897 2.88049 5.92196e-18)
(0.2964 3.09696 5.9136e-18)
(0.331149 3.0486 5.91523e-18)
(0.196057 3.15277 6.09521e-18)
(0.250744 3.13024 -5.91151e-18)
(0.0675824 3.17546 0)
(0.13428 3.16732 -5.90904e-18)
(-0.0703318 3.17585 0)
(-0.00133224 3.17822 0)
(-0.199206 3.1542 -5.90593e-18)
(-0.13715 3.16819 0)
(-0.300547 3.09956 -5.90544e-18)
(-0.254418 3.13221 1.17651e-17)
(-0.359593 2.98386 0)
(-0.336014 3.05215 0)
(-0.366915 2.75195 0)
(-0.370079 2.88698 0)
(-0.320742 2.32572 -4.49842e-22)
(-0.350244 2.56788 5.53851e-18)
(-0.228148 1.64757 0)
(-0.279528 2.01905 -6.65258e-18)
(-0.0354457 0.304314 1.46989e-18)
(-0.0368067 0.289766 -1.47031e-18)
(-0.10437 0.755392 0)
(-0.168847 1.22026 -7.40299e-19)
(-0.0331335 0.330775 -2.94176e-18)
(-0.0343473 0.318039 2.94018e-18)
(-0.0302831 0.352028 0)
(-0.0317683 0.342131 0)
(-0.0270899 0.367075 0)
(-0.0287074 0.360351 0)
(-0.0238388 0.375701 2.96149e-18)
(-0.0254536 0.37216 1.47896e-18)
(-0.0208304 0.37859 5.9341e-18)
(-0.0222822 0.377821 -4.44693e-18)
(-0.0183526 0.376702 2.96996e-18)
(-0.0195096 0.378183 -5.1954e-18)
(-0.016545 0.371207 2.97178e-18)
(-0.0173614 0.374323 0)
(-0.0154549 0.363502 9.29002e-20)
(-0.0159028 0.367544 -3.15809e-18)
(-0.0151386 0.354933 2.97324e-18)
(-0.0152085 0.35925 -2.97334e-18)
(-0.0154037 0.346427 0)
(-0.0152115 0.350634 0)
(-0.0160351 0.338472 -4.64679e-20)
(-0.0156856 0.342366 4.64679e-20)
(-0.0168167 0.331049 4.64733e-20)
(-0.0164247 0.334713 0)
(-0.0174723 0.3234 2.9746e-18)
(-0.0171747 0.327295 -2.97472e-18)
(-0.0177686 0.314364 0)
(-0.0176754 0.319155 0)
(-0.0175402 0.302162 -2.97577e-18)
(-0.0177268 0.308771 2.97575e-18)
(-0.0167331 0.285083 0)
(-0.0172062 0.29431 -1.86024e-19)
(-0.0153626 0.262103 -2.23427e-18)
(-0.0161219 0.274376 0)
(-0.0134614 0.232975 -2.9824e-18)
(-0.0144776 0.248317 2.9804e-18)
(-0.0111484 0.197865 -2.98665e-18)
(-0.0123379 0.216102 5.96814e-18)
(-0.00841205 0.158001 7.47748e-19)
(-0.00985388 0.178473 -3.73531e-19)
(-0.00553051 0.113623 0)
(-0.00696152 0.136445 0)
(-0.00248394 0.0647773 0)
(-0.00409119 0.0897189 0)
(0.000170345 0.0151878 -1.54601e-16)
(-0.000887332 0.0395329 4.78669e-17)
(0.00383345 -0.0202508 -9.60765e-17)
(0.00129993 -0.00486119 1.89869e-16)
(0.0144216 -0.0412988 0)
(0.00835958 -0.0324421 -1.96027e-16)
(0.0274393 -0.0480657 -1.27636e-20)
(0.0210843 -0.0459391 0)
(0.0425702 -0.053159 1.1817e-15)
(0.0351693 -0.0498837 -4.11457e-16)
(0.0582683 -0.0594937 -9.39682e-21)
(0.0508791 -0.0561777 0)
(0.0671683 -0.0644547 0)
(0.0638652 -0.0625991 -3.87214e-16)
(0.0529328 -0.040565 -8.19689e-16)
(0.0652531 -0.0587563 0)
(-0.00903969 0.0587829 -3.87627e-16)
(0.0273222 -0.00420419 2.6446e-21)
(-0.0331168 0.334331 4.19934e-17)
(-0.0574259 0.196913 7.03034e-16)
(-0.00294889 0.378929 8.53431e-23)
(-0.0244358 0.337933 -4.91672e-17)
(0.0121803 0.415915 5.18789e-17)
(0.0168939 0.364912 2.22382e-22)
(0.173277 0.699531 -2.30443e-16)
(0.0628584 0.556324 9.68315e-22)
(0.617339 0.917058 -4.54054e-16)
(0.348695 0.859865 -3.96548e-16)
(0.758926 0.582477 0)
(0.715417 2.60369 -4.70392e-17)
(0.908957 2.39242 0)
(0.459634 2.88152 1.24532e-17)
(0.604574 2.77901 -2.44714e-17)
(0.240348 2.98129 1.01427e-16)
(0.345723 2.93904 -1.00915e-16)
(0.0415321 3.03225 -5.06712e-17)
(0.136634 3.0104 0)
(-0.146228 3.04685 -5.00882e-17)
(-0.0514979 3.04448 1.009e-16)
(-0.350522 3.00819 0)
(-0.245523 3.03578 0)
(-0.602725 2.83212 0)
(-0.468234 2.95181 0)
(-1.30847 1.6679 -6.40707e-17)
(-0.736383 2.59006 0)
(1.53633 1.70022 8.3342e-16)
(-1.53641 2.39196 2.96278e-16)
(-0.528366 0.6137 -2.39549e-16)
(-0.337006 0.798636 0)
(-0.712477 0.833067 -2.42551e-16)
(-0.742652 0.53798 -2.42806e-16)
(-0.33626 0.82397 2.23401e-16)
(-0.570083 0.953246 4.39881e-16)
(-0.0929057 0.658089 3.68375e-16)
(-0.173622 0.691581 -2.16665e-16)
(-0.0159135 0.390272 -5.28726e-17)
(-0.00885561 0.496424 -3.43622e-16)
(0.0513727 0.369782 9.83007e-17)
(0.00543582 0.389797 4.96595e-17)
(0.0448358 0.161388 4.13623e-16)
(0.0672438 0.29116 -2.0284e-21)
(-0.0289278 -0.00924589 4.1159e-22)
(0.00635451 0.0547128 -4.26126e-16)
(-0.0642665 -0.0591664 1.22537e-15)
(-0.0524616 -0.0433936 -4.19126e-16)
(-0.0639727 -0.062847 3.88594e-16)
(-0.0669786 -0.0639382 7.99563e-21)
(-0.0503123 -0.0574904 0)
(-0.0591124 -0.0605165 0)
(-0.0313861 -0.0525564 -4.14106e-16)
(-0.0428387 -0.0535425 3.7728e-16)
(-0.0227326 -0.0436907 0)
(-0.0290853 -0.0488751 0)
(-0.00743658 -0.0322517 0)
(-0.0136369 -0.0376305 0)
(0.000960677 -0.00435628 4.64156e-17)
(-0.0015259 -0.0201971 -9.46381e-17)
(0.00236659 0.03875 2.39003e-17)
(0.00158201 0.0141706 -7.05125e-17)
(0.00511704 0.0911518 -5.91828e-18)
(0.00334905 0.0651553 -1.78712e-17)
(0.00742582 0.136463 -5.91824e-18)
(0.00609897 0.11515 0)
(0.00990582 0.176933 0)
(0.00869077 0.156981 0)
(0.0120094 0.214317 5.95792e-18)
(0.010998 0.19612 0)
(0.0138703 0.246579 5.95341e-18)
(0.012974 0.231197 -8.93208e-18)
(0.0154393 0.273198 0)
(0.0146915 0.260593 -2.97569e-18)
(0.0166188 0.293966 5.9481e-18)
(0.0160861 0.284321 -2.97444e-18)
(0.0172584 0.309247 -1.39359e-18)
(0.0170093 0.30223 -2.9734e-18)
(0.017364 0.32041 0)
(0.0173696 0.315232 1.48647e-18)
(0.0170701 0.329132 1.48644e-18)
(0.0172594 0.324983 -1.46311e-18)
(0.0165459 0.336869 -1.48638e-18)
(0.0168231 0.333049 1.48621e-18)
(0.0160294 0.344651 0)
(0.0162719 0.340719 -1.16115e-20)
(0.0157315 0.352794 0)
(0.0158414 0.348683 0)
(0.0158532 0.361075 0)
(0.0157282 0.356957 0)
(0.0165896 0.368844 -1.48708e-18)
(0.0161323 0.365081 1.16123e-20)
(0.0180302 0.375044 1.47483e-18)
(0.0172307 0.372216 7.78206e-23)
(0.0200971 0.378415 -9.28931e-20)
(0.0189842 0.377171 0)
(0.0227421 0.37761 2.97166e-18)
(0.0213525 0.37861 -1.4861e-18)
(0.0257745 0.371503 -1.48461e-18)
(0.0242301 0.375274 -1.48539e-18)
(0.0288872 0.359408 7.40993e-19)
(0.0273407 0.366213 2.22536e-18)
(0.0317837 0.340795 -3.69785e-19)
(0.0303861 0.350906 1.11039e-18)
(0.0330674 0.329184 -9.23614e-19)
(0.48321 0.539876 7.40604e-16)
(0.326346 0.775937 -1.2692e-16)
(0.089115 5.64414 8.53633e-17)
(0.491042 2.77767 -2.52642e-16)
(0.0366436 0.265782 0)
(0.013693 5.36768 1.93643e-20)
(-0.0370469 0.268245 7.38625e-19)
(-0.195591 5.53486 -5.19837e-16)
(0.225154 0.310738 0)
(0.0730031 0.11228 -4.77912e-16)
(-0.0762357 0.118855 0)
(-0.0219251 0.0245565 0)
(0.0204513 0.0232731 -1.10588e-17)
(0.00265191 0.00367634 -4.11382e-18)
(-0.00280173 0.00391304 4.11214e-18)
(0.386125 2.81796 1.61817e-17)
(0.425782 3.1632 2.0853e-16)
(-0.090745 5.65629 0)
(-0.182755 5.43632 -6.68329e-16)
(0.189309 5.42205 3.35598e-16)
(-0.150886 2.88582 -1.51237e-16)
(-0.0339899 2.92939 -2.4715e-16)
(-0.0957326 2.90355 2.16782e-16)
(-0.0270174 3.4415 9.05241e-16)
(0.168163 3.24119 -4.54401e-16)
(0.0792822 3.33941 8.99056e-16)
(0.113833 3.53571 -2.81721e-21)
(0.300944 3.27981 -8.929e-16)
(0.217453 3.40509 -4.43394e-16)
(0.270817 3.61381 -8.8185e-16)
(0.449327 3.29156 -9.2704e-21)
(0.371412 3.44889 -4.39409e-16)
(0.438356 3.65971 -8.76211e-16)
(0.599236 3.27064 -8.68128e-16)
(0.531541 3.45894 0)
(0.403076 2.35643 1.81158e-15)
(0.71209 2.22715 0)
(-0.231811 0.181631 0)
(-0.737121 2.10081 7.22601e-16)
(0.376012 0.529458 0)
(0.647356 2.60851 1.40351e-15)
(0.945781 2.99938 1.04178e-15)
(0.454758 2.35175 -1.12272e-15)
(-0.732755 2.61966 0)
(-0.788089 2.73602 -2.7598e-20)
(0.416582 1.24126 0)
(0.090221 2.94351 6.41154e-16)
(-0.0651698 2.89459 7.00786e-17)
(-0.386042 3.06239 -1.58133e-15)
(0.205982 0.648758 -1.78158e-15)
(-0.0456501 2.94677 1.74837e-15)
(0.0829557 0.128951 -4.87753e-16)
(-0.375179 1.8958 0)
(0.20773 0.465944 0)
(-0.732852 4.61764 0)
(0.427024 1.60288 0)
(-0.553078 2.88961 1.94019e-15)
(0.144272 2.54209 -1.71043e-15)
(-0.0657494 2.9983 -8.41734e-16)
(1.18134 1.69417 -1.02027e-15)
(0.0342244 2.94672 -2.81133e-15)
(-0.601737 4.46507 -4.86696e-16)
(0.349411 2.86913 -4.44942e-17)
(0.247329 2.89671 -8.77802e-16)
(-0.319617 2.99163 1.65669e-16)
(-0.483156 3.34118 -1.02582e-15)
(0.209959 0.156853 -2.83117e-16)
(-0.212403 5.47782 1.01255e-15)
(-0.791751 3.99169 7.37057e-16)
(-0.0686739 0.0823566 0)
(-0.00622604 -0.0208264 0)
(0.322406 5.03599 2.06452e-15)
(-1.29131 3.27938 0)
(0.139487 5.37848 -1.101e-15)
(0.810211 1.5291 -1.05289e-15)
(-1.2829 1.31526 -1.25146e-15)
(0.247522 1.23646 2.24177e-16)
(0.3333 2.23712 -2.17559e-16)
(0.278415 1.69118 0)
(0.499948 0.794462 2.50382e-20)
(0.0221926 2.9172 8.50268e-16)
(-0.183503 5.35122 -1.23344e-16)
(-0.433326 0.840157 1.26063e-15)
(-0.709179 3.6972 -2.01793e-15)
(0.341018 2.99446 -5.8911e-16)
(0.0375036 2.97234 1.06842e-15)
(0.0226611 3.01139 -9.95786e-16)
(0.410438 0.674631 4.24399e-16)
)
;

boundaryField
{
    wall
    {
        type            noSlip;
    }
    outlet
    {
        type            inletOutlet;
        inletValue      uniform (0 0 0);
        value           nonuniform List<vector> 
33
(
(0.225181 1.63679 -2.96714e-18)
(0.10337 0.748715 0)
(0.166989 1.21088 2.96848e-18)
(0.315838 2.31507 -1.84854e-19)
(0.275597 2.00792 6.30387e-18)
(0.360834 2.74381 5.92408e-18)
(0.344459 2.55831 -1.25962e-17)
(0.353717 2.97899 -1.22062e-17)
(0.363897 2.88049 5.92196e-18)
(0.2964 3.09696 5.9136e-18)
(0.331149 3.0486 5.91523e-18)
(0.196057 3.15277 6.09521e-18)
(0.250744 3.13024 -5.91151e-18)
(0.0675824 3.17546 0)
(0.13428 3.16732 -5.90904e-18)
(-0.0703318 3.17585 0)
(-0.00133224 3.17822 0)
(-0.199206 3.1542 -5.90593e-18)
(-0.13715 3.16819 0)
(-0.300547 3.09956 -5.90544e-18)
(-0.254418 3.13221 1.17651e-17)
(-0.359593 2.98386 0)
(-0.336014 3.05215 0)
(-0.366915 2.75195 0)
(-0.370079 2.88698 0)
(-0.320742 2.32572 -4.49842e-22)
(-0.350244 2.56788 5.53851e-18)
(-0.228148 1.64757 0)
(-0.279528 2.01905 -6.65258e-18)
(-0.10437 0.755392 0)
(-0.168847 1.22026 -7.40299e-19)
(0.0366436 0.265782 0)
(-0.0370469 0.268245 7.38625e-19)
)
;
    }
    inlet
    {
        type            inletOutlet;
        inletValue      uniform (0 0 0);
        value           uniform (0 0 0);
    }
    frontAndBackPlanes
    {
        type            empty;
    }
}


// ************************************************************************* //
