/*--------------------------------*- C++ -*----------------------------------*\
| =========                 |                                                 |
| \\      /  F ield         | OpenFOAM: The Open Source CFD Toolbox           |
|  \\    /   O peration     | Version:  2212                                  |
|   \\  /    A nd           | Website:  www.openfoam.com                      |
|    \\/     M anipulation  |                                                 |
\*---------------------------------------------------------------------------*/
FoamFile
{
    version     2.0;
    format      ascii;
    arch        "LSB;label=32;scalar=64";
    class       volVectorField;
    location    "0.0013";
    object      U;
}
// * * * * * * * * * * * * * * * * * * * * * * * * * * * * * * * * * * * * * //

dimensions      [0 1 -1 0 0 0 0];

internalField   nonuniform List<vector> 
2308
(
(-0.0242038 0.102203 -1.02209e-15)
(0.0287339 0.0627181 0)
(-0.00604121 0.1538 7.23386e-17)
(0.00262664 0.0903791 -3.60428e-16)
(0.000256097 0.0968613 0)
(0.00424128 0.0938625 -9.12984e-21)
(-0.00249531 0.0948578 1.95384e-21)
(-0.00490071 0.0965427 -4.97809e-16)
(-0.000746371 0.0976155 9.06122e-16)
(-0.00142016 0.0977149 -1.20255e-16)
(-0.00397366 0.0958897 2.14536e-16)
(0.00421418 0.0949544 -3.15126e-16)
(0.00176537 0.096066 1.55977e-16)
(0.000733195 0.0961629 -7.89834e-17)
(0.000507056 0.0959575 1.34515e-17)
(0.000622923 0.0957206 1.11778e-16)
(0.000817851 0.0952918 1.49505e-17)
(-0.000245363 0.0972202 3.45826e-17)
(0.0017407 0.0960183 4.65338e-17)
(0.000445264 0.0954978 3.44368e-18)
(0.000145106 0.0957107 2.62676e-17)
(9.96241e-05 0.0961605 -7.67619e-17)
(-0.000352675 0.0965701 9.86144e-17)
(-0.00223418 0.096691 -4.54477e-17)
(0.00253041 0.0971323 -1.95408e-16)
(0.0011766 0.0984206 -9.29704e-17)
(-0.00252262 0.100048 4.75806e-17)
(0.00227494 0.0993823 -5.23475e-17)
(-0.000555046 0.0930812 0)
(0.000556062 0.0951299 -3.19141e-16)
(0.000740285 0.100357 2.78672e-18)
(0.000244966 0.101031 7.13628e-19)
(0.000280049 0.101756 -1.22035e-17)
(0.000309895 0.102976 1.15349e-17)
(0.00036462 0.105948 -1.22637e-17)
(0.000375172 0.114243 1.15503e-17)
(0.000406966 0.136943 -5.7693e-18)
(0.000360937 0.194665 5.76896e-18)
(0.000235521 0.330749 -5.75892e-18)
(-0.000161984 0.629763 2.88775e-18)
(-0.000967688 1.2403 5.76995e-18)
(-0.00182706 2.38616 8.64035e-18)
(-0.00272277 4.3375 -1.7339e-17)
(-0.00441242 7.27929 1.16183e-17)
(-0.00432599 11.0573 5.76104e-18)
(-0.00297913 11.0841 -5.8462e-18)
(-0.000459609 7.30219 5.76367e-18)
(-0.00129455 4.35741 -8.69456e-18)
(-0.000324496 2.39868 -9.43605e-18)
(-0.00021851 1.24713 1.44225e-17)
(0.000158465 0.633414 -2.88841e-18)
(0.000294893 0.332529 5.78918e-18)
(0.000464373 0.195386 1.44924e-18)
(0.000477269 0.137274 -8.67818e-18)
(0.000520194 0.114368 -2.89963e-18)
(0.00052118 0.105973 5.79353e-18)
(0.000527293 0.102955 0)
(0.000500001 0.101693 -7.20365e-19)
(0.000497615 0.10092 -2.3686e-17)
(-8.19693e-05 0.100122 -8.16319e-17)
(-0.00184455 0.0988196 9.62053e-17)
(0.00225905 0.100643 9.93308e-17)
(0.000193927 0.0981249 1.13931e-16)
(0.00239477 0.0983252 3.77335e-22)
(0.000855918 0.0987422 1.27682e-16)
(-0.000750626 0.0973023 -2.36642e-16)
(0.000555094 0.0961924 -5.42928e-17)
(0.000928728 0.095767 0)
(0.00110299 0.0955511 0)
(0.00128201 0.0953381 0)
(0.00148855 0.0949887 0)
(-0.00278987 15.0111 -2.93284e-18)
(0.00415913 15.0412 2.91356e-18)
(-0.00441747 0.0939918 -1.60594e-16)
(-0.00158931 0.0954439 -3.2456e-18)
(-0.000530745 0.0959882 1.27172e-17)
(-0.000269881 0.0962058 0)
(-0.000293924 0.0964945 -2.43819e-17)
(-0.000228151 0.0972098 -2.38614e-17)
(-0.000220493 0.0976404 1.1968e-17)
(-0.000461229 0.0979259 4.79954e-17)
(-0.000666281 0.0990544 0)
(-0.00043239 0.099647 2.97956e-23)
(0.000122131 0.100117 8.89421e-20)
(0.000262835 0.100777 -1.15217e-17)
(0.000276119 0.101558 1.72891e-17)
(0.000300522 0.102846 -4.69276e-22)
(0.000313831 0.10584 -1.01084e-17)
(0.000358843 0.114092 0)
(0.000334556 0.136659 -1.44381e-18)
(0.000259419 0.194051 8.65529e-18)
(0.000126868 0.329465 -1.15354e-17)
(-0.000140598 0.627243 7.29352e-21)
(-0.000567448 1.23536 1.15536e-17)
(-0.00200242 2.3773 0)
(-0.00418557 4.3234 1.15575e-17)
(-0.00428236 7.25892 -3.14422e-20)
(-0.00436848 11.0355 -5.82931e-18)
(-0.00232018 0.0964346 -1.36812e-16)
(-0.00693529 14.9997 -5.80009e-18)
(0.000174281 0.0950664 1.39542e-16)
(0.00153249 0.0946154 -7.05992e-22)
(-0.00730028 15.0615 -5.86989e-18)
(0.00380203 11.1126 7.25371e-18)
(0.000343233 7.33352 0)
(0.000317275 4.37631 -2.19755e-18)
(-0.0001631 2.41129 5.06661e-18)
(0.00026227 1.25405 5.81375e-18)
(0.000378577 0.636576 -5.80353e-18)
(0.000413887 0.33362 0)
(0.000530612 0.195956 -1.45085e-18)
(0.000568181 0.137457 2.90918e-18)
(0.000558258 0.114417 8.13558e-23)
(0.000552379 0.105978 -2.90951e-18)
(0.000548084 0.10291 0)
(0.000547799 0.10159 4.36487e-18)
(0.000469283 0.100808 -1.7375e-17)
(0.000596376 0.100202 -1.16218e-17)
(0.00143358 0.099835 4.72054e-17)
(0.00198649 0.0996327 1.75011e-16)
(0.00173048 0.0985873 1.32034e-17)
(0.00156114 0.0978308 1.25539e-16)
(0.00115584 0.0971651 -5.67483e-17)
(0.000821144 0.0968367 0)
(0.00109375 0.0964675 0)
(0.00132545 0.0959488 0)
(0.00150301 0.0955265 1.87844e-16)
(0.00168215 0.0952018 -2.18165e-16)
(0.0017783 0.0948678 2.22266e-16)
(-0.00435056 0.100064 -4.00095e-16)
(0.00323506 0.0953642 0)
(0.00220065 0.0931245 0)
(0.00336075 0.095245 0)
(-0.00341512 0.0944053 3.20148e-16)
(0.00119483 0.0945139 9.05667e-17)
(-0.000495593 0.0956026 -4.55253e-22)
(-0.000717164 0.0960359 -1.53966e-18)
(-0.000659162 0.0962942 1.53097e-18)
(-0.000567056 0.0966357 1.21397e-17)
(-0.000413657 0.0971725 -2.39963e-17)
(-0.000115625 0.0976716 2.16375e-22)
(-0.000225217 0.0981787 0)
(-0.000468536 0.0988707 5.30447e-17)
(-0.000398207 0.0994947 3.48313e-17)
(-0.000173711 0.10011 -5.77335e-18)
(-2.93188e-05 0.100726 5.77071e-18)
(8.39435e-05 0.101492 0)
(0.000186472 0.102762 0)
(0.000249543 0.105742 -7.2362e-19)
(0.00027709 0.113957 0)
(0.000301924 0.136397 4.33896e-18)
(0.00026719 0.193607 -5.70637e-22)
(0.000100852 0.328729 -2.89399e-18)
(-0.000357684 0.625905 0)
(-0.00105305 1.2324 -2.88845e-18)
(-0.0021413 2.37314 4.34406e-18)
(-0.00344409 4.31699 -7.24876e-18)
(-0.00739346 7.24779 0)
(-0.0121045 11.0189 -1.15911e-17)
(-0.0183045 14.9882 2.88927e-18)
(-0.0289504 18.0894 -1.78889e-20)
(-0.013706 18.0843 0)
(-0.0080918 18.0871 -1.4543e-18)
(0.00174003 18.0934 -4.72689e-18)
(-0.00189497 0.0956265 4.34827e-16)
(-0.00498343 18.0966 3.65203e-19)
(-0.0080247 0.0944648 -1.25414e-15)
(-0.0161857 0.0972562 -2.88631e-16)
(0.00143043 0.0942574 0)
(-0.00894126 0.101692 4.15818e-16)
(-0.00150989 0.0957871 -8.69802e-16)
(0.00190057 0.0950399 5.71082e-17)
(0.00181643 0.0945088 -3.36115e-16)
(-0.0394656 19.2094 -2.91016e-18)
(-0.0246642 19.1898 -2.91043e-18)
(-0.021676 19.1716 -3.63456e-19)
(-0.0128867 19.1498 5.82432e-18)
(-0.0211228 19.128 3.64641e-19)
(-0.0313344 19.1023 0)
(-0.0140067 18.1046 2.92981e-18)
(-0.00307933 15.0775 5.88864e-18)
(-0.00298663 11.1398 -1.39667e-18)
(-0.000708866 7.35061 -5.8153e-18)
(-0.000222552 4.39193 -6.58562e-18)
(0.000202774 2.42 8.74343e-18)
(0.000433266 1.25859 2.92386e-18)
(0.000622025 0.63861 -5.84771e-18)
(0.000709367 0.334615 4.38418e-18)
(0.000616476 0.19624 -1.27809e-18)
(0.000617468 0.137526 0)
(0.000650026 0.114443 0)
(0.000673335 0.105978 0)
(0.000720325 0.102904 5.86159e-18)
(0.00078279 0.101604 -2.93579e-18)
(0.000924014 0.100846 3.05307e-24)
(0.00113941 0.100237 -2.36746e-17)
(0.00150902 0.0995919 0)
(0.00176253 0.0989571 -2.48753e-17)
(0.0019498 0.0983013 2.57219e-17)
(0.00196906 0.0977773 5.29364e-17)
(0.00149498 0.0972573 2.70043e-17)
(0.00124671 0.0968033 1.07728e-16)
(0.00140515 0.0963219 -1.06621e-16)
(0.0016365 0.0958052 0)
(0.00187139 0.0953419 2.6424e-17)
(0.00209437 0.0949636 -5.3111e-17)
(0.00217123 0.0946716 -1.07637e-16)
(-0.00157716 0.0943291 5.16091e-17)
(-0.0151093 0.110272 0)
(0.0016652 0.0967179 -2.13432e-22)
(-0.0078749 0.0922989 5.52924e-16)
(-0.00781677 0.0947264 -1.18076e-16)
(-0.00482107 0.0946739 1.34335e-16)
(-0.0030869 0.0941707 -2.55651e-17)
(-0.00255487 0.0938953 4.99587e-17)
(-0.00228402 0.0939902 -2.44507e-17)
(-0.00192455 0.0944895 0)
(-0.00156616 0.0947259 -2.3678e-17)
(-0.00120961 0.0949339 -2.40234e-17)
(-0.00107617 0.0954843 0)
(-0.000942247 0.0960105 0)
(-0.000844628 0.0965138 1.50622e-18)
(-0.000753769 0.097065 -1.34713e-17)
(-0.000678813 0.0976243 0)
(-0.000569564 0.0981955 0)
(-0.00038794 0.0987692 -1.77073e-17)
(-0.00030575 0.0993537 -1.17019e-17)
(-0.000182904 0.0999735 2.33011e-17)
(-4.16492e-05 0.100627 5.81844e-18)
(7.6291e-05 0.101412 1.45403e-18)
(0.000142457 0.102689 5.81352e-18)
(0.000208068 0.105669 -6.54448e-18)
(0.000248286 0.113866 0)
(0.00026062 0.136316 -2.9062e-18)
(0.000210453 0.193548 0)
(5.75687e-05 0.328713 0)
(-0.000169381 0.625653 0)
(-0.000764717 1.23296 -1.16235e-17)
(-0.00198833 2.37494 0)
(-0.00375485 4.31836 -6.52665e-18)
(-0.00659099 7.24896 1.08918e-18)
(-0.0124355 11.025 2.28517e-17)
(-0.0182182 14.9939 0)
(-0.0235875 18.0971 -1.16149e-17)
(-0.0354174 19.2293 1.81243e-19)
(0.00108374 0.153761 0)
(-0.00560293 0.0945614 6.82044e-16)
(0.0358523 0.110006 1.09244e-15)
(0.000979799 0.0875899 0)
(-0.0239754 0.160627 -3.29528e-16)
(-0.00668323 0.0912772 1.4283e-15)
(0.00226598 0.0940063 -7.07568e-21)
(-0.00154349 0.0954037 1.08437e-16)
(-0.044164 19.0757 -3.66995e-19)
(-0.023801 18.0923 -2.93974e-18)
(-0.0087243 15.0877 2.93797e-18)
(-0.00321551 11.1478 0)
(-0.00260016 7.36481 0)
(-0.000687004 4.40052 3.66759e-19)
(-1.65521e-06 2.42485 -1.46458e-18)
(5.84885e-05 1.26028 -5.12865e-18)
(0.000516254 0.639218 3.65781e-19)
(0.000608268 0.33492 -7.55938e-19)
(0.000633898 0.196297 -9.00088e-19)
(0.000648231 0.137513 4.03778e-18)
(0.000675617 0.114401 3.67737e-19)
(0.000738991 0.105925 -2.94165e-18)
(0.000822019 0.10284 0)
(0.000924595 0.101513 1.17953e-17)
(0.00107372 0.100717 2.19168e-22)
(0.00125524 0.100077 5.96899e-17)
(0.00145972 0.0994676 -4.8317e-17)
(0.00155101 0.0988746 0)
(0.00161765 0.0982653 5.05825e-17)
(0.00165811 0.0976887 -1.55043e-16)
(0.00169985 0.097098 7.86292e-17)
(0.0017567 0.0965971 1.04601e-16)
(0.0018433 0.0960933 3.63844e-21)
(0.002006 0.0955409 -1.03678e-16)
(0.00217281 0.095049 1.0368e-16)
(0.00230862 0.0946595 1.04172e-16)
(0.00262855 0.0942926 -1.04115e-16)
(0.00201673 0.0944278 -2.13593e-16)
(-0.00257279 0.0978518 -2.73929e-21)
(-0.0103744 0.09407 -1.20235e-20)
(-0.00224329 0.0927886 -9.75781e-17)
(-0.00461967 0.093531 -1.29184e-17)
(-0.00483982 0.0935961 -3.8275e-17)
(-0.00406795 0.0934501 -1.25025e-17)
(-0.00340295 0.0934248 0)
(-0.00285505 0.0936194 2.42727e-17)
(-0.00235535 0.0940402 -1.19943e-17)
(-0.00174452 0.0944504 -1.19482e-17)
(-0.00141246 0.0948472 6.00206e-18)
(-0.00122045 0.0953323 6.01927e-18)
(-0.00105306 0.0958532 1.20349e-17)
(-0.000917376 0.0963765 0)
(-0.000776528 0.0969184 1.19445e-17)
(-0.000651537 0.0975095 -1.17216e-17)
(-0.000498881 0.0981273 -1.85548e-19)
(-0.000368922 0.0987169 -3.54633e-17)
(-0.000279412 0.0992938 2.94033e-18)
(-0.000194406 0.0998827 -1.46431e-17)
(-0.000123267 0.100511 0)
(-4.82191e-05 0.101301 -4.74009e-18)
(1.50199e-05 0.102602 3.64625e-19)
(9.06547e-05 0.105589 6.5659e-18)
(0.000158139 0.113807 0)
(0.000187555 0.136302 0)
(0.000195266 0.193599 -1.82305e-19)
(0.000257218 0.328714 -5.64738e-18)
(7.8164e-05 0.626276 5.83475e-18)
(-0.00021468 1.23468 7.28717e-18)
(-0.000437197 2.37671 -1.4575e-18)
(-0.000788196 4.32062 4.37067e-18)
(-0.00200553 7.257 -1.43381e-18)
(-0.00213728 11.0364 -1.16108e-17)
(-0.0079334 15.0066 1.16604e-17)
(-0.015515 18.1123 2.61824e-17)
(-0.0322729 19.2517 1.15866e-17)
(-0.0608614 18.2641 0)
(-0.060237 18.2266 -5.97259e-18)
(-0.064327 18.1913 -8.6453e-21)
(-0.050341 18.1501 6.54153e-18)
(-0.0493159 18.1094 2.18153e-18)
(-0.0449372 18.0702 -2.91199e-18)
(-0.0491959 18.0256 5.83683e-18)
(-0.0633905 17.9747 -5.83869e-18)
(-0.0891417 17.9195 -2.92999e-18)
(0.0325834 0.120006 -4.06376e-16)
(0.0106997 0.154239 -9.34061e-17)
(-0.0350252 0.0503283 -1.628e-16)
(-0.0092899 0.0983678 -6.93079e-16)
(-0.0160067 0.106211 -3.43047e-16)
(0.0126224 0.072259 9.77785e-17)
(0.0029443 0.0940124 0)
(0.00120562 0.0944496 4.27499e-16)
(-0.00446346 0.100654 1.00943e-15)
(-0.00836368 0.0952099 4.1383e-16)
(-0.00712723 0.111123 -4.16071e-16)
(0.000886337 0.0968294 8.901e-16)
(-0.00814619 0.0929449 0)
(-0.00662267 0.0921354 1.26897e-17)
(-0.00561786 0.0922834 -3.13171e-18)
(-0.00472842 0.0925279 -5.86144e-17)
(-0.00396569 0.0927723 1.21882e-17)
(-0.00332141 0.0931165 0)
(-0.00275574 0.0935729 1.70232e-23)
(-0.00223889 0.0940613 -2.99155e-18)
(-0.00183106 0.0945525 0)
(-0.00150223 0.0950775 -5.99295e-18)
(-0.00125466 0.0956334 -5.99126e-18)
(-0.00102022 0.0962062 0)
(-0.000853951 0.0967964 1.48972e-18)
(-0.000731755 0.0973936 -1.4871e-18)
(-0.000600123 0.0979815 1.48473e-18)
(-0.000451933 0.0985692 2.21896e-17)
(-0.000338802 0.0991715 0)
(-0.000248532 0.0997945 2.93998e-18)
(-0.000153093 0.100456 -1.46766e-18)
(-8.42341e-05 0.101252 3.66891e-19)
(-1.11816e-05 0.102549 1.10082e-18)
(3.73094e-05 0.105542 -6.60373e-18)
(8.97369e-05 0.11378 0)
(0.000139625 0.136311 1.46544e-18)
(0.000255037 0.193625 2.92724e-18)
(0.000320566 0.329103 2.93038e-18)
(0.00052107 0.627554 -1.4481e-23)
(0.000816972 1.23636 -1.45883e-18)
(0.00134074 2.37909 -4.37825e-18)
(0.0015013 4.32793 -2.90996e-18)
(0.00214328 7.26891 -2.9064e-18)
(0.00096652 11.0483 0)
(0.000200225 15.0236 -1.16647e-17)
(-0.00160328 18.128 -1.16551e-17)
(-0.0176225 19.2722 -8.69731e-18)
(-0.0456687 18.3003 -1.59368e-17)
(-0.0971617 15.8816 7.2478e-18)
(-0.10546 15.795 -5.80083e-18)
(-0.103373 15.7195 0)
(-0.102206 15.6396 2.90447e-18)
(-0.094916 15.5667 2.90595e-18)
(-0.0865499 15.4917 -5.8278e-18)
(-0.0839006 15.4198 5.85575e-18)
(-0.0933815 15.3383 1.26501e-20)
(-0.111544 15.2541 -2.93852e-18)
(-0.146019 15.153 8.80195e-18)
(-0.189095 15.0418 -8.84362e-18)
(-0.123668 17.859 1.4673e-18)
(-0.0754302 19.0373 -1.10544e-18)
(-0.0385354 18.0806 2.21654e-18)
(-0.0265354 15.0811 -7.35894e-18)
(-0.0108175 11.1528 2.74146e-18)
(-0.00296481 7.36768 0)
(-0.000942532 4.4021 3.68243e-19)
(6.79941e-05 2.42515 5.15853e-18)
(0.00070759 1.25985 -7.35087e-19)
(0.000511832 0.639155 1.83972e-18)
(0.00057656 0.334798 3.15063e-22)
(0.000615953 0.196223 7.42284e-19)
(0.000654912 0.137428 -3.68431e-19)
(0.000687271 0.114317 2.57987e-18)
(0.000755736 0.105848 -8.84943e-18)
(0.000812057 0.102762 -2.4127e-22)
(0.000930328 0.101436 5.9217e-18)
(0.00106509 0.100618 -5.94533e-18)
(0.00123218 0.0999294 -4.78616e-17)
(0.00136262 0.0992798 4.82639e-17)
(0.00146884 0.0986728 0)
(0.00160627 0.0981029 -9.96413e-17)
(0.0017306 0.0975724 7.53941e-17)
(0.00184363 0.0969872 -7.65808e-17)
(0.00187889 0.0964376 0)
(0.00204362 0.095903 0)
(0.00226956 0.0953257 0)
(0.00255318 0.0947476 -1.26859e-17)
(0.0029604 0.0942415 -1.70238e-22)
(0.0032182 0.0938678 2.02113e-16)
(-0.00219969 0.100136 -4.54263e-16)
(0.00323518 0.0940756 2.14055e-16)
(-0.000634764 0.0949595 -2.01564e-16)
(-0.00170004 0.0943041 2.5586e-17)
(-0.00802002 0.10319 4.85583e-16)
(-0.00997956 0.098242 4.14541e-16)
(-0.012178 0.0969458 1.06502e-20)
(-0.0113518 0.0956792 -4.31876e-16)
(-0.015708 0.088311 -3.00839e-16)
(-0.00572727 0.093322 -2.9926e-16)
(-0.00985855 0.0918934 1.08119e-16)
(-0.00833842 0.0908068 -2.50901e-17)
(-0.00720245 0.0908624 -4.95257e-17)
(-0.00615156 0.0912847 0)
(-0.00523391 0.0916908 4.89031e-17)
(-0.0043889 0.0920791 0)
(-0.00366463 0.0925242 0)
(-0.00305541 0.0930495 1.19883e-17)
(-0.00253362 0.0936073 2.99147e-18)
(-0.00208798 0.094185 0)
(-0.001713 0.0947758 5.97917e-18)
(-0.001398 0.0953777 -2.15415e-22)
(-0.00115304 0.0959904 -1.09236e-22)
(-0.000955567 0.0966205 5.95492e-18)
(-0.000786957 0.0972497 6.69624e-18)
(-0.00061974 0.0978575 -6.68299e-18)
(-0.0004795 0.0984573 -1.22231e-17)
(-0.000370691 0.0990691 3.6965e-19)
(-0.000263214 0.0996994 -2.21575e-18)
(-0.000193717 0.100371 7.37484e-19)
(-0.000123947 0.101183 2.94853e-18)
(-5.89518e-05 0.102489 -2.21095e-18)
(1.11922e-06 0.105497 2.94651e-18)
(5.00742e-05 0.113748 -1.37504e-22)
(0.000158734 0.136292 -7.35154e-18)
(0.000293948 0.193772 2.94409e-18)
(0.000451023 0.329713 2.94119e-18)
(0.000732651 0.628325 -4.39849e-18)
(0.00156147 1.2377 5.86206e-18)
(0.00260491 2.3836 5.86786e-18)
(0.0043913 4.33635 0)
(0.00707989 7.27756 1.75727e-17)
(0.0097779 11.0652 2.94291e-18)
(0.0153573 15.0368 2.93516e-18)
(0.0137141 18.1427 0)
(0.00382574 19.2929 0)
(-0.023029 18.3353 8.71367e-18)
(-0.0810049 15.9714 1.77513e-20)
(-0.220043 19.5019 -1.45638e-18)
(-0.220442 19.4585 1.42809e-18)
(-0.216606 19.4235 0)
(-0.214887 19.3997 0)
(-0.204979 19.3615 -1.45299e-18)
(-0.196636 19.3358 4.34773e-18)
(-0.190921 19.3015 0)
(-0.189892 19.2725 -2.90764e-18)
(-0.210844 19.229 -2.907e-18)
(-0.24077 19.1964 5.78961e-18)
(-0.292618 19.1537 -2.91386e-18)
(-0.351032 19.1257 8.79756e-18)
(-0.39566 19.1079 1.43779e-18)
(-0.236443 14.9238 1.48296e-18)
(-0.166637 17.7894 2.95001e-18)
(-0.104664 18.9868 0)
(-0.0588202 18.0494 -1.10734e-18)
(-0.0266835 15.0681 -2.7555e-19)
(-0.0154573 11.1442 1.67092e-18)
(-0.00714733 7.36152 -3.5511e-19)
(-0.00284185 4.39761 -7.28476e-19)
(-0.00098539 2.42205 -5.90055e-18)
(0.000113487 1.25923 1.47805e-18)
(0.000522307 0.638617 -3.69308e-18)
(0.000561607 0.334495 1.84519e-18)
(0.000600958 0.196034 -7.3819e-19)
(0.000649179 0.137332 0)
(0.000674928 0.114234 0)
(0.000719436 0.105769 0)
(0.000811202 0.102677 -2.9609e-18)
(0.000903989 0.101328 0)
(0.000995814 0.100491 -2.18983e-22)
(0.00110926 0.0997898 2.38964e-17)
(0.00123441 0.0991316 -1.20314e-17)
(0.00134864 0.0985168 2.43103e-17)
(0.00149925 0.0979529 7.39324e-17)
(0.00156277 0.0974104 4.35158e-22)
(0.00173007 0.0968464 -2.50111e-17)
(0.00199617 0.0962906 -4.99138e-17)
(0.00217939 0.0956843 9.90619e-17)
(0.00245305 0.0950357 -4.9737e-17)
(0.00271464 0.0943959 -2.27604e-23)
(0.00305622 0.093797 2.47608e-17)
(0.00353735 0.0933011 1.57452e-21)
(0.00339097 0.0936485 -3.07997e-16)
(-0.00408203 0.10192 -4.67202e-16)
(-0.000571467 0.101594 8.8138e-16)
(0.0528608 0.09881 0)
(0.00392544 0.0935382 -2.09939e-16)
(-0.013385 0.0913208 7.74204e-16)
(-0.0144771 0.0967665 -4.12836e-16)
(-0.0148503 0.0974055 -7.89941e-16)
(0.00501149 0.0960581 -6.74036e-17)
(-0.0042546 0.0956956 -6.41776e-17)
(0.00126802 0.0945169 -2.55831e-17)
(0.00448607 0.0940153 3.96133e-21)
(-0.0098211 0.103986 -4.75814e-16)
(-0.014513 0.0981979 3.96783e-16)
(-0.179794 6.99766 -1.46542e-18)
(-0.179004 6.65195 -1.46504e-18)
(-0.167791 6.36174 0)
(-0.141589 6.10543 -1.44952e-18)
(-0.155297 5.88188 1.4518e-18)
(-0.151397 5.73213 -1.45075e-18)
(-0.135287 5.51007 1.45232e-18)
(-0.128646 5.3788 2.91197e-18)
(-0.156525 5.18823 -2.91437e-18)
(-0.167276 5.01624 5.79313e-18)
(-0.180072 4.78487 -8.77389e-18)
(-0.211095 4.54397 0)
(-0.233474 4.2608 -4.09798e-20)
(-0.234735 4.00698 0)
(-0.394937 19.1132 -8.84448e-18)
(-0.269535 14.8193 2.9575e-18)
(-0.209959 17.7234 0)
(-0.14739 18.9301 0)
(-0.0951115 18.005 7.40913e-19)
(-0.0567961 15.0359 -9.26068e-20)
(-0.0300119 11.1206 0)
(-0.0153001 7.34635 -3.70467e-19)
(-0.00640188 4.38829 3.70401e-19)
(-0.002371 2.41737 1.48051e-18)
(-0.000735857 1.2566 7.39633e-19)
(4.31427e-05 0.637716 1.48065e-18)
(0.000411512 0.334026 9.32416e-22)
(0.000532316 0.195821 -2.95997e-18)
(0.000573586 0.137226 7.40215e-19)
(0.000618925 0.11416 2.96252e-18)
(0.000668436 0.105687 7.40823e-19)
(0.00072159 0.102582 -1.48248e-18)
(0.000785474 0.101224 2.96848e-18)
(0.000892283 0.100375 -8.92027e-18)
(0.000997706 0.099664 -1.19281e-17)
(0.00109891 0.0990004 5.99125e-18)
(0.00121568 0.098372 -1.20743e-17)
(0.00134673 0.0977813 0)
(0.00162173 0.0972161 -3.68113e-17)
(0.00179789 0.0966098 7.43895e-17)
(0.00189414 0.0960205 0)
(0.00207657 0.0954328 0)
(0.00239573 0.0947903 0)
(0.00288664 0.0940786 1.82847e-17)
(0.00326823 0.0932886 -2.90765e-23)
(0.00365971 0.0925826 -1.79035e-21)
(0.00403509 0.0929888 -1.98222e-16)
(0.00385841 0.0957955 -4.66428e-16)
(-0.00642001 0.103415 1.28442e-20)
(0.0102939 0.0813349 3.86644e-16)
(-0.014099 0.164578 0)
(-0.0115528 0.090453 -2.36097e-17)
(-0.00832208 0.0906661 0)
(-0.00669658 0.0907214 0)
(-0.00557952 0.0909738 1.21001e-17)
(-0.00469305 0.0913828 -2.41157e-17)
(-0.00392396 0.0918887 0)
(-0.00330092 0.0924908 1.20019e-17)
(-0.00273792 0.0931212 0)
(-0.002264 0.0937779 -2.98774e-18)
(-0.00186533 0.0944362 2.98601e-18)
(-0.00153213 0.0950904 -1.49234e-17)
(-0.00125208 0.0957444 1.05736e-22)
(-0.00100294 0.0964036 -5.95426e-18)
(-0.000779531 0.0970668 1.19052e-17)
(-0.000610171 0.097716 8.91106e-18)
(-0.00048189 0.0983451 -8.90688e-18)
(-0.000388969 0.0989668 0)
(-0.000300804 0.0996092 -5.41155e-23)
(-0.000218851 0.100297 -4.43962e-18)
(-0.000145894 0.101115 0)
(-7.69244e-05 0.102428 0)
(-8.22105e-06 0.105444 1.47826e-18)
(7.33677e-05 0.113714 4.43167e-18)
(0.000165051 0.136328 -2.95235e-18)
(0.00026293 0.193984 2.94671e-18)
(0.000604894 0.329968 -5.88705e-18)
(0.00130109 0.629134 -1.47264e-18)
(0.00240651 1.23999 -1.1767e-17)
(0.00452653 2.388 5.89069e-18)
(0.00872285 4.34125 0)
(0.0135837 7.28869 -1.1746e-17)
(0.0249244 11.0733 -5.85791e-18)
(0.0292011 15.0457 0)
(0.0332903 18.156 5.86679e-18)
(0.0324004 19.3108 -1.16702e-21)
(0.00294105 18.374 8.70932e-18)
(-0.0718812 16.0775 8.70977e-18)
(-0.237265 19.5654 0)
(-0.230036 7.37325 -2.88731e-18)
(0.00170082 0.102954 -4.34262e-16)
(-0.00241844 0.103372 -8.92582e-16)
(-0.000165259 0.149453 1.34309e-16)
(0.00641337 0.0924171 -1.86601e-16)
(-0.0136095 0.0984374 8.05045e-16)
(0.00421617 0.0934741 -2.84174e-21)
(-0.197884 3.73294 1.49495e-18)
(-0.341897 19.1189 7.3993e-18)
(-0.273041 14.741 -5.91664e-18)
(-0.241394 17.6685 0)
(-0.193336 18.8716 0)
(-0.136184 17.9517 0)
(-0.0883258 14.9926 0)
(-0.0520601 11.0906 1.49131e-18)
(-0.027831 7.3252 -7.33385e-19)
(-0.0134274 4.37707 3.70846e-19)
(-0.00583179 2.41101 -2.22721e-18)
(-0.0021066 1.25358 1.48018e-18)
(-0.000596388 0.636153 7.41355e-19)
(9.57127e-05 0.333449 -1.11157e-18)
(0.000379976 0.195564 0)
(0.00050817 0.137101 3.51524e-23)
(0.000571059 0.114096 -7.41273e-19)
(0.000597949 0.105635 7.41855e-19)
(0.000642371 0.102518 1.48414e-18)
(0.000691409 0.101137 -1.67036e-18)
(0.000747193 0.100268 1.67165e-18)
(0.00082916 0.0995507 -4.46638e-18)
(0.000922777 0.0988871 -8.96043e-18)
(0.0010347 0.0982514 6.00211e-18)
(0.00117613 0.0976368 0)
(0.00126662 0.096998 1.38996e-24)
(0.00154853 0.096358 -3.67359e-17)
(0.00191615 0.0957225 3.05143e-17)
(0.00226491 0.0950551 -6.10931e-18)
(0.00244914 0.0944137 0)
(0.00260385 0.0938551 -6.03034e-18)
(0.00313791 0.0932961 8.32425e-17)
(0.00441582 0.09248 -4.62209e-17)
(0.00403835 0.0922315 1.87503e-16)
(0.00382321 0.0924497 9.54944e-16)
(-0.00961986 0.104403 1.38737e-20)
(-0.976761 45.479 -7.01002e-19)
(-0.83422 45.5336 4.2848e-18)
(-0.766602 45.5323 7.03192e-19)
(-0.746947 45.5215 0)
(-0.643006 45.5898 -1.44144e-18)
(-0.528508 45.6069 1.44115e-18)
(-0.5529 45.5667 -2.16629e-18)
(-0.557941 45.5122 -5.02699e-18)
(-0.513264 45.5816 5.78515e-18)
(-0.591526 45.5313 0)
(-0.702204 45.5301 -2.8977e-18)
(-0.725076 45.562 8.71069e-18)
(-0.841475 45.5348 -5.81553e-18)
(-0.954301 45.5209 -2.90786e-18)
(-0.940678 45.5649 4.40658e-18)
(-0.811944 45.6198 -5.83763e-18)
(0.0041418 0.0976116 9.0437e-16)
(-0.0170718 0.100313 -3.67764e-16)
(-0.0180866 0.0973857 3.74919e-16)
(-0.0179605 0.0945813 7.51102e-16)
(-0.0164749 0.0911936 3.56469e-16)
(0.00118417 0.0956362 -1.15184e-20)
(0.00188271 0.0978399 2.74745e-16)
(-0.0208019 0.0745494 0)
(0.00872659 0.0845786 0)
(-0.00815377 0.0886021 0)
(-0.00796158 0.0892509 5.98744e-18)
(-0.00691421 0.0895752 -1.20553e-17)
(-0.00580659 0.0900022 4.23843e-22)
(-0.00486452 0.090557 3.61497e-17)
(-0.00408671 0.0911898 -2.40622e-17)
(-0.00341967 0.091892 2.0088e-22)
(-0.00283786 0.0926132 1.1966e-17)
(-0.0023522 0.0933472 -2.09142e-17)
(-0.00193976 0.094072 2.98576e-18)
(-0.00159157 0.0947832 1.19341e-17)
(-0.00130308 0.0954847 -2.98173e-18)
(-0.00106864 0.0961809 2.9795e-18)
(-0.000866438 0.0968717 -8.93412e-18)
(-0.000691582 0.0975508 2.97301e-18)
(-0.000541655 0.0982158 8.90921e-18)
(-0.000410523 0.0988712 -5.93721e-18)
(-0.000319332 0.0995314 5.93504e-18)
(-0.000239012 0.100223 2.22505e-18)
(-0.000164723 0.101045 5.19056e-18)
(-9.20251e-05 0.102363 -6.67226e-18)
(-1.6793e-05 0.105389 4.44645e-18)
(7.17603e-05 0.113683 -8.14861e-18)
(0.000186256 0.136354 -5.92206e-18)
(0.000406117 0.194095 5.91858e-18)
(0.000801305 0.330416 2.95418e-18)
(0.0017114 0.629868 -2.95237e-18)
(0.00352209 1.24176 0)
(0.00737191 2.39022 -5.89599e-18)
(0.0134158 4.34657 2.93228e-18)
(0.0251829 7.2921 -5.87136e-18)
(0.0389242 11.0758 -8.7948e-18)
(0.0583124 15.0537 -5.84544e-18)
(0.0759304 18.1604 -1.16869e-17)
(0.0739381 19.3273 2.91975e-18)
(0.0288759 18.4284 -2.90853e-18)
(-0.0712415 16.2157 -5.82896e-18)
(-0.289414 19.6559 0)
(-0.29736 7.80154 0)
(-1.087 45.4716 0)
(-0.00285157 0.153264 0)
(0.00429258 0.0929008 -6.65419e-21)
(0.00282639 0.0971319 1.01106e-15)
(0.00384121 0.104748 4.30961e-16)
(-0.00477571 0.104745 4.4316e-16)
(-0.000405441 0.104983 8.71973e-16)
(0.00187539 0.0967407 -4.6773e-16)
(-0.00810269 0.146974 -1.15022e-16)
(-0.00488174 0.155157 0)
(0.00364793 0.0945799 -5.3208e-16)
(0.00349863 0.0934847 -2.17165e-16)
(0.00713933 0.0906912 -8.29775e-17)
(0.000326441 0.0932363 -1.39673e-15)
(0.0291078 0.127702 4.24346e-16)
(0.00805847 0.0839209 3.80317e-16)
(0.00549013 0.154159 -6.19631e-17)
(-0.576485 45.533 -2.92407e-18)
(-0.148364 3.50288 -7.46791e-19)
(-0.192722 19.1381 -2.22528e-18)
(-0.231028 14.7243 2.95587e-22)
(-0.250853 17.6421 0)
(-0.23337 18.8265 0)
(-0.186234 17.8972 0)
(-0.130008 14.9419 -3.73143e-19)
(-0.0802248 11.0504 -4.69688e-19)
(-0.0440073 7.29978 4.57943e-19)
(-0.0227041 4.36073 -3.72475e-19)
(-0.0103882 2.4031 9.27342e-19)
(-0.00451227 1.24957 -1.11346e-18)
(-0.00163038 0.634354 0)
(-0.000372184 0.332625 0)
(0.000180044 0.195247 0)
(0.000400441 0.136963 0)
(0.000501766 0.114024 0)
(0.000564152 0.105586 0)
(0.000597821 0.102472 -3.71221e-19)
(0.000640754 0.10109 1.48528e-18)
(0.000684301 0.100213 0)
(0.000715464 0.0994709 -3.71902e-18)
(0.000772599 0.0987696 6.70597e-18)
(0.000858911 0.0980952 5.97704e-18)
(0.000991244 0.0974472 0)
(0.00123036 0.0968007 1.81346e-17)
(0.00139213 0.0961385 -1.81948e-17)
(0.0015424 0.0954593 -6.03738e-18)
(0.00182801 0.0947722 1.21173e-17)
(0.00219106 0.0940619 -1.81097e-17)
(0.00268409 0.0933099 8.99005e-18)
(0.00300871 0.0924986 -2.36262e-17)
(0.00253781 0.0914239 5.81465e-18)
(0.00048233 0.0896668 1.79304e-16)
(0.00433416 0.0977521 5.07657e-16)
(-0.0244308 0.107327 6.82849e-16)
(-0.0215881 0.114684 3.3212e-16)
(-0.209975 23.9313 0)
(-0.143728 23.8476 2.42887e-20)
(-0.18424 23.5973 -1.46824e-18)
(-0.149555 23.4368 -7.34249e-19)
(-0.157096 23.1161 -1.79894e-19)
(-0.246754 22.8618 1.7988e-19)
(-0.173765 22.7219 0)
(-0.0978697 22.591 0)
(-0.21515 22.1772 2.19013e-18)
(-0.262937 22.1483 -5.7774e-18)
(-0.210629 21.9408 7.21239e-18)
(-0.321356 21.6851 0)
(-0.33794 21.4553 -5.79377e-18)
(-0.29705 21.2483 5.80167e-18)
(-0.345887 20.8085 1.43613e-18)
(-0.371248 20.3076 1.48844e-18)
(-0.261969 19.5464 0)
(-0.260903 18.1969 0)
(-0.00421976 0.0957939 0)
(-0.0231242 0.0995538 3.53644e-16)
(-0.0225498 0.0962703 0)
(-0.0218345 0.0925137 -7.3865e-16)
(-0.0209619 0.0880784 3.72304e-16)
(-0.017317 0.082347 6.75047e-16)
(-0.0218806 0.158218 -1.03855e-16)
(-0.00805129 0.112385 4.12996e-16)
(-0.0129081 0.086137 1.25586e-17)
(-0.0105055 0.0864138 -9.75789e-17)
(-0.00852348 0.0871156 4.24609e-17)
(-0.0070256 0.0879621 -4.84249e-17)
(-0.00585756 0.0888021 -2.11397e-17)
(-0.00488291 0.0896206 3.01539e-17)
(-0.00406617 0.0904405 6.01515e-18)
(-0.00337245 0.0912688 -2.99955e-17)
(-0.00281242 0.0920941 1.79638e-17)
(-0.00233878 0.0929074 0)
(-0.00193167 0.0936997 -1.49292e-17)
(-0.00158657 0.0944695 8.95141e-18)
(-0.00129718 0.0952211 1.49109e-17)
(-0.00105402 0.0959588 2.98061e-18)
(-0.000844383 0.0966841 -1.19177e-17)
(-0.000666583 0.0973941 -5.95422e-18)
(-0.000528033 0.0980888 0)
(-0.000419671 0.0987691 0)
(-0.000329417 0.0994444 -1.48618e-18)
(-0.000246339 0.100144 -7.42942e-19)
(-0.000169606 0.100972 7.42823e-18)
(-9.50308e-05 0.102296 1.48517e-18)
(-1.54969e-05 0.105329 -5.1978e-18)
(8.1708e-05 0.11364 -3.98499e-26)
(0.000233139 0.136348 0)
(0.00054248 0.194141 0)
(0.00122721 0.33051 -5.92525e-18)
(0.00268632 0.630204 8.8867e-18)
(0.0057686 1.2421 -2.95826e-18)
(0.0116045 2.39098 1.61221e-20)
(0.0231538 4.34513 2.97508e-18)
(0.042991 7.2879 2.95824e-18)
(0.0693723 11.0715 1.76603e-17)
(0.104604 15.0407 0)
(0.131133 18.1584 8.79477e-18)
(0.124916 19.3578 -8.77621e-18)
(0.0518281 18.5094 5.85476e-18)
(-0.0938041 16.4075 -5.81821e-18)
(-0.392152 19.7756 5.81523e-18)
(-0.373074 8.28471 0)
(-1.30397 45.4117 0)
(-0.283678 23.7777 -2.84605e-18)
(0.0062504 0.0978091 8.85585e-16)
(0.00469649 0.0922562 -1.91018e-16)
(-0.0208035 0.102733 -3.50281e-16)
(0.00974895 0.101203 8.58552e-16)
(0.00853851 0.103362 -1.23195e-20)
(0.00693498 0.105804 8.6019e-16)
(0.00471176 0.0927799 2.10034e-16)
(-0.00840588 0.104899 -9.34772e-16)
(0.00191907 0.106779 0)
(-0.00308784 0.107377 0)
(0.00189633 0.159848 -6.79979e-17)
(0.0305591 0.10015 -4.24207e-16)
(-0.0274613 0.154191 2.89687e-17)
(-0.000994684 0.0883434 -8.43091e-16)
(0.0072045 0.0893816 -9.61484e-17)
(0.00590626 0.0959793 -5.63752e-16)
(-0.00170301 0.14835 0)
(-0.00248869 0.149303 -5.97174e-17)
(0.00637745 0.090547 0)
(0.00382093 0.0910883 2.99614e-18)
(0.00280615 0.0918875 5.97785e-18)
(0.00231417 0.0927816 2.24565e-18)
(0.00195558 0.093645 3.7549e-19)
(0.00160924 0.0944515 0)
(0.00135401 0.0952217 7.52256e-18)
(0.00115318 0.0959352 -7.53213e-18)
(0.000937926 0.0966149 2.99473e-18)
(0.00080615 0.0973171 -5.97158e-18)
(0.000730369 0.0980153 1.48988e-18)
(0.000680392 0.0987109 0)
(0.000638302 0.0994172 2.97427e-18)
(0.000601278 0.100162 -1.48698e-18)
(0.000573433 0.101044 1.48573e-18)
(0.000531955 0.102429 -2.60054e-18)
(0.000478881 0.105535 3.01821e-18)
(0.000403979 0.113941 -1.12018e-22)
(0.000242259 0.13678 -1.5789e-18)
(-0.000139018 0.194804 7.42783e-19)
(-0.00106859 0.33156 -8.35927e-19)
(-0.00324132 0.631858 0)
(-0.00810366 1.24404 3.71469e-19)
(-0.0183178 2.39163 -1.8573e-19)
(-0.0373592 4.34021 -7.39768e-19)
(-0.0705134 7.26526 6.47045e-19)
(-0.120043 11.0023 9.27924e-20)
(-0.181192 14.8851 -3.71125e-19)
(-0.241756 17.8465 0)
(-0.269868 18.8074 0)
(-0.239625 17.6681 -1.48162e-18)
(-0.145969 14.8053 8.14161e-18)
(0.033946 19.177 -1.47156e-18)
(-0.0618942 3.38509 0)
(-0.122303 45.4658 5.78055e-18)
(-0.332045 16.4353 -7.36881e-20)
(-0.00497316 0.150785 3.19761e-16)
(-0.665941 70.2375 2.91185e-18)
(-0.830139 70.2147 0)
(-0.915221 70.2781 -7.1033e-19)
(-1.05561 70.2671 7.28448e-19)
(-1.07077 70.3708 1.79372e-18)
(-1.05531 70.4551 -1.43893e-18)
(-1.11723 70.4503 3.55476e-19)
(-0.881494 70.5583 7.11518e-19)
(-0.757729 70.6561 5.06325e-18)
(-0.889795 70.5098 -7.21476e-18)
(-0.891864 70.5258 -5.78226e-18)
(-0.879644 70.542 5.74442e-18)
(-1.04158 70.5274 -7.13059e-19)
(-1.23566 70.4736 1.42678e-18)
(-1.34499 70.5807 -5.80219e-18)
(-1.58041 70.6038 -1.4746e-18)
(-2.17563 70.6061 5.8052e-18)
(-2.62226 70.8953 0)
(-3.3197 71.2012 2.85021e-18)
(-4.06163 71.9596 -1.41986e-18)
(0.0068114 0.0964439 4.64265e-16)
(0.00328451 0.0916231 -1.67002e-16)
(0.0106131 0.0991715 -4.26573e-16)
(-0.0098891 0.150154 0)
(-0.00623545 0.146726 0)
(-0.0027385 0.146095 -1.10467e-16)
(-0.00138113 0.146789 -2.76771e-17)
(0.0008146 0.147572 -3.44921e-17)
(-0.000323751 0.148795 -8.48002e-17)
(-0.00260859 0.149513 1.18153e-16)
(-0.00663415 0.15114 6.42392e-17)
(0.00376897 0.088709 0)
(0.00308266 0.153564 -6.32268e-17)
(0.0304333 0.0987486 -1.10168e-20)
(0.0413476 0.104724 3.7946e-16)
(0.0324959 0.108176 -3.62368e-16)
(0.0127027 0.101576 -4.29659e-16)
(0.0116103 0.104244 0)
(0.0102523 0.106905 0)
(0.00561516 0.0926636 4.38798e-16)
(0.00846546 0.0975809 8.65447e-16)
(-0.00197915 0.153384 -8.48147e-17)
(-0.0264727 0.10073 3.5389e-16)
(-0.0268318 0.0951138 -3.66372e-16)
(-0.0259763 0.0904409 0)
(-0.0240723 0.0869265 -7.7788e-16)
(-0.0209618 0.0840921 3.912e-16)
(-0.0211041 0.0874673 -5.27236e-16)
(-0.0231362 0.0790318 -3.2237e-16)
(-0.0142365 0.0825027 1.02092e-16)
(-0.0117624 0.0837115 -1.13672e-16)
(-0.0097933 0.0846771 4.99078e-17)
(-0.00812839 0.085642 -4.9187e-17)
(-0.0067673 0.0866719 0)
(-0.00562179 0.0877 -3.03299e-18)
(-0.00469109 0.0887085 -4.53667e-18)
(-0.00391997 0.0896947 1.8073e-17)
(-0.0032628 0.0906543 6.00425e-18)
(-0.00270436 0.0915829 -2.99654e-17)
(-0.0022307 0.0924771 1.19658e-17)
(-0.00183977 0.093337 1.49337e-17)
(-0.0015101 0.0941658 -1.19374e-17)
(-0.00123524 0.0949684 7.45646e-18)
(-0.00100593 0.0957487 -7.45489e-18)
(-0.000819584 0.0965086 -2.98063e-18)
(-0.000662178 0.0972467 8.93731e-18)
(-0.000524001 0.0979635 1.4888e-18)
(-0.000409838 0.0986623 5.95286e-18)
(-0.000313395 0.0993527 -5.95144e-18)
(-0.000228994 0.100063 0)
(-0.000151392 0.100899 -1.48757e-18)
(-7.47445e-05 0.102227 -7.43697e-19)
(6.89567e-06 0.105264 -7.43536e-18)
(0.000117425 0.113579 6.69027e-18)
(0.000323833 0.136263 -7.43107e-19)
(0.000790703 0.193977 5.94161e-18)
(0.00183562 0.330149 -1.1135e-17)
(0.00414868 0.62944 5.93724e-18)
(0.0090906 1.24009 2.96476e-18)
(0.0191058 2.38635 1.48058e-18)
(0.0373969 4.33588 -2.9313e-18)
(0.066552 7.27373 8.87273e-18)
(0.110083 11.0491 -8.82817e-18)
(0.157064 15.0201 -2.95262e-18)
(0.191305 18.1565 -8.82973e-18)
(0.171181 19.4069 1.17298e-17)
(0.0606787 18.6366 -8.761e-18)
(-0.14425 16.68 5.86164e-18)
(-0.54843 19.9388 -1.16541e-17)
(-0.477022 8.88026 0)
(-1.6385 45.3439 5.66368e-18)
(-0.326984 23.4058 -3.03018e-18)
(-0.538635 70.3849 -2.91355e-18)
(0.0226577 0.106817 -9.65656e-16)
(0.0245856 0.100682 4.48306e-16)
(0.0244094 0.0964123 -4.48427e-16)
(0.0192423 0.157899 2.02089e-16)
(0.0301989 0.0941932 -4.66522e-16)
(0.00552546 0.0918733 0)
(-0.0131024 0.152344 -1.07704e-16)
(0.0285334 0.0928648 -4.94403e-16)
(0.0131497 0.148108 2.97139e-16)
(-0.000294155 0.109285 1.26141e-15)
(-0.00622013 0.109512 -8.52381e-16)
(0.00501762 0.108305 -4.27593e-16)
(0.0200336 0.101545 0)
(0.0151811 0.104918 -4.40712e-16)
(0.0162539 0.101581 4.35403e-16)
(-0.0036957 0.149647 -1.87326e-16)
(0.0191791 0.105565 -4.55829e-16)
(0.00857555 0.160422 4.5437e-17)
(0.00227468 0.148824 -1.08652e-16)
(-0.0110936 0.120228 -4.0048e-16)
(0.0293529 0.0970746 2.09094e-16)
(0.0328804 0.100883 4.01987e-16)
(0.000772645 0.150923 1.08291e-16)
(0.00150591 0.150424 -1.06948e-16)
(0.00309762 0.148682 0)
(0.00284652 0.0891784 -6.05951e-18)
(0.00302659 0.0905162 -3.77035e-18)
(0.00257819 0.0914669 1.19963e-17)
(0.00213096 0.0923818 -5.24229e-18)
(0.00176714 0.0932805 -6.74315e-18)
(0.00147326 0.0941434 7.49736e-19)
(0.00122172 0.0949656 -5.99258e-18)
(0.000977982 0.0957423 1.49463e-18)
(0.000866248 0.096487 2.98449e-18)
(0.000763908 0.0972127 0)
(0.000693038 0.0979304 -1.49057e-18)
(0.000637478 0.0986459 0)
(0.000587569 0.0993666 -1.48854e-18)
(0.000537021 0.100118 7.44009e-19)
(0.000487387 0.101003 0)
(0.000446578 0.102385 0)
(0.000391016 0.105475 -1.53331e-18)
(0.000288909 0.113823 2.97312e-18)
(4.47508e-05 0.136507 9.2708e-20)
(-0.000552883 0.194126 -1.4868e-18)
(-0.00202644 0.329914 1.39361e-19)
(-0.00549008 0.628064 1.67146e-18)
(-0.0129936 1.23598 -2.87953e-18)
(-0.0281136 2.37574 3.06417e-18)
(-0.0563192 4.31163 -1.49033e-18)
(-0.102662 7.22052 5.8036e-21)
(-0.16802 10.9429 -1.47687e-18)
(-0.24353 14.8228 1.6788e-18)
(-0.30387 17.8087 -3.71263e-19)
(-0.306442 18.8292 3.69931e-19)
(-0.213421 17.7635 -7.39164e-19)
(-0.0375831 15.0107 -2.95327e-18)
(0.331608 19.2356 -5.87779e-18)
(0.0446951 3.45408 2.96135e-18)
(0.687317 45.3503 4.38432e-18)
(-0.314139 14.1421 -2.92071e-18)
(-4.20214 73.0541 0)
(-0.0256283 0.0824447 0)
(-0.0279395 0.0851086 3.97766e-16)
(-0.0299656 0.0888244 -7.75524e-16)
(-0.0315554 0.0932866 -1.39882e-20)
(-0.0324151 0.0984291 3.67026e-16)
(-0.0326309 0.104122 -3.59129e-16)
(-0.0408887 0.166608 1.95752e-16)
(0.0075982 0.0947453 4.83512e-16)
(0.00942707 0.0869052 7.04828e-16)
(0.0134244 0.0988898 0)
(0.0202647 0.0976494 4.38778e-16)
(-0.00503546 0.152668 1.36316e-16)
(-0.00210398 0.149257 -2.43342e-16)
(0.0229621 0.110528 5.01839e-16)
(0.0137348 0.108176 -1.63062e-20)
(-0.0018727 0.0951083 -1.66936e-16)
(0.0171908 0.158877 4.9106e-17)
(-0.0293389 0.157866 2.72773e-16)
(-0.00272978 0.0978917 0)
(0.00815901 0.0963304 -8.53964e-16)
(-0.0060822 0.146874 -1.94245e-16)
(-0.00971449 0.148809 -3.29514e-16)
(2.4649e-06 0.149427 2.15682e-16)
(-0.032075 0.1107 3.55931e-16)
(-0.915582 -10.926 -6.17944e-18)
(-0.686124 -9.08384 2.87572e-18)
(-0.509835 -7.78783 1.43712e-18)
(-0.301149 -6.80519 -1.43654e-18)
(-0.170068 -6.37445 -7.08503e-19)
(-0.251294 -6.08615 3.94815e-18)
(-0.201348 -5.77707 -2.87483e-18)
(-0.17568 -6.11534 4.44153e-20)
(-0.394002 -6.28776 -7.29706e-19)
(-0.349986 -5.96079 7.30297e-19)
(-0.320337 -6.49406 7.30573e-19)
(-0.446944 -6.75119 5.76845e-18)
(-0.495175 -6.92004 -1.46247e-18)
(-0.518371 -7.1018 -5.03824e-18)
(-0.498965 -7.62338 5.95546e-18)
(-0.597792 -7.86308 -5.78292e-18)
(-0.338089 -8.30425 8.26969e-18)
(-0.446287 -9.37098 -1.15775e-17)
(-0.241754 -11.2328 8.2865e-19)
(0.144649 -14.2157 -2.96546e-18)
(0.703164 -18.6734 8.96173e-18)
(1.54959 -25.943 -8.72492e-18)
(-0.00546183 0.145684 3.39241e-16)
(-0.00488177 0.14418 -3.28613e-16)
(-0.0028192 0.143429 1.6457e-16)
(-0.000588868 0.144287 -8.12161e-17)
(0.00191149 0.145014 6.78185e-18)
(0.00483487 0.145922 2.12315e-16)
(-0.00965625 0.154961 -9.28698e-17)
(0.00574592 0.0910775 3.7652e-16)
(0.0111512 0.0969813 -4.16784e-16)
(0.0237253 0.0935946 7.75456e-21)
(0.0259556 0.0904203 0)
(0.0161606 0.08231 -1.86025e-16)
(-0.0143486 0.148106 4.40126e-16)
(-0.000489711 0.150285 1.17097e-16)
(-0.00316245 0.111717 -1.24667e-15)
(-0.0212124 0.156353 0)
(0.0214893 0.116202 -4.18194e-16)
(0.00853624 0.109795 0)
(0.0108582 0.149632 9.92993e-17)
(0.00633969 0.0919237 -4.21264e-16)
(-0.0143937 0.0498846 0)
(-0.0084229 0.148117 1.7873e-16)
(0.00296134 0.110982 -1.26123e-15)
(-0.0190471 0.0784369 -1.99331e-16)
(-0.0160812 0.0794358 1.2475e-16)
(-0.0136082 0.0805164 -1.11478e-16)
(-0.0112726 0.0816322 1.04304e-16)
(-0.00934348 0.0828856 0)
(-0.00772689 0.0841437 -6.19797e-18)
(-0.00630188 0.0854091 0)
(-0.00515653 0.0866406 -1.52159e-18)
(-0.00422573 0.0878279 -1.51497e-18)
(-0.00348099 0.0889674 0)
(-0.00289622 0.090056 3.00588e-18)
(-0.00242281 0.0910898 8.99662e-18)
(-0.00201395 0.0920686 -1.19733e-17)
(-0.00165408 0.0929972 -4.4818e-18)
(-0.00135618 0.0938837 4.47826e-18)
(-0.00110889 0.0947347 -7.45813e-18)
(-0.000903621 0.0955544 2.12995e-22)
(-0.000728312 0.0963453 7.45421e-18)
(-0.000583096 0.0971087 5.96051e-18)
(-0.000462109 0.097846 -7.44794e-18)
(-0.000358078 0.0985615 0)
(-0.000267187 0.0992648 -5.95483e-18)
(-0.000187485 0.0999852 6.69794e-18)
(-0.000114128 0.100826 7.43913e-19)
(-4.20375e-05 0.102157 0)
(4.25111e-05 0.105191 1.11565e-18)
(0.000176862 0.113471 0)
(0.000462577 0.13606 7.43658e-19)
(0.00112138 0.193542 0)
(0.0026688 0.329129 -7.42856e-19)
(0.00620848 0.627002 0)
(0.0137869 1.23491 0)
(0.0289868 2.37539 6.7805e-23)
(0.0562268 4.31675 -7.38262e-18)
(0.100341 7.24334 2.98324e-18)
(0.16036 11.0114 2.9534e-18)
(0.223043 14.9894 2.94865e-18)
(0.258465 18.1623 2.94416e-18)
(0.222429 19.4902 2.93226e-18)
(0.059226 18.823 5.85948e-18)
(-0.210117 17.0411 -2.89498e-18)
(-0.738935 20.1248 -5.67262e-20)
(-0.614751 9.62946 -1.17088e-17)
(-2.21326 45.2831 1.78724e-20)
(-0.356403 22.8678 0)
(-0.544585 70.6765 0)
(-0.88523 -13.7874 0)
(-0.045287 0.100866 8.25665e-16)
(0.0323002 0.138306 -2.55341e-16)
(-0.0125945 0.0679413 2.84883e-17)
(0.0166916 0.0983559 -1.41327e-20)
(-0.00325079 0.149425 1.81142e-21)
(0.0181596 0.108854 4.58024e-16)
(-0.00129055 0.157704 9.3821e-17)
(0.0186571 0.077667 -1.87196e-16)
(-0.000507107 0.0914265 3.93931e-16)
(0.000846388 0.154806 8.38559e-17)
(0.00673093 0.0959838 -3.88545e-16)
(-0.0161355 0.0884878 -4.1537e-16)
(-0.0264742 0.0778378 -3.1783e-21)
(-0.0291428 0.0796897 -4.36557e-16)
(-0.0321217 0.0822156 -4.07692e-16)
(-0.0348876 0.0859655 7.88e-16)
(-0.0371052 0.090741 -3.85101e-16)
(-0.0387006 0.0963804 0)
(-0.0394667 0.102848 -4.28916e-21)
(-0.0393033 0.109953 -7.43008e-16)
(-0.0303228 0.116048 3.64968e-16)
(-0.0381045 0.116933 -3.83578e-16)
(0.0105932 0.07947 4.03919e-21)
(0.0316038 0.0812334 2.15404e-16)
(0.00575915 0.0837509 -4.66208e-16)
(-0.0198652 0.0787854 5.38594e-16)
(0.00661481 0.0861851 1.91938e-16)
(0.006015 0.0874609 -6.21098e-18)
(0.00383958 0.0885288 9.08089e-18)
(0.00284416 0.0897513 7.52194e-19)
(0.00226276 0.0909195 -1.19934e-17)
(0.00183914 0.0919828 1.04769e-17)
(0.00151097 0.0929632 1.86868e-19)
(0.00124368 0.0938834 5.23432e-18)
(0.00104391 0.094755 -5.97942e-18)
(0.000865802 0.0955725 1.49264e-18)
(0.000752409 0.0963559 0)
(0.000653018 0.0971146 0)
(0.000575024 0.0978568 2.97689e-18)
(0.000510554 0.0985888 2.97691e-18)
(0.000467522 0.0993206 1.48823e-18)
(0.000428328 0.100078 -2.2319e-18)
(0.000392703 0.100962 -1.85961e-19)
(0.000350457 0.102335 1.48752e-18)
(0.000283292 0.105391 -1.48766e-18)
(0.000139465 0.113642 -9.29707e-20)
(-0.000211613 0.136064 0)
(-0.00112491 0.193024 0)
(-0.00335694 0.327289 -9.2964e-20)
(-0.00850391 0.62218 -1.85929e-19)
(-0.0195486 1.22375 -9.29646e-20)
(-0.0414609 2.3524 1.39031e-18)
(-0.080828 4.27178 -1.53732e-18)
(-0.143803 7.16097 -1.3855e-18)
(-0.229162 10.8696 1.63276e-20)
(-0.31881 14.7568 1.67977e-18)
(-0.378061 17.7872 -1.11202e-18)
(-0.356445 18.8963 2.59713e-18)
(-0.202412 17.9307 2.9518e-21)
(0.0682905 15.364 1.4792e-18)
(0.679821 19.3021 0)
(0.210962 3.86824 -2.94625e-18)
(2.18672 45.0199 -2.92815e-18)
(-0.329262 11.3203 0)
(-1.14751 73.7318 0)
(0.726395 -36.0242 2.92225e-18)
(-0.00279894 0.154692 2.02736e-16)
(0.00132496 0.153505 1.03607e-16)
(0.00467369 0.151433 -2.08344e-16)
(0.00768929 0.148172 -4.68674e-16)
(-0.0127719 0.158661 7.34704e-17)
(-0.00892899 0.0865914 -2.54945e-17)
(0.034772 0.0881015 4.08599e-16)
(0.040233 0.0881256 0)
(0.0411034 0.0969053 3.83946e-16)
(0.0340925 0.130617 -4.56959e-16)
(0.0407314 0.111914 3.84183e-16)
(0.0388847 0.120306 4.06033e-16)
(-0.00178504 0.0974215 -4.57528e-16)
(-0.0228733 0.076401 -5.91223e-16)
(0.00762502 0.0865354 0)
(0.00812877 0.0888049 0)
(0.0137972 0.096309 -4.16367e-16)
(0.0200887 0.0946445 8.62597e-16)
(0.0256774 0.0865115 0)
(0.0232336 0.076822 6.84208e-16)
(-0.0034656 0.149669 -1.234e-16)
(-0.00064856 0.148568 8.72765e-17)
(-0.025599 0.11311 -3.37514e-16)
(-0.00666103 0.114977 1.6338e-15)
(0.000598951 0.0963669 5.08008e-16)
(0.0167717 0.150771 -2.80561e-16)
(0.00593406 0.0940772 0)
(0.0241448 0.144201 0)
(0.0205137 0.140674 -3.55765e-16)
(0.0229826 0.112011 -4.71008e-16)
(0.0122917 0.111463 4.31141e-16)
(0.00979716 0.147065 3.30354e-21)
(0.00682733 0.0922447 -7.22393e-21)
(0.0102352 0.0915336 2.14326e-16)
(0.0140178 0.0810182 -4.49218e-16)
(0.0322611 0.0840051 -3.7565e-16)
(-0.0259816 0.142864 3.02051e-16)
(-0.0291141 0.148843 -1.33371e-16)
(-0.0172166 0.148721 1.98176e-16)
(-0.0234481 0.0830866 -4.49686e-16)
(-0.0250238 0.0813213 5.31801e-16)
(-0.0120668 0.143907 -5.60795e-17)
(-0.00732151 0.14181 5.53617e-17)
(-0.00601424 0.141632 0)
(-0.00372307 0.14117 1.35563e-16)
(-0.00224771 0.140634 -2.70416e-17)
(0.000211434 0.141364 0)
(0.00295982 0.141642 -3.32511e-18)
(0.00644523 0.142179 0)
(0.0102178 0.143344 5.19108e-17)
(0.0117998 0.0947111 -3.98463e-16)
(0.00707693 0.0908493 1.34592e-20)
(0.00649225 0.112925 8.33933e-16)
(0.000351776 0.113537 -2.67435e-20)
(-0.0134103 0.147586 5.5274e-17)
(0.0443463 0.146747 9.71617e-16)
(0.0151308 0.0770747 0)
(-0.0196258 0.075773 3.71758e-17)
(-0.0162141 0.0767933 7.75382e-17)
(-0.0131642 0.0780584 -1.39154e-17)
(-0.0107292 0.0795027 0)
(-0.00869003 0.081059 -2.54734e-17)
(-0.00697931 0.0826351 2.48974e-17)
(-0.00569136 0.0841734 1.84269e-17)
(-0.00466111 0.085633 -1.0655e-17)
(-0.00381814 0.0870111 6.05432e-18)
(-0.00312016 0.0883027 -6.02965e-18)
(-0.00254154 0.0895109 6.01258e-18)
(-0.00206788 0.0906405 -2.99926e-18)
(-0.00169109 0.0916977 0)
(-0.00139053 0.0926918 2.98818e-18)
(-0.0011366 0.0936324 2.98493e-18)
(-0.000925989 0.0945274 -1.49188e-18)
(-0.000751043 0.0953824 -3.72804e-18)
(-0.000604171 0.0962005 -1.49082e-18)
(-0.000478099 0.0969845 5.96188e-18)
(-0.000369233 0.0977386 -5.9608e-18)
(-0.00027559 0.0984682 0)
(-0.000194547 0.099183 0)
(-0.000121271 0.0999125 -1.11689e-18)
(-5.48053e-05 0.10076 -3.72255e-19)
(8.99363e-06 0.102089 -5.95478e-18)
(9.8167e-05 0.105098 5.58205e-18)
(0.00026963 0.113303 6.13868e-18)
(0.000653588 0.135695 -5.95248e-18)
(0.00159844 0.192665 -5.85842e-18)
(0.00389459 0.327061 5.92933e-18)
(0.00912799 0.622378 0)
(0.0202902 1.22512 0)
(0.0420017 2.35709 -7.42643e-19)
(0.0807484 4.28514 3.68559e-18)
(0.141758 7.19654 -5.65966e-20)
(0.222249 10.9567 -4.47368e-18)
(0.302502 14.9486 2.95731e-18)
(0.34599 18.1752 -2.94285e-18)
(0.295376 19.6073 2.95465e-18)
(0.0834007 19.0709 -2.92923e-18)
(-0.260631 17.509 8.79118e-18)
(-0.946547 20.3649 5.79034e-18)
(-0.774636 10.6203 -5.89887e-18)
(-3.12191 45.102 2.95422e-18)
(-0.320128 22.1449 -5.70639e-18)
(-0.930386 70.7942 9.07071e-21)
(-0.663287 -18.5888 -4.34587e-19)
(8.66501 129.233 4.95148e-18)
(5.27961 129.978 8.14628e-19)
(3.27881 129.688 2.96683e-18)
(1.88033 129.802 0)
(0.964635 129.903 2.92686e-18)
(0.320506 129.939 -2.93432e-18)
(-0.12967 129.976 0)
(-0.49388 130.048 1.85642e-20)
(-0.723788 130.188 1.48686e-19)
(-0.875375 130.103 5.54122e-18)
(-1.02388 130.039 -5.87199e-18)
(-1.01786 130.202 -5.57775e-18)
(-1.08839 130.04 1.11547e-17)
(-1.11359 130 -1.17568e-17)
(-1.21641 129.963 5.87751e-18)
(-1.61924 129.89 0)
(-1.59497 129.84 -1.30822e-17)
(-2.16446 129.76 1.177e-17)
(-2.59435 129.951 3.82015e-18)
(-3.78425 130.035 6.50467e-18)
(-6.06529 129.954 -7.73853e-18)
(-8.49861 130.383 0)
(-12.328 131.652 -1.29962e-18)
(-15.1662 132.936 6.47191e-18)
(-10.2313 133.299 -7.13575e-18)
(0.022947 0.0908794 -4.28583e-16)
(0.00381959 0.146164 2.64304e-17)
(-0.0360378 0.124661 8.26658e-16)
(-0.0286364 0.122951 3.94727e-16)
(0.0235888 0.120617 -4.15252e-16)
(-0.0265442 0.069572 0)
(-0.0160492 0.146134 0)
(-0.00934389 0.162864 -2.17718e-16)
(-0.000276504 0.0962068 1.56665e-15)
(0.00635454 0.0924852 -2.39732e-16)
(-0.0272566 0.0730429 -4.17917e-16)
(-0.0321745 0.0751846 -7.92236e-21)
(-0.0363674 0.0780067 -7.20299e-21)
(-0.0400916 0.0819342 3.99007e-16)
(-0.0433322 0.086951 -3.91662e-16)
(-0.0459166 0.0931989 0)
(-0.047587 0.100503 7.67274e-16)
(-0.0481828 0.108602 3.84668e-16)
(-0.0475141 0.117224 0)
(-0.0453155 0.126182 -4.16652e-16)
(-0.0357607 0.14315 5.97475e-16)
(-0.0323917 0.132657 -9.27931e-16)
(-0.0415185 0.135071 9.38565e-16)
(0.00668021 0.0881167 0)
(0.0168185 0.0955297 -1.09438e-20)
(0.0229225 0.0834752 6.69366e-16)
(-0.00307718 0.148506 1.48493e-17)
(-0.0171076 0.116571 1.76172e-16)
(0.0041365 0.0930791 6.08461e-16)
(0.017422 0.151917 -5.16975e-16)
(-0.02701 0.1403 -2.7787e-16)
(0.0257592 0.133555 1.49918e-20)
(0.0168229 0.112309 4.44215e-16)
(0.00721553 0.141551 1.90741e-16)
(0.00697754 0.0932236 -2.42213e-16)
(-0.0194159 0.14379 -3.52763e-16)
(0.0161985 0.0808302 3.98638e-16)
(0.0500349 0.119214 0)
(0.0504622 0.110721 -3.85099e-16)
(0.0497256 0.101879 3.86193e-21)
(0.0475133 0.0936789 -3.87467e-16)
(0.0441324 0.0873048 0)
(0.0404013 0.0830863 0)
(0.0381955 0.0753181 1.10083e-15)
(0.0283678 0.0730903 -7.94664e-16)
(-0.00516116 0.149981 -9.48424e-17)
(-0.0122119 0.0843411 -9.0238e-17)
(-0.00667651 0.159029 -9.70327e-17)
(-0.00191751 0.157942 -4.93992e-17)
(0.00242191 0.15652 -2.01827e-16)
(0.00709969 0.154269 4.09642e-16)
(0.012443 0.150464 2.0687e-16)
(0.0169284 0.144753 0)
(0.0112038 0.0902609 7.31361e-16)
(0.00800191 0.0909683 -8.5804e-16)
(-0.00776818 0.0125102 0)
(0.00390392 0.115702 1.61804e-15)
(-0.0200794 0.136129 5.82928e-17)
(-0.0108912 0.136714 -6.17287e-17)
(-0.0120969 0.137286 0)
(-0.00734029 0.136676 0)
(-0.00578051 0.137444 -1.06422e-16)
(-0.00317749 0.137586 -2.65939e-17)
(-0.00155307 0.137331 7.95898e-17)
(0.000811904 0.137835 -1.31797e-17)
(0.00361734 0.137643 -1.01413e-16)
(0.00729824 0.137561 1.16616e-16)
(0.0116838 0.137149 -2.05061e-16)
(0.019177 0.137062 2.5716e-16)
(0.0465018 0.147563 -6.26564e-16)
(-0.0136449 0.144976 0)
(0.0124997 0.0791511 0)
(-0.0153603 0.105919 1.09065e-15)
(0.00304367 0.0970112 2.47538e-16)
(0.0158692 0.0484634 -1.16339e-16)
(-0.00401753 0.0991817 0)
(-0.0220631 0.0706573 -1.26525e-16)
(-0.0186303 0.072138 1.25127e-16)
(-0.0153513 0.073653 -5.84577e-17)
(-0.0123482 0.0753792 0)
(-0.00980926 0.07726 0)
(-0.0076821 0.079205 6.31233e-18)
(-0.00610198 0.0811449 -8.41805e-23)
(-0.00488993 0.0829808 -6.13931e-18)
(-0.00389348 0.0846912 3.80021e-19)
(-0.00311294 0.0862645 -3.77871e-19)
(-0.00249916 0.0877047 -3.01008e-18)
(-0.00200877 0.089026 4.86859e-23)
(-0.00161813 0.0902418 0)
(-0.00130263 0.0913668 1.49668e-18)
(-0.00104937 0.0924157 8.96539e-18)
(-0.000851426 0.093402 -8.95607e-18)
(-0.000684752 0.0943339 -4.47501e-18)
(-0.000546207 0.0952173 -7.45374e-19)
(-0.000429132 0.0960565 5.21807e-18)
(-0.000328513 0.0968569 -5.96222e-18)
(-0.000242113 0.0976242 5.5888e-18)
(-0.000167763 0.0983645 -5.96017e-18)
(-0.000104473 0.0990878 5.95931e-18)
(-5.03681e-05 0.0998233 7.44801e-19)
(2.73492e-06 0.100674 3.7232e-19)
(7.01818e-05 0.101993 -1.86123e-19)
(0.000175956 0.104954 -5.95498e-18)
(0.000384672 0.113033 5.95491e-18)
(0.000896676 0.135075 -5.95326e-18)
(0.00223339 0.191154 5.67469e-18)
(0.00549525 0.323534 6.97542e-20)
(0.0128805 0.614696 -5.94638e-18)
(0.0284237 1.2096 -3.57747e-19)
(0.0585017 2.32836 1.07712e-17)
(0.111156 4.23766 -1.11335e-17)
(0.19256 7.12939 5.21946e-18)
(0.297072 10.8819 -1.48281e-18)
(0.397458 14.8957 2.94955e-18)
(0.451666 18.1907 -2.97547e-18)
(0.397694 19.7499 4.42499e-18)
(0.154776 19.382 2.93969e-18)
(-0.265579 18.095 -2.92895e-18)
(-1.10531 20.6823 -8.7456e-18)
(-0.962658 12.1102 5.8627e-18)
(-4.31732 44.7769 -2.86248e-18)
(-0.09084 21.2715 8.74114e-18)
(-3.31565 69.9598 -2.86629e-18)
(0.589857 -27.4758 6.59183e-20)
(3.71504 119.175 -9.48312e-19)
(10.6829 -206.173 -1.0258e-18)
(6.83337 -202.38 -3.7163e-18)
(0.483724 -199.641 3.36128e-19)
(-0.864232 -200.512 0)
(-0.678553 -199.414 2.894e-18)
(-0.550693 -198.5 2.33282e-18)
(-0.356301 -197.92 -1.21362e-17)
(-0.322194 -197.956 5.78539e-18)
(-0.457641 -197.623 5.74276e-18)
(-0.48265 -197.278 -1.18169e-17)
(-0.301304 -197.59 1.15843e-17)
(-0.584292 -198.28 -5.60099e-19)
(-0.698312 -197.522 -1.20633e-17)
(-0.539256 -198.162 7.30278e-18)
(-0.766259 -198.236 -5.80083e-18)
(-0.682751 -198.034 6.08143e-18)
(-0.61899 -198.458 0)
(-0.81329 -199.155 0)
(-0.57745 -199.28 -2.27023e-18)
(-0.666447 -199.549 -7.70684e-18)
(-0.607429 -198.572 4.86706e-18)
(0.321043 -200.651 1.90046e-18)
(1.35482 -201.147 -5.8259e-18)
(2.9252 -197.214 1.16972e-17)
(3.30581 -193.153 -6.77308e-18)
(-11.4029 -200.766 1.87969e-18)
(-22.3741 -195.44 0)
(3.39807 123.618 4.25016e-18)
(-2.78042 -42.416 1.25013e-18)
(5.03282 72.6297 0)
(-0.545145 10.7512 0)
(4.26406 44.6811 -1.46334e-18)
(0.44656 5.16786 0)
(1.01509 19.4504 0)
(0.138638 15.9087 0)
(-0.233092 18.1809 1.47628e-18)
(-0.433966 19.0011 -1.48382e-18)
(-0.470532 17.7775 1.49248e-18)
(-0.40639 14.6844 -1.4328e-18)
(-0.300653 10.7796 -1.49408e-18)
(-0.193416 7.08258 2.97117e-18)
(-0.110796 4.21684 -1.41121e-18)
(-0.0578141 2.31929 -4.64796e-20)
(-0.0277959 1.20587 1.51195e-18)
(-0.0123528 0.613365 -1.57938e-18)
(-0.0050568 0.323244 4.64946e-20)
(-0.00185123 0.191283 -1.48791e-18)
(-0.000542083 0.13536 -1.8618e-19)
(-5.04788e-05 0.113353 4.639e-20)
(0.000140985 0.105254 1.48789e-18)
(0.000226725 0.102252 2.97596e-18)
(0.000273459 0.100895 -2.79003e-18)
(0.000308891 0.100014 -1.86018e-19)
(0.000341833 0.0992537 -2.79092e-18)
(0.000381444 0.0985158 2.97777e-18)
(0.000427816 0.0977719 -2.97882e-18)
(0.000490662 0.0970106 1.4896e-18)
(0.00056649 0.0962258 2.7961e-18)
(0.000669229 0.0954125 0)
(0.0007962 0.094561 7.46115e-18)
(0.00096557 0.0936575 -5.97225e-18)
(0.00116694 0.0926977 1.98325e-19)
(0.00144134 0.0916797 1.49389e-18)
(0.00178401 0.0906018 5.9857e-18)
(0.00221063 0.0894745 -3.00013e-18)
(0.00273343 0.0882497 -1.20219e-17)
(0.00302849 0.0866687 3.00736e-17)
(0.00192892 0.0845857 -1.74935e-16)
(0.00714672 0.0836116 0)
(0.00511127 0.0809364 9.74059e-17)
(0.00483985 0.078661 -9.21655e-17)
(0.0485626 0.125054 4.13038e-16)
(0.013532 0.081872 0)
(-0.0165653 0.082088 -1.11287e-16)
(0.0210472 0.0708776 3.94709e-16)
(0.0227459 0.0715583 0)
(0.00759435 0.0928929 -2.49104e-16)
(0.0290738 0.0674614 1.38526e-15)
(-0.00367678 0.115419 4.01572e-16)
(-0.039278 0.14773 1.81782e-20)
(0.00844263 0.0892803 3.87276e-16)
(0.011148 0.0841421 3.62044e-16)
(0.0196028 0.0921008 -4.19336e-16)
(0.014035 0.0937768 0)
(0.018093 0.08215 -3.80451e-16)
(0.0220491 0.0880326 4.01222e-16)
(0.000834019 0.147093 8.10247e-17)
(-0.00655724 0.146016 8.3005e-17)
(-0.0225579 0.121925 0)
(-0.0202984 0.139119 2.42589e-16)
(-0.0255462 0.129955 -4.32975e-16)
(0.0228339 0.125181 7.75903e-21)
(0.0217256 0.13006 -7.41121e-16)
(0.0104661 0.115222 4.1716e-16)
(0.0197246 0.118109 -4.23564e-16)
(0.00630426 0.142488 0)
(0.00807599 0.1374 1.02345e-16)
(0.051797 0.138621 3.48115e-16)
(0.00744301 0.0910625 9.4027e-16)
(0.00928992 0.139999 -6.38375e-18)
(0.0148987 0.117036 8.84382e-21)
(0.0218409 0.128783 3.9141e-16)
(-0.0222263 0.135496 2.34394e-16)
(-0.00977164 0.122594 6.66827e-16)
(-0.0135427 0.123694 -4.14768e-16)
(-0.00336205 0.146799 1.36646e-17)
(0.0205839 0.08516 -3.80841e-16)
(0.0165396 0.093075 -4.11689e-16)
(0.00835136 0.0877602 -3.75513e-16)
(-0.0485156 0.139455 -8.6102e-16)
(-0.054167 0.129259 1.20415e-15)
(-0.0574964 0.117789 -3.91341e-16)
(-0.0577539 0.107107 -3.89521e-16)
(-0.055987 0.0976095 -7.79906e-16)
(-0.0527364 0.0894872 3.92151e-16)
(-0.0486745 0.0826028 7.87797e-16)
(-0.044321 0.0770078 1.46679e-21)
(-0.0399856 0.0725128 4.05954e-16)
(-0.0362162 0.0685913 4.19054e-16)
(-0.0332709 0.0640962 -2.2716e-21)
(-0.00736443 0.118145 -8.41335e-16)
(0.0186834 0.0787592 0)
(0.00483876 0.0945059 0)
(0.0349967 0.0698441 -3.69823e-16)
(0.04024 0.0720527 -3.75396e-16)
(0.045143 0.0765003 -7.24984e-21)
(0.0494433 0.0826621 -7.66679e-21)
(0.0535931 0.0903277 -1.70873e-20)
(0.0570733 0.0997782 -3.87674e-16)
(0.0591967 0.111138 -7.75323e-16)
(0.0583851 0.124106 -3.80915e-16)
(0.018287 0.0757605 -3.88566e-16)
(0.0116751 0.0968005 -3.65804e-16)
(0.0106767 0.163112 2.27039e-17)
(0.00702455 0.165561 4.59088e-17)
(0.00141459 0.164036 -4.70647e-17)
(-0.00541185 0.162899 -9.93834e-22)
(0.00122914 0.0976529 -4.09201e-16)
(0.0647915 0.135933 0)
(0.0133639 0.0905437 8.38429e-21)
(0.00943609 0.135435 -7.6414e-16)
(0.0151652 0.0827707 0)
(-0.0140367 0.141064 1.073e-16)
(0.0163402 0.0716422 5.49846e-16)
(-0.0073692 0.164896 0)
(-0.0010811 0.162936 3.47436e-22)
(0.00305701 0.161116 2.02035e-16)
(0.00922891 0.159863 -3.09175e-16)
(0.0162069 0.155827 0)
(0.0227023 0.147476 0)
(0.0273916 0.135433 0)
(0.0139225 0.0881968 0)
(-0.0077299 0.08635 -3.1716e-16)
(0.0144034 0.0669441 0)
(0.0159539 0.0697506 0)
(0.00734957 0.0723236 -9.62005e-17)
(0.00799374 0.0756856 8.07864e-17)
(0.0075094 0.0777084 2.58777e-17)
(0.00523083 0.0795974 0)
(0.00408988 0.0819942 -1.17584e-17)
(0.00327217 0.0836648 0)
(0.0024396 0.0853079 -2.36658e-17)
(0.00198226 0.087046 1.04275e-22)
(0.00156908 0.0886193 4.48438e-18)
(0.00123504 0.089967 5.97735e-18)
(0.000989131 0.0911577 -1.19474e-17)
(0.000798205 0.0922345 5.95838e-18)
(0.000651414 0.0932298 0)
(0.000534342 0.0941583 -1.49092e-18)
(0.000443934 0.0950314 2.23562e-18)
(0.000364518 0.0958607 1.8624e-19)
(0.000311795 0.0966582 -5.21476e-18)
(0.000268811 0.0974292 0)
(0.000233626 0.0981796 -3.3494e-18)
(0.00020016 0.0989199 -9.29207e-20)
(0.000172391 0.0996772 1.86162e-19)
(0.000146744 0.100547 4.46514e-18)
(0.000109916 0.101868 -1.5115e-18)
(2.56576e-05 0.104787 0)
(-0.000217061 0.112664 4.64997e-20)
(-0.000930835 0.13405 1.85987e-19)
(-0.00279997 0.188482 -1.51087e-18)
(-0.00723928 0.31714 1.48813e-18)
(-0.0171971 0.600541 1.57957e-18)
(-0.0380281 1.18065 -1.46555e-18)
(-0.0779856 2.27368 4.64761e-20)
(-0.147361 4.14296 -1.1613e-20)
(-0.253314 6.98012 1.38581e-18)
(-0.386719 10.6661 -2.97184e-18)
(-0.516881 14.5935 1.49439e-18)
(-0.602988 17.7566 -1.48321e-18)
(-0.575972 19.1149 3.15275e-18)
(-0.339682 18.4788 -3.14124e-18)
(0.111858 16.5944 1.47455e-18)
(1.13028 19.6858 0)
(0.594792 7.47402 -1.47288e-18)
(5.78591 44.1165 1.46573e-18)
(-0.74733 13.4876 0)
(11.3115 70.6006 0)
(-4.64901 -37.2254 -2.90845e-18)
(20.4463 120.964 -2.96637e-18)
(-1.72117 -168.821 5.05062e-19)
(0.0164935 0.123059 0)
(0.00819135 0.118617 -7.87823e-16)
(-17.5095 241.776 7.37066e-19)
(-0.203831 300.121 -2.30612e-18)
(1.98747 301.004 1.42883e-18)
(1.99702 298.458 0)
(1.72823 298.425 2.06034e-19)
(0.998227 298.505 6.13401e-18)
(0.272285 298.268 -5.5977e-18)
(-0.250018 298.244 -2.57398e-20)
(-0.645618 298.082 8.44883e-21)
(-0.91428 297.778 -5.87069e-18)
(-0.949441 297.728 1.16337e-17)
(-1.08668 297.849 -5.6987e-18)
(-1.26905 297.557 0)
(-1.04915 297.434 5.71043e-18)
(-1.19874 297.38 -5.84743e-18)
(-1.33242 297.365 -3.22341e-20)
(-1.62624 297.318 -4.1198e-19)
(-1.67815 297.125 1.03022e-19)
(-1.91193 296.881 6.97798e-18)
(-2.15096 297.251 -1.17897e-17)
(-4.333 297.166 5.8834e-18)
(-4.74526 296.559 -5.92178e-18)
(-4.62841 295.108 -4.42835e-19)
(-1.83822 294.018 5.90497e-18)
(2.82656 295.808 0)
(8.75299 284.221 -2.90348e-18)
(22.7754 224.292 2.97874e-18)
(15.7771 175.48 -1.69236e-18)
(0.0509507 0.154711 -1.79678e-16)
(-0.0199533 0.125984 -1.98972e-16)
(-0.0120869 0.129176 5.78261e-17)
(-0.00959232 0.130778 6.46491e-22)
(-0.00674672 0.131486 2.59348e-17)
(-0.00494766 0.13278 2.60518e-17)
(-0.0027396 0.133402 0)
(-0.001024 0.133441 -1.17412e-16)
(0.00112149 0.133687 1.30014e-17)
(0.00365767 0.13311 1.03047e-16)
(0.00702424 0.132289 -1.28208e-17)
(0.0115691 0.130482 1.01978e-16)
(0.0181239 0.128417 -1.25987e-16)
(0.0263254 0.123949 2.00046e-16)
(-0.0145924 0.154839 1.93895e-16)
(-0.0163878 0.152015 -5.96894e-16)
(-0.0272863 0.137816 -1.38252e-20)
(-0.0237399 0.121996 -5.99779e-21)
(-0.0217097 0.0655416 0)
(-0.0198502 0.0663194 0)
(-0.0168037 0.0678996 0)
(-0.0136906 0.0698457 1.28009e-21)
(-0.0106573 0.0721002 1.05663e-16)
(-0.00793145 0.0745808 -5.12589e-17)
(-0.00603556 0.0771127 3.75793e-17)
(-0.00466437 0.0795164 0)
(-0.00355051 0.0817068 -6.10345e-18)
(-0.00276134 0.0836716 6.05772e-18)
(-0.00217817 0.0854215 0)
(-0.00173066 0.0869864 3.75545e-19)
(-0.00137912 0.088399 3.00021e-18)
(-0.00109857 0.0896844 -1.49862e-18)
(-0.00087206 0.0908634 2.99269e-18)
(-0.000685828 0.0919553 -8.96791e-18)
(-0.000533645 0.0929738 1.49269e-18)
(-0.000417105 0.0939294 -6.7126e-18)
(-0.000320854 0.0948295 2.11159e-22)
(-0.00023836 0.0956805 6.70893e-18)
(-0.000168043 0.0964897 5.96246e-18)
(-0.000104642 0.0972646 -5.21598e-18)
(-4.81794e-05 0.0980122 1.86278e-19)
(4.19831e-06 0.0987414 0)
(5.3158e-05 0.0994772 5.58645e-18)
(9.63905e-05 0.100313 -5.9577e-18)
(0.000146334 0.101596 1.86148e-19)
(0.000238099 0.104487 5.95609e-18)
(0.000484339 0.112368 -6.14201e-18)
(0.00120503 0.133841 0)
(0.00309428 0.18855 2.0933e-19)
(0.00757925 0.317897 -3.02203e-18)
(0.0176331 0.602897 2.97758e-18)
(0.03859 1.18643 3.71944e-19)
(0.0786704 2.28656 1.85873e-19)
(0.148057 4.17016 2.96103e-18)
(0.25368 7.03627 -5.19575e-18)
(0.386223 10.7804 3.35641e-18)
(0.51436 14.8189 -3.69505e-18)
(0.596491 18.1865 5.19774e-18)
(0.565633 19.8862 -5.17918e-18)
(0.305521 19.7156 0)
(-0.167899 18.7573 2.94273e-18)
(-1.05813 21.0847 0)
(-0.942683 14.1733 -2.914e-18)
(-5.09332 44.2004 2.91671e-18)
(0.170182 22.3241 -2.90798e-18)
(-7.63667 68.4351 5.80223e-18)
(1.95346 -27.6368 0)
(-12.5363 116.597 -1.47223e-18)
(-2.77513 -185.805 1.02648e-20)
(-17.3213 198.382 0)
(-0.0147773 0.136906 0)
(-0.019268 0.128364 4.0605e-16)
(0.00219409 0.144079 -1.00354e-16)
(-0.00753421 0.142223 0)
(0.0162111 0.0850886 0)
(0.0187505 0.0898805 8.17465e-16)
(0.010068 0.0891758 -8.98836e-21)
(0.00957015 0.0874612 1.15376e-20)
(-0.00510427 0.127372 7.44826e-16)
(-4.50223e-05 0.117357 -1.21756e-15)
(-0.0277078 0.0594198 0)
(-0.00549713 0.120365 0)
(-0.00202591 0.0966915 -1.10644e-20)
(0.0335451 0.0570222 -7.7401e-16)
(0.0379403 0.0612181 1.44296e-21)
(0.0436717 0.0642848 -3.75584e-16)
(0.0498931 0.0682187 3.80748e-16)
(0.0559968 0.0735771 -3.87084e-16)
(0.061739 0.08043 0)
(0.0667525 0.0894652 1.18388e-15)
(0.0703591 0.101457 -3.95223e-16)
(0.0707058 0.116891 3.92014e-16)
(0.00703872 0.161188 2.11601e-16)
(0.00314512 0.0930315 -4.43531e-16)
(0.030626 0.16625 5.02777e-16)
(0.0270422 0.168696 1.47695e-16)
(0.00974581 0.170867 -1.62301e-16)
(0.00146869 0.166747 5.27426e-17)
(-0.0318747 0.0602397 4.6371e-16)
(-0.0603381 0.134857 -7.21564e-16)
(-0.0688614 0.126676 -3.70934e-16)
(-0.0706305 0.114128 3.90455e-16)
(-0.0693548 0.100106 0)
(-0.065519 0.0884583 0)
(-0.0604468 0.0796003 -3.93842e-16)
(-0.0549442 0.0730023 0)
(-0.0492462 0.0680319 -5.84603e-21)
(-0.0435207 0.0643279 -4.00235e-16)
(-0.0379733 0.0615545 -8.3186e-16)
(0.00889643 0.0890185 3.80944e-16)
(0.0156153 0.0911662 -4.06103e-16)
(0.0177481 0.0878829 -4.07943e-16)
(-0.00364094 0.143572 2.51832e-17)
(-0.0125639 0.127588 -5.88093e-16)
(-0.0168539 0.133424 -8.32462e-16)
(0.0133794 0.127843 -3.82458e-16)
(0.0113967 0.122066 0)
(0.0205193 0.0598146 0)
(0.0201427 0.0612818 2.34456e-16)
(0.017798 0.0619126 -1.08495e-16)
(0.0132593 0.0646985 -9.88142e-17)
(0.00917684 0.0666412 9.722e-17)
(0.00610656 0.069226 0)
(0.00428081 0.0727884 0)
(0.00314478 0.0761004 0)
(0.0022864 0.0788059 1.18789e-17)
(0.0015635 0.0809852 0)
(0.00114377 0.0828011 5.92843e-18)
(0.000932722 0.0844365 0)
(0.000771177 0.0859229 1.49158e-18)
(0.000631724 0.087249 0)
(0.000502714 0.0884372 0)
(0.000393841 0.0895108 0)
(0.000305119 0.0904926 0)
(0.000237931 0.0914033 -2.98047e-18)
(0.000184639 0.0922572 7.45106e-19)
(0.000142676 0.0930652 2.97943e-18)
(0.000106476 0.0938392 -2.23413e-18)
(7.73807e-05 0.0945865 2.97822e-18)
(5.43084e-05 0.0953127 3.25673e-18)
(3.64464e-05 0.0960251 -1.58167e-18)
(1.93294e-05 0.0967508 -1.48857e-18)
(-2.97095e-06 0.0975838 1.46516e-18)
(-8.05141e-05 0.0988539 -1.46515e-18)
(-0.000240944 0.101644 0)
(-0.000478331 0.109112 0)
(-0.00109448 0.1295 -1.47625e-18)
(-0.00308404 0.181758 1.51147e-18)
(-0.00822836 0.305725 0)
(-0.0199489 0.579523 0)
(-0.0442433 1.1418 1.43899e-18)
(-0.0904994 2.2052 -1.48967e-18)
(-0.170923 4.03208 -2.32356e-20)
(-0.297341 6.82202 7.26056e-22)
(-0.467944 10.47 1.47778e-18)
(-0.656914 14.3751 -1.52927e-18)
(-0.802127 17.5497 0)
(-0.805007 18.984 -1.57579e-18)
(-0.589305 18.4559 1.79952e-19)
(-0.127952 16.8101 1.47463e-18)
(0.697847 19.4099 -1.46177e-18)
(0.5477 9.34185 2.96132e-18)
(4.76226 42.4304 -2.16771e-18)
(-0.761304 17.8508 -1.44067e-18)
(11.8516 67.7192 1.45292e-18)
(-2.59422 -19.7255 0)
(39.1976 131.233 1.29453e-18)
(1.21351 -119.428 -9.42557e-19)
(72.0038 263.734 1.38653e-18)
(-0.0186838 0.170391 -1.91328e-16)
(-0.00819967 0.16974 -1.23427e-17)
(0.000685129 0.164486 -3.5193e-21)
(0.00174536 0.161711 5.10666e-17)
(0.0105819 0.159984 0)
(0.0234167 0.154315 0)
(0.0367373 0.145162 0)
(0.0435917 0.131071 0)
(0.0369586 0.120368 -1.98295e-16)
(0.0134751 0.0857894 -8.40574e-16)
(-0.00796353 0.13833 -4.98657e-17)
(0.00622163 0.12038 7.22121e-16)
(-0.00891251 0.134374 0)
(0.00498131 0.138768 0)
(0.01462 0.0878869 -1.26199e-20)
(0.0117553 0.0861089 -4.25096e-21)
(-0.019632 0.155725 3.89652e-16)
(-0.0263395 0.152674 1.78676e-20)
(-0.0367994 0.136565 0)
(-0.0463784 0.113045 -3.58626e-16)
(-0.00162641 0.0985722 -9.16112e-16)
(-0.0286233 0.153165 -2.74713e-16)
(-0.0264353 0.114935 8.52953e-17)
(-0.0153295 0.124682 0)
(-0.0106621 0.129877 -3.07518e-17)
(-0.00742956 0.133265 -1.87835e-17)
(-0.00535955 0.135269 -2.53581e-17)
(-0.00388053 0.137077 -2.55528e-17)
(-0.00222372 0.138122 -1.02739e-16)
(-0.000724933 0.138413 1.28619e-17)
(0.00110475 0.138376 2.05768e-16)
(0.00312557 0.137318 4.00253e-19)
(0.00601318 0.135526 -1.0158e-16)
(0.00986462 0.132136 8.77971e-17)
(0.0151359 0.127124 2.02897e-21)
(0.0229493 0.119096 -4.79469e-17)
(0.0297234 0.106827 -3.60709e-16)
(0.0353223 0.0433164 0)
(132.952 -1137.61 5.46686e-18)
(-6.14918 -1139.33 0)
(-16.2501 -929.896 1.43517e-17)
(16.7789 -787.782 4.81957e-19)
(11.88 -810.27 -2.80163e-18)
(3.30204 -805.818 3.78234e-18)
(3.37347 -796.755 0)
(1.841 -795.408 0)
(0.395427 -797.328 1.87997e-19)
(0.0192987 -800.106 0)
(-0.0462847 -806.391 3.16588e-19)
(-0.405373 -811.391 7.57996e-19)
(-0.890355 -815.961 6.04818e-18)
(-0.51472 -820.642 -2.40883e-21)
(-0.421068 -829.818 -6.06332e-18)
(-1.49761 -833.162 -1.91184e-19)
(-1.54878 -836.353 -7.66313e-19)
(-1.14231 -845.192 1.79913e-18)
(-0.615116 -858.579 -7.71466e-19)
(-3.09563 -867.169 0)
(-6.90601 -863.684 0)
(-6.37354 -872.909 2.56633e-18)
(-0.259149 -930.972 0)
(-1.3532 -997.646 3.22884e-18)
(-6.68764 -1023.95 5.22614e-18)
(-2.34702 -1040.2 1.34086e-18)
(15.9603 -1094.67 -2.76374e-18)
(-13.7129 -1175.56 -2.63578e-18)
(-153.233 -1173.37 2.65114e-18)
(-202.809 -786.845 5.7931e-19)
(-0.0242466 0.0591741 0)
(-0.0195953 0.0603673 2.18694e-16)
(-0.0156282 0.062018 -3.1808e-16)
(-0.0119187 0.0642637 1.15686e-21)
(-0.00848376 0.0670013 0)
(-0.00562849 0.0701171 2.48041e-17)
(-0.00374396 0.0732971 -1.23121e-17)
(-0.00260853 0.0761763 0)
(-0.00195318 0.0786549 0)
(-0.00149198 0.0807861 0)
(-0.00115392 0.0826287 -7.51578e-19)
(-0.00090065 0.0842395 1.22546e-23)
(-0.000707798 0.0856729 -1.49858e-18)
(-0.000544441 0.0869657 5.98927e-18)
(-0.000409553 0.0881444 -4.48639e-18)
(-0.000303832 0.0892299 -1.49417e-18)
(-0.000222557 0.0902337 5.97161e-18)
(-0.000155269 0.0911687 -2.98405e-18)
(-0.000100948 0.0920466 -2.98242e-18)
(-5.0948e-05 0.0928735 2.98162e-18)
(-6.40922e-06 0.093657 1.86331e-19)
(3.09163e-05 0.0944048 -3.72542e-19)
(6.45875e-05 0.0951224 -1.86279e-19)
(9.52839e-05 0.0958211 -2.97948e-18)
(0.0001229 0.0965267 2.97961e-18)
(0.000154893 0.0973339 0)
(0.000240069 0.0985785 -2.97866e-18)
(0.000404047 0.101356 2.9318e-18)
(0.00063883 0.108851 0)
(0.0012538 0.129373 4.65264e-20)
(0.00325657 0.182002 -6.9784e-20)
(0.00842545 0.306861 0)
(0.0201894 0.582669 0)
(0.0445402 1.14918 0)
(0.0908412 2.22097 3.15364e-18)
(0.171242 4.06399 -6.03673e-18)
(0.297368 6.88481 3.17028e-18)
(0.467639 10.5924 -3.7127e-19)
(0.656495 14.6088 7.42233e-19)
(0.80817 17.9846 7.42016e-19)
(0.814543 19.7578 4.29643e-23)
(0.590156 19.7011 0)
(0.142222 18.9073 -1.47197e-18)
(-0.537833 20.928 -2.91629e-18)
(-0.599602 15.5953 1.48797e-18)
(-3.7715 42.5838 -5.77872e-18)
(0.486469 24.7641 5.85461e-18)
(-8.11809 66.4779 -2.89375e-18)
(0.731047 -14.9094 -3.27839e-18)
(-29.815 131.452 2.60357e-18)
(-5.40545 -138.269 -3.74871e-18)
(-67.5252 274.339 1.37276e-18)
(183.437 -713.797 3.70368e-18)
(0.00569303 0.128354 0)
(-0.010929 0.132628 3.71999e-16)
(-0.00605495 0.138643 4.54921e-17)
(0.0148464 0.091121 8.70741e-16)
(0.00731969 0.0910207 -3.91944e-16)
(75.0032 235.818 -7.65483e-20)
(0.727938 8.09473 3.09851e-19)
(0.0297942 0.0779644 -3.55865e-16)
(0.0288048 0.0724932 -6.63845e-16)
(-19.6587 -120.919 0)
(-13.8552 2226.52 -3.00139e-18)
(-36.7494 1888.19 0)
(-30.7696 2240.07 2.95431e-18)
(-2.63059 2056.89 -1.18075e-19)
(-8.15146 2125 6.13076e-18)
(-0.952055 2022.73 5.914e-18)
(-0.845738 2034.07 -1.22725e-17)
(-1.71472 1981.92 -1.20334e-17)
(-0.677482 2004.03 5.93335e-18)
(-2.23118 1977.48 5.91405e-18)
(-2.22247 1976.29 5.91372e-18)
(-1.25763 1970.13 6.00926e-18)
(-1.45776 1974.71 -5.9154e-18)
(-1.11824 1964.66 0)
(-1.04779 1966.14 -5.90957e-18)
(-0.971697 1959.32 0)
(-1.08288 1963.31 0)
(-0.91694 1954.37 -5.90646e-18)
(-1.00841 1957.14 0)
(-0.59197 1947.98 -5.90433e-18)
(-0.763232 1951.71 1.17863e-17)
(-0.181874 1942.96 0)
(-0.408261 1945.76 0)
(-0.622313 1942.09 0)
(-0.204881 1942.32 0)
(-1.38817 1956.73 -3.2162e-20)
(-1.55716 1946.45 5.69155e-18)
(5.11317 2155.87 0)
(-1.409 2024.93 -6.3278e-18)
(-68.0656 239.971 9.57369e-19)
(19.5698 -84.476 -4.04511e-18)
(31.8153 1844.33 0)
(24.5481 2159.69 -3.95157e-19)
(-23.0805 111.625 -2.44185e-18)
(-0.464947 -20.0048 3.43071e-18)
(-3.65867 52.6504 0)
(0.177816 -4.4598 0)
(-1.17943 33.0616 0)
(0.842422 20.1483 0)
(0.165463 15.3162 2.93368e-18)
(0.0836391 10.5479 1.46239e-18)
(0.527512 15.5206 5.88309e-18)
(0.361221 14.1132 -4.40402e-18)
(0.550209 15.2275 2.93453e-18)
(0.611639 16.2569 -5.15543e-18)
(0.396717 9.26541 2.97331e-18)
(0.462914 12.6135 0)
(0.188928 3.61945 9.25564e-20)
(0.301767 6.09121 -3.1303e-18)
(0.0508775 1.02102 2.95992e-18)
(0.101952 1.98108 -2.96779e-18)
(0.0106055 0.263054 0)
(0.0237471 0.511542 0)
(0.00201672 0.103045 -4.63389e-20)
(0.0048608 0.150572 4.6337e-20)
(0.000270074 0.0776398 4.63485e-20)
(0.000584 0.0843864 0)
(0.000196526 0.0742369 2.96689e-18)
(0.000220665 0.0752396 -2.9668e-18)
(0.000175659 0.0731292 0)
(0.000184594 0.0736354 0)
(0.000160722 0.0721174 -2.96848e-18)
(0.000167933 0.0726297 2.96833e-18)
(0.000145897 0.0710174 0)
(0.000153575 0.0715806 -1.85576e-19)
(0.000122546 0.0697751 -2.22919e-18)
(0.000136053 0.0704195 0)
(7.63637e-05 0.0683318 -2.97587e-18)
(0.000104054 0.0690821 2.97363e-18)
(8.84594e-07 0.0666312 -2.98017e-18)
(4.31762e-05 0.06752 5.95516e-18)
(-0.00014087 0.064561 7.46196e-19)
(-5.70256e-05 0.0656547 -3.72762e-19)
(-0.000435001 0.0619105 0)
(-0.000256348 0.0633303 0)
(-0.00111314 0.0581782 0)
(-0.000688817 0.0602586 0)
(-0.00308657 0.0519553 -1.54321e-16)
(-0.00180294 0.0554494 4.77803e-17)
(-0.0078087 0.0463512 -9.5903e-17)
(-0.00529406 0.0487541 1.89528e-16)
(-0.0133666 0.0427452 0)
(-0.0104739 0.0444026 -1.95687e-16)
(-0.0196591 0.0404157 4.94922e-21)
(-0.0164117 0.0412048 0)
(-0.0283087 0.0432714 1.1798e-15)
(-0.0235598 0.0413517 -4.10786e-16)
(-0.0386235 0.0485285 6.61324e-21)
(-0.0334478 0.0454714 0)
(-0.0490156 0.0583289 0)
(-0.0438084 0.0526899 -3.86635e-16)
(-0.057806 0.0769398 -8.18647e-16)
(-0.0539746 0.0660956 0)
(-0.0478239 0.113345 -3.8718e-16)
(-0.057894 0.0916221 -1.26326e-20)
(-0.0431299 0.144186 4.19531e-17)
(-0.0345561 0.137454 7.02271e-16)
(-0.00480649 0.141265 6.69257e-23)
(-0.0214381 0.144126 -4.91241e-17)
(0.00255423 0.126371 5.18518e-17)
(0.00320305 0.129569 1.595e-21)
(0.0199217 0.126013 -2.30352e-16)
(0.0101401 0.130041 2.21417e-21)
(0.0363246 0.0952528 -4.5399e-16)
(0.0290997 0.117579 -3.96422e-16)
(0.0371959 0.038152 0)
(0.00864855 0.104805 -4.7069e-17)
(0.0147158 0.0939194 0)
(0.00424136 0.118808 1.24599e-17)
(0.00666792 0.113308 -2.44852e-17)
(0.00138191 0.124699 1.01475e-16)
(0.00268124 0.122579 -1.00963e-16)
(-0.000334154 0.126194 -5.06959e-17)
(0.000469091 0.125948 0)
(-0.00168269 0.124814 -5.01125e-17)
(-0.000998595 0.125832 1.00949e-16)
(-0.00322993 0.120469 0)
(-0.00241938 0.122965 0)
(-0.00667295 0.110936 0)
(-0.00463277 0.116717 0)
(-0.0330351 0.0762869 -6.40832e-17)
(-0.0101336 0.102741 0)
(0.0527573 0.081248 8.3371e-16)
(-0.0240238 0.0928683 2.96269e-16)
(-0.0216008 0.0230747 -2.39569e-16)
(-0.00978765 0.0289617 0)
(-0.0393947 0.0759205 -2.42599e-16)
(-0.0323651 0.0419365 -2.4289e-16)
(-0.0394825 0.11066 2.23334e-16)
(-0.0444793 0.0974462 4.39781e-16)
(-0.00949434 0.135482 3.68206e-16)
(-0.0259482 0.123549 -2.16584e-16)
(-0.00467023 0.132061 -5.28388e-17)
(-0.0115653 0.130985 -3.43418e-16)
(0.0221081 0.147145 9.82186e-17)
(0.00799127 0.142725 4.96254e-17)
(0.0476703 0.124463 4.1319e-16)
(0.0364513 0.140768 -1.90254e-21)
(0.0574086 0.0893982 1.45765e-20)
(0.0548965 0.106305 -4.25632e-16)
(0.0534275 0.0651551 1.22374e-15)
(0.0565778 0.0754992 -4.18573e-16)
(0.0441953 0.0521838 3.88029e-16)
(0.0490326 0.0576445 -8.83518e-21)
(0.0344729 0.0453319 0)
(0.0392571 0.0481726 0)
(0.024079 0.0422029 -4.1345e-16)
(0.0297229 0.0436276 3.76655e-16)
(0.0174884 0.0408558 0)
(0.0205805 0.0409314 0)
(0.0107766 0.0437359 0)
(0.0140479 0.0420227 0)
(0.00485564 0.0487568 4.63302e-17)
(0.00785198 0.0463865 -9.44699e-17)
(0.00169316 0.0551858 2.38547e-17)
(0.00276154 0.0516435 -7.03855e-17)
(0.000610499 0.0606202 -5.90705e-18)
(0.00105365 0.0582685 -1.78386e-17)
(5.53721e-05 0.063739 -5.9063e-18)
(0.00027443 0.0624 0)
(-6.23413e-05 0.0659059 0)
(-3.85707e-05 0.0648654 0)
(-7.22347e-05 0.0677638 5.94477e-18)
(-6.89792e-05 0.0668714 0)
(-8.34856e-05 0.0693004 5.93996e-18)
(-7.55815e-05 0.0685725 -8.91234e-18)
(-9.36746e-05 0.0705976 0)
(-8.90605e-05 0.0699725 -2.9689e-18)
(-0.000100729 0.0717526 5.93373e-18)
(-9.7389e-05 0.071189 -2.96735e-18)
(-0.000107961 0.0728206 -1.39012e-18)
(-0.000103661 0.0722964 -2.9661e-18)
(-0.000118704 0.0738583 0)
(-0.000113281 0.0733335 1.4827e-18)
(-0.000149282 0.0755026 1.48248e-18)
(-0.000127616 0.0744807 -1.4593e-18)
(-0.000494412 0.0845963 -1.4823e-18)
(-0.000194956 0.0779032 1.48222e-18)
(-0.00469962 0.150161 0)
(-0.00190386 0.103081 -1.15791e-20)
(-0.0231869 0.507762 0)
(-0.0103169 0.261583 0)
(-0.0999244 1.96355 0)
(-0.0497932 1.01254 0)
(-0.295062 6.02628 -1.47368e-18)
(-0.185383 3.5852 1.15692e-20)
(-0.450677 12.3926 1.4725e-18)
(-0.385327 9.1447 1.59516e-20)
(-0.592773 15.56 -9.21321e-20)
(-0.537892 14.8292 0)
(-0.317911 12.2337 2.94781e-18)
(-0.494987 14.4061 -1.47618e-18)
(-0.02387 5.39305 -1.47279e-18)
(0.0590333 14.0992 -1.47002e-18)
(-0.877595 15.7378 7.2638e-19)
(1.74119 32.9871 2.19074e-18)
(-0.923502 -1.62853 -3.7364e-19)
(5.42636 53.4549 1.07967e-18)
(29.4737 110.225 -9.00948e-19)
(0.0202433 0.020514 7.40667e-16)
(0.00927704 0.0280417 -1.26966e-16)
(0.00842463 0.129625 8.52703e-17)
(0.00708773 0.0929857 -2.52185e-16)
(-49.4511 1160.46 0)
(-0.000408503 0.117463 2.55942e-20)
(46.7517 1176.26 4.25483e-19)
(0.00920987 0.14863 -5.19626e-16)
(0.00739953 0.0117737 0)
(0.00240128 0.00345936 -4.77926e-16)
(-0.00252868 0.00362996 0)
(-0.000836504 0.000789614 0)
(0.000798603 0.000755073 -1.10591e-17)
(0.000102285 0.000131951 -4.11384e-18)
(-0.000107923 0.000137793 4.11216e-18)
(0.00698312 0.0926058 1.61524e-17)
(0.0361058 0.143963 2.0828e-16)
(-0.0100636 0.130218 0)
(0.000576392 0.133407 -6.6753e-16)
(-0.000142249 0.135136 3.35238e-16)
(-0.00169346 0.0945052 -1.50936e-16)
(3.45948e-05 0.093815 -2.46686e-16)
(0.000263067 0.0944835 2.16338e-16)
(-0.00016463 0.0992374 9.03759e-16)
(0.002243 0.0970468 -4.53601e-16)
(0.00122754 0.0982659 8.97551e-16)
(0.00139579 0.100443 1.06117e-20)
(0.00356078 0.0980218 -8.91385e-16)
(0.00274155 0.0991762 -4.42661e-16)
(0.00349718 0.101555 -8.80447e-16)
(0.00546919 0.0989339 1.09659e-20)
(0.00458227 0.100081 -4.38689e-16)
(0.00551269 0.102829 -8.74855e-16)
(0.00797829 0.0991522 -8.66688e-16)
(0.00685378 0.100846 0)
(0.0286371 0.138726 1.80888e-15)
(0.0149488 0.0900688 0)
(-0.0100204 0.00788858 0)
(-0.0178549 0.0883653 7.21249e-16)
(0.0286994 0.0397801 0)
(0.00665012 0.0917959 1.40111e-15)
(0.0292561 0.112654 1.04023e-15)
(0.0427221 0.139662 -1.12161e-15)
(-0.0106638 0.0914039 0)
(-0.0113444 0.094889 3.95214e-21)
(0.0106368 0.0814685 0)
(-0.000414449 0.0957705 6.398e-16)
(-0.000101573 0.0990989 6.99919e-17)
(-0.0295749 0.14737 -1.57972e-15)
(0.0123554 0.0795126 -1.77831e-15)
(-0.0033496 0.0940653 1.74494e-15)
(0.0229412 0.0684681 -4.86908e-16)
(-0.0116363 0.171568 0)
(0.0145144 0.0707366 0)
(-0.00274507 0.141924 0)
(0.00672571 0.0843729 0)
(-0.0107741 0.0932073 1.93661e-15)
(0.0292905 0.167393 -1.70875e-15)
(-0.00194525 0.0913816 -8.40098e-16)
(0.0346106 0.0797562 -1.02088e-15)
(0.00327688 0.095055 -2.80607e-15)
(-0.0112386 0.117244 -4.86114e-16)
(0.00268824 0.0923127 -4.44149e-17)
(0.00412181 0.0965759 -8.76234e-16)
(-0.00461561 0.0943723 1.6536e-16)
(-0.00242658 0.0996118 -1.0242e-15)
(0.00925668 0.00697902 -2.8318e-16)
(-0.00203712 0.158611 1.01172e-15)
(-0.0192644 0.116679 7.35975e-16)
(-0.0289346 0.0670788 0)
(0.0295924 0.058708 0)
(0.0163562 0.14325 2.06214e-15)
(-0.0157737 0.138625 0)
(-0.00527516 0.15782 -1.10032e-15)
(0.0345473 0.0923209 -1.05122e-15)
(-0.0452756 0.0721274 -1.25262e-15)
(0.00449747 0.0824176 2.23876e-16)
(0.00615999 0.0931208 -2.17113e-16)
(0.00638222 0.089954 0)
(0.031162 0.0811837 -1.68016e-20)
(-0.000809257 0.0919945 8.49209e-16)
(0.00301024 0.160073 -1.23246e-16)
(-0.0215201 0.0773534 1.25857e-15)
(-0.0162021 0.105175 -2.01472e-15)
(0.00748631 0.0962922 -5.88059e-16)
(0.000469729 0.100808 1.06592e-15)
(5.61554e-05 0.094855 -9.93465e-16)
(0.0296879 0.0764513 4.23738e-16)
)
;

boundaryField
{
    wall
    {
        type            noSlip;
    }
    outlet
    {
        type            inletOutlet;
        inletValue      uniform (0 0 0);
        value           nonuniform List<vector> 
33
(
(-13.8552 2226.52 -3.00139e-18)
(-36.7494 1888.19 0)
(-30.7696 2240.07 2.95431e-18)
(-2.63059 2056.89 -1.18075e-19)
(-8.15146 2125 6.13076e-18)
(-0.952055 2022.73 5.914e-18)
(-0.845738 2034.07 -1.22725e-17)
(-1.71472 1981.92 -1.20334e-17)
(-0.677482 2004.03 5.93335e-18)
(-2.23118 1977.48 5.91405e-18)
(-2.22247 1976.29 5.91372e-18)
(-1.25763 1970.13 6.00926e-18)
(-1.45776 1974.71 -5.9154e-18)
(-1.11824 1964.66 0)
(-1.04779 1966.14 -5.90957e-18)
(-0.971697 1959.32 0)
(-1.08288 1963.31 0)
(-0.91694 1954.37 -5.90646e-18)
(-1.00841 1957.14 0)
(-0.59197 1947.98 -5.90433e-18)
(-0.763232 1951.71 1.17863e-17)
(-0.181874 1942.96 0)
(-0.408261 1945.76 0)
(-0.622313 1942.09 0)
(-0.204881 1942.32 0)
(-1.38817 1956.73 -3.2162e-20)
(-1.55716 1946.45 5.69155e-18)
(5.11317 2155.87 0)
(-1.409 2024.93 -6.3278e-18)
(31.8153 1844.33 0)
(24.5481 2159.69 -3.95157e-19)
(-49.4511 1160.46 0)
(46.7517 1176.26 4.25483e-19)
)
;
    }
    inlet
    {
        type            inletOutlet;
        inletValue      uniform (0 0 0);
        value           uniform (0 0 0);
    }
    frontAndBackPlanes
    {
        type            empty;
    }
}


// ************************************************************************* //
