/*--------------------------------*- C++ -*----------------------------------*\
| =========                 |                                                 |
| \\      /  F ield         | OpenFOAM: The Open Source CFD Toolbox           |
|  \\    /   O peration     | Version:  2212                                  |
|   \\  /    A nd           | Website:  www.openfoam.com                      |
|    \\/     M anipulation  |                                                 |
\*---------------------------------------------------------------------------*/
FoamFile
{
    version     2.0;
    format      ascii;
    arch        "LSB;label=32;scalar=64";
    class       surfaceScalarField;
    location    "0.0362";
    object      phi;
}
// * * * * * * * * * * * * * * * * * * * * * * * * * * * * * * * * * * * * * //

dimensions      [1 0 -1 0 0 0 0];

oriented        oriented;

internalField   nonuniform List<scalar> 
4475
(
-2.39498e-05
4.06506e-05
-0.000206179
0.000186942
-4.35627e-06
6.79591e-05
-6.25099e-06
-4.82482e-05
-0.000237633
0.000268459
-8.68095e-06
-2.55562e-05
-2.63924e-05
-0.000441259
6.72369e-05
0.000393933
-0.000188787
0.000232437
0.000184418
-0.000222109
0.000113184
-0.000268981
-0.000144425
0.000303877
4.45663e-05
-0.000116504
0.000361235
-0.000286004
-0.00017111
-0.000101145
0.00023503
4.04444e-05
0.000166729
-0.000175478
-0.000174411
-0.000882543
-2.76385e-05
0.000138706
0.000766388
-0.00017463
0.000148611
-0.00086109
-0.00093316
0.000119913
-8.14458e-05
0.000890276
-0.000921372
3.35212e-05
-4.9471e-05
-0.000893246
1.65279e-05
-4.83342e-05
-0.000849054
1.06564e-05
-5.80116e-05
-0.000791237
1.17481e-05
-7.23981e-05
1.69566e-05
-0.000708587
-0.000101555
0.000714346
-6.30148e-05
-0.000648128
-3.9208e-06
0.000812888
-8.29269e-05
0.000873559
-5.07558e-05
0.000918008
-3.58545e-05
0.000950822
-1.85649e-05
0.000977415
4.11938e-06
0.00107144
2.25028e-05
0.000931979
-3.88811e-05
0.000867392
3.25198e-05
0.00104834
0.000130272
-0.000319812
0.00092496
5.78148e-05
5.35369e-05
0.000466985
-0.000394937
-2.32164e-05
-0.000641677
-0.000131649
0.000825225
5.26834e-05
3.41895e-05
0.000722318
4.74075e-05
4.28242e-05
0.000617406
4.03588e-05
5.37261e-05
0.000512991
3.2951e-05
6.36482e-05
0.000416462
2.39454e-05
6.76898e-05
0.00033103
1.7278e-05
6.53431e-05
0.000260104
1.0249e-05
5.89934e-05
0.000203205
4.11033e-06
5.17364e-05
0.000158083
3.36092e-07
4.46447e-05
0.000122087
-5.07779e-07
3.7576e-05
9.29939e-05
-1.70515e-07
3.08284e-05
6.73376e-05
3.34283e-06
2.28788e-05
4.29591e-05
6.3449e-06
1.55906e-05
1.5251e-05
1.58485e-05
4.77299e-06
1.97434e-05
-1.19819e-05
-2.54205e-06
-2.50507e-05
-3.56999e-07
3.8272e-05
-4.95331e-05
3.64103e-05
-7.12306e-05
2.84866e-05
-9.46558e-05
2.93053e-05
-0.000121052
2.8683e-05
-0.000153224
3.34143e-05
-0.000193289
4.12131e-05
-0.000245118
5.61236e-05
-0.000308903
7.34624e-05
-0.000386737
9.29052e-05
-0.000478995
0.000111205
-0.000577645
0.000123094
-0.00067874
0.000129659
-0.000775439
0.000130566
-0.000866681
0.000130406
-0.000967306
0.00014608
-0.000771201
0.000238809
-0.000443464
-0.000819391
0.000180908
-0.000783076
0.000107401
-0.000792633
3.24946e-05
-2.74005e-05
-0.000836792
-4.20281e-05
-0.000826404
-6.48687e-05
-0.000798075
-8.1321e-05
-0.000756542
-0.000103791
-0.000701371
-0.000131158
-0.000648985
-0.00015706
4.50507e-05
-2.2976e-05
-5.04923e-05
5.94419e-05
-3.13913e-05
0.000747523
-0.000185648
-0.000644899
0.00081057
-0.000113959
0.000858646
-8.41476e-05
0.000895544
-5.5764e-05
0.000930632
-3.16278e-05
0.000957902
-5.76843e-06
0.000915418
2.06188e-06
0.000901723
4.28716e-05
0.000928504
9.735e-05
0.000869413
0.000103383
0.000781798
0.00011116
0.000686503
0.000127673
0.000587332
0.000144284
0.000490099
0.000154702
0.000398785
0.000154851
0.000317862
0.000143235
0.000250602
0.000123582
0.000195428
0.00010433
0.000151033
8.68414e-05
0.0001151
7.19863e-05
8.56225e-05
5.89325e-05
5.92472e-05
4.66915e-05
3.37803e-05
3.52875e-05
4.42986e-06
2.39847e-05
-2.4575e-05
1.43203e-05
-7.69822e-05
-0.00059877
2.72965e-05
8.56428e-07
-6.36716e-05
-0.000175857
-0.000543691
-0.00059117
-0.000191995
-1.217e-05
-1.3196e-05
7.06782e-05
-3.31306e-05
5.4673e-05
-5.3031e-05
5.53824e-05
-7.16654e-05
5.03714e-05
-9.15862e-05
5.35626e-05
-0.000113789
5.55141e-05
-0.000139671
6.37274e-05
-0.00017206
7.73852e-05
-0.000210944
9.82125e-05
-0.000260672
0.000125445
-0.000323869
0.000156167
-0.000398618
0.000182544
-0.000482187
0.000199255
-0.000567691
0.000204416
-0.000649254
0.000199675
-0.000719276
0.000188335
-0.00076432
0.000179985
-0.000715655
0.000181196
-0.000688069
0.000146822
-0.000674766
8.85963e-05
-0.000669152
2.14343e-05
-0.000676731
-3.9969e-05
-0.000667276
-7.9999e-05
-0.000641274
-0.00011279
-0.000607857
-0.000142231
-0.000567956
-0.000175155
-0.000526367
-0.000202318
-0.000167222
3.25301e-05
-3.33028e-05
0.000240773
-0.0001077
-0.000199342
6.83911e-05
-0.000273895
-8.26744e-05
0.000315429
4.25686e-05
8.19232e-05
0.000655065
-0.000140808
1.93023e-05
-0.000531982
0.000642995
-0.00017226
0.000687726
-0.000157096
0.000729356
-0.000123832
0.000766433
-9.08506e-05
0.000793817
-5.75011e-05
0.000811371
-2.19965e-05
0.000803779
1.01904e-05
0.000790088
5.52724e-05
0.000776252
0.000107612
0.000730889
0.000142783
0.000662182
0.000172541
0.000582064
0.000200559
0.000498124
0.000222429
0.00041521
0.000233537
0.00033983
0.000227255
0.000274493
0.000205808
0.000218418
0.000176483
0.000172043
0.000146969
0.000133198
0.000121641
0.000100865
0.000100287
7.26192e-05
8.29004e-05
4.67586e-05
6.70885e-05
2.21501e-05
5.19819e-05
-6.26049e-06
4.13626e-05
-3.53653e-05
3.093e-05
-7.12949e-05
2.35802e-05
2.94511e-06
-0.000103931
1.99395e-05
2.39652e-05
-9.7596e-05
4.1076e-05
-8.16055e-05
5.29091e-05
-5.76e-05
-0.000189373
0.000236602
-0.000144078
-3.71875e-05
6.44922e-05
7.86244e-05
-8.98851e-05
-0.000153625
0.000211949
-0.000102128
-0.000224311
0.000114236
-0.000243893
-0.000524619
-3.86656e-05
-1.74239e-05
0.000158918
-9.94105e-05
0.000246469
0.000216486
-0.000225089
-0.000678255
-5.86498e-05
0.000138463
-0.000492606
-0.000228986
1.02131e-05
2.52721e-05
-0.000144643
4.72018e-05
-0.000143816
7.9793e-05
-0.00012658
9.58108e-05
-8.90308e-05
9.76466e-05
-5.53778e-05
2.61553e-05
9.68486e-05
-4.0142e-05
1.63079e-06
7.9462e-05
-1.96339e-05
8.02081e-05
-3.7623e-05
7.10083e-05
-5.41496e-05
7.29521e-05
-6.97835e-05
7.05943e-05
-8.57919e-05
7.48768e-05
-0.000102715
7.84106e-05
-0.000120647
8.83807e-05
-0.000141331
0.000105046
-0.000165891
0.000129586
-0.000196782
0.000162161
-0.000236515
0.000199148
-0.000287372
0.000232795
-0.000347495
0.00025479
-0.000410896
0.000259677
-0.000471663
0.000250683
-0.000520936
0.00022863
-0.000547648
0.000199986
-0.0005386
0.000166198
-0.000522691
0.000125287
-0.000501089
6.17313e-05
-0.000489295
4.06192e-06
-0.000482899
-5.19608e-05
-0.000468289
-0.000100526
-0.000446817
-0.000140169
-0.000419644
-0.000174719
-0.000395067
-0.0002048
-0.000228893
-0.000373658
-0.000146363
8.44253e-05
-0.000401456
0.000465728
-1.80437e-05
0.000122814
-0.000127209
2.18954e-05
0.000288197
-0.000258459
0.000160604
8.64801e-05
-0.000190965
0.000139741
0.0001608
-0.000177395
0.000105771
0.000226102
-0.000178685
0.000281548
-0.000187692
0.000135597
0.000335105
-0.000196599
0.000390949
-0.000202451
0.000149793
0.000454383
-0.000200817
0.000485239
-0.000199126
0.000517241
-0.000184715
0.000550718
-0.000152737
0.000581223
-0.000116784
0.000602452
-7.44995e-05
0.000615264
-3.09008e-05
0.000612452
1.60281e-05
0.00059918
6.98004e-05
0.000578606
0.000127113
0.000541211
0.000177507
0.000488053
0.000222126
0.00042651
0.000258464
0.00036426
0.000281902
0.000304827
0.000291013
0.000253678
0.000276552
0.000209593
0.000247378
0.00017173
0.000210659
0.000138066
0.000175647
0.000108217
0.00014538
8.03789e-05
0.000121304
5.51518e-05
0.000100936
3.15667e-05
8.33045e-05
9.67411e-06
6.58217e-05
-1.59136e-05
5.64435e-05
-4.26905e-05
4.6668e-05
-7.32607e-05
4.39352e-05
-0.000102209
4.08631e-05
5.3065e-05
-0.000135027
-3.87157e-05
-0.000253697
0.000203038
8.4522e-05
-0.000113888
0.000156904
0.000214886
-0.000239664
1.95663e-05
7.91935e-06
0.000200385
-0.000400186
-0.000162089
0.000354804
0.000226482
5.79217e-05
-9.90073e-05
-0.000188688
0.000147147
-2.44781e-05
-0.000262968
-0.000475682
-0.000478141
-1.01206e-05
0.000574302
2.41454e-05
-4.22007e-05
0.000103142
7.46177e-07
9.59455e-05
-2.13339e-05
9.23299e-05
-3.82088e-05
8.81871e-05
-5.29471e-05
8.92643e-05
-6.67066e-05
8.87775e-05
-7.87636e-05
9.25509e-05
-9.02905e-05
9.71493e-05
-0.000100078
0.000107329
-0.000108934
0.000124267
-0.000117751
0.000149165
-0.00012804
0.000182219
-0.000142387
0.000220452
-0.000164797
0.000258382
-0.000196262
0.000285067
-0.000233149
0.000292018
-0.000268757
0.000280264
-0.000299367
0.00025301
-0.000317864
0.00021277
-0.000318834
0.000162301
-0.00030604
0.000107824
-0.000293101
4.41389e-05
-0.000279975
-1.39944e-05
-0.000267833
-6.93984e-05
-0.000252894
-0.000121433
-0.000234982
-0.000164213
-0.000217385
-0.000198807
-0.000203732
-0.000224794
-0.000194398
-0.000244134
-0.000247094
-0.000359756
-0.000106476
-5.74777e-05
0.000150259
-2.13633e-05
0.000296841
-0.000307782
3.06996e-05
1.72111e-05
-0.000187213
-1.88597e-05
4.77224e-05
-0.000205357
8.93931e-05
-0.000217147
0.000132086
-0.000226713
0.000173983
-0.00023441
0.000214933
-0.000238516
0.000254633
-0.000235219
0.000285775
-0.000224492
0.000311228
-0.000203953
0.000337778
-0.000172764
0.000359184
-0.000131585
0.000375625
-8.449e-05
0.000382897
-3.19431e-05
0.000380915
2.34241e-05
0.000369265
8.52434e-05
0.000350746
0.000148329
0.000323042
0.000206624
0.000288406
0.000256879
0.000251114
0.000295653
0.000214241
0.000318664
0.000183971
0.000320963
0.000159509
0.000299891
0.000139763
0.000264473
0.000120439
0.000225507
0.000100687
0.000188996
7.88926e-05
0.000159008
5.6887e-05
0.000134021
3.59869e-05
0.000112403
1.56307e-05
9.58248e-05
-3.07706e-06
7.82612e-05
-2.31369e-05
6.79775e-05
-4.64332e-05
6.05545e-05
-7.11751e-05
5.99567e-05
-9.49325e-05
5.71366e-05
-0.000114423
6.55515e-05
-4.6786e-05
5.48381e-05
-0.000124039
-2.32866e-05
-0.000159031
3.66043e-06
-0.000172571
3.07956e-05
-0.000175292
5.49226e-05
-0.000158477
7.01565e-05
-0.000115617
8.52495e-05
-8.35893e-05
0.000101125
-6.82837e-05
-6.73672e-05
0.000117132
0.000210432
1.38795e-05
-8.92014e-06
-1.17948e-05
1.49207e-06
0.000245425
-0.000240898
-2.09114e-05
9.74452e-07
-1.84378e-05
3.82234e-05
9.35862e-05
-5.89444e-05
-9.14499e-06
-0.00018483
0.000168484
1.5707e-05
-4.40802e-05
-4.55419e-06
-0.000194842
-0.000252029
-0.000256691
-0.000369219
-7.81974e-05
-1.16592e-05
-1.4047e-05
5.35635e-05
-7.09536e-05
0.00011244
9.05229e-05
2.06295e-05
-1.59201e-05
-9.51273e-05
0.000221858
0.000318205
-8.94926e-05
0.000101093
-0.000197597
-7.01235e-05
-0.000222608
-4.54304e-05
-0.000238681
-1.81091e-05
-0.000249806
8.72389e-06
-0.000256022
3.35053e-05
-0.000257343
5.70158e-05
-0.000251689
7.80414e-05
-0.000237479
9.63761e-05
-0.000213514
0.000112378
-0.000179617
0.000126736
-0.000136843
0.000136866
-8.57027e-05
0.000141047
-2.75986e-05
0.000139163
3.2959e-05
0.000131463
9.88535e-05
0.000120271
0.000164148
0.000106231
0.000224596
9.10371e-05
0.000275543
7.78537e-05
0.000311206
7.05745e-05
0.00032766
7.04768e-05
0.00032166
7.43267e-05
0.000295431
7.59925e-05
0.0002599
7.29081e-05
0.000223087
6.34055e-05
0.000190457
4.93847e-05
0.000162942
3.33354e-05
0.000138993
1.68024e-05
0.000118639
5.43689e-07
0.000103795
-1.38903e-05
8.80115e-05
-2.82584e-05
7.90771e-05
-4.82458e-05
7.31843e-05
-6.99781e-05
7.27249e-05
-9.15174e-05
6.99534e-05
-0.000108102
7.206e-05
-0.000115962
5.88285e-05
-6.62245e-05
4.49429e-05
-9.12675e-05
-7.61505e-05
-0.000110012
-4.0508e-05
-0.000191402
4.0399e-06
-0.000215828
5.41578e-05
-0.000227539
0.000108936
-0.000219256
0.000132213
-0.000149326
0.000122623
-8.6498e-05
0.000107356
-6.51234e-05
0.000108901
-7.86864e-05
6.93456e-05
-8.70191e-05
0.000120415
4.51716e-05
0.000135785
2.34331e-05
0.000115947
3.11083e-07
0.000114525
-2.21188e-05
0.00010462
-3.82974e-05
0.000105021
-5.15313e-05
0.000103497
-6.3223e-05
0.000104253
-7.16557e-05
0.000106511
-7.76513e-05
0.000111588
-7.97158e-05
0.000121044
-7.82459e-05
0.000136481
-7.3219e-05
0.000158641
-6.56532e-05
0.000188174
-5.71513e-05
0.000222824
-5.08055e-05
0.000259168
-5.09869e-05
0.000287682
-5.76729e-05
0.000298787
-6.83386e-05
0.000289054
-7.93036e-05
0.000260857
-8.54379e-05
0.000215921
-8.61319e-05
0.000160825
-7.95071e-05
9.90795e-05
-7.31814e-05
3.51547e-05
-6.25527e-05
-2.79955e-05
-5.04954e-05
-8.56427e-05
-3.8149e-05
-0.000139077
-2.56851e-05
-0.000182569
-1.48022e-05
-0.000216115
-7.44755e-06
-0.000239125
-0.000248846
-9.84716e-06
-9.1335e-05
-8.11408e-05
0.000119389
-0.000251753
-0.000204104
-0.000425834
-0.000241448
0.00029644
9.83098e-05
-5.68687e-05
3.39667e-05
-0.00014959
0.000111691
-3.26779e-05
-0.000182359
-2.63895e-05
-1.06217e-05
-0.000196864
0.000308447
4.7115e-05
-0.000379839
-0.000172128
0.000171688
-0.000199672
-0.000166382
0.000193875
-0.000187625
-0.000208821
-0.000175839
-0.000232392
-0.000165103
-0.000246012
-0.000154094
-0.000255871
-0.000143476
-0.000260467
-0.000133484
-0.000259657
-0.000123535
-0.000252646
-0.00011451
-0.000236342
-0.000106409
-0.000210575
-9.90931e-05
-0.000175563
-9.27172e-05
-0.000132007
-8.77466e-05
-7.97511e-05
-8.5364e-05
-1.9483e-05
-8.5461e-05
4.27706e-05
-8.58845e-05
0.000108094
-8.53036e-05
0.00017121
-8.26229e-05
0.000227881
-7.54271e-05
0.000272966
-6.07798e-05
0.000300621
-3.96105e-05
0.000309157
-1.44213e-05
0.000297809
8.25858e-06
0.000272322
2.42495e-05
0.000240729
3.17866e-05
0.000209301
3.0454e-05
0.000182286
2.28311e-05
0.000158813
1.12338e-05
0.00013862
-2.22111e-06
0.00012124
-1.43779e-05
0.000107309
-2.3204e-05
9.59068e-05
-3.20314e-05
8.80204e-05
-4.84053e-05
8.41024e-05
-6.81044e-05
8.26483e-05
-8.77422e-05
7.91498e-05
-0.000102375
7.3981e-05
-0.000107016
5.76931e-05
-7.63079e-05
1.72723e-05
-3.96166e-06
-4.90322e-05
-1.68883e-05
-3.4765e-05
-5.05618e-05
-4.87076e-05
-8.50138e-05
-3.37245e-05
-0.000198035
-2.10337e-05
-0.00022399
4.90875e-06
-0.000252671
3.49101e-05
-0.000253189
6.47517e-05
-0.000187592
0.000101689
-0.000134559
0.000128143
-0.000103191
0.000137693
-9.66238e-05
0.000150732
-0.000104169
8.53015e-05
-0.000106182
0.000170456
6.47575e-05
0.000137339
4.12574e-05
0.000156663
1.98534e-05
0.00013017
-2.33188e-06
0.000134282
-2.34981e-05
0.000114412
-3.91223e-05
0.000120298
-5.04818e-05
0.000114533
-5.97101e-05
0.000116256
-6.53222e-05
0.000117531
-6.63448e-05
0.000122021
-6.19547e-05
0.000130311
-5.19573e-05
0.000142889
-3.65057e-05
0.00016059
-1.56936e-05
0.000183971
8.57578e-06
0.000213037
3.65916e-05
0.000241869
6.27702e-05
0.000267565
8.53172e-05
0.00028098
0.000101994
0.000276215
0.000113396
0.00025266
0.000121161
0.000210819
0.000128611
0.000155334
0.000136261
9.25813e-05
0.000142758
2.88386e-05
0.000149579
-3.59107e-05
0.000155065
-9.3716e-05
0.000158525
-0.000146326
0.000162109
-0.000191169
0.000163424
-0.000223607
0.000161243
-0.000244221
-0.000250262
0.000154707
-1.8242e-05
-0.000250058
-6.6489e-05
-3.32854e-05
-9.08697e-05
-6.39291e-05
7.84031e-05
6.16172e-07
2.13177e-05
-7.3436e-06
-1.51425e-05
-2.96582e-05
-0.000245468
0.000227046
-1.51913e-05
8.30188e-05
0.000213579
1.09609e-06
0.000184455
1.52092e-06
-0.000169124
7.24797e-06
-0.000263692
3.92632e-06
-0.000181254
8.99309e-05
-0.000199532
-0.00024892
-2.01471e-05
7.54859e-05
0.000153195
-2.16472e-06
4.11596e-05
-0.000104897
3.12734e-05
-2.70629e-05
3.91014e-05
-9.47126e-05
3.49646e-06
-5.64434e-05
-0.00022208
5.34986e-06
-0.000279576
6.58963e-05
-0.000313345
0.000154703
-0.000347797
0.000163933
-0.000208623
7.79103e-05
-6.24981e-05
1.20928e-05
-5.02446e-05
1.65767e-05
-0.000110024
3.36493e-05
-0.000127021
7.35247e-05
-0.000150226
9.58822e-05
0.000153098
-0.000178331
7.16523e-05
0.000194803
5.181e-05
0.000154835
2.94637e-05
0.000177303
1.22308e-05
0.000139696
-8.78312e-06
0.000150577
-2.64211e-05
0.000122662
-4.11798e-05
0.0001321
-5.04974e-05
0.000121745
-5.77346e-05
0.00012465
-5.99265e-05
0.000124686
-5.71003e-05
0.000128978
-4.75254e-05
0.00013523
-3.14646e-05
0.000144468
-8.87371e-06
0.00015701
2.00663e-05
0.000174452
5.52964e-05
0.000193589
9.64693e-05
0.000214989
0.000140356
0.00023416
0.000183836
0.000246249
0.000223159
0.000244709
0.000256093
0.00022666
0.000281639
0.000191294
0.000300295
0.000141836
0.000313367
8.35983e-05
0.000320121
2.49273e-05
0.000327016
-4.15557e-05
0.000325309
-9.26794e-05
0.000321191
-0.000144285
0.00031387
-0.000187482
0.000304818
-0.000220124
0.00029402
-0.000240845
-0.000249798
0.000285034
-0.000244029
0.000141014
8.24186e-05
-0.000213176
-0.000121172
-4.62379e-05
1.58564e-05
-0.000334912
-4.40887e-05
3.21009e-05
0.000346496
-0.000220216
2.074e-05
0.000214257
-1.79934e-05
-0.000254718
-0.000222867
0.000269351
-0.00025457
-0.000230627
-0.000256436
-0.000240483
-0.000260078
-0.000246602
-0.000263322
-0.000249882
-0.00026708
-0.00024677
-0.00026966
-0.000239541
-0.000271889
-0.000222206
-0.000272979
-0.00019665
-0.00027326
-0.00016221
-0.00027307
-0.00011927
-0.000272151
-6.80302e-05
-0.000269345
-1.04452e-05
-0.000263832
4.8538e-05
-0.000254087
0.000108815
-0.000239177
0.00016567
-0.000217723
0.000214608
-0.000188555
0.000250397
-0.000152829
0.000269708
-0.000112131
0.000272113
-7.22021e-05
0.00025953
-3.79863e-05
0.000237862
-1.3628e-05
0.000213052
-1.20035e-07
0.00018943
3.69873e-06
0.000167963
4.23224e-08
0.00014959
-7.64841e-06
0.000134152
-1.64995e-05
0.000120726
-2.59329e-05
0.000108551
-3.06235e-05
0.000100552
-3.47403e-05
9.40419e-05
-4.74785e-05
9.21929e-05
-6.57068e-05
8.99789e-05
-8.52782e-05
8.66003e-05
-0.000105031
7.93207e-05
-0.000114068
5.99722e-05
-0.00011375
1.95325e-05
-0.000106885
-1.92718e-05
-0.000126711
-7.39938e-05
-8.71487e-05
-2.70261e-05
2.84843e-05
-4.69705e-05
-4.66822e-05
-0.00019666
4.62978e-06
-1.95412e-05
0.000208401
-0.000121093
-0.000248168
0.000123396
-4.40362e-05
-0.000237934
6.88576e-05
-0.000116612
0.000198756
4.11143e-05
0.000222917
2.97774e-05
0.000163442
7.05015e-06
0.000197991
4.2736e-07
0.000137548
-1.91551e-05
0.00016424
-3.24883e-05
0.000125736
-4.42723e-05
0.000138611
-5.15528e-05
0.000125106
-5.68037e-05
0.000128899
-5.59587e-05
0.000127891
-4.95665e-05
0.000131723
-3.64159e-05
0.000135909
-1.67515e-05
0.000141893
9.94851e-06
0.000149778
4.40454e-05
0.000159544
8.45396e-05
0.000171486
0.000131623
0.000184543
0.000183534
0.000196589
0.000238286
0.000203962
0.00029183
0.000202615
0.000340405
0.00018856
0.000380546
0.000160663
0.000410935
0.000119808
0.000431378
7.01497e-05
0.000446497
1.52614e-05
0.000448791
-4.03304e-05
0.000445387
-8.78605e-05
0.000436864
-0.000136304
0.00042104
-0.000173536
0.000400048
-0.000203437
0.000379195
-0.000227086
0.000367011
-0.000246357
-0.00024101
0.000273188
0.00029037
-0.000203627
1.60065e-06
5.85158e-05
-2.82519e-05
0.000131409
-0.000108845
-0.000141778
0.000162668
8.25751e-06
2.48369e-05
0.000193138
-0.000108278
0.000157617
-7.67326e-05
-0.000235995
-6.7717e-05
-0.000277789
-3.32841e-05
-0.000341749
-1.49009e-05
-0.000363197
3.29301e-05
-0.000264129
6.81761e-05
-0.000109026
8.57958e-05
-8.03206e-05
6.97917e-05
-0.000102032
7.88695e-05
-0.000138503
0.000117822
-0.000187274
0.00018573
-0.000242441
0.000234949
-0.00016231
4.36383e-05
-0.000186363
-6.33435e-05
-0.000211118
2.20894e-05
-0.000236402
2.42318e-05
-0.000263722
2.5697e-05
2.6672e-05
-0.000311846
0.000183302
0.000354739
-0.000186478
-0.000186386
0.00017027
-0.000169834
-6.98846e-06
4.42602e-06
1.42432e-05
0.000378788
-0.00042383
-0.000286069
-0.000195872
0.000259578
-0.000304516
-0.000210128
-0.0003203
-0.000220728
-0.000333563
-0.000227159
-0.000347254
-0.000227955
-0.000359119
-0.000224816
-0.000371444
-0.000215564
-0.000381501
-0.000199052
-0.00038932
-0.000174857
-0.000394788
-0.000142707
-0.000397484
-0.000102604
-0.00039575
-5.59589e-05
-0.000389154
-4.10695e-06
-0.000376768
4.83792e-05
-0.000357361
0.000100581
-0.000329736
0.000148051
-0.00029361
0.000187033
-0.000250188
0.000213965
-0.000201937
0.000227061
-0.000152807
0.000226909
-0.00010732
0.000216433
-6.93517e-05
0.000200179
-4.14279e-05
0.000182243
-2.39845e-05
0.000165264
-1.72696e-05
0.000149996
-1.78772e-05
0.000137108
-2.33948e-05
0.000126207
-2.92033e-05
0.000116938
-3.5116e-05
0.000107509
-3.64944e-05
0.000102371
-3.66393e-05
9.67148e-05
-4.58035e-05
9.6372e-05
-6.21322e-05
9.48226e-05
-7.98749e-05
9.22498e-05
-0.000105079
9.00625e-05
-0.000120593
6.78491e-05
-0.000146761
4.6664e-05
-0.00015721
-6.25171e-06
-0.000184903
-3.52376e-05
-0.000180193
-0.000111185
-1.55812e-05
-0.000194338
1.02052e-05
-0.000225149
0.0001144
-0.000259127
0.000220797
-7.59003e-05
1.48572e-05
-2.07298e-05
-3.06552e-05
1.94669e-06
-4.96632e-05
-2.01757e-05
0.000211197
1.41186e-05
-0.00022488
-0.000230905
-2.52755e-05
0.000212632
0.000407477
-0.000230298
-6.31178e-05
-0.000283545
0.000399317
0.000395267
0.000204885
-0.000241794
2.26801e-05
0.000209857
-2.31302e-05
-0.000227789
0.000302383
0.000150153
-0.000222002
-1.78754e-05
0.000246897
3.33161e-05
-0.000268795
-2.43511e-05
-3.60351e-05
0.000298012
1.95103e-05
0.000152462
-1.96399e-05
0.000261324
-4.79549e-06
0.000145005
-1.95167e-05
0.000207928
-2.30471e-05
0.00013175
-3.11429e-05
0.000164135
-4.07804e-05
0.000124459
-4.75103e-05
0.000137873
-5.24537e-05
0.000123988
-5.56979e-05
0.000128708
-5.25336e-05
0.000126835
-4.437e-05
0.000130102
-2.90799e-05
0.000131613
-6.98224e-06
0.00013447
2.2309e-05
0.000138647
5.83383e-05
0.000142842
0.000100976
0.00014831
0.000149607
0.00015443
0.000203844
0.000159996
0.000261592
0.000162294
0.000320282
0.000158767
0.000376008
0.000146636
0.000424918
0.000124502
0.000463813
9.231e-05
0.000490995
5.27782e-05
0.000507752
6.3424e-06
0.000515247
-4.22189e-05
0.000511775
-8.11459e-05
0.000500024
-0.000123727
0.000482819
-0.000156217
0.000460137
-0.000183315
0.000430963
-0.000204426
0.000391084
-0.000214426
-0.000225451
0.000323828
2.55394e-05
-0.00017937
0.000221153
-0.000229017
4.5227e-05
-4.73843e-05
3.55725e-05
0.000230084
4.57476e-05
1.54986e-05
-0.000249971
0.000253421
-0.00036059
0.000152282
0.000106649
7.39022e-05
0.000272984
-2.96009e-05
0.000262315
-5.05402e-05
-0.00021713
0.000148019
-0.000476329
0.00017395
-0.000366209
0.000136479
-0.000323188
-0.000141273
1.5152e-05
-0.000382861
0.000119833
-0.000445195
-3.08657e-05
-0.000301244
-0.000259541
-0.000207727
-0.000245243
-5.78942e-05
-0.000346905
0.000168593
-0.000473431
0.000228314
-0.00022492
7.88758e-05
0.000110442
-0.000151806
-0.000227646
4.05332e-05
-0.000248451
4.17125e-05
-0.000270722
4.44309e-05
-0.000291415
4.39008e-05
7.51456e-05
-0.000322855
-2.11285e-05
2.39954e-05
-5.39625e-06
7.83925e-05
-0.000300579
-0.000164161
0.000280024
0.000184238
-0.000320414
-0.000175268
-0.000341793
-0.00018636
-0.000362252
-0.00019576
-0.000381315
-0.000201594
-0.0003982
-0.000202265
-0.000414392
-0.000197994
-0.000429161
-0.000188547
-0.00044184
-0.000172729
-0.000451692
-0.00015051
-0.000458299
-0.000121825
-0.000460759
-8.58748e-05
-0.000457695
-4.50921e-05
-0.000446902
-1.54628e-06
-0.000429031
4.26166e-05
-0.000402086
8.48758e-05
-0.000366424
0.000122473
-0.00032313
0.000152339
-0.000274441
0.000172314
-0.000223395
0.000181676
-0.000173558
0.000181583
-0.000128221
0.000174366
-8.99922e-05
0.000163235
-6.08529e-05
0.00015112
-4.18351e-05
0.000139762
-3.28276e-05
0.000130078
-3.20359e-05
0.000121948
-3.58091e-05
0.000115321
-3.99953e-05
0.000109664
-4.30454e-05
0.000103095
-4.17358e-05
0.000100526
-3.80751e-05
9.52181e-05
-4.42391e-05
9.6705e-05
-5.70507e-05
9.64579e-05
-7.20912e-05
9.6756e-05
-0.000102486
0.000106831
-0.000128436
8.52727e-05
-0.000186734
0.000103934
-0.000218204
2.62337e-05
-0.000289798
4.61694e-05
-0.000303993
-9.51745e-05
-0.000190185
-0.000108491
-2.86791e-05
-0.000155561
5.40573e-06
-0.000199674
0.000240151
-2.41771e-05
0.000161671
8.52572e-05
-0.000104379
-8.6931e-05
0.000113659
6.98863e-05
-7.70162e-05
9.89196e-05
-5.98689e-05
5.91248e-05
9.21279e-05
-0.000219927
4.98692e-05
1.43351e-05
-4.50856e-05
-7.08816e-06
-8.27594e-06
-0.000255527
0.00024479
-1.32782e-05
-0.000213339
3.83527e-05
-1.59104e-05
0.000195612
0.000248113
-0.000226379
3.29893e-05
0.000456322
-0.000132773
-0.000396266
0.00014782
-0.000180548
2.81548e-05
0.000182716
-0.000204582
0.000206273
-2.41005e-05
-2.27878e-05
-0.000200399
-0.000431189
-0.000198016
-0.000459035
-0.000193375
-0.000486818
-0.00018102
-0.000509852
-0.000161856
-0.000527119
-0.000137209
-0.000539187
-0.000109515
-0.000537445
-7.75463e-05
-0.000530852
-4.09408e-05
-0.000509612
-4.46333e-06
-0.000476719
3.2399e-05
-0.000433807
6.37792e-05
-0.000382466
8.90978e-05
-0.000325983
0.000107322
-0.000267876
0.000118908
-0.000211092
0.000124837
-0.000157676
0.000126728
-0.000109148
0.000126357
-6.61715e-05
0.000125133
-2.93218e-05
0.000124263
1.14914e-06
0.000123868
2.39753e-05
0.000122863
4.02869e-05
0.00012226
4.91206e-05
0.000122549
5.33799e-05
0.000120526
5.21739e-05
0.000122535
4.90462e-05
0.000117737
4.74324e-05
0.000129377
4.19208e-05
0.00011816
4.36416e-05
0.000152045
4.18263e-05
0.000123812
4.98602e-05
0.000193033
5.90452e-05
0.00013063
7.01615e-05
0.000247878
9.83367e-05
0.000122182
0.000124443
0.000274001
0.000207175
-5.42096e-06
-1.59628e-05
-0.000196779
1.50646e-05
0.000307285
-0.000260149
-0.000226135
0.000294094
-0.000231356
0.000283187
-0.000349492
0.000394531
-3.29404e-06
5.3094e-05
0.000616735
-0.000380828
0.000704229
-0.000278078
-0.000308851
-0.000271075
-0.000467837
-0.000178252
-0.000449492
-0.00013046
-0.000360094
-5.04078e-05
-5.61063e-05
-3.28447e-05
8.78064e-05
-7.44501e-05
-7.67449e-06
-0.000119957
-0.00022456
-0.000102271
-0.000262299
-5.74214e-05
-0.000381392
-1.05712e-05
-0.000500281
7.95303e-05
-0.000307724
0.000100031
9.69311e-05
6.881e-05
0.000248399
-4.48576e-05
-0.000156124
-0.000140836
0.000331479
-8.93039e-05
-0.000127482
0.000120918
-4.40284e-05
-0.000242956
0.000186174
9.64068e-05
-3.31848e-05
0.000196715
-2.86414e-05
0.000200806
-3.07876e-05
0.000205845
-0.000209855
-3.33493e-05
0.000210264
-0.000205992
-3.04313e-05
-0.000203264
-2.81847e-05
2.69267e-05
-3.90981e-05
-0.00019379
-0.00039434
7.19837e-05
-5.62675e-06
-0.00019471
0.000193325
3.26507e-06
-5.87942e-06
-0.000219275
1.71759e-05
-2.30358e-05
-0.000215512
0.000222599
1.93559e-05
-0.000220079
0.000127886
-5.90257e-05
-0.000148242
0.000111702
-5.44567e-05
-4.27869e-05
9.96645e-05
-0.00021413
7.40944e-05
-9.35595e-05
-0.00012515
7.16716e-05
8.91211e-06
-2.1761e-05
-0.000239372
4.74473e-05
-0.000252572
5.11291e-05
-0.00026556
5.33473e-05
-0.000286534
6.0829e-05
7.8377e-05
-0.00029356
0.000188578
-0.000302257
-0.000211843
-0.000123483
6.21533e-05
0.000223763
-0.000164736
-0.000302653
-0.000144709
0.000166997
0.00027926
-0.000322933
-0.000143938
-0.000344727
-0.000152306
-0.000366737
-0.000161516
-0.000387815
-0.000169884
-0.00040768
-0.000174777
-0.000425893
-0.000175172
-0.00044236
-0.000170826
-0.000456679
-0.000161997
-0.000468333
-0.000147585
-0.000476741
-0.000127821
-0.000481956
-0.000102401
-0.000482139
-7.15554e-05
-0.000476016
-3.78279e-05
-0.000461467
-3.33031e-06
-0.000439265
3.20171e-05
-0.000408781
6.51758e-05
-0.00037081
9.41219e-05
-0.000326984
0.000116738
-0.00027961
0.000131808
-0.000231219
0.000139061
-0.000184281
0.000139714
-0.000141219
0.000135589
-0.000104059
0.000128692
-7.49257e-05
0.000121276
-5.52179e-05
0.000114427
-4.52216e-05
0.00010901
-4.339e-05
0.000104933
-4.63799e-05
0.000101737
-5.01085e-05
9.88651e-05
-5.12758e-05
9.4654e-05
-4.75493e-05
9.38673e-05
-4.02418e-05
8.8548e-05
-4.20532e-05
9.21632e-05
-4.79804e-05
9.24805e-05
-5.74246e-05
9.66084e-05
-8.05081e-05
0.000116466
-9.99631e-05
9.48884e-05
-0.000144835
0.000147229
-0.000172475
5.04678e-05
-0.000247168
0.000130996
-0.000257956
-8.37929e-05
-0.000249358
-0.000108938
-0.000308007
-0.000188502
-0.000205686
9.26468e-06
0.000185089
-0.000215718
1.08042e-05
3.93107e-06
8.23888e-06
-0.000220338
0.000238479
1.01557e-05
-0.000247859
-6.22946e-06
-0.000213805
4.91229e-06
-0.000190958
0.000205983
-7.55829e-06
-0.000239945
6.59113e-06
-2.45407e-05
-0.000212362
3.02751e-05
-1.62402e-05
-0.000221659
2.43338e-05
0.000208208
1.96696e-05
-9.47556e-06
3.77467e-05
-3.5698e-05
5.3651e-05
3.34957e-05
0.000187082
-0.000202929
-0.00016232
-3.15288e-05
0.000145423
-0.000180556
-0.000192531
0.000170269
-0.000251522
5.65519e-06
-1.60179e-05
0.000218787
-5.74567e-05
-0.000203255
-4.66206e-05
8.68387e-05
8.22713e-05
0.00021842
6.40667e-06
-0.000213234
2.12358e-05
0.000221384
-3.32778e-05
0.000222777
-3.3997e-05
0.000220708
-3.30944e-05
-0.000438362
-0.000166811
-0.00047183
-0.000165553
-0.000498381
-0.000156967
-0.000519516
-0.000140729
-0.000534557
-0.000120212
-0.000543275
-9.6969e-05
-0.000540349
-7.31259e-05
-0.00052845
-4.25313e-05
-0.000504019
-1.56698e-05
-0.000469302
1.30828e-05
-0.000425565
3.75343e-05
-0.000375882
5.8642e-05
-0.000321914
7.39202e-05
-0.000266805
8.53195e-05
-0.000212581
9.26724e-05
-0.00016106
9.7288e-05
-0.000113581
0.000100266
-7.09931e-05
0.000102498
-3.45221e-05
0.000104381
-4.14626e-06
0.000105568
1.90158e-05
0.00010723
3.55198e-05
0.000108025
4.44365e-05
0.000108866
4.89584e-05
0.000107879
4.93628e-05
0.000109681
4.83148e-05
0.000105402
5.01878e-05
0.000114
4.84852e-05
0.000106015
5.74258e-05
0.00013081
5.87112e-05
0.000111538
7.78286e-05
0.000164892
8.57679e-05
0.000116423
0.000120187
0.000210384
0.000140297
0.000100089
0.000183842
0.000232172
0.000211488
-3.26932e-05
0.000184145
0.000106471
0.000261714
7.12503e-05
-0.000258597
0.000255525
6.24879e-05
0.000247474
5.69886e-05
0.000242355
5.21616e-05
0.000238195
4.79298e-05
0.000236904
4.29227e-05
0.000153918
-0.000109586
-0.000146939
-0.000160587
-5.8842e-05
0.000386708
-0.000468169
-5.8492e-05
-0.000170455
3.04006e-05
-0.000217175
1.54231e-05
-0.000196899
-1.49928e-05
-1.22223e-05
-0.000193718
1.2305e-05
0.000178466
-2.52411e-06
-2.61904e-05
0.000133456
0.000622009
-0.00025568
0.000159085
-0.000524588
-3.06608e-05
0.000149403
-2.04016e-05
-6.19358e-05
-0.000114495
-0.00012697
-2.80011e-05
4.95746e-06
0.000198705
-0.000179088
0.000225417
1.19211e-05
-0.000209433
3.3169e-05
0.000235937
0.000192374
-0.00067215
0.000149477
-0.000225798
0.000161322
8.26838e-05
-0.000552117
0.000448972
-0.000714478
0.000218992
0.000233081
0.00017707
0.000658095
4.66678e-05
0.000831579
-0.00011036
-0.000137003
0.000562678
-0.00111595
-6.91933e-05
0.000193781
-0.00073487
0.000314294
-0.00101835
0.000219398
-0.0010581
0.000131784
-0.000862982
-0.000184238
-0.00051612
-0.000565209
-0.000212265
-0.000577563
-0.00016492
-0.000447281
-0.000318474
-0.000364325
-0.000409667
-0.000233548
-0.000506604
0.000164174
-0.000537002
0.000274148
-0.000552143
0.000204419
-3.86517e-05
0.000193405
-3.68381e-05
0.000191858
-3.35773e-05
0.000195038
-3.29126e-05
0.000203022
-3.41217e-05
0.00020968
-3.48167e-05
0.000219964
0.00023827
-3.03621e-05
-0.000149868
0.000284741
-8.82647e-05
-0.000155144
-4.94711e-06
-0.000231894
7.37649e-05
-0.000228378
-4.9504e-05
0.000265186
-0.000316332
-0.000173215
-9.863e-06
-0.000221447
0.000219446
-5.71421e-06
-0.000209421
3.05371e-05
2.86592e-05
0.000261346
1.33864e-05
0.000202914
-0.000194487
-2.42476e-05
9.19431e-05
-0.000226511
1.18979e-06
0.000172758
-0.00018319
-1.73402e-05
3.48264e-06
0.000210812
-6.60957e-06
-6.09523e-06
5.30439e-05
-0.000219386
0.000138764
-8.21042e-05
0.000161064
-0.00026438
-9.8754e-05
0.000142352
-0.000301192
-0.000108498
-0.000327698
-0.000117006
-0.000352198
-0.000126081
-0.000374959
-0.000135552
-0.00039663
-0.000143251
-0.000417269
-0.000147134
-0.000435347
-0.000148125
-0.000451671
-0.000144298
-0.000465583
-0.000136376
-0.000476046
-0.000124342
-0.00048279
-0.000107504
-0.000484836
-8.66171e-05
-0.000480693
-6.19597e-05
-0.00047071
-3.51057e-05
-0.000453572
-8.12182e-06
-0.000429663
1.91643e-05
-0.000398933
4.46888e-05
-0.000362406
6.67103e-05
-0.000321717
8.3948e-05
-0.000278533
9.55306e-05
-0.00023473
0.000101591
-0.00019188
0.000103021
-0.00015143
0.000101035
-0.000115544
9.73458e-05
-8.65394e-05
9.32584e-05
-6.65308e-05
8.98639e-05
-5.61237e-05
8.76547e-05
-5.40598e-05
8.65027e-05
-5.71276e-05
8.57638e-05
-6.1141e-05
8.47442e-05
-6.15241e-05
8.21241e-05
-5.55509e-05
8.20285e-05
-4.49704e-05
7.63272e-05
-4.04762e-05
8.18582e-05
-3.56013e-05
7.96674e-05
-4.00989e-05
9.09661e-05
-4.04836e-05
0.00010258
-5.43653e-05
9.65504e-05
-3.37876e-05
0.000124987
-7.13792e-05
7.69384e-05
-3.67102e-06
6.90481e-05
-6.62011e-05
-1.69809e-05
7.84842e-05
-0.000255525
2.37867e-05
-0.000118886
-0.000826012
0.00015614
-4.25781e-05
4.06005e-05
2.1939e-06
-1.68569e-06
-0.000201229
-1.22909e-05
0.000196594
1.49646e-05
-3.42787e-05
-1.73516e-05
-0.000200274
-0.00019256
0.000160402
-1.35625e-05
1.17216e-05
-4.8875e-06
-0.000183883
0.000186205
0.000306589
-0.000132381
-0.000135061
-0.000205398
0.000216863
-0.000202169
-7.52413e-05
5.67669e-05
0.000223564
6.02185e-05
0.000225956
5.53128e-05
0.000227163
5.10699e-05
0.000228085
4.68387e-05
0.000228904
4.31077e-05
0.000230546
3.74051e-05
0.000230619
2.9322e-05
1.94123e-05
-8.41463e-06
0.000221644
0.000220262
2.62085e-05
0.000226176
-4.8707e-05
9.25475e-05
7.92409e-05
-0.000177494
0.000179946
-9.58232e-05
-0.000263989
0.00022099
-0.000207916
-0.000379199
-9.05241e-05
7.12518e-05
-0.000406169
-0.000140954
-0.000437828
-0.000141222
-0.000469057
-0.00013873
-0.000495516
-0.000132023
-0.000514855
-0.000119464
-0.00052956
-0.000103417
-0.000533676
-8.69522e-05
-0.000530042
-6.73091e-05
-0.000514996
-4.48789e-05
-0.000491304
-2.39216e-05
-0.000457092
-2.74886e-06
-0.000415288
1.64472e-05
-0.000367511
3.33212e-05
-0.00031665
4.66682e-05
-0.000264507
5.73372e-05
-0.00021309
6.52753e-05
-0.000163804
7.12624e-05
-0.00011779
7.59886e-05
-7.61856e-05
7.99186e-05
-4.04112e-05
8.27693e-05
-1.0948e-05
8.49457e-05
1.18924e-05
8.70564e-05
2.80254e-05
8.84894e-05
3.69119e-05
8.95613e-05
4.09185e-05
8.92029e-05
4.24438e-05
9.05235e-05
4.31858e-05
8.75267e-05
4.74097e-05
9.32619e-05
4.9406e-05
8.82234e-05
6.26629e-05
0.00010432
6.88982e-05
9.39124e-05
9.42523e-05
0.00012941
0.000102281
0.000101137
0.000140631
0.000167131
0.000153894
8.58373e-05
0.000191744
0.000195992
0.000175955
-1.55136e-05
9.27726e-05
0.000201753
-0.000177421
-0.000278348
0.000232617
-3.00161e-05
0.000227003
-3.0248e-05
0.000226202
-3.37406e-05
0.000223647
-3.33187e-05
0.000253279
-4.91733e-05
-7.09429e-05
0.000217173
3.0484e-05
-0.000160726
0.000209919
2.12776e-05
2.09668e-05
-0.000211537
3.18206e-05
0.000217042
1.48926e-05
1.94596e-05
-0.000308329
0.000405451
2.72937e-05
6.89576e-05
0.000339913
-0.000104297
0.000336
-5.24541e-05
-0.000196853
2.05562e-05
-0.000233594
8.75585e-05
-0.00024658
-5.97055e-05
0.000266488
-9.2353e-06
-0.00023575
8.78891e-07
-0.000210608
-3.77875e-06
-0.000199548
2.26664e-05
0.000196148
6.29218e-05
0.00048848
-0.000287452
-0.000248444
1.22365e-05
-0.00018797
3.33279e-05
-0.000278224
-1.24238e-05
3.73537e-05
-0.000224383
-4.01043e-05
-1.7386e-05
8.76096e-06
0.000185169
-1.41791e-05
0.000126726
-0.000231434
1.22936e-05
0.000201682
0.000144159
-0.000172708
-0.000113543
0.000186123
-0.000199684
0.000265543
-1.80421e-05
1.64647e-06
-0.000244273
-0.00020964
0.000129279
0.000188743
-0.000181905
3.7002e-06
-1.28944e-05
3.36533e-05
-7.4062e-05
-0.000226272
1.59755e-05
0.000113089
-2.51492e-05
3.351e-05
0.000199234
-2.74262e-05
0.000197742
-2.98819e-05
0.000193061
-3.06957e-05
0.000190161
-3.07728e-05
0.000192981
-2.89478e-05
0.000199517
-2.95753e-05
0.000208922
-2.94123e-05
0.000218722
-2.82745e-05
0.000221815
-0.000188903
-8.37513e-05
0.000248079
-0.000148935
8.86331e-05
-3.57167e-07
2.55285e-05
5.7777e-05
-0.000222717
4.58782e-06
-2.17624e-05
-0.000248648
2.96669e-05
0.000234627
-7.32148e-06
0.00016329
-0.000181868
3.41584e-05
-0.000209491
-4.41559e-05
-0.000249777
-5.96353e-05
-0.00028214
-7.63246e-05
-0.00030924
-8.89368e-05
-0.000335093
-9.80111e-05
-0.000360676
-0.00010639
-0.000385524
-0.000113341
-0.000408035
-0.000117953
-0.000427838
-0.000119723
-0.000444881
-0.000117655
-0.000458603
-0.000111808
-0.000468617
-0.000102464
-0.00047375
-8.97974e-05
-0.000473753
-7.3742e-05
-0.000467481
-5.48632e-05
-0.000455903
-3.44623e-05
-0.000438219
-1.39739e-05
-0.000414777
6.44223e-06
-0.000385787
2.56935e-05
-0.000352432
4.23059e-05
-0.000316053
5.54724e-05
-0.000277709
6.44617e-05
-0.000238444
6.95958e-05
-0.000199119
7.1375e-05
-0.000161204
7.08823e-05
-0.000126583
6.91797e-05
-9.79139e-05
6.7388e-05
-7.76754e-05
6.62716e-05
-6.70902e-05
6.62071e-05
-6.52565e-05
6.70586e-05
-6.92699e-05
6.78794e-05
-7.42323e-05
6.77626e-05
-7.49616e-05
6.62192e-05
-6.68407e-05
6.58137e-05
-5.41264e-05
6.03574e-05
-4.3445e-05
6.6774e-05
-3.08478e-05
6.14397e-05
-3.02346e-05
7.94794e-05
-1.94322e-05
7.69724e-05
-2.60771e-05
9.08227e-05
6.39222e-06
8.57861e-05
-7.76894e-06
8.06215e-05
6.18494e-05
-1.07977e-05
6.56727e-05
-8.781e-06
0.000167471
-0.000357613
0.000211416
-0.000152207
0.00015137
-0.000778219
0.000233985
0.000137161
-0.000191464
0.000427518
-2.98254e-05
0.000302005
0.00026974
0.000282401
0.000170701
0.000373737
-0.000635003
0.000343939
-0.000659931
0.000587747
3.83902e-06
8.57069e-05
0.00120064
-0.000416851
0.00135369
-0.000241812
-0.000248738
-0.000244266
-0.00106921
-3.11108e-05
-5.97328e-06
-0.000394916
0.000717498
-0.000480143
0.000393732
-0.000334654
8.9017e-06
-0.000408446
-0.000119795
-0.000624537
-0.000353081
-0.000695699
-0.00050215
-0.000659478
-0.000478088
-0.000609307
-0.00039922
-0.000468957
-0.000355892
-0.000294888
2.65885e-05
-0.000101624
0.000102702
6.71131e-05
5.67965e-05
-0.000336879
0.000251883
-2.23308e-05
-0.000249813
1.42169e-06
-0.000214292
-2.46721e-05
2.98914e-05
0.000211858
-1.64296e-05
0.000210328
0.000203396
-8.85897e-06
0.000158809
-0.000138205
2.55934e-06
-0.000228486
0.000186001
7.28469e-05
-0.000194191
0.000181197
-1.6738e-05
0.000436547
-0.000366807
0.000328883
6.20404e-05
0.000214185
0.000159335
5.1227e-05
0.000171252
4.35074e-05
0.0001807
4.09204e-05
0.000188468
3.85361e-05
0.000195049
3.58144e-05
0.000200934
3.3144e-05
0.000205079
2.93633e-05
0.000205497
2.51378e-05
0.000203987
2.41582e-05
0.00019856
3.20009e-05
-0.000185775
-4.38141e-05
7.45619e-05
0.000152698
3.83358e-05
0.000201407
-3.07567e-05
4.82085e-05
0.00035475
-0.000222946
-4.71578e-05
7.8105e-05
-0.000199071
0.000160193
4.36035e-05
-0.000182899
-0.000287118
-2.67798e-05
-2.90759e-05
0.000157741
2.58941e-05
-0.000224583
-0.000160685
0.000193873
-0.000208421
1.26449e-05
0.000269869
3.32838e-07
2.18601e-06
-0.000202868
0.000198927
2.31587e-05
-0.000200384
1.37812e-05
-0.000193596
1.58006e-05
-0.000185468
1.79322e-05
-0.000174872
1.74148e-05
-0.000152632
1.57294e-05
7.24434e-06
-0.000178541
2.78799e-05
-0.000126271
1.4596e-05
0.00014044
-1.98819e-05
-2.67536e-05
0.000143006
0.000242482
-2.23602e-05
0.000231273
-2.10018e-05
0.000223589
-2.41718e-05
0.000216525
-2.77248e-05
0.000211154
-2.84851e-05
0.000207135
-2.44188e-05
-0.000238618
-7.65432e-05
0.000216204
-0.00014026
-5.06486e-08
-1.11481e-06
6.32262e-06
2.84226e-05
8.69822e-05
-1.05032e-05
0.000180934
-1.54973e-05
-0.000157046
-2.1512e-05
0.000194762
-2.3868e-05
0.000199041
-2.47639e-05
0.000196176
-2.49108e-05
0.000191067
-2.56524e-05
0.000188863
-2.50653e-05
0.000190641
-2.37074e-05
0.000196793
-2.17839e-05
0.000206002
-1.93639e-05
0.0002156
-1.70017e-05
0.000219091
-1.1531e-05
0.00020175
-0.000205615
3.38978e-05
-8.13826e-05
-0.000218111
7.92517e-06
0.000291765
-3.42543e-06
0.000481838
1.14792e-05
4.33639e-06
0.000197184
-9.58164e-05
-0.000142902
-5.29005e-06
-0.000169561
-1.95472e-05
-0.000197453
-3.28444e-05
-0.000227819
-4.58762e-05
-0.000258868
-5.65424e-05
-0.000288035
-6.62414e-05
-0.000316889
-7.37388e-05
-0.000344683
-8.05074e-05
-0.000371033
-8.5298e-05
-0.000394901
-8.78786e-05
-0.000415675
-8.7985e-05
-0.000432568
-8.49971e-05
-0.000444741
-7.93785e-05
-0.000451846
-7.09896e-05
-0.000452696
-6.05514e-05
-0.000446983
-4.777e-05
-0.00043624
-3.33571e-05
-0.000419909
-1.87431e-05
-0.000398544
-4.20237e-06
-0.000372419
9.6207e-06
-0.00034287
2.17903e-05
-0.000310841
3.15376e-05
-0.00027694
3.83004e-05
-0.000241616
4.24765e-05
-0.000205373
4.43141e-05
-0.000169384
4.4607e-05
-0.000135805
4.41241e-05
-0.000107395
4.36481e-05
-8.7117e-05
4.395e-05
-7.66265e-05
4.50419e-05
-7.55642e-05
4.69541e-05
-8.12034e-05
4.85209e-05
-8.79647e-05
4.88598e-05
-9.00137e-05
4.77268e-05
-8.06172e-05
4.65207e-05
-6.68868e-05
4.28235e-05
-5.08574e-05
4.87282e-05
-3.41384e-05
4.18086e-05
-2.88764e-05
6.27041e-05
-1.49567e-05
4.63222e-05
-1.71127e-05
7.91582e-05
1.08914e-05
4.18453e-05
2.22224e-06
8.35723e-05
4.03315e-05
-5.73915e-05
2.75814e-05
1.90171e-05
4.97404e-05
-0.000383189
5.36951e-06
-8.82543e-05
-0.000101708
-0.000664059
-0.000180599
0.000253098
0.000759247
-0.000589944
-0.000359203
0.000569806
-1.13034e-05
0.000573657
-5.48942e-05
0.000621395
0.000199889
0.000659525
0.000101868
0.000104493
-0.00011669
-0.000296373
-0.000323556
-0.000159459
-0.000179793
0.000533508
0.000499397
0.0012457
0.000568484
0.00061636
0.000253806
-0.000495702
1.30735e-05
-0.00084596
0.000309815
-0.00083899
0.000692738
-0.00097615
0.000455854
-0.00101003
2.24751e-05
-0.000668484
-0.000469394
-0.000301329
-0.000713126
-0.000408873
-0.000382866
-0.000687139
-0.000196346
-0.000978223
-0.000126104
-0.00131103
-4.14772e-05
-0.0012962
-1.34214e-05
-0.00136009
0.000153623
-0.0012678
-4.88961e-05
-0.00104149
-0.000579411
0.000468793
-0.000247206
-0.00126002
0.000300343
0.000443095
-8.78132e-05
0.000120036
-0.000146326
0.000270342
-0.000200352
4.38304e-05
-0.000160679
0.000156883
-0.000152856
7.65028e-05
-0.000111961
0.000119487
-9.84099e-05
7.93248e-05
-7.06573e-05
9.10869e-05
-5.93134e-05
7.01873e-05
-4.38543e-05
7.3997e-05
-3.88495e-05
6.48032e-05
-3.35079e-05
6.7977e-05
-3.17878e-05
6.49518e-05
-2.99458e-05
6.66773e-05
-2.69327e-05
6.56574e-05
-1.86142e-05
6.58081e-05
-3.47134e-06
6.47562e-05
1.87745e-05
6.36418e-05
4.73026e-05
6.18562e-05
8.15587e-05
5.97509e-05
0.000121641
5.69409e-05
0.000166046
5.28307e-05
0.000213202
4.7673e-05
0.00026208
4.15409e-05
0.000311326
3.40647e-05
0.000359152
2.484e-05
0.000403856
1.38553e-05
0.000443113
8.64496e-07
0.000475768
-1.37725e-05
0.000498843
-2.83894e-05
0.000513541
-4.42938e-05
0.000517692
-5.96722e-05
0.00051253
-7.37947e-05
0.00049751
-8.48657e-05
0.00047586
-9.56508e-05
0.000445719
-0.000102357
0.000410197
-0.000106649
0.000369929
-0.000106063
0.000323794
-9.98859e-05
0.000321908
-9.1941e-05
0.000234503
-0.000104882
0.00019217
0.000226734
-8.6561e-05
-8.30491e-05
0.000140989
4.93597e-05
0.000179666
0.000226775
0.000126164
1.22353e-05
-2.96973e-05
-0.000100263
-5.62797e-05
8.43731e-05
8.47586e-06
6.79424e-05
5.33683e-05
-0.000164253
0.000126463
-0.000112949
0.000298164
9.21711e-05
0.000372256
-0.000124813
7.9699e-06
-0.000254386
-4.24909e-05
-0.000228466
0.000277837
-8.18902e-06
-0.000267999
-3.17801e-05
5.57826e-07
-0.00020282
6.84272e-07
-0.000210414
-1.87455e-05
0.000195814
-0.000202253
-5.37503e-06
0.000205512
-2.88154e-05
0.000206814
-2.72859e-05
-0.00021687
-4.8053e-05
0.000221657
6.0096e-06
0.000122736
-8.6111e-06
0.000185705
-0.00021642
1.00936e-05
0.000208032
-0.000216526
8.73899e-07
4.42374e-06
-0.000183281
2.45794e-05
-0.000125777
0.000184057
1.40439e-05
0.000156523
-4.13051e-05
-2.63428e-05
3.36671e-05
-5.20053e-05
0.000142504
-0.000125474
0.000173353
-0.000201757
-2.7622e-05
-0.000247905
0.000332831
-0.000171239
5.20129e-05
-0.000169122
2.64634e-05
-0.000165951
1.74392e-05
-0.000161252
1.68963e-05
-0.000154435
1.88605e-05
-0.000145817
2.05928e-05
-0.000136191
2.18376e-05
-0.000125388
2.29192e-05
-0.000112769
2.31685e-05
-9.69803e-05
2.24693e-05
2.03976e-05
-7.13133e-05
0.000102597
-1.71278e-07
-0.000202103
3.83878e-05
0.000106592
8.65011e-06
-2.15669e-05
0.000116014
6.39814e-06
0.000131684
7.70421e-06
0.000146386
9.04175e-06
0.000158847
1.01795e-05
0.00016838
9.3013e-06
0.000173996
9.3946e-06
1.3246e-05
1.03882e-06
-0.000246451
1.33998e-05
0.000228339
-3.96299e-05
-0.000225849
0.000226355
-2.04265e-05
0.00021736
-1.02474e-05
4.31964e-06
0.00038807
0.000158691
-0.000141541
5.14368e-06
-0.000267822
-2.78858e-05
-0.00020039
-6.67288e-05
0.000282121
1.77447e-05
-0.000213087
4.35917e-06
-2.81925e-05
-0.000195351
0.000206225
-1.7046e-05
0.000197431
-1.41609e-05
0.000186446
-1.45034e-05
0.000175216
-1.72098e-05
0.000165785
-1.90761e-05
0.000159037
-1.72311e-05
0.000153811
-5.8806e-06
8.92685e-06
-0.000267748
0.000237739
-4.91615e-05
-1.14919e-05
3.87067e-05
-8.40127e-05
-1.98412e-05
6.27686e-05
-8.27877e-05
-2.1954e-05
-0.000100655
-2.85966e-05
5.1976e-05
-0.00014003
-3.91093e-05
-0.000176661
-4.7616e-05
-0.000225719
-5.53842e-05
-0.000261813
-5.80218e-05
-0.000304267
-6.14487e-05
-0.000348866
-6.56925e-05
-0.000390341
-6.79608e-05
-0.000424709
-6.76916e-05
-0.000453494
-6.50865e-05
-0.000472616
-6.03109e-05
-0.000482011
-5.44964e-05
-0.000480942
-4.67842e-05
-0.000469641
-3.77526e-05
-0.000448619
-2.80726e-05
-0.000419839
-1.84357e-05
-0.000383795
-8.91246e-06
-0.000342477
-2.9051e-08
-0.00029788
7.93753e-06
-0.000251693
1.48924e-05
-0.000205511
2.08165e-05
-0.000160766
2.60511e-05
-0.000118785
3.0569e-05
-8.13892e-05
3.39287e-05
-4.92563e-05
3.60262e-05
-2.24692e-05
3.76766e-05
-1.94248e-06
3.87537e-05
1.13864e-05
3.96087e-05
1.79688e-05
4.00591e-05
1.90996e-05
3.98104e-05
2.01089e-05
4.08925e-05
2.07904e-05
3.92624e-05
2.52419e-05
4.06531e-05
3.1765e-05
3.86944e-05
4.64279e-05
4.33886e-05
6.09141e-05
4.2075e-05
8.75737e-05
5.26716e-05
0.000107566
4.96521e-05
0.000149204
7.00431e-05
0.000164876
5.83293e-05
0.00021415
0.000107109
0.000189274
7.59305e-05
0.000233844
0.000237595
0.000102535
0.000266952
0.000104119
0.000475744
-0.000488444
0.00035813
0.000189569
-3.15441e-05
3.28234e-05
0.000119103
-0.00152337
0.00105591
-4.47443e-05
-0.00147796
-1.36121e-05
-0.00147637
-2.32719e-05
-0.00120641
-1.72803e-05
-0.00101149
-3.04193e-05
-0.00103503
-2.91256e-05
-0.00125982
-4.47006e-05
-0.00135952
-3.45066e-05
-0.000739519
-3.51642e-05
4.76817e-05
-4.64793e-05
0.00043554
-7.11622e-06
0.00040605
0.000160852
0.000595269
0.000214315
0.001129
0.000223098
0.00148965
0.000121636
0.00154521
-1.07587e-05
0.00114869
-3.40237e-05
0.000491186
-1.33579e-05
0.000154816
-4.15392e-06
-2.3224e-05
-3.13163e-06
-0.000134154
-1.1506e-06
-0.000179388
1.32832e-06
-0.00016086
-7.96544e-07
2.67443e-05
1.42537e-06
3.07348e-05
-5.5087e-06
-0.000466957
-1.10154e-05
-0.00156921
-3.83717e-05
-0.0018936
-7.30618e-05
0.000182132
6.4044e-06
-1.45833e-05
4.95989e-06
0.000188868
-2.12833e-05
0.000199866
-2.33227e-05
0.000199435
-2.29703e-05
0.000194211
-2.18456e-05
0.000188543
-2.05951e-05
0.000186214
-1.90657e-05
0.000187839
-1.61719e-05
0.000192801
-1.18444e-05
0.000200864
-6.45111e-06
0.000209776
1.51668e-06
0.000210953
4.79865e-06
0.000198649
6.98565e-06
0.000152003
0.000186665
-3.65301e-05
0.000133815
-3.6002e-05
8.54166e-05
0.000137015
-2.10694e-05
-1.57553e-05
0.000155796
-8.6198e-05
1.62439e-06
8.32285e-05
-9.41797e-05
-7.18196e-07
-0.000108888
-7.17725e-06
-0.000129372
-1.34557e-05
-0.000153793
-2.1159e-05
-0.000180377
-2.82906e-05
-0.000208749
-3.49221e-05
-0.000237977
-4.04962e-05
-0.000268191
-4.52578e-05
-0.00029836
-4.91031e-05
-0.00032694
-5.19464e-05
-0.000353085
-5.36666e-05
-0.000375237
-5.37006e-05
-0.000392396
-5.20476e-05
-0.000403859
-4.83898e-05
-0.000409494
-4.30149e-05
-0.000407916
-3.68373e-05
-0.00040085
-2.85612e-05
-0.000388235
-1.9677e-05
-0.00037068
-1.07617e-05
-0.000348781
-2.0232e-06
-0.000323742
5.92424e-06
-0.000296281
1.23739e-05
-0.000266779
1.69556e-05
-0.000235263
1.9961e-05
-0.000202008
2.15226e-05
-0.000168113
2.21363e-05
-0.000135853
2.2296e-05
-0.00010827
2.25766e-05
-8.84599e-05
2.34314e-05
-7.88382e-05
2.50218e-05
-7.94335e-05
2.71195e-05
-8.76502e-05
2.90562e-05
-9.75587e-05
2.97608e-05
-0.000102135
2.88837e-05
-9.32275e-05
2.74455e-05
-7.95285e-05
2.56259e-05
-6.03716e-05
2.985e-05
-4.35714e-05
2.31144e-05
-3.53677e-05
4.17825e-05
-2.95363e-05
2.20934e-05
-3.03559e-05
6.17568e-05
-4.45427e-05
2.4721e-05
-4.18951e-05
6.80743e-05
-0.000102174
-3.45646e-06
-0.000125741
4.88282e-05
-0.000468344
-3.92485e-05
-0.000551142
8.67341e-06
-0.00126253
6.66827e-05
-0.000988194
-4.41198e-06
-0.00162042
0.00029152
-7.74265e-05
-0.000409431
-0.000210446
-1.13313e-05
-3.77897e-05
0.000202078
4.35921e-06
-0.000201317
2.00808e-06
-0.000208135
0.000279297
2.3025e-06
-4.69572e-06
-0.00027232
-0.00010624
0.000265047
6.01824e-05
0.000311363
-8.01618e-05
5.60363e-05
0.000164865
7.92839e-05
6.1462e-05
3.83199e-05
-3.68559e-05
4.1101e-06
-1.01056e-05
0.000100451
3.67318e-05
-8.98366e-07
-1.85704e-05
5.45027e-05
-2.1406e-07
6.96745e-05
-1.3969e-07
8.44574e-05
5.13824e-07
9.86067e-05
9.60093e-07
0.000111925
1.45981e-06
0.000122652
1.59755e-06
0.000131784
1.49534e-06
2.83796e-06
-0.000142766
4.18902e-06
0.000137063
-0.000601948
0.000648836
0.000204075
1.4145e-06
0.000169448
-1.18047e-05
0.000154349
-1.15093e-05
-4.74321e-06
4.7323e-05
6.1656e-06
-0.000122101
2.34146e-05
-0.00011316
1.39016e-05
-0.000107411
8.12992e-06
-0.000101409
7.35771e-06
-9.39244e-05
7.78188e-06
-8.52192e-05
8.01877e-06
-7.59312e-05
8.17594e-06
-6.63016e-05
8.30792e-06
-5.6692e-05
8.09633e-06
7.42756e-06
0.000288263
-0.000270861
-1.18315e-05
-0.000199312
0.000189299
-3.76816e-05
-5.38759e-05
0.000157926
-7.36097e-06
-3.02362e-06
1.171e-05
-3.3593e-06
-3.46812e-06
6.29772e-06
-4.8563e-06
-3.58163e-06
-1.11987e-05
-5.91309e-06
-1.80501e-05
-7.75889e-06
-3.01051e-05
-1.01164e-05
-5.17356e-05
-1.22917e-05
-8.1e-05
-1.5216e-05
-0.000117802
-1.76942e-05
-0.000157677
-1.96916e-05
-0.00020011
-2.22327e-05
-0.000244585
-2.48904e-05
-0.000287616
-2.71084e-05
-0.000326717
-2.84516e-05
-0.000360141
-2.93608e-05
-0.000384468
-2.91424e-05
-0.000399623
-2.79447e-05
-0.000404775
-2.58072e-05
-0.000399588
-2.30081e-05
-0.000384684
-1.93885e-05
-0.00036138
-1.5353e-05
-0.000330921
-1.11575e-05
-0.000295055
-6.88651e-06
-0.000255713
-2.76698e-06
-0.000214377
1.0919e-06
-0.000172816
4.53377e-06
-0.000132442
7.87455e-06
-9.52083e-05
1.08309e-05
-6.26133e-05
1.31558e-05
-3.45907e-05
1.41191e-05
-1.21134e-05
1.56402e-05
3.96249e-06
1.65037e-05
1.30175e-05
1.68824e-05
1.52655e-05
1.69628e-05
1.24933e-05
1.66804e-05
8.82331e-06
1.70535e-05
5.37153e-06
1.57627e-05
5.7424e-06
1.64043e-05
9.85164e-06
1.43297e-05
1.98577e-05
1.64699e-05
3.26645e-05
1.46263e-05
5.34032e-05
1.92275e-05
7.33189e-05
1.87514e-05
0.000110247
2.41099e-05
0.000138533
2.64307e-05
0.000202056
4.30987e-05
0.000232268
5.39884e-05
0.000363422
0.000117561
0.000432239
0.000215974
0.000715554
0.00022656
0.000433926
0.000655001
-9.12032e-05
-0.00128183
0.000138438
-1.03806e-05
0.000127225
-8.68856e-06
0.000117742
-6.91478e-06
0.000105598
-3.98611e-06
9.27475e-05
-5.22241e-06
7.97048e-05
-6.85006e-06
6.89026e-05
-6.96954e-06
6.6346e-05
-3.6506e-06
7.40369e-05
0.000275558
5.83809e-05
-0.000207254
-1.59888e-07
6.85596e-05
0.000111452
-0.00021352
-8.61406e-06
6.55328e-06
-0.000197895
0.000266132
1.77923e-05
-0.000103597
9.42208e-05
-1.71286e-05
-0.000118233
6.655e-05
-1.2141e-05
5.29426e-05
-1.01502e-05
-7.86048e-06
-0.000116232
-0.00013893
-3.72625e-05
0.000142312
4.96096e-05
-3.14952e-05
0.000182136
-2.77708e-05
0.000195232
-2.45016e-05
0.000195242
-2.16318e-05
0.000190453
-1.92878e-05
0.0001854
-1.69368e-05
0.000183139
-1.39445e-05
0.000184206
-9.82796e-06
0.000187984
-3.90068e-06
0.000194303
5.42961e-06
0.000200064
1.44097e-05
0.000201941
2.44124e-05
0.000188842
2.33756e-05
0.000153257
9.3632e-05
3.73892e-06
2.25793e-05
-1.20412e-05
1.08038e-06
2.77201e-05
-0.000103379
2.9404e-06
-5.17606e-06
2.80006e-06
-1.55576e-05
2.10172e-06
-1.98158e-05
-1.45694e-05
-2.5934e-05
-9.42827e-06
-2.03863e-05
-3.30198e-05
-2.25659e-05
-2.5346e-05
-2.53529e-05
-4.22074e-05
-2.56335e-05
-3.32416e-05
-3.26647e-05
-2.69323e-05
-5.59829e-05
-2.14014e-05
-4.50399e-05
-1.69684e-05
-1.21717e-05
0.000127686
-6.65591e-06
0.000208865
1.49439e-05
0.000201292
4.8673e-05
8.86298e-05
3.92518e-05
1.15385e-06
6.82885e-06
2.845e-06
-5.57843e-06
4.01633e-06
-9.32746e-06
4.2872e-06
-1.29667e-05
4.3996e-06
-1.3994e-05
5.16115e-06
-1.34631e-05
5.45149e-06
-1.28399e-05
6.59441e-06
-1.24999e-05
5.6005e-06
-1.55804e-05
7.68336e-06
-3.13712e-05
5.46577e-06
-6.50657e-05
9.01714e-06
-0.000135711
5.95311e-06
-0.000221957
6.65452e-07
-4.16062e-05
2.01745e-06
-4.64737e-05
4.56768e-07
-5.44235e-05
-1.70415e-06
-6.5256e-05
-3.66703e-06
-7.96673e-05
-6.24007e-06
-9.69267e-05
-9.038e-06
-0.000117294
-1.13435e-05
-0.000140474
-1.31153e-05
-0.000165975
-1.47401e-05
-0.000192979
-1.63154e-05
-0.00022012
-1.78672e-05
-0.000246684
-1.94454e-05
-0.000271163
-2.05874e-05
-0.000292075
-2.13628e-05
-0.000308052
-2.15692e-05
-0.000318429
-2.09876e-05
-0.000323297
-1.95477e-05
-0.00032274
-1.69592e-05
-0.000316615
-1.38386e-05
-0.000305518
-1.04971e-05
-0.000290218
-6.81579e-06
-0.000271754
-3.18421e-06
-0.000250736
-1.36286e-07
-0.00022734
2.07236e-06
-0.000201347
3.60948e-06
-0.000173015
4.58211e-06
-0.000143377
5.12408e-06
-0.000114721
5.51989e-06
-9.02326e-05
6.10376e-06
-7.3356e-05
7.04714e-06
-6.67765e-05
8.41342e-06
-7.1019e-05
1.02623e-05
-8.3968e-05
1.23005e-05
-9.92418e-05
1.32237e-05
-0.000108314
1.32413e-05
-0.00010272
1.24137e-05
-9.13445e-05
1.14538e-05
-7.32286e-05
1.2488e-05
-5.95276e-05
7.66532e-06
-4.93825e-05
1.92775e-05
-4.92648e-05
2.47832e-06
-4.77607e-05
3.35211e-05
-6.09728e-05
-2.49634e-06
-4.92143e-05
3.76247e-05
-7.54841e-05
-7.41315e-06
-4.94424e-05
2.82256e-05
-0.000141096
4.9848e-05
-0.000164092
3.45023e-05
-0.00037789
0.000306492
-0.000265151
-0.000104122
-0.00077094
0.00080799
-0.000113837
-0.000965449
-0.000211202
-3.02603e-06
0.000171203
-6.48179e-05
-0.000196806
0.000247508
-0.00143525
0.000226095
-0.000761053
-4.988e-05
-0.000170441
3.50682e-06
0.000225213
-0.000378411
-0.000154085
1.10993e-05
0.000465134
-0.000531276
0.000525919
-0.000721715
0.000757444
-0.00083339
0.000829841
-0.000773449
0.000681085
-0.000581763
0.000426945
-0.000201743
-7.90836e-05
0.000452367
-0.000721587
0.000777685
-0.000712885
0.00064981
-0.00061941
0.000121634
-0.000244351
0.000659572
-0.00030926
-0.000314337
0.000308913
-5.65936e-05
0.000234923
-0.00103987
2.48136e-05
9.77178e-05
-0.0001695
0.000304901
-0.000314515
-2.16763e-05
5.6343e-05
-0.000114744
0.000149966
-0.000112248
0.000124417
-7.81967e-05
7.88365e-05
-6.07117e-05
6.85084e-05
-7.50627e-05
8.78772e-05
-9.65779e-05
9.95906e-05
-8.71989e-05
6.74807e-05
-4.92019e-05
3.84586e-05
-3.72591e-05
4.54842e-05
-6.04748e-05
7.87003e-05
-9.70575e-05
0.000113449
-0.000127018
0.000137778
-0.000146259
0.000152574
-0.000156529
0.00015776
-0.000156167
0.000151832
-0.00014472
0.00013539
-0.000124537
0.000112732
-0.000100489
8.84424e-05
-7.71495e-05
6.6481e-05
-5.67998e-05
4.80515e-05
-4.01536e-05
3.33096e-05
-2.77275e-05
2.30378e-05
-1.86931e-05
1.52137e-05
-1.22843e-05
1.08545e-05
-1.08955e-05
1.20676e-05
-1.43194e-05
1.74875e-05
-2.12686e-05
2.55205e-05
-2.98968e-05
3.38647e-05
-3.8571e-05
4.88919e-05
-6.86114e-05
4.44674e-05
-3.08421e-05
1.93424e-05
-1.00842e-05
4.52499e-06
1.82546e-06
-9.48847e-06
1.70665e-05
7.14403e-06
1.52586e-05
4.25194e-05
-3.44202e-05
2.3117e-05
-1.14539e-05
2.66693e-06
4.48182e-06
-9.73118e-06
1.39158e-05
-1.73819e-05
2.11385e-05
-2.57819e-05
3.20943e-05
-3.98851e-05
4.80159e-05
-1.83224e-05
1.66781e-06
3.33772e-06
-1.19458e-05
-6.35607e-06
-3.72948e-05
3.8673e-05
3.6173e-07
-2.90638e-05
1.63266e-05
-4.77888e-09
-2.12746e-05
2.34005e-05
-3.42101e-05
5.15451e-05
-6.90873e-05
7.26809e-05
-6.9494e-05
6.61333e-05
-6.34855e-05
6.02021e-05
-5.48621e-05
4.79721e-05
-4.00999e-05
3.16795e-05
-2.33184e-05
1.47911e-05
-7.48579e-06
3.52752e-06
6.35861e-07
3.54658e-06
-4.59619e-06
8.4219e-06
-1.02683e-05
1.02859e-05
-7.18559e-06
4.58792e-07
1.09683e-05
-2.75525e-05
4.85358e-05
-7.36723e-05
0.000101954
-0.000130927
0.000159641
-0.000185954
0.000207542
-0.000223283
0.000232231
-0.00023412
0.000228667
-0.000216294
0.00019803
-0.000174918
0.000148266
-0.000119546
8.98802e-05
-6.0788e-05
3.43017e-05
-1.12724e-05
-8.10751e-06
2.281e-05
-3.22658e-05
3.45594e-05
-3.04357e-05
2.14178e-05
-1.03066e-05
-1.27073e-06
9.57175e-06
-1.59765e-05
1.682e-05
-1.70681e-05
1.12736e-05
-5.00392e-06
-9.36719e-06
3.21008e-05
-7.32773e-05
0.000136301
-0.000264949
0.000499659
-7.94021e-06
-4.08228e-06
7.71189e-07
3.92277e-06
-0.000204186
0.000107771
0.000102064
0.000216355
-2.64606e-07
4.0921e-06
1.52075e-07
-4.52385e-08
-1.44746e-08
2.37463e-08
0.000190245
-0.000110942
-0.000205082
8.53331e-05
-0.000527695
0.00013677
-0.000128286
-0.000138673
-0.000198081
-0.000170206
8.31427e-05
-0.000127248
-7.76243e-05
-0.000176613
-0.00015801
2.4055e-05
-0.000116533
-1.21681e-05
-0.000151049
-0.000138923
-3.18913e-05
4.97476e-05
-0.000193724
0.000194953
)
;

boundaryField
{
    wall
    {
        type            calculated;
        value           uniform 0;
    }
    outlet
    {
        type            calculated;
        value           nonuniform List<scalar> 
33
(
4.16012e-09
3.57619e-09
3.93097e-09
4.17538e-09
4.16773e-09
4.10991e-09
4.11081e-09
4.12295e-09
4.08883e-09
4.07173e-09
4.12534e-09
3.87797e-09
3.97377e-09
3.44974e-09
3.75383e-09
3.00854e-09
3.15861e-09
3.04163e-09
2.95614e-09
3.10823e-09
3.07581e-09
3.03491e-09
3.04219e-09
3.10833e-09
2.93581e-09
3.34267e-09
3.13565e-09
3.497e-09
3.32399e-09
3.27379e-09
3.24448e-09
2.31438e-09
1.97703e-09
)
;
    }
    inlet
    {
        type            calculated;
        value           nonuniform List<scalar> 
30
(
3.27007e-05
-6.99017e-06
3.41553e-05
8.54541e-05
-5.10477e-06
-1.09882e-07
0.000145187
9.19825e-05
0.000190294
0.000177633
0.000186835
0.000191082
0.000179858
0.000182496
0.000181386
0.000179484
0.000188652
0.00018557
0.00017366
0.000187154
0.000140757
-8.35327e-06
-4.34103e-06
-3.05769e-06
-4.49936e-07
-1.05587e-06
-2.73758e-08
1.19697e-07
2.41672e-08
-1.40869e-08
)
;
    }
    frontAndBackPlanes
    {
        type            empty;
        value           nonuniform List<scalar> 0();
    }
}


// ************************************************************************* //
