/*--------------------------------*- C++ -*----------------------------------*\
| =========                 |                                                 |
| \\      /  F ield         | OpenFOAM: The Open Source CFD Toolbox           |
|  \\    /   O peration     | Version:  2212                                  |
|   \\  /    A nd           | Website:  www.openfoam.com                      |
|    \\/     M anipulation  |                                                 |
\*---------------------------------------------------------------------------*/
FoamFile
{
    version     2.0;
    format      ascii;
    arch        "LSB;label=32;scalar=64";
    class       surfaceScalarField;
    location    "0.0053";
    object      phi;
}
// * * * * * * * * * * * * * * * * * * * * * * * * * * * * * * * * * * * * * //

dimensions      [1 0 -1 0 0 0 0];

oriented        oriented;

internalField   nonuniform List<scalar> 
5190
(
-2.53104e-09
-1.02781e-09
4.65577e-09
1.54486e-09
-6.32538e-06
-1.12189e-05
9.2875e-06
8.93363e-06
1.09691e-07
1.18743e-05
4.07515e-07
-1.16266e-05
-1.13159e-09
9.01345e-10
1.44634e-09
-1.23872e-09
-1.51405e-05
-3.00351e-06
1.61958e-05
2.9565e-06
7.68957e-06
-1.02956e-05
-7.32182e-06
1.08148e-05
-5.6882e-10
3.13171e-10
8.54958e-10
-2.92379e-10
-1.69458e-09
1.70246e-09
-8.3163e-10
8.16821e-10
8.45162e-10
-8.8343e-10
-1.51508e-09
1.61346e-09
8.1692e-10
-1.4668e-09
1.55937e-09
-1.78668e-09
1.59151e-09
-9.48643e-10
-7.51539e-10
1.08089e-09
-1.02623e-09
7.03895e-10
1.18862e-09
-8.16999e-10
-1.09793e-09
-4.12553e-10
3.26189e-10
-6.34397e-10
6.75783e-10
-6.53193e-10
-9.0995e-10
6.98778e-10
8.61784e-10
-6.67697e-10
-1.01223e-09
5.69008e-10
1.06849e-09
-4.2013e-10
-7.70364e-10
4.15866e-10
7.26516e-10
7.05961e-10
-1.42271e-09
1.36654e-09
-6.63968e-10
5.80443e-10
-1.50424e-09
1.63232e-09
-1.41085e-09
1.76954e-09
2.48508e-10
1.04896e-09
-1.18502e-09
1.57893e-09
-1.43142e-09
-7.97656e-10
7.41722e-10
-1.25396e-09
1.31354e-09
-9.20605e-10
-1.28316e-09
1.40641e-09
-1.26864e-09
1.39094e-09
-7.05111e-10
1.13716e-09
1.22795e-09
-6.21139e-10
8.02139e-10
-1.5557e-09
7.55869e-10
-8.13453e-10
-1.66003e-09
-1.70699e-09
1.88971e-09
-8.14812e-10
8.44133e-10
-1.38124e-09
-1.45861e-09
-9.60784e-10
9.80944e-10
-1.15525e-09
-1.2258e-09
1.16088e-09
-9.55074e-10
8.77157e-10
-1.17143e-09
-1.20798e-09
-1.16615e-09
1.01595e-09
-1.13469e-09
1.50601e-09
-1.38355e-09
8.61602e-10
-1.22799e-09
1.38377e-09
-1.21424e-09
7.66203e-10
1.30469e-09
8.12263e-10
-8.83756e-10
-1.13762e-09
1.16345e-09
-1.22345e-09
8.67948e-10
9.19643e-10
-9.48272e-10
-1.0707e-09
-1.17268e-09
8.19928e-10
-8.31704e-10
-1.34408e-09
1.41264e-09
-1.14689e-09
1.06736e-09
-6.88045e-06
-1.00626e-05
1.10992e-05
6.4212e-06
-1.42611e-09
1.47111e-09
-8.99492e-10
-1.57816e-09
1.65576e-09
-1.6778e-09
-7.91868e-10
8.85476e-10
1.58055e-09
8.92387e-10
-8.51349e-10
-1.6925e-09
1.72584e-09
-1.63377e-09
1.15394e-09
7.7381e-10
-9.09061e-10
-4.76992e-10
9.01441e-10
-7.68925e-10
1.6381e-09
7.55069e-10
-7.81798e-10
-1.70276e-09
1.63347e-09
8.58051e-10
-9.00006e-10
-1.02935e-09
8.22904e-10
-9.79662e-10
-1.63968e-09
-7.64857e-10
1.67057e-09
-1.72509e-09
1.75673e-09
-7.91807e-10
-8.74314e-10
9.28563e-10
-1.58459e-09
-1.61563e-09
-7.98001e-10
-7.29544e-10
7.46223e-10
1.60416e-09
1.52946e-09
-8.63956e-10
8.96258e-10
1.51857e-09
1.62747e-09
-8.05759e-10
7.72046e-10
1.40835e-09
1.45721e-09
-6.72798e-10
5.28157e-10
1.34385e-09
1.38303e-09
-2.40489e-10
-2.93932e-10
3.17036e-10
2.15148e-10
1.39283e-09
2.3463e-10
7.30092e-10
-7.67602e-10
1.3155e-09
1.1796e-09
7.84413e-10
1.49938e-09
-8.00597e-10
1.37849e-09
-9.7273e-10
7.58668e-10
1.00143e-11
4.76116e-10
-3.18423e-10
-1.71777e-10
-6.7584e-10
8.72387e-10
-6.72274e-10
-3.81648e-06
1.44159e-05
3.45157e-06
-1.3183e-05
-8.03581e-10
8.44492e-10
-1.46903e-09
8.78478e-10
-8.79448e-10
-1.49174e-09
-1.50488e-09
-8.33096e-10
8.62985e-10
-1.30733e-09
-1.33623e-09
-9.64419e-10
1.0378e-09
-1.13948e-09
-1.22625e-09
-1.0022e-09
9.55311e-10
-1.06777e-09
-1.09787e-09
-1.06697e-09
7.7396e-10
-8.95988e-10
-9.97313e-10
-9.58153e-10
5.04819e-10
9.84426e-10
-9.56627e-10
-1.03446e-09
-1.04689e-09
8.44777e-10
-8.75456e-10
-1.2246e-09
-1.17784e-09
9.22859e-10
-9.55396e-10
-1.33257e-09
-1.28474e-09
9.62812e-10
-9.62738e-10
-1.45966e-09
-1.39731e-09
-1.52804e-09
-1.71971e-09
1.64167e-09
-7.85247e-10
8.154e-10
-7.79429e-10
7.66209e-10
-9.19765e-10
-8.41134e-10
1.14889e-09
7.4028e-10
-1.09755e-09
-8.32905e-10
6.77895e-10
-9.79249e-10
7.20143e-10
-7.66486e-10
-1.55154e-09
-9.0286e-10
9.73557e-10
-1.38277e-09
-8.09505e-10
-1.40803e-09
6.53305e-10
-7.13717e-10
1.11719e-09
-9.59229e-10
5.27959e-10
1.00456e-09
-8.79499e-10
6.15619e-10
-9.04844e-10
5.2221e-10
8.6537e-10
-8.296e-10
-7.57559e-10
6.96489e-10
-6.94655e-10
9.45359e-10
9.10959e-10
-1.19805e-09
8.47493e-10
-7.14773e-10
-7.55894e-10
7.48862e-10
1.46909e-09
1.60173e-09
-1.71766e-09
-7.4138e-10
1.42288e-09
-7.44665e-10
6.19709e-10
5.62731e-10
-8.05511e-10
-4.53156e-10
3.73595e-10
-7.70938e-10
-3.81508e-10
7.0475e-10
-5.26298e-10
1.03566e-09
2.04365e-05
5.71257e-06
-1.27287e-05
-1.26965e-05
8.34499e-10
-8.32182e-10
7.44227e-10
7.45357e-10
8.10814e-10
1.63796e-09
-1.48479e-09
-6.9e-10
-1.17023e-05
1.12085e-05
1.27736e-06
-7.05052e-10
1.05447e-09
1.00067e-09
-7.94937e-10
-7.93504e-10
8.13447e-10
-6.36407e-10
1.27659e-10
-9.35482e-10
8.16771e-10
1.46443e-09
1.41243e-09
-8.74134e-10
-7.43363e-10
7.56485e-10
1.49334e-09
1.49985e-09
-8.33199e-10
8.39398e-10
1.41827e-09
1.45824e-09
-7.79058e-10
7.27822e-10
1.35588e-09
1.41747e-09
-6.96363e-10
6.60858e-10
1.29547e-09
1.32681e-09
1.24934e-09
6.17788e-10
-6.78835e-10
1.27676e-09
1.17258e-09
7.57845e-10
1.41133e-09
-7.6613e-10
1.35899e-09
-2.48207e-10
1.05588e-09
-2.74882e-11
-6.78892e-06
8.30021e-06
-7.12596e-06
8.11561e-06
-7.34535e-10
1.49703e-09
7.08731e-10
1.47355e-09
-8.5429e-10
9.36338e-10
-1.29148e-09
7.83892e-10
-1.30773e-09
-6.18034e-10
-1.28418e-09
-9.71283e-10
9.76541e-10
-1.26641e-09
-1.29801e-09
-9.98615e-10
9.8875e-10
-1.12822e-09
-1.17281e-09
-1.01547e-09
1.00783e-09
-9.89944e-10
-1.09486e-09
-1.02974e-09
9.87385e-10
-9.35402e-10
-1.00487e-09
-9.51775e-10
8.97426e-10
-9.31327e-10
-9.64138e-10
-8.55779e-10
8.17968e-10
-8.89896e-10
-9.19427e-10
-7.12084e-10
6.62944e-10
3.71027e-10
-8.54231e-10
8.05803e-10
8.85346e-10
-9.26156e-10
-9.17365e-10
-8.90669e-10
9.69858e-10
-9.7199e-10
-9.45254e-10
-9.4656e-10
9.94892e-10
-1.01836e-09
-1.07229e-09
-1.04359e-09
1.03587e-09
-1.03892e-09
-1.16628e-09
-1.11971e-09
1.03607e-09
-1.01548e-09
-1.28165e-09
-1.2188e-09
-1.33748e-09
-1.73823e-09
1.76244e-09
-7.07746e-10
1.62714e-09
-6.96155e-10
-1.40855e-09
-6.97183e-10
-7.24021e-10
4.82364e-10
3.68684e-10
-3.79625e-10
-2.78617e-10
1.07874e-09
-1.37159e-09
9.44504e-10
-8.39962e-10
-7.82381e-10
1.00628e-09
6.16231e-10
-3.98677e-10
1.03719e-09
4.42606e-10
-8.93737e-10
9.10994e-10
-7.99717e-10
4.23986e-10
-8.51576e-10
6.27662e-10
8.27586e-10
6.96199e-10
-8.16462e-10
-8.48862e-10
6.32709e-10
7.73917e-10
-5.94181e-10
-1.02057e-09
-7.45503e-10
7.69193e-10
8.32716e-10
-7.67439e-10
8.08108e-10
-7.38493e-10
7.31935e-10
1.21892e-09
-7.45656e-10
1.18476e-09
-8.16871e-10
5.02441e-10
-7.99556e-10
5.2071e-10
-1.52424e-09
1.61625e-09
-5.56641e-10
-1.37607e-09
-4.26069e-10
-4.16565e-05
3.59396e-09
4.49838e-05
-4.92503e-09
1.27761e-09
-3.87046e-05
-5.61315e-09
4.16579e-05
-3.8708e-05
-1.98455e-09
4.49894e-05
-1.64959e-09
-1.40045e-09
1.6081e-09
-5.72598e-10
-6.69916e-10
7.94017e-10
-1.10403e-09
-5.39332e-10
-1.11436e-09
-5.54314e-10
4.16407e-10
-9.0161e-10
9.42438e-10
-4.41968e-10
8.67216e-10
3.0615e-10
5.24353e-10
-1.74896e-10
-7.14923e-10
-1.55988e-09
8.14653e-10
-9.48513e-09
-1.06869e-08
1.47337e-08
1.75231e-08
-1.03524e-05
-6.82818e-06
1.14986e-05
6.24873e-06
-1.36993e-05
-3.04011e-06
2.62361e-06
1.48188e-05
6.94908e-10
7.01427e-10
-5.36409e-06
-1.18619e-05
-5.9117e-10
1.6298e-09
-5.48191e-10
7.80577e-10
8.13604e-10
-9.21086e-10
-8.86985e-10
8.71637e-10
1.25849e-09
-1.48743e-09
1.22189e-09
-1.39423e-09
-7.84139e-10
7.44326e-10
1.28304e-09
1.26808e-09
-7.3751e-10
7.51227e-10
1.28993e-09
1.30566e-09
-7.54268e-10
7.35713e-10
1.2427e-09
1.2682e-09
-7.22691e-10
6.83079e-10
1.20248e-09
1.23093e-09
-6.53985e-10
6.14429e-10
1.16234e-09
1.17284e-09
-6.11949e-10
5.41166e-10
1.03153e-09
1.08291e-09
9.67555e-10
5.27961e-10
-6.10233e-10
1.16661e-09
1.12492e-09
6.62179e-10
-6.95482e-10
1.23848e-09
1.20558e-09
7.13648e-10
-6.96695e-10
1.27945e-09
-1.49915e-09
1.25992e-09
-1.44663e-09
6.80574e-10
-6.77786e-10
1.28492e-09
-1.49128e-09
1.28411e-09
-1.50098e-09
6.93959e-10
-7.04173e-10
1.26318e-09
1.27614e-09
-1.4883e-09
1.24451e-09
-3.60779e-05
1.89577e-09
-5.65216e-09
-3.37282e-05
-1.18842e-10
-5.41806e-09
-3.16249e-05
-2.55275e-09
-1.33334e-09
-2.97445e-05
-4.53884e-09
4.6204e-09
-2.80523e-05
-2.35669e-08
1.19782e-08
-2.65231e-05
-7.10816e-08
4.89207e-08
-2.51595e-05
-1.35521e-07
1.30193e-07
-2.39081e-05
-2.37525e-07
2.16544e-07
-2.27728e-05
-4.04872e-07
3.97876e-07
-5.49846e-07
-2.17756e-05
6.03158e-07
-2.1881e-05
2.28047e-05
-4.25372e-07
-2.08975e-05
-6.92166e-07
8.07032e-07
-7.97297e-07
-2.01285e-05
9.85812e-07
2.1095e-05
-2.0434e-05
-4.9524e-07
-4.8459e-07
-2.38652e-05
2.51275e-05
-2.70377e-07
-3.41644e-07
-2.65104e-05
2.80293e-05
-8.36595e-08
-1.5985e-07
-2.97358e-05
3.16254e-05
-1.62751e-08
-4.86393e-08
-3.37313e-05
3.60786e-05
-4.26484e-09
-9.07337e-09
-4.2669e-09
-8.69633e-10
9.86751e-10
-1.00845e-09
-9.44944e-10
-1.02248e-09
1.04365e-09
-9.8709e-10
-9.83774e-10
-1.0608e-09
1.04644e-09
-8.80297e-10
-9.27334e-10
-1.03484e-09
1.04271e-09
-8.11063e-10
-8.72662e-10
-1.03452e-09
1.03266e-09
-7.86854e-10
-8.25915e-10
-9.80462e-10
9.41295e-10
-8.1128e-10
-7.94369e-10
-8.87744e-10
8.33382e-10
-8.15534e-10
-8.18033e-10
-6.02065e-09
9.54149e-09
-5.96685e-09
-7.89058e-10
7.53399e-10
-8.47168e-10
9.12151e-10
-6.95375e-10
8.38856e-10
-9.03635e-10
-7.50049e-10
-7.10671e-10
6.69198e-10
7.63819e-10
-9.41842e-10
6.10209e-10
6.65519e-10
-4.17155e-10
-8.80596e-10
8.85953e-10
-8.35124e-10
-7.92172e-10
-7.50612e-10
9.00462e-10
-9.6535e-10
-7.93425e-10
-7.87755e-10
1.00244e-09
-1.00931e-09
-8.11012e-10
-8.1472e-10
1.03426e-09
-1.06532e-09
-8.5637e-10
-8.59696e-10
1.0824e-09
-1.08977e-09
-9.25432e-10
-8.92146e-10
1.08144e-09
-1.05507e-09
-1.01804e-09
-9.69656e-10
9.98867e-10
-9.11311e-10
-1.09323e-09
-1.06298e-09
-1.11037e-09
-1.72482e-09
1.76172e-09
-6.22009e-10
-5.90958e-10
-1.70692e-09
1.58485e-09
-6.81862e-10
-6.43817e-10
-1.39048e-09
1.14375e-09
-7.1617e-10
-7.00134e-10
-2.11637e-09
-2.43405e-09
3.4743e-09
3.48479e-09
-1.81499e-08
3.15842e-08
-9.89128e-09
1.46413e-08
-7.35724e-10
5.27003e-10
7.01355e-10
6.94991e-10
-7.53603e-10
7.30953e-10
7.11897e-10
-7.51834e-10
5.44714e-10
-3.81949e-10
-1.13685e-09
-3.10614e-10
9.50602e-10
7.87273e-11
2.58713e-09
-2.60388e-09
4.87568e-05
3.81587e-09
4.87615e-05
8.15488e-10
-5.21942e-10
-8.74992e-10
-3.30571e-07
-1.48225e-07
1.15396e-07
6.76775e-07
-2.17398e-05
2.27475e-05
6.42675e-07
-2.08016e-05
8.55749e-07
-7.53156e-10
4.207e-10
2.07388e-05
4.79316e-06
-7.45215e-06
-1.71065e-05
5.97471e-10
6.71239e-10
6.86703e-10
-6.83448e-10
4.80074e-10
1.13938e-09
-1.43283e-09
-6.96548e-10
8.44593e-10
-6.62791e-10
4.87538e-05
-4.49808e-05
-2.22149e-09
3.37888e-09
4.60704e-09
5.30535e-05
5.56111e-10
5.30614e-05
-1.38639e-09
1.58377e-09
-4.64119e-10
-1.10662e-09
-4.37346e-10
-6.70987e-10
8.07726e-10
-7.63264e-10
-5.88362e-10
-7.41962e-10
8.20518e-07
-1.98767e-05
-4.07498e-07
-1.9826e-05
1.47199e-06
6.59184e-10
4.61515e-10
-7.9247e-10
5.46452e-10
4.432e-10
-4.4719e-10
-7.58851e-10
4.42843e-10
3.85276e-10
5.4458e-10
5.27389e-10
-6.82571e-10
-4.7566e-10
6.12439e-10
4.9421e-10
-1.26487e-05
-3.509e-06
3.22489e-06
5.44251e-10
7.99482e-10
-7.42433e-10
-6.94968e-10
8.06731e-10
-6.10826e-10
1.45203e-10
3.26548e-10
-2.8593e-10
3.77166e-11
-7.26681e-10
7.50963e-10
8.62199e-10
1.1049e-09
-1.35324e-09
-6.60661e-10
8.20404e-10
-6.65464e-10
6.22422e-10
6.37665e-10
1.34279e-09
-3.05781e-10
-1.04183e-09
-1.57746e-09
1.6543e-09
-4.24269e-10
-3.51681e-10
-1.677e-09
1.56895e-09
-5.91294e-10
7.10374e-10
-5.05418e-10
-6.46766e-10
-8.33384e-10
8.00405e-10
9.56337e-10
1.07369e-09
-7.33432e-10
7.20536e-10
9.83912e-10
1.00495e-09
-7.11311e-10
7.22419e-10
9.99077e-10
1.02674e-09
-7.15888e-10
7.17516e-10
9.59365e-10
9.96125e-10
-7.02098e-10
6.78817e-10
9.46836e-10
9.60514e-10
-6.46023e-10
6.18451e-10
9.2964e-10
9.31113e-10
-5.44819e-10
4.32331e-10
9.04544e-10
9.01338e-10
8.88097e-10
-6.99182e-10
4.26657e-10
5.66419e-10
8.60502e-10
-6.52929e-10
2.58309e-10
-4.05591e-10
9.48331e-10
9.18936e-10
2.06814e-10
5.04116e-10
-5.96957e-10
9.71866e-10
9.52195e-10
6.5682e-10
-6.87691e-10
9.66864e-10
9.64034e-10
6.99458e-10
-6.91153e-10
9.8456e-10
9.74251e-10
6.81388e-10
-6.6958e-10
9.91998e-10
9.93852e-10
6.80111e-10
-7.00345e-10
9.74342e-10
9.90858e-10
7.35373e-10
-7.56424e-10
9.30699e-10
9.61849e-10
8.89713e-10
4.16533e-05
-3.87041e-05
-6.4421e-09
-5.21043e-09
3.60778e-05
-3.37301e-05
-7.76561e-09
-7.87832e-09
3.16241e-05
-2.97379e-05
4.50557e-10
-7.47424e-09
2.80509e-05
-2.65256e-05
2.95438e-08
7.09533e-09
2.51229e-05
-2.38986e-05
2.21592e-07
8.37045e-08
3.72563e-07
4.87639e-05
-4.49899e-05
3.86188e-09
-1.14481e-08
9.64788e-09
5.30701e-05
5.30584e-05
1.2061e-07
1.79723e-06
2.00824e-05
1.45749e-06
-3.26198e-08
5.47916e-09
7.61101e-08
-1.51641e-08
-2.05861e-05
2.12183e-05
-1.70293e-07
4.14404e-08
-2.19927e-05
2.29107e-05
-2.95072e-07
-2.6889e-07
-2.39549e-05
2.51389e-05
-2.2192e-07
-2.51747e-07
-2.64868e-05
2.80656e-05
-1.54884e-07
-1.51344e-07
-2.9752e-05
3.16317e-05
-1.84181e-08
-5.33433e-08
-3.37388e-05
3.60885e-05
-9.25514e-09
-1.70428e-08
-3.87134e-05
4.16634e-05
-4.25461e-09
-5.29763e-09
-9.03489e-10
-9.24609e-10
9.97394e-10
-6.40557e-10
-6.00799e-10
-1.07246e-09
1.09205e-09
-6.55891e-10
-6.56643e-10
-1.10664e-09
1.10729e-09
-6.02021e-10
-6.30614e-10
-1.0858e-09
1.08599e-09
-5.73381e-10
-5.96046e-10
-1.04246e-09
1.02432e-09
-5.76636e-10
-5.6503e-10
-9.88908e-10
9.54615e-10
-6.47765e-10
-5.95877e-10
-8.98614e-10
8.51998e-10
-7.10761e-10
-6.70502e-10
-7.90206e-10
7.43198e-10
-7.6008e-10
8.04219e-10
-6.99531e-10
-6.06906e-10
4.44772e-10
-7.85464e-10
-7.47257e-10
-7.57048e-10
7.49425e-10
3.70896e-10
-4.1128e-10
3.59348e-10
-7.51461e-10
-8.05781e-10
-9.00675e-10
6.21354e-10
6.85611e-10
2.79097e-10
-4.63025e-10
-7.6507e-10
-6.66179e-10
2.38528e-10
5.77826e-10
-2.51577e-10
-2.30196e-10
2.55968e-10
-7.32952e-10
-7.76037e-10
7.78125e-10
4.18338e-10
-5.6911e-10
-8.30627e-10
9.20708e-10
-7.7119e-10
7.22631e-10
-7.70859e-10
-7.15015e-10
-7.65037e-10
8.24925e-10
-8.85724e-10
-6.89924e-10
-6.84361e-10
9.33679e-10
-9.70739e-10
-6.55512e-10
-6.73025e-10
1.00649e-09
-1.02893e-09
-6.12914e-10
-6.39158e-10
1.06997e-09
-1.09465e-09
-6.03119e-10
-6.16235e-10
1.11804e-09
-1.13144e-09
-6.34581e-10
-6.17452e-10
1.12546e-09
-1.09306e-09
-6.99589e-10
-6.67402e-10
1.02672e-09
-9.23832e-10
-7.52721e-10
-7.30499e-10
-7.55365e-10
-1.69105e-09
1.72971e-09
-5.34447e-10
-4.86366e-10
-1.67651e-09
1.55017e-09
-6.0195e-10
-5.5869e-10
-6.33332e-10
-9.46982e-06
-9.29561e-06
6.52831e-09
1.47632e-09
-1.03019e-09
-3.59678e-09
-2.00435e-05
1.17611e-06
-7.12636e-10
4.63733e-10
6.447e-10
5.84893e-10
6.29534e-10
6.00352e-10
-6.52661e-10
4.73336e-10
-6.51548e-10
6.99351e-10
6.22999e-10
1.00599e-05
9.41352e-06
-8.79358e-06
-9.75103e-06
-8.37074e-10
6.77803e-10
4.11026e-10
5.76779e-10
-4.94966e-10
4.87637e-05
-4.49891e-05
-2.17784e-10
5.30671e-05
4.45828e-09
-1.08931e-09
1.34388e-09
-2.2877e-10
-9.95928e-09
5.27818e-09
-4.55498e-09
-2.61088e-10
-6.24702e-10
1.54955e-10
-2.50249e-10
-6.8241e-10
-7.50017e-10
-2.58108e-10
-8.02912e-10
-4.63657e-10
-7.3931e-10
7.67658e-10
6.05421e-10
-6.84249e-10
5.75176e-10
-1.92951e-05
2.22368e-06
4.32997e-10
-8.4711e-10
-4.23433e-10
9.77968e-10
-7.97907e-10
1.18557e-09
2.92045e-10
1.10419e-05
-9.6724e-06
3.70544e-10
-3.19241e-10
-2.16536e-05
2.27537e-05
5.85388e-07
-2.06862e-05
8.70611e-07
1.26297e-09
9.18915e-10
-1.03153e-09
1.88952e-09
-8.01137e-10
1.12232e-09
1.22187e-09
-1.23883e-09
1.75435e-09
6.03294e-10
4.14099e-10
-6.88564e-10
3.3037e-10
-6.25686e-10
3.84836e-10
6.11322e-10
5.63095e-10
5.06952e-10
-7.43253e-10
4.87783e-05
-4.50008e-05
3.20235e-09
5.30825e-05
1.31457e-08
-6.52345e-09
1.01411e-08
-5.65063e-09
8.62251e-09
1.43867e-05
-1.76065e-06
-1.53313e-05
1.50926e-05
-3.01355e-06
8.0696e-10
-8.35354e-10
-6.48033e-10
3.78951e-10
7.1748e-10
6.72411e-10
3.90746e-10
7.63544e-10
2.9951e-10
-7.53986e-10
3.25298e-10
6.90483e-10
7.59671e-10
1.40177e-10
-7.02095e-10
1.79219e-10
6.88902e-10
5.44639e-10
5.01299e-10
-5.88719e-10
3.7284e-10
-4.89575e-10
-5.89792e-10
6.16439e-10
6.61799e-10
-1.91444e-05
1.50767e-06
4.37124e-10
5.97415e-11
-1.73295e-10
-1.46335e-10
7.09599e-10
-4.63256e-10
-7.964e-10
6.39999e-09
-2.78788e-09
-2.57746e-09
1.40855e-09
5.05839e-10
5.65392e-10
-1.54265e-09
1.64572e-09
-3.48755e-10
-2.81193e-10
-1.65457e-09
1.56846e-09
-4.90761e-10
-4.20443e-10
-1.41329e-09
1.19921e-09
-6.05062e-10
-5.52454e-10
-9.98636e-10
7.65018e-10
-5.91491e-10
-6.21646e-10
6.72363e-10
-5.69618e-10
5.32362e-10
-6.28515e-10
7.85812e-10
7.47642e-10
-1.14463e-09
5.77761e-10
-7.98895e-10
7.42661e-10
6.86139e-10
7.25621e-10
-7.23366e-10
6.91191e-10
7.17262e-10
7.07603e-10
-6.91388e-10
6.86832e-10
7.25217e-10
7.39514e-10
-6.88097e-10
6.71374e-10
6.90045e-10
7.15359e-10
-6.63706e-10
6.42791e-10
6.71342e-10
6.76815e-10
-6.09618e-10
5.69814e-10
6.76494e-10
6.66319e-10
-5.11231e-10
4.60087e-10
6.83057e-10
6.69655e-10
-3.86265e-10
3.99367e-10
7.78824e-10
7.33457e-10
9.07582e-10
2.36503e-10
4.15406e-10
-3.96773e-10
7.98473e-10
-9.33173e-10
8.62104e-10
4.29327e-10
-4.83024e-10
7.37725e-10
7.50724e-10
5.41548e-10
-5.96034e-10
7.06447e-10
7.10596e-10
6.41805e-10
-6.7299e-10
6.77122e-10
6.83646e-10
6.88319e-10
-6.76816e-10
6.86197e-10
6.81207e-10
6.70319e-10
-6.67706e-10
7.11153e-10
7.07604e-10
6.7654e-10
-7.06408e-10
7.0807e-10
7.1039e-10
7.34979e-10
-7.59274e-10
6.66448e-10
6.91097e-10
6.34021e-10
4.16577e-05
-3.87041e-05
-9.64581e-09
-6.91377e-09
3.60747e-05
-3.37263e-05
-9.72449e-09
-1.06208e-08
3.16265e-05
-2.97408e-05
-2.11742e-09
-5.93966e-09
2.80516e-05
-2.65366e-05
2.1945e-08
1.74263e-09
2.51681e-05
-2.39084e-05
1.91976e-07
7.23471e-08
3.40833e-07
4.28032e-09
6.79652e-09
5.79845e-05
-1.15291e-08
1.84447e-08
5.80076e-05
5.79937e-05
2.47775e-10
5.96923e-10
-1.25123e-08
5.80125e-05
1.21562e-08
5.8e-05
-1.43151e-05
1.56702e-05
5.23309e-07
-1.28096e-06
-2.21317e-06
3.64061e-06
-1.94838e-05
2.00104e-05
1.78085e-06
2.59686e-06
-2.0427e-05
2.11364e-05
6.69968e-08
5.28152e-07
-2.19797e-05
2.29207e-05
-1.81529e-07
-1.22986e-07
-2.40076e-05
2.51833e-05
-1.63504e-07
-2.07158e-07
-2.65476e-05
2.80379e-05
-1.35635e-07
-1.56496e-07
-2.97232e-05
3.16279e-05
-4.55239e-08
-5.89952e-08
-3.37288e-05
3.60847e-05
-1.84821e-08
-1.83945e-08
-3.87153e-05
4.16698e-05
-8.11934e-09
-1.06073e-08
-2.72435e-09
-4.21649e-10
5.01354e-10
-4.13929e-10
3.2207e-10
-2.6071e-10
-5.22226e-10
-4.73671e-10
-6.212e-10
7.24936e-10
-2.71423e-10
-3.44413e-10
5.44699e-10
-8.71889e-10
9.76143e-10
-3.4892e-10
-3.55605e-10
-1.06734e-09
1.11626e-09
-3.74662e-10
-3.71741e-10
-1.14006e-09
1.13738e-09
-3.50856e-10
-3.67028e-10
-1.10861e-09
1.07773e-09
-3.41912e-10
-3.47855e-10
-1.04758e-09
1.01681e-09
-3.78047e-10
-3.51292e-10
-9.85183e-10
9.38909e-10
-4.78639e-10
-4.16636e-10
-8.8558e-10
8.25148e-10
-5.82745e-10
-5.224e-10
-7.76275e-10
6.94635e-10
-6.55726e-10
-6.04484e-10
-6.19221e-10
5.33835e-10
-7.08077e-10
-6.67493e-10
-4.3738e-10
3.78823e-10
-6.88063e-10
-7.13539e-10
-7.49087e-10
2.3655e-10
7.53626e-10
-3.14746e-10
2.49256e-10
-6.69152e-10
-6.79106e-10
1.76267e-10
7.33979e-10
-6.52685e-10
8.29464e-11
7.31028e-10
-6.4207e-10
-7.09645e-10
6.18776e-11
7.11151e-10
1.81017e-11
-1.1978e-10
-6.17159e-10
7.04397e-10
-6.17388e-10
1.96601e-10
-2.40539e-10
-6.66182e-10
-6.17235e-10
3.36232e-10
-4.22581e-10
-6.57094e-10
-6.54187e-10
4.54361e-10
-6.05251e-10
-6.85929e-10
-7.33258e-10
7.15739e-10
-7.5861e-10
-6.667e-10
-6.56464e-10
8.08465e-10
-8.41985e-10
-6.05054e-10
-6.06639e-10
8.90419e-10
-9.32423e-10
-5.16005e-10
-5.51794e-10
9.7525e-10
-1.01089e-09
-4.25943e-10
-4.72235e-10
1.05483e-09
-1.09472e-09
-3.74941e-10
-4.02114e-10
1.13159e-09
-1.15115e-09
-3.78445e-10
-3.7306e-10
1.14698e-09
-1.10645e-09
-4.14179e-10
-3.96064e-10
1.03041e-09
-9.14482e-10
-4.49165e-10
-4.28637e-10
8.0043e-10
-6.61225e-10
-4.67909e-10
-4.31065e-10
5.8564e-10
-4.67933e-10
-5.02078e-10
-4.00622e-10
-8.77264e-10
1.1197e-09
-3.19851e-10
-6.5829e-10
-1.38343e-09
1.56718e-09
-3.77327e-10
-3.58174e-10
-1.6713e-09
1.68939e-09
-4.49735e-10
-4.07252e-10
-1.64884e-09
1.52342e-09
-5.25172e-10
-4.87647e-10
-1.32749e-09
1.07798e-09
-5.85157e-10
-5.56228e-10
-8.05767e-10
-6.04211e-10
5.67097e-10
-5.90566e-10
-8.60638e-06
9.56167e-06
3.41388e-06
-1.70064e-05
-1.60697e-09
-7.07683e-10
-1.56903e-09
3.09927e-09
2.005e-09
-1.97142e-05
1.14562e-06
2.91046e-08
5.50114e-08
-1.89002e-08
1.31632e-09
-1.58594e-09
2.58167e-09
-2.2203e-09
1.45912e-09
-5.12655e-09
-2.90921e-09
-2.43707e-09
6.10868e-09
-1.73542e-09
-2.16088e-09
2.74116e-09
6.35871e-10
4.68765e-10
-6.61413e-10
4.07668e-10
-4.51526e-11
7.21913e-10
1.53305e-10
7.4807e-10
-6.25286e-10
4.34741e-10
6.06655e-10
5.14542e-10
5.02749e-10
-6.86123e-10
-7.104e-10
1.09826e-09
-4.93933e-10
-6.06854e-11
-1.0194e-10
1.72178e-10
6.02846e-10
-2.07382e-09
3.02189e-09
-2.18026e-09
3.57302e-09
-5.54394e-10
1.49995e-09
5.20793e-10
-4.57686e-10
7.35381e-10
2.0042e-08
5.80255e-05
1.3731e-05
-1.45377e-05
-1.41999e-07
1.54577e-05
-3.98407e-06
-5.53103e-10
8.00031e-10
-2.33991e-10
4.07863e-10
-4.01253e-10
-3.28692e-10
4.4294e-10
-3.20335e-10
-8.72416e-06
8.74203e-10
-9.37849e-10
-6.22715e-10
3.03646e-10
5.8253e-10
3.88479e-10
2.46232e-10
7.03408e-10
4.72404e-11
6.83341e-10
5.067e-10
4.79264e-10
-5.49224e-10
3.40788e-10
5.0971e-10
-5.52873e-10
-6.61232e-10
7.14041e-10
-9.51061e-10
-5.08598e-10
5.36381e-10
-5.04465e-10
-1.83296e-05
2.34691e-06
9.92304e-10
1.2476e-08
9.16784e-06
-5.96145e-06
-1.10568e-06
7.14179e-07
-1.15868e-05
-7.4738e-06
5.42812e-06
4.01101e-10
5.23682e-10
-1.97449e-09
-1.91632e-09
3.53963e-09
1.42115e-05
7.06674e-07
-3.8692e-06
-1.40181e-05
6.40823e-10
-6.4798e-10
-1.40793e-05
-5.31843e-06
5.47802e-10
-6.70001e-10
5.3521e-10
6.02357e-10
3.2685e-10
2.24726e-10
5.2131e-10
-5.27952e-10
3.84389e-10
5.30533e-10
5.66639e-10
-7.94937e-10
-5.12788e-10
-5.61426e-10
6.55332e-10
3.70171e-10
3.74292e-10
-4.54321e-10
2.16653e-08
-1.77579e-08
6.37254e-05
5.80321e-05
-5.30867e-05
1.35554e-08
2.16839e-08
6.3749e-05
-1.88214e-05
1.53916e-06
1.14921e-09
-2.7999e-10
5.15438e-10
-3.75697e-10
-5.33567e-10
6.44572e-10
6.30071e-10
-4.80874e-10
-1.94089e-09
1.59856e-09
-7.17608e-10
6.06214e-10
-6.91041e-10
-1.74099e-09
4.27121e-10
7.5558e-10
4.87763e-10
-7.15088e-10
7.3967e-10
6.49328e-10
-1.06282e-09
1.33771e-09
-2.09037e-10
-2.17769e-10
-1.53217e-09
1.63089e-09
-2.91497e-10
-2.39692e-10
-1.64819e-09
1.57159e-09
-4.08733e-10
-3.60607e-10
-1.43669e-09
1.21554e-09
-5.04264e-10
-4.74072e-10
-5.09264e-10
6.15306e-10
-5.30336e-10
3.70147e-10
-6.59624e-10
7.78017e-10
4.43549e-10
4.14305e-10
-8.38918e-10
7.70442e-10
4.73471e-10
4.16529e-10
-7.40259e-10
6.98868e-10
4.82622e-10
4.54927e-10
-6.83958e-10
6.76187e-10
4.76644e-10
4.8667e-10
-6.74012e-10
6.76592e-10
4.31391e-10
4.63161e-10
-6.71804e-10
6.57852e-10
4.17557e-10
4.23844e-10
-6.27096e-10
5.90229e-10
4.32505e-10
4.21349e-10
-5.33276e-10
4.74762e-10
4.89852e-10
4.4955e-10
-4.54575e-10
5.20058e-10
6.21704e-10
5.58089e-10
8.0063e-10
-2.11809e-09
3.66231e-09
2.59112e-09
-1.89194e-09
1.02805e-09
4.77224e-10
-5.07897e-10
5.37865e-10
6.2632e-10
5.6113e-10
-6.13163e-10
4.56732e-10
4.87974e-10
6.57642e-10
-6.82431e-10
4.14177e-10
4.28305e-10
6.84588e-10
-6.72378e-10
4.21111e-10
4.13281e-10
6.59759e-10
-6.63173e-10
4.62147e-10
4.46394e-10
6.82232e-10
-7.16703e-10
4.69313e-10
4.64425e-10
7.49318e-10
-7.76824e-10
4.40195e-10
4.53403e-10
7.70405e-10
-7.31352e-10
3.87219e-10
4.06814e-10
3.62833e-10
4.87763e-05
-4.49942e-05
-2.82343e-09
5.39891e-09
4.16619e-05
-3.87097e-05
-9.93077e-09
-7.10195e-09
3.60826e-05
-3.37354e-05
-9.62091e-09
-9.72803e-09
3.16304e-05
-2.97422e-05
-7.2627e-09
-8.21808e-09
2.80623e-05
-2.65474e-05
1.8815e-08
8.16017e-09
2.51853e-05
-2.39038e-05
1.43167e-07
7.12855e-08
2.27698e-05
-2.1658e-05
5.13944e-07
3.32559e-07
2.06218e-05
-1.95764e-05
1.04131e-06
8.13046e-07
2.41515e-08
-1.12103e-08
6.37109e-05
5.80469e-05
-5.3099e-05
1.8879e-08
-2.85407e-08
3.08055e-08
6.37619e-05
6.37375e-05
-7.56808e-10
4.31562e-09
6.36963e-05
6.36985e-05
6.37026e-05
-1.54557e-05
1.63157e-05
4.27791e-07
-1.42856e-06
-1.83215e-05
1.96961e-05
1.25817e-06
1.38306e-06
-2.04676e-05
2.12285e-05
2.50953e-07
6.57991e-07
-2.20623e-05
2.29971e-05
-6.16365e-08
3.65984e-08
-2.40412e-05
2.52518e-05
-1.35197e-07
-1.12622e-07
-2.65571e-05
2.80472e-05
-1.18426e-07
-1.00074e-07
-2.97384e-05
3.16156e-05
-4.51125e-08
-7.09484e-08
-3.37362e-05
3.60907e-05
-2.50416e-08
-3.94282e-08
-3.87194e-05
4.16716e-05
-8.63451e-09
-1.23597e-08
-4.50057e-05
4.87871e-05
1.472e-09
-5.1418e-09
1.23695e-08
-4.77285e-10
5.1878e-10
-2.03553e-10
-2.64858e-10
-6.49056e-10
7.87949e-10
-9.9199e-11
-2.00916e-10
-8.79356e-10
9.90523e-10
-1.10419e-10
-1.12599e-10
-1.07335e-09
1.13331e-09
-1.35879e-10
-1.16798e-10
-1.1551e-09
1.14229e-09
-1.33124e-10
-1.35932e-10
-1.10498e-09
1.05573e-09
-1.45409e-10
-1.40784e-10
-1.01083e-09
9.75337e-10
-2.13825e-10
-1.71214e-10
-9.3904e-10
8.96852e-10
-3.25916e-10
-2.58923e-10
-8.53446e-10
8.04247e-10
-4.49442e-10
-3.81589e-10
-7.61224e-10
6.95293e-10
-5.35275e-10
-4.90561e-10
-6.2051e-10
5.21728e-10
-5.80182e-10
-5.54935e-10
-4.43439e-10
3.82871e-10
-5.75193e-10
-5.98442e-10
-3.29462e-10
2.71587e-10
-5.33438e-10
-5.57404e-10
-1.91404e-10
8.62694e-11
-4.90971e-10
-5.05369e-10
3.15999e-11
-1.46518e-10
-4.68689e-10
-4.68345e-10
2.35621e-10
-3.19358e-10
-5.13478e-10
-4.77425e-10
3.60508e-10
-4.0595e-10
-5.4253e-10
-5.34775e-10
4.94064e-10
-5.61577e-10
-5.802e-10
-5.93324e-10
6.28232e-10
-7.05464e-10
-5.50857e-10
-5.56915e-10
7.50978e-10
-8.03381e-10
-4.81076e-10
-5.06792e-10
8.41799e-10
-8.83104e-10
-3.80026e-10
-4.30724e-10
9.28141e-10
-9.72926e-10
-2.66244e-10
-3.23353e-10
1.02917e-09
-1.08584e-09
-1.84876e-10
-2.23556e-10
1.13747e-09
-1.16932e-09
-1.57752e-10
-1.67156e-10
1.17014e-09
-1.1313e-09
-1.62554e-10
-1.59398e-10
1.05186e-09
-9.4536e-10
-1.77818e-10
-1.6627e-10
8.22095e-10
-7.35196e-10
-1.85377e-10
-1.68544e-10
6.23699e-10
-1.30146e-10
-6.93273e-10
-1.69351e-10
-1.37626e-09
1.55033e-09
-3.12378e-10
-2.78872e-10
-1.63752e-09
1.65202e-09
-3.82038e-10
-3.38609e-10
-1.59769e-09
1.48676e-09
-4.55214e-10
-4.19055e-10
-1.29757e-09
1.05743e-09
-5.09536e-10
-4.8299e-10
-5.05215e-10
2.78658e-10
1.23376e-05
-5.42254e-06
-1.10005e-05
6.84076e-06
-4.31194e-06
1.25578e-05
5.89539e-06
-1.28659e-05
4.1333e-10
-3.14452e-10
-3.0726e-10
-1.24878e-09
-1.63668e-09
9.82955e-10
-1.1187e-09
-1.39784e-09
-1.46746e-09
-6.02301e-10
3.57237e-10
5.66188e-10
3.89818e-10
1.66859e-10
6.88089e-10
-8.46652e-11
6.86599e-10
4.97593e-10
4.23059e-10
-5.26705e-10
3.82573e-10
5.19123e-10
-6.08205e-10
1.61708e-09
-7.23296e-10
-4.30805e-10
3.70977e-10
-9.20803e-10
1.31955e-09
-1.0923e-08
-6.60434e-09
1.90216e-08
-1.09439e-05
-5.87664e-06
1.06775e-05
-8.25276e-10
2.6405e-09
-1.68588e-05
2.91109e-06
4.72187e-10
-1.94089e-10
1.3864e-08
4.48289e-10
1.72448e-09
-1.26093e-09
-9.58323e-10
1.27491e-09
5.80682e-05
-5.31165e-05
1.79696e-08
6.37919e-05
2.65386e-08
-1.07245e-05
-8.5281e-06
1.60984e-05
-1.15362e-05
3.17245e-10
5.1616e-10
-1.06277e-05
-8.25903e-06
-1.29872e-09
-1.43251e-09
6.96761e-10
-7.78409e-10
-1.58187e-05
-3.02175e-06
3.47029e-06
-6.0862e-10
2.6437e-10
5.51681e-10
3.14506e-10
2.6179e-10
5.99753e-10
6.0075e-11
6.05142e-10
4.95075e-10
3.66109e-10
-5.4043e-10
3.64876e-10
4.12012e-10
-5.38696e-10
-6.53792e-10
8.7116e-10
-1.87355e-10
-4.53482e-10
-2.9555e-10
-5.88253e-10
6.84494e-10
2.31685e-10
-4.81826e-10
2.34995e-10
5.90447e-10
-8.13046e-10
-4.17807e-10
4.06813e-10
-3.53368e-10
5.80597e-05
-5.31052e-05
9.66373e-09
6.37806e-05
2.0146e-08
2.87295e-08
-2.01872e-08
7.03612e-05
2.93166e-08
7.03943e-05
5.9603e-09
1.37153e-09
-1.75628e-05
2.02673e-06
-9.1402e-10
1.15619e-09
-2.24015e-10
-6.91655e-10
-2.34965e-10
-1.84046e-05
1.28508e-06
-1.33345e-10
-3.68593e-11
1.761e-10
4.74696e-10
-5.19344e-10
-4.79323e-11
3.43997e-10
-2.33186e-10
-1.37947e-09
-6.99249e-10
3.32593e-10
6.81029e-10
3.98842e-10
-6.97889e-10
6.41252e-10
-1.12117e-09
1.34999e-09
-1.73477e-10
-1.85075e-10
-1.51285e-09
1.60448e-09
-2.48592e-10
-1.94719e-10
-1.61149e-09
1.55542e-09
-3.49233e-10
-2.98808e-10
-1.42208e-09
1.23915e-09
-4.31527e-10
-3.95255e-10
-1.01928e-09
7.82337e-10
-4.19911e-10
-4.36176e-10
-5.68578e-10
3.99125e-10
-3.29703e-10
-4.03558e-10
4.70043e-10
-3.7412e-10
2.74852e-10
-5.75926e-10
6.76558e-10
2.45428e-10
2.47112e-10
-7.79105e-10
8.33575e-10
2.74285e-10
2.54693e-10
-8.21285e-10
7.98078e-10
2.78387e-10
2.54164e-10
-7.39011e-10
6.90434e-10
2.97124e-10
2.79416e-10
-6.57923e-10
6.4048e-10
2.87783e-10
2.97439e-10
-6.37769e-10
6.33865e-10
2.47629e-10
2.7028e-10
-6.36103e-10
6.30221e-10
2.24849e-10
2.35401e-10
-6.08298e-10
5.72518e-10
2.42924e-10
2.31409e-10
-5.25481e-10
4.93292e-10
3.34138e-10
2.72364e-10
-5.17148e-10
5.95692e-10
5.96006e-10
4.28462e-10
8.2862e-10
6.37332e-09
-3.24721e-09
-5.12772e-09
6.41964e-10
-5.59149e-10
8.82455e-10
1.49346e-09
5.04617e-10
-5.20666e-10
3.98441e-10
5.5383e-10
5.64455e-10
-6.0814e-10
2.59183e-10
3.10118e-10
6.37975e-10
-6.55105e-10
2.18547e-10
2.28413e-10
6.51827e-10
-6.43938e-10
2.3441e-10
2.17963e-10
6.30386e-10
-6.40795e-10
2.78064e-10
2.49149e-10
6.71948e-10
-7.20018e-10
2.91048e-10
2.82288e-10
7.7165e-10
-7.99895e-10
2.62819e-10
2.7827e-10
7.99525e-10
-7.58904e-10
2.30744e-10
2.45329e-10
2.1632e-10
4.87869e-05
-4.50027e-05
-4.69614e-09
1.13795e-09
4.16673e-05
-3.87132e-05
-1.00901e-08
-8.57295e-09
3.60833e-05
-3.3735e-05
-1.14426e-08
-1.12159e-08
3.16319e-05
-2.97499e-05
-6.00676e-09
-9.72146e-09
2.80517e-05
-2.65392e-05
1.98003e-08
-2.2802e-09
2.51701e-05
-2.39227e-05
1.32447e-07
6.64142e-08
2.27157e-05
-2.16497e-05
4.95237e-07
2.57632e-07
2.05114e-05
-1.94602e-05
9.34789e-07
6.57689e-07
2.72776e-08
-1.70887e-08
7.03447e-05
-3.6049e-08
4.10393e-08
7.04039e-05
7.03753e-05
-2.39717e-10
9.37787e-09
7.03329e-05
7.0325e-05
7.0336e-05
-1.58706e-05
1.66458e-05
5.33739e-07
-2.24594e-07
-1.79909e-05
1.92445e-05
8.90136e-07
8.99795e-07
-2.02155e-05
2.10931e-05
3.27981e-07
6.04574e-07
-2.19877e-05
2.29812e-05
3.5466e-09
1.39989e-07
-2.40743e-05
2.52576e-05
-7.84047e-08
-6.3327e-08
-2.65869e-05
2.80699e-05
-9.32284e-08
-7.00298e-08
-2.97543e-05
3.16282e-05
-3.98117e-08
-7.28844e-08
-3.37353e-05
3.60872e-05
-2.92249e-08
-4.58507e-08
-3.87172e-05
4.1674e-05
-1.1768e-08
-1.43446e-08
-4.50111e-05
4.8796e-05
-1.41647e-09
-8.07435e-09
6.25339e-09
-1.72963e-05
4.44416e-06
-5.41209e-10
6.0416e-10
-8.04946e-11
-1.57273e-10
-6.4803e-10
7.54897e-10
2.8346e-11
-4.47502e-11
-8.64234e-10
9.7745e-10
5.77048e-11
3.36954e-11
-1.07082e-09
1.12822e-09
3.6638e-11
4.60125e-11
-1.16392e-09
1.14984e-09
1.02167e-11
1.20096e-11
-1.10112e-09
1.04213e-09
-2.56223e-11
-4.94732e-12
-9.80397e-10
9.20272e-10
-9.3492e-11
-5.44968e-11
-8.76042e-10
8.34504e-10
-2.03429e-10
-1.43265e-10
-8.01771e-10
7.62359e-10
-3.2367e-10
-2.63246e-10
-7.22533e-10
6.70147e-10
-4.15933e-10
-3.71135e-10
-6.09988e-10
5.39397e-10
-4.66965e-10
-4.44881e-10
-4.64877e-10
4.11133e-10
-4.51957e-10
-4.7202e-10
-3.65098e-10
3.11889e-10
-3.91311e-10
-4.23807e-10
-2.34988e-10
1.21531e-10
-3.41199e-10
-3.61658e-10
6.36715e-12
-1.31785e-10
-3.22668e-10
-3.22901e-10
2.35986e-10
-3.16085e-10
-3.6502e-10
-3.30676e-10
3.78184e-10
-4.25406e-10
-4.13103e-10
-3.88515e-10
4.85404e-10
-5.5828e-10
-4.55853e-10
-4.66676e-10
6.17868e-10
-6.72151e-10
-4.40917e-10
-4.50377e-10
7.13283e-10
-7.47614e-10
-3.65115e-10
-3.97915e-10
7.81314e-10
-8.17533e-10
-2.61915e-10
-3.11374e-10
8.63685e-10
-9.18411e-10
-1.50855e-10
-2.04912e-10
9.87262e-10
-1.05821e-09
-6.58995e-11
-1.05258e-10
1.12274e-09
-1.16202e-09
-1.56019e-11
-3.72633e-11
1.16349e-09
-1.12208e-09
1.14813e-11
-2.49555e-12
1.03719e-09
-9.29857e-10
9.08746e-12
1.48772e-11
8.03262e-10
-7.01986e-10
-8.92269e-12
6.28625e-13
5.80249e-10
-5.0984e-10
-4.20636e-12
-4.56096e-11
-1.32568e-10
3.13189e-10
-1.37875e-09
1.53106e-09
-2.54347e-10
-2.30336e-10
-1.61423e-09
1.62558e-09
-3.23586e-10
-2.89343e-10
-1.57771e-09
1.46457e-09
-3.87291e-10
-3.62914e-10
-1.28304e-09
1.05876e-09
-4.34243e-10
-4.12615e-10
-4.20346e-10
-4.15586e-09
2.29252e-10
2.59059e-08
7.04426e-05
3.80809e-08
-8.30116e-06
-1.00709e-05
1.14506e-05
-1.11474e-05
-7.63483e-06
1.24194e-05
-7.33215e-06
-6.33982e-09
7.7688e-09
-5.19574e-09
-1.40709e-09
2.09822e-09
2.27397e-10
4.37595e-10
-1.01369e-05
-9.22673e-06
-9.15945e-10
-1.21544e-09
7.96163e-10
-8.70385e-10
-9.6135e-10
1.39159e-09
1.37543e-05
-4.74862e-08
6.52149e-08
-4.59488e-08
7.88079e-08
-3.08425e-06
-1.28872e-05
-5.29693e-10
2.55559e-10
5.19851e-10
3.12821e-10
1.69981e-10
5.90872e-10
-9.03391e-11
5.88238e-10
4.83258e-10
3.37767e-10
-5.00243e-10
3.26852e-10
4.46802e-10
-5.59828e-10
-1.60894e-09
-7.05135e-10
-2.76362e-10
-2.92405e-10
4.08442e-10
-5.80579e-10
-2.38128e-10
2.79823e-10
-2.92927e-10
2.34549e-09
-1.51705e-09
1.96375e-09
-8.24164e-06
1.13235e-05
-3.63413e-09
6.32284e-09
7.85461e-09
-2.17808e-09
4.18631e-09
2.65167e-10
-3.78571e-10
2.97201e-08
7.04271e-05
1.47701e-08
-1.87132e-09
3.42384e-09
2.97593e-09
2.51079e-06
-4.60275e-10
-3.03568e-10
3.09767e-08
2.39864e-08
-1.32872e-08
-2.17032e-08
1.61222e-06
-1.70654e-05
-1.83712e-05
1.12339e-06
3.11039e-10
4.31419e-10
1.20297e-05
-1.14098e-05
-7.91469e-06
-9.4907e-10
-1.06152e-09
1.35967e-09
5.38977e-10
-6.8426e-10
3.01947e-08
2.32124e-08
-1.83035e-08
-5.63585e-10
1.9535e-10
6.64131e-10
5.23627e-10
2.51075e-10
-4.86863e-10
3.50614e-10
5.95937e-08
-5.12456e-08
7.81749e-05
6.12651e-08
7.82204e-05
-7.5381e-06
-1.04762e-05
3.61962e-10
-4.9589e-10
-3.08024e-10
4.97501e-08
9.03073e-08
-5.26973e-08
1.54376e-10
-3.2826e-10
-9.86332e-11
4.19187e-10
2.44632e-10
9.24955e-06
-8.32406e-06
-9.59961e-06
-9.5106e-06
-9.8237e-10
-7.69677e-10
1.63411e-09
4.44566e-08
-2.88201e-08
7.57219e-06
-5.99359e-06
1.31904e-05
2.71326e-10
5.52922e-10
3.29089e-10
-6.1011e-10
4.62362e-10
-1.83911e-10
-3.33339e-10
-6.62808e-10
8.78401e-10
-1.49784e-10
-2.59535e-10
-1.1215e-09
1.32741e-09
-1.42271e-10
-1.6674e-10
-1.48647e-09
1.56723e-09
-2.0957e-10
-1.71853e-10
-1.57704e-09
1.52516e-09
-2.90501e-10
-2.44318e-10
-1.41111e-09
1.22611e-09
-3.46003e-10
-3.24839e-10
-1.01053e-09
7.77013e-10
-3.31034e-10
-3.56357e-10
-3.23557e-10
-2.48388e-10
3.5493e-10
1.88988e-10
1.81394e-10
-4.80035e-10
6.06228e-10
1.62478e-10
1.61714e-10
-7.19006e-10
7.99827e-10
1.64269e-10
1.60272e-10
-8.2585e-10
8.03525e-10
1.75996e-10
1.46924e-10
-7.54834e-10
6.98684e-10
2.06701e-10
1.81911e-10
-6.58313e-10
6.36844e-10
1.97951e-10
2.07305e-10
-6.31772e-10
6.37036e-10
1.63123e-10
1.8162e-10
-6.51724e-10
6.59165e-10
1.23449e-10
1.42063e-10
-6.50971e-10
6.31536e-10
1.32105e-10
1.26781e-10
-6.09785e-10
6.25717e-10
2.46544e-10
1.68439e-10
-7.27918e-10
1.00655e-09
6.30161e-10
3.8143e-10
1.10235e-09
1.48386e-08
7.96578e-09
1.34353e-09
-8.87442e-10
1.07201e-09
2.12006e-09
6.90629e-10
-6.27942e-10
3.18852e-10
5.61203e-10
6.36897e-10
-6.61454e-10
1.48002e-10
2.05659e-10
6.77706e-10
-6.77307e-10
1.20521e-10
1.236e-10
6.57403e-10
-6.39226e-10
1.54203e-10
1.24326e-10
6.31014e-10
-6.43027e-10
1.94885e-10
1.67199e-10
6.79103e-10
-7.26779e-10
1.98359e-10
1.98282e-10
7.82859e-10
-8.08513e-10
1.66116e-10
1.899e-10
7.88441e-10
-7.25069e-10
1.4093e-10
1.50431e-10
6.22685e-10
-5.04651e-10
1.49818e-10
1.28551e-10
3.76373e-10
-2.70406e-10
1.81126e-10
1.43744e-10
5.80751e-05
-5.31164e-05
4.24909e-09
-6.38038e-05
7.04595e-05
2.2398e-08
1.36493e-08
4.87968e-05
-4.50109e-05
-6.19545e-09
-2.29976e-09
4.16751e-05
-3.87192e-05
-1.09057e-08
-8.98864e-09
3.60894e-05
-3.37433e-05
-1.07912e-08
-1.23061e-08
3.16422e-05
-2.97588e-05
-6.36614e-09
-9.94716e-09
2.80756e-05
-2.65607e-05
1.99186e-08
1.0834e-09
2.51827e-05
-2.39339e-05
1.24506e-07
5.44419e-08
2.27588e-05
-2.15855e-05
3.80219e-07
2.22322e-07
2.05093e-05
-1.93871e-05
7.69619e-07
5.75888e-07
3.41643e-08
-4.4052e-09
3.36354e-08
-2.01926e-08
7.81108e-05
7.81373e-05
7.00095e-09
1.31439e-08
7.80921e-05
7.80907e-05
-2.56314e-08
3.83548e-08
7.8127e-05
7.81029e-05
-4.58605e-08
4.66756e-08
7.82028e-05
7.81646e-05
-1.6063e-05
1.68319e-05
7.13367e-07
1.57785e-06
-1.67895e-05
-1.78978e-05
1.90173e-05
6.92713e-07
7.47531e-07
-2.00445e-05
2.10161e-05
3.30816e-07
5.21178e-07
-2.19787e-05
2.29799e-05
7.22242e-08
1.91302e-07
-2.40651e-05
2.52687e-05
-3.80707e-08
-3.17009e-09
-2.66298e-05
2.80986e-05
-5.00527e-08
-6.42406e-08
-2.97559e-05
3.16492e-05
-5.15139e-08
-4.65619e-08
-3.37393e-05
3.60861e-05
-2.92124e-08
-3.45957e-08
-3.87232e-05
4.16797e-05
-1.32809e-08
-2.32469e-08
-4.50169e-05
4.88047e-05
-4.8181e-09
-9.18984e-09
-5.31264e-05
5.80883e-05
1.02783e-08
1.42582e-09
-6.38155e-05
7.04727e-05
3.09064e-08
2.23119e-08
-5.61313e-10
6.18339e-10
-1.22296e-10
4.99093e-10
-2.38235e-10
-3.67018e-10
-2.17224e-10
9.09345e-08
-1.20577e-08
-3.24636e-10
-3.08746e-10
-4.98816e-10
6.86362e-10
-2.45394e-10
-3.57407e-10
-2.44829e-10
2.91484e-10
-6.40083e-10
6.72944e-10
-2.87973e-12
-7.10424e-11
-7.24256e-10
8.03674e-10
8.64998e-11
2.04207e-11
-8.91331e-10
9.8649e-10
1.11377e-10
9.62236e-11
-1.06882e-09
1.12514e-09
7.26588e-11
8.99624e-11
-1.14265e-09
1.12661e-09
2.42885e-11
4.5331e-11
-1.07169e-09
9.98653e-10
-1.55746e-11
6.57736e-12
-9.20684e-10
8.5351e-10
-7.20994e-11
-4.0558e-11
-8.02902e-10
7.63842e-10
-1.4551e-10
-1.07376e-10
-7.36716e-10
7.11274e-10
-2.39154e-10
-1.92154e-10
-6.8398e-10
6.43094e-10
-3.21465e-10
-2.82184e-10
-5.91862e-10
5.33434e-10
-3.69143e-10
-3.51415e-10
-4.80393e-10
4.38954e-10
-3.44552e-10
-3.69129e-10
-4.02144e-10
3.46592e-10
-2.68571e-10
-3.09925e-10
-2.57648e-10
1.30817e-10
-2.13118e-10
-2.35933e-10
1.59462e-11
-1.59455e-10
-1.97812e-10
-1.96904e-10
2.75924e-10
-3.64988e-10
-2.36767e-10
-2.08031e-10
4.15398e-10
-4.4964e-10
-3.05129e-10
-2.73115e-10
5.00098e-10
-5.40145e-10
-3.61134e-10
-3.50277e-10
5.82273e-10
-6.28728e-10
-3.44719e-10
-3.60715e-10
6.61562e-10
-6.94921e-10
-2.7082e-10
-3.09024e-10
7.21163e-10
-7.55352e-10
-1.8936e-10
-2.2903e-10
7.98937e-10
-8.59136e-10
-1.16133e-10
-1.50717e-10
9.34849e-10
-1.01763e-09
-5.60276e-11
-8.56361e-11
1.0944e-09
-1.1463e-09
5.15352e-12
-2.39139e-11
1.16261e-09
-1.13468e-09
5.34735e-11
2.91145e-11
1.06715e-09
-9.74353e-10
8.6371e-11
7.33504e-11
8.73848e-10
-7.86952e-10
7.79326e-11
8.61358e-11
7.28153e-10
-6.42814e-10
3.45488e-11
4.60801e-11
5.66881e-10
-5.33678e-10
-9.19136e-11
-9.7183e-11
5.05026e-10
-4.34116e-10
-2.14757e-10
-1.68654e-10
-9.18116e-10
1.16472e-09
-1.93552e-10
-1.9991e-10
-1.36501e-09
1.50346e-09
-2.03684e-10
-1.86308e-10
-1.5715e-09
1.5841e-09
-2.69743e-10
-2.35084e-10
-1.53351e-09
1.42775e-09
-3.22217e-10
-3.02824e-10
-1.2639e-09
1.05619e-09
-3.54631e-10
-3.43205e-10
-8.23851e-10
6.10333e-10
-3.29214e-10
-3.34749e-10
-4.28978e-10
2.87701e-10
-2.92482e-10
-2.62839e-10
1.34319e-05
-6.42066e-06
-1.19755e-05
1.14282e-05
-6.70517e-06
1.16305e-05
-1.1268e-05
-6.60956e-06
-6.52235e-06
1.16866e-05
-6.70302e-06
-5.86058e-06
5.54222e-06
1.28744e-05
-3.13045e-09
1.27043e-08
-5.45285e-09
1.36228e-06
-1.72111e-05
-1.82828e-05
9.51474e-07
1.87297e-10
4.20471e-10
-1.01449e-05
-9.27183e-06
-7.44816e-10
-9.14481e-10
5.8933e-10
-6.83831e-10
-8.18322e-10
-7.16526e-10
4.65951e-08
4.26148e-08
-2.64769e-08
1.72914e-10
1.38394e-10
-2.65447e-10
1.63484e-10
-7.36699e-08
1.13102e-07
8.99115e-08
3.84221e-08
5.1562e-08
-3.18292e-08
2.0927e-06
-1.57313e-05
-4.82253e-10
1.68993e-10
4.82482e-10
2.41408e-10
1.90303e-10
4.91591e-10
-9.96661e-11
3.67369e-10
1.61156e-10
4.09135e-10
2.64688e-10
-4.37569e-10
2.8905e-10
3.55399e-10
-4.83842e-10
-4.16988e-10
-5.11412e-10
5.86382e-10
-1.19157e-10
-4.22961e-10
-2.72434e-08
3.94081e-08
1.82645e-10
-1.6977e-10
4.35886e-08
7.82397e-05
7.82605e-05
5.37629e-08
1.07694e-05
4.52768e-06
-2.83807e-06
-1.05688e-05
-6.51251e-06
-7.4321e-06
-9.61208e-06
-5.24906e-06
4.24488e-10
-6.12231e-10
2.59567e-10
-4.98476e-10
-2.0335e-10
-2.43476e-10
-3.52654e-10
-2.47911e-10
-1.20186e-10
2.01776e-11
3.47928e-10
-3.59088e-10
4.37182e-09
-1.09852e-09
2.64405e-06
1.58317e-07
-2.03924e-07
-1.4679e-06
6.84285e-08
4.28032e-06
4.05781e-08
-2.87594e-06
4.54928e-06
2.99166e-07
-1.71472e-06
2.17352e-07
8.89633e-06
-7.89849e-06
-8.86381e-06
-1.71807e-05
1.16941e-06
7.68991e-10
3.74251e-10
-9.29823e-06
-7.9293e-10
-6.39333e-10
6.53436e-08
5.97789e-08
9.71794e-08
-1.13462e-05
-3.20514e-06
1.00494e-05
-1.22089e-05
-3.21417e-06
5.10971e-06
1.36405e-10
4.96056e-10
-2.68111e-10
6.66428e-06
-1.25031e-05
1.23919e-05
-4.97243e-06
-1.77378e-06
1.50488e-06
-1.60309e-05
-1.59996e-05
1.01055e-05
-1.00399e-05
2.23763e-10
4.70801e-10
2.66559e-10
-5.3792e-10
-7.36441e-10
9.61956e-10
-1.23863e-10
-1.67972e-10
-1.1677e-09
1.35522e-09
-1.11049e-10
-1.22148e-10
-1.48201e-09
1.54788e-09
-1.60408e-10
-1.30052e-10
-1.56861e-09
1.52034e-09
-2.28421e-10
-1.98965e-10
-1.41571e-09
1.25696e-09
-2.68424e-10
-2.53674e-10
-1.05611e-09
8.36473e-10
-2.48324e-10
-2.76456e-10
-6.38898e-10
4.69579e-10
-1.62743e-10
-2.44193e-10
-2.1917e-10
-3.75907e-10
4.55705e-10
1.63424e-10
1.48803e-10
-5.55362e-10
6.63562e-10
1.44868e-10
1.39828e-10
-7.68474e-10
8.31974e-10
1.33493e-10
1.29803e-10
-8.40282e-10
8.16601e-10
1.42427e-10
1.24045e-10
-7.5739e-10
6.96198e-10
1.79975e-10
1.56017e-10
-6.43013e-10
6.07241e-10
1.84878e-10
1.88913e-10
-5.91808e-10
5.97399e-10
1.55219e-10
1.71863e-10
-6.1665e-10
6.25768e-10
1.06096e-10
1.27794e-10
-6.28012e-10
6.29327e-10
9.46626e-11
9.78751e-11
-6.42595e-10
7.23121e-10
2.32766e-10
1.36764e-10
-9.34757e-10
1.36432e-09
8.83967e-10
4.40939e-10
-2.13481e-09
3.14574e-09
3.69375e-09
1.81869e-09
8.06334e-09
7.32663e-09
-3.88122e-09
5.95721e-09
1.37784e-08
1.18001e-08
2.1786e-08
2.11993e-09
-1.24403e-09
1.34293e-09
2.86868e-09
8.35081e-10
-6.7289e-10
2.97319e-10
6.2345e-10
6.36406e-10
-6.39464e-10
1.08969e-10
1.64895e-10
6.44497e-10
-6.35081e-10
1.05533e-10
9.79809e-11
6.16058e-10
-5.98879e-10
1.56811e-10
1.2245e-10
6.00611e-10
-6.26095e-10
1.89821e-10
1.69311e-10
6.78826e-10
-7.41306e-10
1.76438e-10
1.90302e-10
8.01117e-10
-8.33388e-10
1.40021e-10
1.63281e-10
8.12265e-10
-7.50377e-10
1.19637e-10
1.19962e-10
6.57763e-10
-5.58045e-10
1.4111e-10
1.13797e-10
4.58071e-10
-3.78122e-10
1.63595e-10
1.28693e-10
-3.06729e-10
1.43217e-10
-7.04892e-05
7.82811e-05
3.09575e-08
-6.3826e-05
9.48291e-09
-5.80919e-05
4.00894e-09
-5.313e-05
-2.6125e-09
-4.88078e-05
-6.65863e-09
-4.50183e-05
-1.01016e-08
-4.16783e-05
-1.13012e-08
-3.87216e-05
-1.2133e-08
-3.6093e-05
-1.20974e-08
-3.37451e-05
-1.15121e-08
-3.16445e-05
-1.03247e-08
-2.97628e-05
-6.51683e-09
-2.80772e-05
1.74294e-09
-2.65658e-05
2.27896e-08
-2.5206e-05
6.19253e-08
-2.39475e-05
1.10461e-07
-2.27423e-05
1.61997e-07
-2.16034e-05
3.07573e-07
-2.0456e-05
4.34973e-07
-1.9343e-05
6.23534e-07
-1.82295e-05
7.78292e-07
-1.70901e-05
9.43194e-07
-1.59103e-05
1.20407e-06
-1.46811e-05
-1.65395e-06
1.2779e-06
-1.32812e-05
-1.8504e-06
1.27548e-06
-1.49153e-06
8.57788e-07
-1.07999e-05
1.11341e-05
-9.10742e-07
1.25876e-06
-6.75689e-09
3.00491e-08
-1.2406e-05
-2.81511e-06
-7.39978e-08
6.32275e-08
8.73374e-05
-7.07278e-08
8.72842e-05
-5.98658e-08
8.72316e-05
-4.3032e-08
8.71881e-05
-2.32528e-08
8.71584e-05
-6.5805e-09
8.71394e-05
1.41162e-08
8.71355e-05
3.17203e-08
8.7151e-05
4.60978e-08
8.71792e-05
5.64307e-08
8.72194e-05
5.79816e-08
8.72651e-05
5.32347e-08
8.73079e-05
3.81099e-08
8.73602e-05
-9.36266e-08
2.25942e-07
8.35432e-08
1.56191e-05
1.50185e-06
-1.46271e-05
1.64902e-05
7.82377e-07
1.75539e-05
6.18912e-07
1.86628e-05
5.27118e-07
1.9748e-05
3.9727e-07
2.08056e-05
2.60726e-07
2.18611e-05
1.60804e-07
2.29187e-05
9.25741e-08
2.40414e-05
2.45391e-08
2.52668e-05
-1.69288e-08
2.65983e-05
-2.97947e-08
2.81034e-05
-4.214e-08
2.97863e-05
-4.25198e-08
3.16523e-05
-3.44987e-08
3.37519e-05
-3.25115e-08
3.6094e-05
-2.35437e-08
3.87262e-05
-2.59202e-08
4.16847e-05
-1.5321e-08
4.50254e-05
-1.20785e-08
4.88155e-05
-8.11698e-09
5.31409e-05
-4.45164e-09
5.81066e-05
1.67072e-09
6.38435e-05
1.1941e-08
7.0511e-05
1.67195e-08
7.83067e-05
4.07512e-08
8.73904e-05
4.59049e-08
8.50674e-06
-1.23333e-05
-6.77659e-06
-6.29992e-06
-9.63776e-06
-1.11565e-05
-2.08268e-06
2.50659e-10
-4.01916e-10
5.61303e-10
-4.00726e-10
-9.47583e-10
7.21372e-07
-7.59036e-08
-3.91394e-07
-3.96746e-07
9.26299e-07
-2.32587e-07
-7.20999e-10
-5.6122e-10
4.91981e-10
-5.47502e-10
2.30836e-10
-4.75113e-10
-1.18098e-07
3.53708e-07
1.5657e-07
-2.42714e-07
-7.8511e-10
1.63762e-09
1.59859e-07
4.78014e-07
6.40319e-06
7.39569e-10
-8.16777e-10
8.30068e-06
-6.99339e-06
-5.42316e-06
-9.61005e-08
1.54588e-07
1.1398e-07
7.69639e-08
7.2181e-08
-6.48984e-06
1.12818e-05
-8.00179e-08
1.48e-07
2.97431e-07
6.39322e-06
2.45175e-06
-1.16482e-06
-4.57703e-07
2.55074e-06
1.31487e-05
-2.74924e-06
-1.46702e-05
-2.1727e-06
-9.21339e-06
-7.14701e-06
1.69331e-07
-1.00336e-06
-1.32068e-07
-4.94534e-06
4.82065e-07
7.50099e-06
-3.10208e-06
3.79052e-07
-1.93019e-06
3.13595e-07
3.52113e-09
6.31957e-09
-5.16813e-10
1.95904e-10
-9.95042e-11
3.96826e-10
1.65408e-10
4.54336e-10
4.36632e-10
1.71727e-10
-2.63634e-10
-4.56366e-10
3.02329e-10
-4.46292e-10
-1.14572e-05
-5.83298e-06
1.15163e-05
-1.18721e-05
-5.24205e-06
-1.20508e-05
-5.08349e-06
-1.18284e-05
-5.28774e-06
-1.11418e-05
-5.28298e-06
-9.9171e-06
-5.13168e-06
-5.2434e-10
2.1732e-09
-1.05471e-09
1.48126e-05
-5.73644e-06
1.53517e-07
4.17342e-08
-9.27536e-08
5.62059e-08
-2.1642e-10
1.60044e-10
-2.49276e-10
-3.11647e-10
-1.05516e-10
-4.73435e-10
-2.02606e-10
-6.56372e-10
-1.79573e-10
-8.70049e-10
-2.38991e-10
-1.08907e-09
-2.49474e-10
-1.27867e-09
-2.74257e-10
-1.42868e-09
-2.66471e-10
-1.52254e-09
-2.53586e-10
-1.57268e-09
-2.33936e-10
-1.56534e-09
-2.07053e-10
-1.50209e-09
-1.77643e-10
-1.37677e-09
-1.54955e-10
-1.20427e-09
-1.35941e-10
-9.82909e-10
-1.51828e-10
-7.75394e-10
-1.4416e-10
-5.60385e-10
-2.08138e-10
-4.11086e-10
-1.56564e-10
-2.35963e-10
-3.14519e-10
2.44826e-10
3.92755e-10
-2.2438e-10
4.94338e-10
-1.74798e-10
5.81062e-10
-1.49676e-10
6.40503e-10
-7.93847e-11
6.4356e-10
-4.93807e-11
7.01603e-10
2.86536e-11
7.7163e-10
3.89262e-11
8.55991e-10
6.70838e-11
9.56286e-10
6.24477e-11
1.04471e-09
5.52456e-11
1.1048e-09
3.30936e-11
1.12882e-09
4.29112e-12
1.11365e-09
-2.84072e-11
1.06315e-09
-6.009e-11
9.88672e-10
-8.78825e-11
9.05122e-10
-1.09442e-10
8.26715e-10
-1.23616e-10
7.60507e-10
-1.31298e-10
7.10463e-10
-1.33325e-10
6.73959e-10
-1.45767e-10
6.44686e-10
-1.67361e-10
6.17172e-10
-1.98037e-10
5.91292e-10
-2.31987e-10
5.63372e-10
-2.63235e-10
5.38142e-10
-2.78012e-10
5.12163e-10
-2.71913e-10
4.82832e-10
-2.54675e-10
4.47893e-10
-2.1011e-10
3.86467e-10
-1.74393e-10
2.90203e-10
-1.40347e-10
1.58162e-10
-1.15714e-10
1.22016e-12
-1.06824e-10
-1.56415e-10
-1.0598e-10
-2.91716e-10
-1.19037e-10
-3.88033e-10
-1.40167e-10
-4.45693e-10
-1.71278e-10
-4.80362e-10
-2.12084e-10
-5.0884e-10
-2.51061e-10
-5.42745e-10
-2.79027e-10
-5.77435e-10
-2.85385e-10
-6.10211e-10
-2.70013e-10
-6.39074e-10
-2.40508e-10
-6.64011e-10
-2.04547e-10
-6.89834e-10
-1.71888e-10
-7.20599e-10
-1.45384e-10
-7.63007e-10
-1.28292e-10
-8.24646e-10
-1.20217e-10
-9.00968e-10
-1.06061e-10
-9.79118e-10
-9.73972e-11
-1.05584e-09
-7.85188e-11
-1.10893e-09
-5.74568e-11
-1.12703e-09
-3.01382e-11
-1.10087e-09
-2.79957e-12
-1.04141e-09
2.82432e-11
-9.69966e-10
5.02036e-11
-8.88021e-10
7.59655e-11
-8.13708e-10
7.49064e-11
-7.42881e-10
6.74326e-11
-7.02299e-10
2.26019e-11
-6.62003e-10
1.00982e-12
-6.01073e-10
-6.9658e-11
-5.28698e-10
-1.00483e-10
1.10665e-07
-1.22673e-07
9.80756e-05
8.56787e-08
9.81401e-05
7.83049e-05
-7.05106e-05
1.78612e-08
8.7385e-05
2.15996e-08
5.5841e-10
-6.37122e-11
-4.14379e-10
7.85072e-06
-1.03149e-05
-4.88538e-08
6.21944e-08
-4.45696e-10
-1.73548e-10
-1.70667e-10
-6.93003e-10
3.82887e-10
-1.55112e-10
5.73929e-10
-1.00092e-10
7.61489e-10
-1.37151e-10
9.78057e-10
-9.84089e-11
1.17933e-09
-1.00897e-10
1.34149e-09
-9.08255e-11
1.45318e-09
-1.0436e-10
1.51054e-09
-1.19468e-10
1.52012e-09
-1.43039e-10
1.47391e-09
-1.61263e-10
1.38333e-09
-1.75343e-10
1.24464e-09
-1.82521e-10
1.06388e-09
-1.85531e-10
8.64321e-10
-1.72178e-10
6.72512e-10
-1.70049e-10
-3.71293e-10
3.05899e-10
-9.03093e-11
-5.14794e-10
-1.44205e-10
-1.27803e-10
4.10464e-11
4.40263e-11
8.9312e-11
1.90138e-10
3.85166e-11
3.06503e-10
1.19111e-10
4.45934e-10
8.49635e-11
5.88468e-10
1.0859e-10
7.13979e-10
9.31583e-11
8.0384e-10
1.01534e-10
8.40577e-10
1.03846e-10
8.22827e-10
1.24151e-10
7.66813e-10
1.46531e-10
6.98528e-10
1.6409e-10
6.40714e-10
1.86659e-10
6.12586e-10
1.87431e-10
6.08788e-10
1.76858e-10
6.28378e-10
1.73076e-10
6.55663e-10
1.43626e-10
6.83389e-10
1.17989e-10
7.09592e-10
9.94324e-11
7.49812e-10
9.46475e-11
8.61718e-10
1.3559e-10
1.17119e-09
2.63252e-10
1.91064e-09
6.02005e-10
3.51596e-09
1.40905e-09
6.81889e-09
3.26265e-09
1.34243e-08
7.19264e-09
-2.61149e-08
2.95846e-08
1.513e-08
6.22332e-08
1.43012e-07
-5.50783e-09
1.88444e-08
-4.00853e-09
7.82576e-09
-2.39101e-09
2.85412e-09
-1.46523e-09
1.1509e-09
-1.00262e-09
4.96927e-10
-7.93408e-10
2.2808e-10
-7.05892e-10
1.21508e-10
-6.68561e-10
8.87318e-11
-6.38076e-10
9.49029e-11
-6.12683e-10
1.13737e-10
-5.94933e-10
1.41061e-10
-5.89016e-10
1.60387e-10
-6.08223e-10
1.71169e-10
-6.51451e-10
1.79616e-10
-7.08791e-10
1.74949e-10
-7.77925e-10
1.66344e-10
-8.29871e-10
1.37203e-10
-8.42589e-10
1.2236e-10
-8.05927e-10
1.02117e-10
-7.11446e-10
1.02421e-10
-5.7801e-10
9.80399e-11
-4.27772e-10
1.02444e-10
-2.95341e-10
9.50943e-11
1.72355e-10
9.28449e-11
-8.12636e-11
1.03055e-10
-1.39343e-05
1.80857e-06
1.54579e-06
-3.16621e-10
-3.5426e-11
-4.67592e-10
-1.51149e-10
-6.32658e-10
-1.01759e-10
-8.29643e-10
-1.67297e-10
-1.03937e-09
-1.64186e-10
-1.23004e-09
-1.8636e-10
-1.37994e-09
-1.81149e-10
-1.47699e-09
-1.72753e-10
-1.52517e-09
-1.54671e-10
-1.51854e-09
-1.33128e-10
-1.45144e-09
-1.11269e-10
-1.33347e-09
-8.74434e-11
-1.16514e-09
-7.34033e-11
-9.65882e-10
-8.26654e-11
-7.69083e-10
-7.19402e-11
-5.6545e-10
-1.26789e-10
3.46599e-10
-9.04973e-11
1.54891e-10
-2.14008e-10
-1.15933e-10
1.59765e-09
5.19138e-10
-6.87005e-11
6.47866e-10
-1.58174e-10
6.86549e-10
-8.80032e-11
7.26997e-10
-6.41429e-11
7.45141e-10
-4.41973e-11
7.80966e-10
3.86204e-12
8.25708e-10
4.88166e-12
8.90749e-10
1.7802e-11
9.63943e-10
5.39718e-12
1.03231e-09
-3.58259e-12
1.08312e-09
-2.97307e-11
1.10137e-09
-5.57775e-11
1.08393e-09
-8.49378e-11
1.0375e-09
-1.12603e-10
9.71595e-10
-1.33213e-10
8.96654e-10
-1.44067e-10
8.18532e-10
-1.43128e-10
7.51819e-10
-1.30642e-10
6.96188e-10
-1.17532e-10
6.49914e-10
-1.10095e-10
6.13031e-10
-1.14264e-10
5.82966e-10
-1.28254e-10
5.62412e-10
-1.52186e-10
5.49735e-10
-1.75862e-10
5.43941e-10
-1.89761e-10
5.40617e-10
-1.8757e-10
5.25079e-10
-1.69616e-10
4.94902e-10
-1.35966e-10
4.3156e-10
-1.07577e-10
3.25136e-10
-7.96641e-11
1.80539e-10
-6.22677e-11
9.3602e-12
-5.42879e-11
-1.62335e-10
-5.32293e-11
-3.11982e-10
-6.17396e-11
-4.22171e-10
-7.74253e-11
-4.88819e-10
-1.02123e-10
-5.2324e-10
-1.34678e-10
-5.4059e-10
-1.67272e-10
-5.5299e-10
-1.91069e-10
-5.6621e-10
-1.95316e-10
-5.83128e-10
-1.81414e-10
-6.04512e-10
-1.57042e-10
-6.30498e-10
-1.30587e-10
-6.61301e-10
-1.14941e-10
-6.9964e-10
-1.09847e-10
-7.46585e-10
-1.16624e-10
-8.10865e-10
-1.23052e-10
-8.78639e-10
-1.37386e-10
-9.55665e-10
-1.34396e-10
-1.02179e-09
-1.25894e-10
-1.06719e-09
-1.08726e-10
-1.0759e-09
-8.575e-11
-1.05045e-09
-5.6068e-11
-9.93913e-10
-2.56559e-11
-9.30301e-10
-1.62169e-13
-8.67068e-10
1.95922e-11
-8.11757e-10
2.66412e-11
-7.59233e-10
2.60674e-11
-7.35457e-10
3.32074e-12
-7.14877e-10
-6.17179e-12
-6.87738e-10
-5.06782e-11
-6.50576e-10
-6.01338e-11
-5.95778e-10
-1.11304e-10
-6.50999e-11
-8.50571e-10
1.72277e-07
-1.10697e-10
7.91149e-11
-2.25997e-10
2.44827e-10
-1.20318e-10
2.83784e-10
-4.42619e-06
6.13266e-06
-9.01278e-06
1.04533e-05
-3.05058e-06
-8.94024e-06
1.12468e-05
-3.41217e-06
1.18707e-05
-3.75025e-06
1.19905e-05
-3.6751e-06
1.17686e-05
-3.45597e-06
1.10691e-05
-3.45587e-06
9.84889e-06
-3.74235e-06
7.31165e-06
-8.14436e-06
1.16171e-05
1.36881e-05
-1.38856e-05
-2.69582e-07
1.38672e-06
1.52966e-05
7.85904e-07
1.637e-05
6.47592e-07
1.744e-05
4.98308e-07
1.85432e-05
3.8437e-07
1.96353e-05
2.83378e-07
2.06995e-05
1.94676e-07
2.17736e-05
1.18956e-07
2.2883e-05
6.78797e-08
2.40383e-05
2.63684e-08
2.52696e-05
3.3992e-09
2.66217e-05
-1.09192e-08
2.81282e-05
-3.34528e-08
2.97965e-05
-2.44778e-08
3.16699e-05
-2.6012e-08
3.37617e-05
-2.31446e-08
3.61093e-05
-2.32641e-08
3.87347e-05
-2.1305e-08
4.16927e-05
-1.6308e-08
4.50332e-05
-1.36485e-08
4.88258e-05
-1.23974e-08
5.31522e-05
-9.40334e-09
5.81199e-05
-6.67958e-09
-7.05379e-05
7.83418e-05
2.14253e-08
-6.38635e-05
-1.38276e-09
-2.69523e-09
-4.00596e-10
2.45266e-10
4.26616e-10
1.25714e-10
-1.29085e-07
4.78023e-07
-2.48908e-07
-1.08459e-08
1.18722e-08
1.96111e-07
-1.16065e-06
-5.05537e-06
4.67015e-07
7.64792e-06
-3.27361e-06
4.84639e-07
-2.07477e-06
3.88888e-07
-1.28414e-06
2.13115e-07
2.06938e-08
-1.12717e-07
-1.77893e-08
-2.58701e-06
-1.47646e-05
-1.01071e-07
9.29691e-08
9.80401e-05
-9.57945e-08
9.79855e-05
-7.90116e-08
9.79298e-05
-5.42139e-08
9.78837e-05
-2.25348e-08
9.78499e-05
8.01668e-09
9.78361e-05
4.00461e-08
9.78384e-05
7.34087e-08
9.78557e-05
9.74995e-08
9.7894e-05
1.15873e-07
9.7942e-05
9.8005e-05
3.89543e-06
2.51443e-07
4.80708e-07
1.63081e-07
-1.66073e-07
2.96615e-07
2.63434e-09
2.29462e-09
6.02618e-12
-8.86113e-10
1.20026e-05
-3.48674e-06
1.29651e-05
-3.96274e-06
-4.16073e-06
5.71562e-06
-9.36364e-08
1.42031e-07
8.36684e-07
-4.79335e-07
1.12488e-05
-2.28695e-06
-1.05953e-05
-2.15998e-06
1.19247e-05
3.40142e-07
1.2993e-05
5.8412e-07
1.43262e-05
7.91143e-07
1.55919e-05
8.76634e-07
1.68895e-05
7.94363e-07
1.80624e-05
6.84292e-07
1.92371e-05
5.4719e-07
2.04009e-05
4.32317e-07
2.15443e-05
3.04119e-07
2.27212e-05
2.00774e-07
2.39078e-05
1.22023e-07
2.51883e-05
7.43492e-08
2.65716e-05
4.57553e-08
2.80871e-05
2.12047e-08
2.97728e-05
2.16336e-09
3.16535e-05
-5.85652e-09
3.37532e-05
-9.66368e-09
3.61005e-05
-1.1501e-08
3.87303e-05
-1.23703e-08
4.16873e-05
-1.27636e-08
4.50271e-05
-1.2782e-08
4.88163e-05
-1.231e-08
5.31408e-05
-1.13277e-08
5.81047e-05
-9.21788e-09
6.38439e-05
-8.79966e-09
-4.39896e-09
6.84058e-06
1.30732e-05
1.12663e-07
1.61669e-07
1.13937e-07
1.61062e-07
9.14441e-06
-9.60884e-07
-5.1364e-10
-5.95145e-10
1.68302e-09
2.47645e-10
-2.08031e-10
7.31374e-08
9.81026e-05
8.74276e-05
2.67564e-08
3.63979e-10
-4.78569e-10
-5.76474e-06
-6.66075e-06
8.3063e-06
-1.22471e-07
2.94499e-07
-9.65387e-06
7.94366e-06
9.81917e-05
4.44145e-08
3.7639e-08
9.81404e-05
-8.28437e-11
-2.57767e-10
-8.84505e-06
3.75205e-06
7.95203e-06
-1.59459e-06
6.61892e-07
-1.3307e-07
-4.22682e-10
1.8066e-10
3.56417e-10
1.47041e-10
1.34893e-06
1.11712e-07
-1.32595e-10
-9.38491e-11
-7.3486e-10
7.21621e-10
1.61063e-09
-8.40886e-08
6.4144e-08
1.63652e-09
-5.00259e-10
-5.19047e-07
4.62664e-09
8.21533e-07
2.27298e-07
7.05359e-05
-6.38562e-05
-2.9254e-08
-7.83388e-05
8.74402e-05
-1.74554e-08
-2.80029e-09
5.81162e-05
-5.31491e-05
-1.66006e-08
-2.03377e-08
4.88229e-05
-4.50318e-05
-1.49742e-08
-1.56632e-08
4.16909e-05
-3.87325e-05
-1.37773e-08
-1.42708e-08
3.61016e-05
-3.37531e-05
-1.26457e-08
-1.32399e-08
3.16511e-05
-2.97677e-05
-8.42557e-09
-1.14757e-08
2.80762e-05
-2.6546e-05
4.29048e-09
-4.36117e-09
2.51531e-05
-2.38687e-05
3.46511e-08
1.95862e-08
2.26564e-05
-2.14806e-05
9.83024e-08
5.72942e-08
2.03053e-05
-1.91037e-05
2.10755e-07
1.47154e-07
1.78796e-05
-1.6622e-05
3.49452e-07
2.74743e-07
1.53585e-05
-1.41103e-05
5.12112e-07
4.32136e-07
1.29367e-05
-1.18642e-05
3.52888e-07
4.98423e-07
1.07577e-05
-1.04846e-05
-4.07841e-07
3.07128e-09
1.08536e-05
-1.08237e-05
-1.25094e-06
-8.98722e-07
1.02667e-05
-1.32667e-05
-3.44335e-06
8.32451e-06
-1.76204e-06
1.23502e-05
-1.12657e-05
-2.05234e-06
-2.30567e-06
9.9776e-06
-8.82115e-06
-8.52761e-07
-1.76326e-06
5.84291e-06
-3.71683e-06
4.99814e-07
5.09072e-07
2.30345e-06
-1.08735e-06
3.50121e-07
-7.27631e-07
3.29123e-07
-3.35875e-07
-6.13269e-07
2.76594e-07
1.43175e-07
-1.37275e-07
0.000109211
-1.31436e-07
1.02164e-07
0.000109375
0.000109297
1.20643e-07
-8.87283e-08
0.000109077
0.000109139
5.22604e-08
-1.05548e-08
0.000109014
0.000109035
-3.16798e-08
6.80558e-08
0.000109029
0.000109011
-9.83161e-08
1.15345e-07
0.000109125
0.000109068
-1.21216e-07
1.11002e-07
0.000109258
0.00010919
6.52652e-08
0.000109431
9.82021e-05
-6.16903e-09
-9.10709e-08
6.04309e-08
0.000109372
0.000109327
-1.31083e-05
3.9557e-09
4.66118e-10
-1.76358e-10
-1.44555e-07
7.09441e-07
-3.4868e-07
1.08672e-10
2.25076e-10
-8.74756e-05
9.82478e-05
-5.95384e-09
7.83676e-05
-7.05607e-05
-4.37442e-10
-1.6036e-08
6.38791e-05
-5.81325e-05
-1.77172e-08
-2.50881e-08
5.31623e-05
-4.88335e-05
-1.47547e-08
-1.52922e-08
4.5041e-05
-4.1699e-05
-1.4855e-08
-1.48861e-08
3.87415e-05
-3.61124e-05
-1.93198e-08
-1.52547e-08
3.37705e-05
-3.16736e-05
-1.94639e-08
-1.69847e-08
2.9802e-05
-2.81217e-05
-1.90812e-08
-1.63687e-08
2.66226e-05
-2.52467e-05
-1.53848e-08
-1.73077e-08
2.39852e-05
-2.28085e-05
9.22533e-09
-5.22043e-09
2.16842e-05
-2.05864e-05
5.75078e-08
3.20852e-08
1.94896e-05
-1.83681e-05
1.50019e-07
1.02597e-07
1.72333e-05
-1.60861e-05
3.1169e-07
2.2055e-07
1.48773e-05
-1.34735e-05
3.42095e-07
3.97009e-07
3.70445e-07
-1.31334e-05
-1.08684e-05
-1.53433e-06
9.45244e-06
1.15841e-05
-1.18447e-05
-1.78193e-06
-1.67227e-06
1.17941e-05
-1.13228e-05
-1.95035e-06
-1.82774e-06
1.04052e-05
-9.13629e-06
-1.51544e-06
-1.77909e-06
7.84918e-06
-5.33385e-06
5.74307e-07
2.62964e-06
-9.58646e-07
3.45201e-06
-2.13582e-06
3.31005e-07
4.8995e-07
2.32655e-07
-2.79524e-11
4.536e-11
-1.53929e-10
2.83361e-10
-1.13654e-10
-2.05979e-10
4.23407e-10
-1.19454e-10
-7.11258e-11
-5.77505e-10
6.89491e-10
-7.37807e-11
-1.20424e-10
-7.3361e-10
7.60927e-10
-1.73138e-11
-4.1125e-11
-7.75512e-10
8.10294e-10
4.10195e-12
-5.76977e-12
-8.54487e-10
9.0635e-10
-7.44972e-12
1.52702e-12
-9.6518e-10
1.0209e-09
-3.68989e-11
-1.964e-11
-1.0511e-09
1.04782e-09
-7.36645e-11
-5.68677e-11
-1.01309e-09
9.55466e-10
-9.53933e-11
-8.74137e-11
-8.9079e-10
8.26341e-10
-9.71558e-11
-9.86104e-11
-7.67975e-10
7.10326e-10
-7.19759e-11
-8.48984e-11
-6.55509e-10
6.08335e-10
-5.98474e-11
-6.24325e-11
-5.74889e-10
5.55742e-10
-7.83272e-11
-6.49959e-11
-5.52239e-10
5.60094e-10
-1.00966e-10
-9.27527e-11
-5.66896e-10
5.59441e-10
-8.52877e-11
-9.84545e-11
-5.24513e-10
4.51028e-10
-4.91687e-11
-6.70471e-11
-3.33317e-10
1.76825e-10
-2.75826e-11
-3.57767e-11
1.77439e-12
-1.79943e-10
-2.40653e-11
-2.32838e-11
3.34243e-10
-4.48829e-10
-3.68905e-11
-2.78653e-11
5.20996e-10
-5.52276e-10
-6.69287e-11
-5.07327e-11
5.57114e-10
-5.46545e-10
-9.56844e-11
-8.5953e-11
5.34735e-10
-5.35217e-10
-8.88733e-11
-9.69897e-11
5.53936e-10
-5.91185e-10
-6.43379e-11
-7.59833e-11
6.45843e-10
-7.07961e-10
-6.09604e-11
-5.84549e-11
7.71149e-10
-8.35095e-10
-8.62625e-11
-7.12548e-11
8.98258e-10
-9.61005e-10
-1.02406e-10
-9.86331e-11
1.01669e-09
-1.0555e-09
-8.94531e-11
-9.9037e-11
1.06845e-09
-1.0502e-09
-5.95756e-11
-7.51289e-11
1.00167e-09
-9.31457e-10
-3.10651e-11
-4.53437e-11
8.60258e-10
-8.0108e-10
-1.31815e-11
-2.3032e-11
7.63569e-10
-7.33453e-10
-1.39203e-11
-1.37606e-11
7.24788e-10
-6.6399e-10
-5.67598e-11
-2.80534e-11
5.57144e-10
-3.45832e-10
-1.91531e-10
-7.10436e-11
-6.71486e-11
-4.59361e-10
6.42522e-10
-5.67126e-11
-9.53808e-11
-8.01835e-10
1.00835e-09
-3.11841e-11
-3.36635e-11
-1.18526e-09
1.34104e-09
-3.14207e-11
-2.90471e-11
-1.45041e-09
1.50998e-09
-5.43441e-11
-4.21531e-11
-1.52229e-09
1.48091e-09
-7.88577e-11
-6.80777e-11
-1.39167e-09
1.25663e-09
-9.53604e-11
-8.72076e-11
-1.08136e-09
8.85971e-10
-8.99913e-11
-1.01815e-10
-6.95113e-10
5.3263e-10
-4.97197e-11
-9.56837e-11
-3.7452e-10
2.24007e-10
5.25972e-11
-8.66923e-11
-2.9675e-08
8.61536e-07
-1.09047e-10
6.09102e-11
8.79413e-08
-4.04953e-10
4.20352e-10
1.30542e-10
-4.19847e-10
1.28815e-10
-4.97197e-10
6.12232e-10
7.50979e-11
8.59522e-11
-7.32908e-10
8.23612e-10
6.67942e-11
6.49561e-11
-8.63474e-10
8.55771e-10
8.0557e-11
6.78514e-11
-8.01358e-10
7.28644e-10
1.07959e-10
9.13234e-11
-6.52545e-10
5.93374e-10
1.23572e-10
1.18089e-10
-5.58881e-10
5.53553e-10
1.14199e-10
1.20379e-10
-5.67375e-10
5.96985e-10
8.60711e-11
1.06451e-10
-6.37435e-10
7.08059e-10
6.78457e-11
7.27061e-11
-8.67448e-10
1.23767e-09
1.78935e-10
9.18718e-11
-2.09325e-09
4.03213e-09
1.02692e-09
4.12148e-10
-8.39462e-09
1.87796e-08
7.92835e-09
2.79319e-09
-4.21635e-08
8.3983e-08
4.77969e-08
-3.24638e-08
2.10181e-08
1.25556e-07
4.20969e-08
-2.0724e-08
1.54442e-08
3.07268e-08
1.00515e-08
-4.80637e-09
2.69332e-09
6.8343e-09
2.37223e-09
-1.30852e-09
4.04171e-10
1.02512e-09
8.77219e-10
-7.08348e-10
9.23845e-11
1.85068e-10
6.49519e-10
-6.17174e-10
8.00637e-11
7.33108e-11
5.93488e-10
-5.75492e-10
1.1458e-10
9.69318e-11
5.68912e-10
-5.95738e-10
1.3224e-10
1.30058e-10
6.4452e-10
-7.11978e-10
1.25646e-10
1.31046e-10
7.90825e-10
-8.45432e-10
9.32984e-11
1.10015e-10
8.59083e-10
-8.14766e-10
6.77869e-11
8.44872e-11
7.23475e-10
-6.05658e-10
6.25291e-11
6.99436e-11
5.01836e-10
-4.19044e-10
6.45596e-11
8.78071e-11
4.22805e-10
-3.85323e-10
2.06625e-11
1.6527e-10
2.27356e-10
-5.16269e-10
7.03743e-10
1.6907e-10
-1.06439e-10
1.88523e-10
-3.44297e-10
3.04276e-12
-1.31012e-11
-3.27231e-11
5.21146e-10
-6.94962e-10
-6.45933e-11
-6.18172e-11
8.96324e-10
-1.09433e-09
-9.21606e-11
-9.00254e-11
1.26201e-09
-1.38896e-09
-9.76901e-11
-1.00936e-10
1.47442e-09
-1.51862e-09
-8.32278e-11
-9.16655e-11
1.51756e-09
-1.46757e-09
-5.8279e-11
-7.06056e-11
1.36647e-09
-1.21525e-09
-4.47701e-11
-5.14728e-11
1.02816e-09
-8.15968e-10
-4.77997e-11
-4.19654e-11
6.49772e-10
-4.02614e-10
-8.73298e-11
-3.75692e-11
-1.435e-05
-1.38319e-11
-3.25807e-10
-3.68649e-07
7.08828e-07
-1.584e-10
9.83295e-12
3.60518e-10
2.61126e-08
0.000109489
0.000109434
2.69681e-08
-6.82672e-06
2.06807e-11
9.64931e-11
1.92886e-10
3.35541e-10
5.25394e-10
7.60264e-10
9.80545e-10
1.18475e-09
1.33405e-09
1.43481e-09
1.48669e-09
1.49092e-09
1.44551e-09
1.35878e-09
1.22685e-09
1.05055e-09
8.43515e-10
6.32248e-10
4.53883e-10
2.91147e-10
2.24985e-10
1.79499e-10
-4.93111e-11
2.14049e-10
1.24382e-10
1.07181e-10
1.52067e-10
3.38525e-10
4.4094e-10
5.82719e-10
7.06779e-10
8.13342e-10
8.64641e-10
8.64394e-10
8.08434e-10
7.30493e-10
6.57296e-10
6.00137e-10
5.69676e-10
5.74237e-10
5.95514e-10
6.28386e-10
6.75142e-10
7.63873e-10
9.76902e-10
1.51498e-09
2.79101e-09
5.88602e-09
1.35063e-08
3.18306e-08
7.39013e-08
1.64962e-07
-2.11249e-07
-8.80516e-08
-3.52778e-08
-1.43544e-08
-6.1584e-09
-2.90341e-09
-1.56087e-09
-9.94223e-10
-7.51177e-10
-6.43708e-10
-5.87965e-10
-5.55966e-10
-5.35583e-10
-5.45073e-10
-5.85147e-10
-6.51626e-10
-7.34477e-10
-8.11566e-10
-8.60865e-10
-8.59264e-10
-8.07278e-10
-7.03365e-10
-5.69838e-10
-4.27513e-10
-2.93589e-10
-1.39676e-10
9.75636e-13
1.72099e-10
3.82441e-06
-7.18225e-06
-1.12088e-10
3.23733e-10
-2.3047e-10
-2.57502e-10
-2.74801e-10
-4.64281e-10
-6.29179e-10
-8.43788e-10
-1.05009e-09
-1.23448e-09
-1.37268e-09
-1.45934e-09
-1.50037e-09
-1.48984e-09
-1.42821e-09
-1.31961e-09
-1.1593e-09
-9.59169e-10
-7.40175e-10
-5.14988e-10
-3.0823e-10
-1.52201e-10
4.12017e-10
-4.49636e-10
5.87585e-10
6.13547e-10
6.97669e-10
7.33988e-10
7.53799e-10
7.7497e-10
8.07104e-10
8.61908e-10
9.25815e-10
9.90938e-10
1.03506e-09
1.05192e-09
1.04045e-09
1.00567e-09
9.56327e-10
9.0128e-10
8.46076e-10
7.84811e-10
7.16409e-10
6.48179e-10
5.87373e-10
5.43493e-10
5.23331e-10
5.27493e-10
5.48101e-10
5.69005e-10
5.70579e-10
5.41646e-10
4.68824e-10
3.50058e-10
1.91468e-10
8.39088e-12
-1.75025e-10
-3.37428e-10
-4.61727e-10
-5.40843e-10
-5.77092e-10
-5.79533e-10
-5.6231e-10
-5.44443e-10
-5.42759e-10
-5.635e-10
-6.05002e-10
-6.62466e-10
-7.24761e-10
-7.8701e-10
-8.42536e-10
-9.01265e-10
-9.60226e-10
-1.00981e-09
-1.03726e-09
-1.03285e-09
-9.96149e-10
-9.3586e-10
-8.73523e-10
-8.24835e-10
-7.88857e-10
-7.62188e-10
-7.42091e-10
-7.02789e-10
-6.45261e-10
-5.66444e-10
-4.85194e-10
-3.82572e-10
-2.39494e-10
-1.85715e-10
-9.00835e-11
3.66489e-11
1.18723e-06
2.0542e-06
3.49713e-06
5.58614e-06
8.27828e-06
9.81139e-06
1.08079e-05
1.13686e-05
1.14551e-05
1.12917e-05
1.07901e-05
1.0115e-05
9.3806e-06
1.18631e-05
-1.6316e-06
1.17247e-05
1.07907e-06
1.30398e-05
1.43696e-05
1.57464e-05
1.70293e-05
1.8227e-05
1.93692e-05
2.04819e-05
2.15801e-05
2.27043e-05
2.3876e-05
2.51255e-05
2.6482e-05
2.79798e-05
2.96463e-05
3.15116e-05
3.35934e-05
3.59252e-05
3.85376e-05
4.14819e-05
4.4809e-05
4.85856e-05
5.28961e-05
5.78444e-05
6.35596e-05
7.01947e-05
7.79774e-05
8.70243e-05
9.77454e-05
0.000108982
-4.98743e-10
3.9577e-10
8.35299e-12
4.89737e-10
7.46356e-06
-5.64387e-07
-4.78846e-06
-1.0441e-05
-2.41299e-08
-7.42e-08
-9.11684e-08
-1.33297e-07
-1.5208e-07
-1.48974e-07
-1.26617e-07
-8.7417e-08
-3.78664e-08
1.26357e-08
6.38705e-08
1.14199e-07
1.53704e-07
1.77249e-07
1.80034e-07
1.55553e-07
1.08511e-07
3.39653e-08
-7.08121e-08
2.3174e-06
-1.29684e-06
3.89024e-06
6.18629e-06
9.03557e-06
1.09345e-05
1.19524e-05
1.25258e-05
1.24802e-05
1.07225e-05
1.01767e-05
9.90099e-06
9.86349e-06
1.02609e-05
1.10848e-05
1.23151e-05
1.37204e-05
1.51425e-05
1.649e-05
1.7773e-05
1.90059e-05
2.02017e-05
2.13701e-05
2.25435e-05
2.37495e-05
2.50293e-05
2.64162e-05
2.79343e-05
2.96154e-05
3.14883e-05
3.35777e-05
3.59134e-05
3.85311e-05
4.14757e-05
4.48022e-05
4.85775e-05
5.28857e-05
5.78312e-05
6.35417e-05
7.01699e-05
7.79466e-05
8.69883e-05
9.77054e-05
0.000108941
-1.55608e-07
1.77175e-07
3.21825e-10
-1.06288e-10
5.02058e-11
)
;

boundaryField
{
    wall
    {
        type            calculated;
        value           uniform 0;
    }
    outlet
    {
        type            calculated;
        value           nonuniform List<scalar> 
20
(
0.000377023
0.000376753
0.000376523
0.00037622
0.000375926
0.000375652
0.000375411
0.000375252
0.00037519
0.000375197
0.000375271
0.000375447
0.000375702
0.000376006
0.000376375
0.000376701
0.000376975
0.000377232
0.000374926
0.000374758
)
;
    }
    frontAndBackPlanes
    {
        type            empty;
        value           nonuniform List<scalar> 0();
    }
}


// ************************************************************************* //
