/*--------------------------------*- C++ -*----------------------------------*\
| =========                 |                                                 |
| \\      /  F ield         | OpenFOAM: The Open Source CFD Toolbox           |
|  \\    /   O peration     | Version:  2212                                  |
|   \\  /    A nd           | Website:  www.openfoam.com                      |
|    \\/     M anipulation  |                                                 |
\*---------------------------------------------------------------------------*/
FoamFile
{
    version     2.0;
    format      ascii;
    arch        "LSB;label=32;scalar=64";
    class       surfaceScalarField;
    location    "0.0225";
    object      phi;
}
// * * * * * * * * * * * * * * * * * * * * * * * * * * * * * * * * * * * * * //

dimensions      [1 0 -1 0 0 0 0];

oriented        oriented;

internalField   nonuniform List<scalar> 
4475
(
3.51882e-05
-3.11092e-05
2.96306e-05
-2.8409e-05
-1.00909e-05
4.56008e-05
1.31013e-06
-3.41894e-05
8.77595e-06
-1.05598e-05
2.52778e-05
-2.14314e-05
-3.72477e-06
3.96904e-05
4.25085e-06
-3.27788e-05
-3.18334e-05
2.90658e-05
3.0644e-05
-2.68577e-05
2.86982e-05
-1.94135e-05
-3.13971e-05
2.48806e-05
-9.42231e-06
8.50841e-06
4.49176e-05
-4.03903e-05
-2.21835e-05
-3.4301e-05
2.81776e-05
2.9076e-05
3.11567e-05
-3.38311e-05
-2.89328e-05
-6.70752e-05
-3.32225e-06
8.43404e-06
6.11439e-05
-9.96978e-06
8.20783e-06
-6.29033e-05
-6.01845e-05
1.1896e-05
-6.95185e-06
6.06449e-05
-5.69398e-05
5.65663e-06
-3.40805e-06
-5.46812e-05
4.04362e-06
-1.92059e-06
-5.33245e-05
3.05038e-06
-1.27695e-06
-5.23053e-05
2.16138e-06
-1.21034e-06
1.742e-06
-4.98327e-05
-2.71659e-06
4.92621e-05
-4.52135e-06
-4.69935e-05
3.71945e-06
5.30967e-05
-7.98207e-07
5.42299e-05
2.64743e-06
5.55787e-05
4.14362e-06
5.79061e-05
5.00946e-06
6.21304e-05
5.51986e-06
7.31193e-05
4.6591e-06
6.7364e-05
-3.00931e-06
6.51069e-05
-3.30486e-06
8.20811e-05
-2.46932e-07
-2.22128e-05
7.44253e-05
1.14313e-05
-1.24691e-05
4.6942e-05
-4.29597e-05
-9.29072e-06
-4.77219e-05
-5.01381e-06
7.12614e-05
1.52603e-05
-1.90954e-05
7.16974e-05
1.84149e-05
-2.26035e-05
7.57938e-05
2.03514e-05
-2.35641e-05
8.24323e-05
2.05575e-05
-2.2979e-05
8.94924e-05
1.94329e-05
-2.11956e-05
9.43408e-05
1.82305e-05
-1.95354e-05
9.58601e-05
1.745e-05
-1.87309e-05
9.29736e-05
1.75076e-05
-1.92079e-05
8.5058e-05
1.9176e-05
-2.1501e-05
7.36381e-05
2.2913e-05
-2.56232e-05
6.34746e-05
2.77532e-05
-3.06293e-05
6.06711e-05
3.26921e-05
-3.5416e-05
6.83148e-05
3.66782e-05
-3.9242e-05
8.67903e-05
3.91411e-05
-4.2157e-05
4.11277e-05
0.000111344
-4.58479e-05
-8.96555e-05
0.000114881
3.5566e-05
-7.13993e-05
3.49566e-05
-6.44759e-05
3.30335e-05
-6.81938e-05
2.98055e-05
-7.82994e-05
2.52103e-05
-8.83849e-05
2.0819e-05
-9.43812e-05
1.74181e-05
-9.61469e-05
1.65652e-05
-9.34517e-05
1.58648e-05
-8.79247e-05
1.60777e-05
-8.15669e-05
1.67083e-05
-7.61833e-05
1.63737e-05
-7.37846e-05
1.50844e-05
-7.5203e-05
1.24492e-05
-7.87257e-05
9.7522e-06
-8.52801e-05
9.1017e-06
-6.87286e-05
1.62127e-05
-3.72775e-05
-6.98323e-05
9.76302e-06
-6.34719e-05
5.0692e-06
-6.00139e-05
1.07356e-06
5.21823e-07
-5.9243e-05
-1.5925e-06
-5.62738e-05
-3.49008e-07
-5.4138e-05
7.77912e-07
-5.29032e-05
8.65303e-07
-5.1828e-05
-2.68031e-07
-5.10116e-05
-1.97176e-06
4.45177e-05
-5.12021e-05
0.000142255
3.59641e-05
0.000148813
5.42451e-05
-2.51354e-06
-5.13061e-05
5.50352e-05
2.81076e-06
5.61523e-05
4.29436e-06
5.81409e-05
4.71532e-06
6.20527e-05
3.55583e-06
6.67503e-05
9.46526e-07
6.62413e-05
-3.89893e-06
6.66155e-05
-7.68145e-06
7.07881e-05
-1.05157e-05
6.91967e-05
-1.69187e-05
6.83144e-05
-2.20202e-05
7.06544e-05
-2.45223e-05
7.6334e-05
-2.47554e-05
8.38797e-05
-2.36516e-05
9.0934e-05
-2.18026e-05
9.48625e-05
-2.01976e-05
9.51655e-05
-2.00351e-05
9.05507e-05
-2.10984e-05
8.08709e-05
-2.40643e-05
6.85222e-05
-2.83842e-05
5.87736e-05
-3.311e-05
5.68842e-05
-3.71484e-05
6.50286e-05
-4.05196e-05
8.25519e-05
-4.38491e-05
0.000104304
-4.89122e-05
-5.76571e-06
-4.58287e-05
6.62383e-06
-5.70159e-05
0.0001318
-9.34258e-06
-4.2193e-05
-4.88513e-05
-5.41232e-06
-0.000116287
0.000151468
2.6081e-05
-9.05746e-05
2.88491e-05
-7.28903e-05
2.98556e-05
-6.76414e-05
2.96647e-05
-7.21609e-05
2.71192e-05
-8.20398e-05
2.32183e-05
-9.10402e-05
1.95188e-05
-9.62337e-05
1.68083e-05
-9.61553e-05
1.5076e-05
-9.28611e-05
1.39974e-05
-8.75466e-05
1.34899e-05
-8.15817e-05
1.24893e-05
-7.74392e-05
1.08342e-05
-7.67105e-05
8.4303e-06
-7.89585e-05
5.59612e-06
-8.22141e-05
3.56152e-06
-8.45892e-05
3.49028e-06
-7.73615e-05
5.61016e-06
-7.12252e-05
4.95515e-06
-6.54195e-05
4.24364e-06
-6.04678e-05
2.83308e-06
-5.75177e-05
2.49891e-06
-5.52282e-05
3.3951e-06
-5.37166e-05
3.95573e-06
-5.34842e-05
3.49546e-06
-5.32335e-05
1.27243e-06
-5.21051e-05
-1.53913e-06
-2.51016e-05
4.30805e-05
-4.02937e-05
1.66627e-05
-3.32901e-05
-8.84581e-06
2.80902e-05
-2.24741e-05
-2.14116e-05
2.65079e-05
1.98212e-05
2.53299e-05
6.02533e-05
6.42785e-06
-1.12258e-05
-5.28867e-05
5.5999e-05
2.8394e-06
5.56642e-05
3.19225e-06
5.58321e-05
3.93343e-06
5.71852e-05
3.14798e-06
5.95226e-05
9.09217e-07
6.21535e-05
-2.88532e-06
6.30444e-05
-7.69533e-06
6.30284e-05
-1.21852e-05
6.38784e-05
-1.63026e-05
6.40815e-05
-2.06729e-05
6.56333e-05
-2.38227e-05
7.0171e-05
-2.4949e-05
7.73738e-05
-2.44719e-05
8.52913e-05
-2.2968e-05
9.20059e-05
-2.15025e-05
9.48467e-05
-2.0633e-05
9.36565e-05
-2.10153e-05
8.74914e-05
-2.28871e-05
7.64799e-05
-2.62436e-05
6.394e-05
-3.04709e-05
5.47463e-05
-3.4216e-05
5.34125e-05
-3.73228e-05
6.10789e-05
-4.04651e-05
7.65239e-05
-4.45222e-05
9.52621e-05
-5.09758e-05
0.00011813
-6.07795e-05
6.83407e-05
0.000143037
-7.43401e-05
6.01015e-05
0.000160331
5.00654e-05
0.000174928
3.80936e-05
0.000185258
-2.63419e-05
2.62218e-05
-3.3659e-05
0.000190148
2.46123e-05
-3.94259e-05
-2.883e-05
4.18277e-05
-3.13322e-05
3.80269e-05
2.46747e-05
-3.28557e-05
-1.10152e-05
-4.49626e-05
3.90966e-05
-3.02851e-05
3.63621e-05
-4.61864e-05
2.97144e-05
2.99439e-05
-2.92682e-05
-5.47263e-05
4.30797e-07
1.16706e-05
-5.08081e-05
-4.69958e-06
8.45438e-05
-9.10621e-05
0.000167735
7.33236e-05
0.000188606
5.91125e-05
0.000206569
4.20637e-05
0.000220598
2.33052e-05
0.000227572
-0.000189693
3.78446e-06
0.000228333
-0.000149146
9.78038e-06
-0.000114816
1.67079e-05
-8.89317e-05
2.16035e-05
-7.31946e-05
2.54708e-05
-6.95193e-05
2.65316e-05
-7.54067e-05
2.49483e-05
-8.51996e-05
2.13966e-05
-9.32221e-05
1.82057e-05
-9.71656e-05
1.57107e-05
-9.67791e-05
1.34584e-05
-9.33668e-05
1.157e-05
-8.79354e-05
9.69323e-06
-8.26993e-05
7.46339e-06
-7.95663e-05
4.64707e-06
-7.95762e-05
1.41107e-06
-8.15144e-05
-1.16466e-06
-8.37068e-05
-2.78274e-06
-8.35569e-05
-2.51671e-06
-7.85689e-05
-4.95311e-07
-7.2113e-05
1.93001e-06
-6.45606e-05
3.10553e-06
-5.91035e-05
4.96007e-06
-5.59086e-05
6.23793e-06
-5.40941e-05
7.01217e-06
-5.38437e-05
7.38577e-06
-5.44529e-05
6.09316e-06
-5.50797e-05
3.26738e-06
-6.23381e-07
-5.43721e-05
5.39572e-06
-4.38313e-06
-4.64419e-05
4.99207e-05
5.25435e-05
-4.06562e-05
3.77387e-05
-4.51663e-05
2.86306e-05
-2.6085e-05
2.98923e-05
3.52641e-05
6.20123e-06
2.4832e-06
3.90374e-05
8.52516e-06
-1.00234e-05
4.32146e-05
8.15375e-06
4.74165e-05
7.23342e-06
-6.66422e-06
5.13351e-05
6.2052e-06
5.51205e-05
5.76088e-06
-5.74857e-06
5.81263e-05
5.44508e-06
5.70241e-05
4.16066e-06
5.57181e-05
3.31091e-06
5.4917e-05
2.86353e-06
5.51045e-05
7.97647e-07
5.60889e-05
-2.38362e-06
5.74606e-05
-7.10327e-06
5.81076e-05
-1.19414e-05
5.85366e-05
-1.65688e-05
5.93855e-05
-2.02999e-05
6.09651e-05
-2.30024e-05
6.44125e-05
-2.42634e-05
7.03868e-05
-2.41266e-05
7.8362e-05
-2.32111e-05
8.62225e-05
-2.14499e-05
9.21969e-05
-2.07342e-05
9.35535e-05
-2.06572e-05
9.1443e-05
-2.17928e-05
8.38717e-05
-2.41348e-05
7.25185e-05
-2.77221e-05
6.01293e-05
-3.09502e-05
5.15883e-05
-3.36245e-05
5.02298e-05
-3.61557e-05
5.6464e-05
-3.92279e-05
6.88161e-05
-4.39761e-05
8.43223e-05
-5.17696e-05
0.000103721
-6.2532e-05
0.000125221
-7.64929e-05
-9.29955e-05
0.0001479
-1.26211e-05
1.4325e-05
-9.76557e-06
6.07964e-06
-3.17719e-05
3.00133e-05
6.13114e-06
-1.16285e-05
-2.01342e-06
5.89284e-06
-8.95394e-06
3.54464e-05
7.77944e-06
-2.81327e-05
5.24243e-05
2.8004e-05
-4.54574e-05
-3.18122e-05
-3.94936e-05
-2.23802e-05
-9.46099e-06
-4.96234e-05
-4.49622e-05
-5.55955e-06
5.02266e-05
-0.000181873
0.00022161
-1.51773e-05
-0.000142847
-2.34046e-06
-0.00010903
7.72396e-06
-8.50951e-05
1.63934e-05
-7.15509e-05
2.1763e-05
-7.04666e-05
2.3826e-05
-7.81237e-05
2.24953e-05
-8.83957e-05
1.90122e-05
-9.58551e-05
1.57459e-05
-9.89228e-05
1.27666e-05
-9.81842e-05
1.01686e-05
-9.4677e-05
7.73349e-06
-8.94976e-05
4.99186e-06
-8.48977e-05
2.26021e-06
-8.23103e-05
-1.18187e-06
-8.23728e-05
-4.52199e-06
-8.3079e-05
-6.95771e-06
-8.38479e-05
-7.93978e-06
-8.18959e-05
-7.0247e-06
-7.66482e-05
-3.98138e-06
-6.9461e-05
2.18371e-07
-6.20911e-05
3.16834e-06
-5.69208e-05
7.33505e-06
-5.4311e-05
9.52033e-06
-5.35746e-05
1.03894e-05
-5.45209e-05
1.03103e-05
-5.60146e-05
8.36114e-06
-5.66711e-05
4.78871e-06
-5.66095e-05
1.14998e-06
-3.66363e-06
-5.29899e-05
-3.42341e-05
-3.28408e-05
3.62261e-05
-1.49387e-06
-3.66755e-05
3.00064e-05
6.24116e-06
3.52914e-05
8.69723e-06
-3.70016e-05
3.82718e-05
8.14518e-06
4.26269e-05
7.96704e-06
4.73763e-05
7.45587e-06
5.20012e-05
6.3284e-06
5.56921e-05
5.65792e-06
5.75182e-05
5.04904e-06
5.68371e-05
4.07039e-06
5.47245e-05
2.85488e-06
5.29732e-05
1.01595e-06
5.17431e-05
-1.85492e-06
5.18021e-05
-6.23601e-06
5.24225e-05
-1.13032e-05
5.33386e-05
-1.61424e-05
5.454e-05
-2.02482e-05
5.63909e-05
-2.29217e-05
5.94799e-05
-2.40672e-05
6.45731e-05
-2.38718e-05
7.15745e-05
-2.27051e-05
7.93038e-05
-2.10532e-05
8.68171e-05
-1.97806e-05
9.13275e-05
-1.94466e-05
9.17505e-05
-2.03588e-05
8.86335e-05
-2.20452e-05
8.06627e-05
-2.49737e-05
6.90874e-05
-2.76441e-05
5.73828e-05
-2.98122e-05
4.92279e-05
-3.17105e-05
4.70085e-05
-3.36199e-05
5.08286e-05
-3.6685e-05
5.98493e-05
-4.21761e-05
7.24349e-05
-5.07136e-05
8.86232e-05
-6.14098e-05
0.000107876
-7.48828e-05
0.000128324
-9.01403e-05
0.000111166
-0.000106885
0.00014851
0.000110642
0.000169483
0.000103629
0.000190708
8.99025e-05
0.000213221
7.02633e-05
0.000233502
4.87741e-05
0.0002475
2.45731e-05
0.000256407
-1.28719e-06
0.000259486
0.000254946
-2.64497e-05
-1.43838e-08
4.66071e-07
2.82316e-06
-5.89945e-06
4.31052e-06
-1.67215e-05
1.73235e-05
-6.41569e-06
4.95818e-06
-5.63715e-06
6.71264e-06
-4.90409e-05
-2.37514e-05
4.26015e-05
3.71407e-05
-4.09095e-05
-3.57769e-06
6.60245e-06
-3.41043e-07
-5.44176e-05
-2.8096e-06
-7.13262e-06
-5.20211e-05
-3.1212e-05
-3.66245e-05
3.31606e-05
-4.0012e-05
-2.3208e-05
1.3377e-05
-4.68485e-05
3.5813e-05
-4.24945e-05
5.61688e-05
2.84549e-05
3.2098e-05
3.36963e-05
-3.28695e-05
8.82914e-06
3.62723e-05
8.40767e-06
4.12098e-05
7.46272e-06
4.68332e-05
6.92223e-06
5.19879e-05
5.81914e-06
5.56178e-05
5.06536e-06
5.68985e-05
4.34094e-06
5.57875e-05
3.21062e-06
5.30256e-05
1.53049e-06
4.9846e-05
-1.12051e-06
4.76846e-05
-4.95399e-06
4.68153e-05
-9.90106e-06
4.73824e-05
-1.52441e-05
4.90096e-05
-1.97717e-05
5.15269e-05
-2.3012e-05
5.49725e-05
-2.44607e-05
5.95668e-05
-2.41608e-05
6.55583e-05
-2.27093e-05
7.24927e-05
-2.06251e-05
7.97866e-05
-1.88208e-05
8.61107e-05
-1.79196e-05
8.96126e-05
-1.82409e-05
8.93856e-05
-1.96219e-05
8.5947e-05
-2.20573e-05
7.75587e-05
-2.4471e-05
6.65202e-05
-2.62119e-05
5.56434e-05
-2.76774e-05
4.72516e-05
-2.85458e-05
4.32756e-05
-2.98978e-05
4.45763e-05
-3.31305e-05
5.06624e-05
-3.89738e-05
6.03518e-05
-4.72536e-05
7.39243e-05
-5.78446e-05
9.16021e-05
-7.06834e-05
0.000111248
-8.50005e-05
0.000130597
-0.000100048
0.0001245
-0.00011529
0.000147794
0.000130938
0.000166236
0.000132297
0.000187093
0.000123089
0.000210103
0.000106101
0.000229873
8.36051e-05
0.000246256
5.63496e-05
0.000258552
2.5605e-05
0.00026761
-5.5661e-06
0.000270868
-3.61213e-05
0.000270374
-0.000242823
0.000263734
-6.27886e-05
-0.000208228
-4.71671e-05
-0.000169071
-2.95371e-05
-0.00013089
-1.19377e-05
-0.000100759
2.4601e-06
-7.83851e-05
1.25676e-05
-6.87904e-05
1.906e-05
-7.11543e-05
2.07652e-05
-8.07262e-05
1.84541e-05
-9.14475e-05
1.45131e-05
-9.83381e-05
1.04269e-05
-0.000101134
7.22026e-06
-0.000100151
4.40397e-06
-9.67307e-05
2.20459e-06
-9.20641e-05
-2.32432e-07
-8.75652e-05
-2.61359e-06
-8.51107e-05
-5.79844e-06
-8.42265e-05
-8.44727e-06
-8.39662e-05
-1.05442e-05
-8.274e-05
-1.09227e-05
-7.90726e-05
-9.03964e-06
-7.29105e-05
-5.07907e-06
-6.56598e-05
3.5421e-07
-5.87924e-05
4.40476e-06
-5.45421e-05
9.56795e-06
-5.2629e-05
1.19993e-05
-5.34269e-05
1.29695e-05
-5.56628e-05
1.23386e-05
-5.78427e-05
9.98763e-06
-5.90139e-05
6.51125e-06
2.23235e-06
-5.77488e-05
-3.79574e-05
-3.31509e-05
3.80534e-05
-5.58539e-06
-5.19465e-05
-5.44198e-05
-6.53975e-06
1.31405e-05
-3.61203e-06
-3.13978e-05
-3.99574e-05
4.37068e-05
-4.11309e-05
-2.60052e-05
3.99208e-05
-2.08911e-05
-1.65241e-05
3.27536e-05
-2.94174e-05
-9.43396e-07
2.64817e-05
9.18169e-06
-4.5925e-06
3.00566e-05
8.9766e-06
-3.03618e-05
3.05269e-05
9.43644e-06
3.38832e-05
8.18926e-06
3.93445e-05
6.80217e-06
4.57906e-05
5.67008e-06
5.13967e-05
4.70045e-06
5.4957e-05
3.8068e-06
5.57204e-05
3.18894e-06
5.39829e-05
1.728e-06
5.01784e-05
-3.15281e-07
4.57987e-05
-3.57046e-06
4.2656e-05
-8.03258e-06
4.14311e-05
-1.32354e-05
4.24951e-05
-1.84688e-05
4.53218e-05
-2.24924e-05
4.96395e-05
-2.47946e-05
5.48083e-05
-2.49727e-05
6.05829e-05
-2.33559e-05
6.69239e-05
-2.10009e-05
7.34582e-05
-1.84122e-05
7.97942e-05
-1.66346e-05
8.48667e-05
-1.60747e-05
8.7242e-05
-1.68777e-05
8.68982e-05
-1.86537e-05
8.28377e-05
-2.10034e-05
7.48952e-05
-2.28502e-05
6.51267e-05
-2.42165e-05
5.45244e-05
-2.4555e-05
4.50984e-05
-2.44834e-05
3.92311e-05
-2.56012e-05
3.8075e-05
-2.88664e-05
4.13228e-05
-3.43537e-05
4.8949e-05
-4.23658e-05
6.03564e-05
-5.25311e-05
7.61799e-05
-6.45856e-05
9.54922e-05
-7.87731e-05
0.000115851
-9.33253e-05
0.000134411
-0.000106737
0.000129527
0.000148204
-0.000116934
0.000143048
0.000159539
0.000152107
0.000178223
0.000152818
0.000198735
0.00014368
0.000217999
0.000122898
0.000233045
9.58127e-05
0.000243791
6.38075e-05
0.000255203
2.94896e-05
0.000263601
-7.16219e-06
0.000268324
-4.13418e-05
0.000267179
-7.18148e-05
0.000263098
-0.000252491
0.000261213
-9.75395e-05
-0.000225611
-8.31406e-05
-0.000189055
-6.17303e-05
-0.000150224
-3.83721e-05
-0.000114977
-1.66924e-05
-8.83754e-05
3.73668e-07
-7.06488e-05
1.10407e-05
-6.61942e-05
1.64691e-05
-7.26328e-05
1.59697e-05
-8.42413e-05
1.13202e-05
-9.45239e-05
5.58444e-06
-0.000101058
9.36206e-07
-0.000103365
-1.85649e-06
-0.000102179
-3.56929e-06
-9.84703e-05
-4.3836e-06
-9.39683e-05
-5.32489e-06
-8.98757e-05
-6.71602e-06
-8.75232e-05
-8.33883e-06
-8.56858e-05
-1.03089e-05
-8.3932e-05
-1.15007e-05
-8.06574e-05
-1.10085e-05
-7.51644e-05
-8.3411e-06
-6.79879e-05
-3.74463e-06
-6.0234e-05
1.81012e-06
-5.46621e-05
6.80393e-06
-5.13415e-05
1.1416e-05
-5.12555e-05
1.39029e-05
-5.36315e-05
1.41699e-05
-5.69687e-05
1.31017e-05
-5.94344e-05
1.06587e-05
-5.99607e-05
7.44953e-06
3.78745e-06
-5.86258e-05
-5.49507e-05
-1.68123e-06
-3.70903e-05
-3.75235e-05
-3.22038e-05
-4.20696e-05
4.12948e-05
3.55733e-06
-1.59545e-05
5.39907e-06
5.10873e-06
-5.09268e-05
-4.57334e-06
-3.42388e-05
-4.79213e-06
7.03487e-07
-3.9197e-05
-1.25243e-05
-4.03897e-05
-1.99024e-05
-2.78405e-07
-1.61896e-05
-3.45998e-05
-1.65388e-05
-3.19634e-05
2.72764e-06
-4.84645e-05
-5.43566e-06
-3.28693e-05
-3.92021e-05
-3.7497e-05
-2.80917e-05
0.000141962
-0.00012255
0.000153807
0.000160221
0.000163018
0.000171302
0.000180784
0.00016983
0.000200341
0.000155573
0.000216542
0.000133628
0.000228066
0.000104413
0.000236254
7.01268e-05
0.000244451
3.13865e-05
0.000253924
-8.13433e-06
0.000261155
-4.49637e-05
0.000262089
-7.48927e-05
0.000257338
-9.88466e-05
0.000255145
-0.000258986
-0.000122353
0.0002644
-0.000236384
-0.000117851
-0.000202556
-9.66734e-05
-0.000164112
-6.93606e-05
-0.000127082
-4.09882e-05
-9.61906e-05
-1.64916e-05
-7.43242e-05
8.01168e-07
-6.37248e-05
1.03002e-05
-6.54974e-05
1.18457e-05
-7.61957e-05
6.55072e-06
-8.8914e-05
-9.82971e-07
-9.84438e-05
-7.21996e-06
-0.000103206
-1.11088e-05
-0.000104263
-1.26472e-05
-0.00010228
-1.26735e-05
-9.83816e-05
-1.16593e-05
-9.42854e-05
-1.03403e-05
-9.09664e-05
-9.69349e-06
-8.82856e-05
-9.64829e-06
-8.59859e-05
-9.91329e-06
-8.27336e-05
-9.80948e-06
-7.74933e-05
-8.20775e-06
-7.03929e-05
-4.94069e-06
-6.21092e-05
-7.90437e-08
-5.45791e-05
4.97602e-06
-4.96531e-05
9.33155e-06
-4.81954e-05
1.34747e-05
-4.98653e-05
1.45221e-05
-5.41128e-05
1.41782e-05
-5.8092e-05
1.23414e-05
-6.03937e-05
1.0208e-05
-6.05836e-05
7.88582e-06
5.59096e-06
-5.87563e-05
-1.2289e-07
-5.50784e-05
3.1313e-05
-2.21968e-05
-3.363e-05
-3.51959e-05
-4.14468e-05
1.7513e-05
5.04029e-06
-2.03616e-06
-1.63493e-05
-5.36348e-05
1.86291e-05
5.10177e-05
-1.41863e-05
2.61325e-05
1.00017e-05
-2.53818e-05
3.05656e-05
7.30682e-06
3.71422e-05
5.35599e-06
4.41863e-05
3.96719e-06
5.01352e-05
3.04242e-06
5.35374e-05
2.04936e-06
5.39481e-05
1.41248e-06
5.13352e-05
-1.58475e-07
4.6393e-05
-2.47096e-06
4.08419e-05
-6.08104e-06
3.6901e-05
-1.07854e-05
3.57906e-05
-1.60108e-05
3.78889e-05
-2.08059e-05
4.24636e-05
-2.41303e-05
4.87168e-05
-2.53854e-05
5.55475e-05
-2.44584e-05
6.23277e-05
-2.19789e-05
6.84956e-05
-1.88732e-05
7.42259e-05
-1.61458e-05
7.92635e-05
-1.44358e-05
8.2906e-05
-1.41427e-05
8.42895e-05
-1.52176e-05
8.36052e-05
-1.70412e-05
7.97612e-05
-1.92896e-05
7.32157e-05
-2.08965e-05
6.39906e-05
-2.12743e-05
5.33413e-05
-2.09517e-05
4.28489e-05
-2.03198e-05
3.50187e-05
-2.11722e-05
3.13272e-05
-2.39332e-05
3.23054e-05
-2.9008e-05
3.75039e-05
-3.63509e-05
4.67295e-05
-4.58891e-05
6.11984e-05
-5.79082e-05
8.05439e-05
-7.24421e-05
0.000102696
-8.79465e-05
0.000124944
-0.000102161
0.000144094
-0.000110937
0.000156031
-0.000111067
-3.00174e-05
-4.57047e-05
4.40712e-05
-4.25096e-05
-3.66844e-05
2.01245e-05
2.34918e-06
-6.03563e-06
-1.71592e-05
-3.87296e-05
-5.80907e-06
-2.60268e-05
-4.56846e-05
-5.23974e-06
-0.000250591
0.000276574
-0.000144121
-0.000213773
-0.000133173
-0.000172692
-0.00010495
-0.000133902
-7.05043e-05
-0.000100482
-3.83711e-05
-7.61557e-05
-1.35287e-05
-6.18866e-05
1.45751e-06
-6.01752e-05
6.15869e-06
-6.92205e-05
1.3832e-06
-8.23489e-05
-7.24774e-06
-9.38215e-05
-1.57308e-05
-0.000100878
-2.16445e-05
-0.000103563
-2.42366e-05
-0.000102712
-2.43169e-05
-9.97444e-05
-2.21233e-05
-9.59089e-05
-1.8822e-05
-9.21948e-05
-1.52625e-05
-8.94039e-05
-1.22104e-05
-8.72503e-05
-9.90354e-06
-8.43904e-05
-8.09478e-06
-7.98612e-05
-6.04839e-06
-7.31864e-05
-3.08325e-06
-6.46026e-05
8.69546e-07
-5.58844e-05
5.22855e-06
-4.899e-05
9.48011e-06
-4.54163e-05
1.27213e-05
-4.53439e-05
1.46792e-05
-4.90178e-05
1.41408e-05
-5.43154e-05
1.27537e-05
-5.86404e-05
1.04597e-05
-6.03854e-05
8.55811e-06
-5.97539e-05
7.42708e-06
-5.71418e-05
7.30016e-06
2.45857e-06
-5.47631e-05
2.64708e-05
-1.99632e-05
2.69746e-05
-4.25048e-05
-3.09324e-05
0.000118824
-9.28687e-05
0.000152268
0.000151214
0.000143795
0.000177897
0.000151585
0.000189665
0.00017117
0.000184666
0.000194422
0.000166743
0.00021182
0.000139576
0.000216068
0.000111031
0.000211371
7.64287e-05
0.000218561
3.84096e-05
0.000233009
-4.26037e-06
0.000250058
-4.48805e-05
0.000253751
-7.42758e-05
0.00024223
-8.9103e-05
0.000233656
-0.000103178
0.000255003
-0.00012296
0.000287277
3.7051e-05
-1.97027e-05
-3.79997e-05
3.68453e-05
-2.54984e-05
3.47554e-05
-1.68808e-05
3.15521e-05
-9.62514e-06
-4.07212e-06
-2.74844e-05
2.79981e-05
3.06771e-05
-8.71827e-06
-4.13161e-05
1.16355e-05
-1.20269e-05
2.78461e-06
-3.83069e-06
-1.40635e-06
-2.5134e-05
2.88342e-05
2.06888e-05
7.75145e-06
-1.66881e-05
2.67165e-05
5.33177e-06
3.4318e-05
3.30292e-06
4.20248e-05
1.86131e-06
4.83177e-05
8.95154e-07
5.138e-05
1.11189e-07
5.14423e-05
-8.12124e-07
4.78786e-05
-2.32514e-06
4.16967e-05
-4.76353e-06
3.50757e-05
-8.43192e-06
3.0664e-05
-1.30274e-05
2.99105e-05
-1.78864e-05
3.33876e-05
-2.20796e-05
3.9991e-05
-2.45823e-05
4.83587e-05
-2.4879e-05
5.67179e-05
-2.30693e-05
6.39259e-05
-1.99724e-05
6.97468e-05
-1.65922e-05
7.4422e-05
-1.38222e-05
7.80356e-05
-1.22135e-05
8.02519e-05
-1.20404e-05
8.07918e-05
-1.31229e-05
7.98418e-05
-1.49126e-05
7.65757e-05
-1.70201e-05
7.10069e-05
-1.82737e-05
6.2841e-05
-1.82889e-05
5.20257e-05
-1.74483e-05
4.03528e-05
-1.65223e-05
3.0371e-05
-1.66982e-05
2.4531e-05
-1.87866e-05
2.32132e-05
-2.30182e-05
2.58634e-05
-2.95049e-05
3.28813e-05
-3.86232e-05
4.5217e-05
-5.06939e-05
6.3903e-05
-6.65918e-05
8.77797e-05
-8.50982e-05
0.000114954
-0.000103367
0.000142017
-0.000114948
0.000163425
-0.000112609
0.000173281
-8.4625e-05
-6.42211e-06
2.50506e-05
1.4446e-06
-4.34276e-06
-4.90346e-05
-2.43063e-05
1.37706e-05
-2.64379e-05
-4.89027e-05
4.61371e-05
-4.05829e-05
-4.24738e-05
-3.39435e-05
-4.77077e-05
-1.9602e-05
-4.33719e-06
2.53369e-05
-2.79624e-06
-1.26719e-05
1.10993e-06
3.43777e-05
-3.46965e-06
-4.26909e-05
1.0059e-05
-5.64472e-05
3.38308e-05
2.45983e-05
-2.45734e-05
-3.55795e-06
-7.27699e-06
7.28969e-06
7.90861e-06
-1.19312e-05
2.03416e-06
5.52615e-06
-7.00005e-06
-1.48353e-05
2.63651e-06
1.83771e-05
-0.000277864
0.000310566
-0.000141948
-0.000230613
-0.000163283
-0.000179785
-0.000145809
-0.000134381
-0.00010865
-9.78552e-05
-6.82711e-05
-7.23087e-05
-3.41931e-05
-5.66855e-05
-1.10968e-05
-5.38764e-05
-1.18556e-06
-6.19955e-05
-2.81683e-06
-7.54714e-05
-1.17492e-05
-8.84913e-05
-2.24826e-05
-9.72606e-05
-3.08496e-05
-0.000101275
-3.53419e-05
-0.000101324
-3.64705e-05
-9.84546e-05
-3.47903e-05
-9.40714e-05
-3.07298e-05
-9.00176e-05
-2.53697e-05
-8.69803e-05
-1.97001e-05
-8.49118e-05
-1.45014e-05
-8.3268e-05
-9.92494e-06
-8.01999e-05
-5.52917e-06
-7.47922e-05
-1.0738e-06
-6.70884e-05
3.58355e-06
-5.8231e-05
8.01327e-06
-4.97616e-05
1.19319e-05
-4.37773e-05
1.47729e-05
-4.14608e-05
1.60292e-05
-4.35424e-05
1.55267e-05
-4.86654e-05
1.27502e-05
-5.42705e-05
1.01612e-05
-5.8243e-05
7.69242e-06
-5.96157e-05
6.32007e-06
-5.80056e-05
6.23597e-06
-5.31692e-05
6.97838e-06
9.46399e-06
-4.49248e-05
3.43822e-05
-1.54409e-05
-2.55846e-05
2.08644e-05
-1.97463e-05
4.0087e-05
-2.58952e-05
-3.22776e-05
7.76274e-05
-4.77341e-05
0.000158371
0.000116574
0.000130329
0.000153986
0.000119591
0.000180759
0.000126988
0.000191055
0.000151052
0.000184987
0.000180673
0.000161001
0.000199907
0.000127949
0.000199338
0.000105135
0.000177904
7.71152e-05
0.000196118
4.2889e-05
0.000228487
-6.73254e-06
0.000263885
-5.36864e-05
0.000264036
-7.61832e-05
0.000227988
-6.12723e-05
0.000182175
-5.90378e-05
0.000222411
-6.71712e-05
0.000281193
-8.04229e-05
0.00032695
-2.91197e-05
2.92027e-05
-2.11124e-05
2.74304e-05
-1.27104e-05
2.50466e-05
-6.42056e-06
2.20951e-05
-1.76116e-06
4.80516e-07
1.88041e-05
-1.81105e-05
1.9339e-05
5.12476e-05
-4.24876e-05
1.13179e-05
7.59986e-06
-8.72927e-06
-1.00624e-05
1.59337e-05
5.50394e-06
2.27959e-05
3.19938e-06
3.10801e-05
1.14688e-06
3.9312e-05
-3.33422e-07
4.57192e-05
-1.32714e-06
4.87112e-05
-2.1361e-06
4.80735e-05
-3.10062e-06
4.34752e-05
-4.54441e-06
3.60828e-05
-6.92464e-06
2.85443e-05
-1.03706e-05
2.389e-05
-1.45207e-05
2.38002e-05
-1.87483e-05
2.88402e-05
-2.22005e-05
3.76223e-05
-2.38929e-05
4.79722e-05
-2.33536e-05
5.7515e-05
-2.09537e-05
6.4926e-05
-1.75777e-05
7.01324e-05
-1.41641e-05
7.36514e-05
-1.14541e-05
7.58472e-05
-9.93401e-06
7.67341e-05
-9.77738e-06
7.66144e-05
-1.06831e-05
7.54086e-05
-1.24106e-05
7.2825e-05
-1.42707e-05
6.83559e-05
-1.53671e-05
6.09127e-05
-1.53531e-05
5.00993e-05
-1.44242e-05
3.72634e-05
-1.31624e-05
2.54559e-05
-1.25663e-05
1.74297e-05
-1.34516e-05
1.37145e-05
-1.64657e-05
1.39501e-05
-2.22026e-05
1.78323e-05
-3.07633e-05
2.64439e-05
-4.31737e-05
4.23154e-05
-6.14809e-05
6.67345e-05
-8.53921e-05
9.84761e-05
-0.00011137
0.000134793
-0.000130809
0.000169538
-0.000131927
0.000193711
-9.74521e-05
0.000191968
-3.73426e-05
3.74522e-05
-1.63157e-05
-3.92408e-05
-3.95333e-06
-4.74385e-05
4.14469e-05
-2.39029e-05
-4.27093e-05
3.98072e-05
-1.43976e-05
1.89184e-05
-4.56998e-05
-1.80543e-05
2.23021e-05
-2.19231e-05
-4.92852e-05
-4.3612e-05
-4.30831e-06
-4.57334e-05
-5.16107e-05
-3.03627e-05
-3.94096e-05
-4.94986e-05
-5.88987e-06
4.47515e-06
-6.31245e-06
2.61461e-06
8.43282e-06
-1.46181e-06
-9.14504e-06
1.98851e-05
-1.37198e-05
2.4682e-05
3.54395e-05
-2.20421e-05
4.10874e-05
-3.19526e-06
-1.10321e-05
3.41966e-05
1.33151e-05
2.03761e-05
-1.54344e-05
-1.11119e-05
-1.07514e-05
2.49164e-05
4.89161e-05
7.84651e-06
5.40799e-05
6.17958e-06
5.6818e-05
4.43618e-06
5.63704e-05
3.66975e-06
5.33826e-05
4.41353e-06
4.82715e-05
6.96473e-06
4.23327e-05
1.08953e-05
3.8888e-05
1.52837e-05
3.93304e-05
1.8747e-05
4.37319e-05
2.00147e-05
5.10798e-05
1.87861e-05
5.94394e-05
1.52958e-05
6.68959e-05
1.0161e-05
7.2432e-05
3.94813e-06
7.56796e-05
-2.86784e-06
7.69641e-05
-9.83167e-06
7.84648e-05
-1.66462e-05
8.09865e-05
-2.34573e-05
8.53075e-05
-3.03599e-05
9.09205e-05
-3.68521e-05
9.60765e-05
-4.21978e-05
9.89539e-05
-4.55701e-05
9.82329e-05
-4.59817e-05
9.28095e-05
-4.30836e-05
8.19065e-05
-3.64064e-05
6.66277e-05
-2.61973e-05
5.11136e-05
-1.48914e-05
4.17467e-05
-8.03766e-06
4.36372e-05
-1.1675e-05
5.87186e-05
-3.02217e-05
8.7055e-05
-6.58356e-05
0.000131789
-0.000112366
0.000191871
-0.000157438
0.000257372
-0.000181532
0.0003129
-0.000160164
0.000351315
-9.47719e-05
-6.8857e-06
3.0217e-05
1.88003e-06
-4.51174e-05
9.43908e-05
0.000152598
2.38379e-05
0.000106142
9.90617e-05
7.09306e-05
0.000164422
6.2681e-05
0.000205322
8.14592e-05
0.000215529
0.000126108
0.000197671
0.000169521
0.000154246
0.000200892
0.000109225
0.000199333
0.000112363
0.000136817
9.95901e-05
0.000188665
6.44325e-05
0.00026272
-1.78664e-06
0.000329745
-6.07374e-05
0.000316482
-7.9263e-05
0.000234127
-3.20668e-05
0.000115256
-1.49281e-05
0.000183317
3.08383e-07
0.000249882
1.65631e-05
0.000307085
3.31879e-05
0.00034537
3.58882e-05
-1.19325e-05
-6.77899e-06
-4.41504e-05
-1.0826e-05
3.69692e-05
1.55552e-05
7.23054e-06
2.13421e-05
-1.38137e-05
-1.63974e-05
4.6646e-07
-1.41911e-05
-5.68176e-06
-1.20809e-05
-1.10874e-05
-1.08173e-05
1.4248e-05
-1.59894e-05
-9.9074e-06
1.87092e-05
-1.55524e-05
2.32357e-05
-1.47745e-05
1.02502e-05
-1.19425e-05
2.57469e-05
2.15467e-05
-1.22093e-06
-3.54446e-06
3.20332e-05
-2.74544e-05
-1.10823e-06
-6.77794e-06
-1.55001e-06
1.28164e-05
-1.29842e-05
-3.73542e-05
3.48114e-05
1.4292e-05
-1.63739e-05
-3.96775e-05
-9.40311e-06
3.66018e-05
-4.31069e-05
-1.32079e-05
-1.69897e-05
-4.71461e-05
-2.90296e-06
-3.84076e-05
3.58665e-05
-1.19084e-05
-3.85401e-05
7.82522e-06
-9.77488e-06
1.83543e-05
-1.32264e-05
1.70766e-05
-7.65038e-06
1.56676e-05
-3.03471e-06
1.40494e-05
3.05835e-07
2.27253e-06
1.13506e-05
-9.58814e-07
8.13086e-06
9.39371e-06
-6.01571e-06
6.05146e-06
2.78541e-06
-3.80278e-06
1.91912e-06
5.36357e-06
-8.9762e-06
4.95349e-07
5.22474e-06
4.87898e-06
1.05479e-05
3.12246e-06
1.80847e-05
1.05734e-06
2.69574e-05
-9.0354e-07
3.55712e-05
-2.40439e-06
4.20563e-05
-3.45119e-06
4.48371e-05
-4.28735e-06
4.35567e-05
-5.18078e-06
3.79764e-05
-6.51592e-06
2.94767e-05
-8.62016e-06
2.1222e-05
-1.16015e-05
1.65095e-05
-1.50545e-05
1.71837e-05
-1.84991e-05
2.38724e-05
-2.12016e-05
3.48005e-05
-2.21656e-05
4.69339e-05
-2.10044e-05
5.73567e-05
-1.83114e-05
6.47421e-05
-1.49495e-05
6.92608e-05
-1.17054e-05
7.16334e-05
-9.12227e-06
7.24795e-05
-7.67089e-06
7.22032e-05
-7.43238e-06
7.13779e-05
-8.13097e-06
6.9956e-05
-9.6457e-06
6.80135e-05
-1.12553e-05
6.45537e-05
-1.24131e-05
5.79064e-05
-1.26459e-05
4.73109e-05
-1.18554e-05
3.37484e-05
-1.02974e-05
2.03729e-05
-8.79443e-06
1.02405e-05
-8.207e-06
3.97283e-06
-9.6671e-06
1.2406e-06
-1.42741e-05
9.08995e-07
-2.21993e-05
4.04918e-06
-3.59422e-05
1.4298e-05
-5.71538e-05
3.49744e-05
-8.71711e-05
6.76185e-05
-0.000124045
0.00011176
-0.000157538
0.000158367
-0.000166925
0.000196289
-0.000130294
0.000207501
-4.85233e-05
0.000183238
0.000118321
1.55933e-05
2.83515e-06
-1.87647e-05
1.2268e-05
-1.31404e-06
1.04952e-05
-5.05437e-06
9.70429e-06
8.08977e-06
7.39823e-06
-1.05789e-05
-7.0565e-06
-3.12758e-06
1.4659e-05
-3.58113e-06
-4.07785e-05
-2.28638e-05
9.3041e-06
2.45634e-05
-1.28015e-05
-3.14451e-06
1.56573e-05
2.21135e-06
2.99328e-05
-6.85083e-06
-2.54126e-05
-5.50878e-05
-3.46489e-05
-4.19643e-05
-2.58881e-05
-5.29617e-05
4.04071e-06
-2.59516e-05
2.27782e-05
3.41222e-05
-7.8914e-06
-3.79601e-05
3.08784e-05
2.87517e-05
-2.96445e-05
-7.23925e-06
5.76696e-06
-5.18853e-06
-2.07448e-05
-1.88876e-05
2.89752e-05
6.09023e-05
-3.24823e-05
-6.50385e-05
2.00121e-05
1.9421e-05
-2.24177e-05
1.78112e-05
-1.56495e-05
-1.89792e-05
-1.16253e-05
-1.9239e-05
-8.04627e-06
-1.988e-05
4.2368e-05
6.5422e-06
4.82281e-05
4.56064e-06
5.19587e-05
2.45937e-06
5.29293e-05
1.06186e-06
5.11103e-05
1.36062e-06
4.72955e-05
3.74257e-06
4.19636e-05
8.4121e-06
3.73495e-05
1.41986e-05
3.55068e-05
2.00682e-05
3.757e-05
2.37566e-05
4.26817e-05
2.43065e-05
4.95084e-05
2.13284e-05
5.60209e-05
1.55545e-05
6.10479e-05
7.79611e-06
6.41657e-05
-9.29938e-07
6.56001e-05
-9.80067e-06
6.70794e-05
-1.81658e-05
6.95295e-05
-2.58943e-05
7.42008e-05
-3.29853e-05
8.08775e-05
-3.94527e-05
8.79323e-05
-4.512e-05
9.36031e-05
-4.95291e-05
9.61713e-05
-5.13541e-05
9.42074e-05
-5.01302e-05
8.64395e-05
-4.55179e-05
7.2054e-05
-3.74341e-05
5.24228e-05
-2.69709e-05
3.24864e-05
-1.76638e-05
1.88742e-05
-1.60952e-05
1.68204e-05
-2.93934e-05
3.16186e-05
-6.24753e-05
6.64191e-05
-0.000114158
0.000123167
-0.000171399
0.000195617
-0.000203583
0.000272267
-0.000187535
0.00033024
-0.000114359
0.000328584
5.77332e-05
-2.20578e-06
4.41818e-06
1.65741e-07
-2.77786e-06
2.49283e-06
-2.57023e-06
1.34741e-07
-2.27408e-06
-2.90794e-06
-2.61793e-06
-6.60192e-06
-3.98509e-06
-1.09853e-05
6.9243e-05
-2.65726e-05
-8.37445e-05
-6.9899e-06
3.4145e-05
-3.85411e-05
4.47478e-05
-5.69695e-06
3.37501e-05
3.96098e-07
2.01425e-05
1.22534e-05
2.83872e-05
-1.40024e-05
-8.12092e-06
3.50724e-05
6.08921e-06
-2.34123e-05
-1.26509e-06
-1.16049e-05
-4.25751e-05
5.26687e-05
-1.68523e-05
1.16835e-05
-4.38263e-05
-6.2712e-06
7.28853e-05
-1.84864e-05
-3.71413e-05
3.49882e-05
-8.97511e-06
1.14099e-05
-1.31236e-05
-1.14653e-05
1.11317e-05
-2.33991e-05
-1.15749e-06
2.65275e-05
-1.62594e-05
-5.69207e-06
-0.000117747
0.000170112
0.000123084
-5.54608e-05
8.53364e-05
1.24676e-05
3.49767e-05
8.27068e-05
-4.78755e-06
0.00014773
-1.36019e-05
0.000185168
2.27835e-05
0.000186126
0.000101552
0.000151685
0.00016762
8.83232e-05
0.000223595
4.46273e-05
0.000218762
0.000128531
3.48929e-05
0.000148924
0.000161894
7.90885e-05
0.000334762
-6.41681e-05
0.000474549
-0.000191913
0.000457613
-0.000212817
0.000287555
-2.54759e-05
-4.92974e-05
0.000130536
5.13096e-06
0.000149486
0.000213767
0.000149871
0.00029335
0.000164027
0.000326468
0.000189378
0.000306998
6.74738e-06
-1.10572e-05
3.25059e-07
-9.43987e-06
-5.70648e-06
-7.47988e-06
-1.13041e-05
-6.53816e-06
-1.6201e-05
-6.08082e-06
-1.99562e-05
-5.20173e-06
-7.16681e-06
-2.05578e-05
-2.64258e-06
-3.70834e-05
-7.4508e-06
3.45933e-05
-7.6394e-06
7.80064e-06
1.97383e-05
-4.90402e-06
-1.48559e-05
1.34025e-06
5.62647e-06
4.6288e-06
2.0631e-05
2.18214e-05
-1.55438e-05
-4.50935e-06
3.89009e-05
-5.80094e-05
-3.7075e-05
1.87043e-05
1.33248e-06
-1.47561e-05
1.04483e-05
-2.0832e-05
-5.16672e-05
3.44805e-05
-7.64409e-07
-3.54859e-05
-1.89058e-06
3.46287e-06
-2.61439e-06
-9.91924e-06
-1.53081e-05
-2.98684e-05
-5.67489e-05
-8.50705e-06
-1.87074e-06
6.98114e-07
8.11352e-06
-7.40107e-06
1.75896e-06
-4.56134e-06
-5.27399e-06
2.31574e-06
-1.5789e-06
2.04135e-06
4.2335e-06
8.55022e-07
1.22546e-05
-8.39277e-07
2.16086e-05
-2.6256e-06
3.05476e-05
-4.0883e-06
3.71008e-05
-5.14623e-06
3.96486e-05
-5.95568e-06
3.77904e-05
-6.75141e-06
3.12479e-05
-7.83871e-06
2.18381e-05
-9.57442e-06
1.31085e-05
-1.1893e-05
8.45745e-06
-1.45022e-05
9.84767e-06
-1.71882e-05
1.81779e-05
-1.92392e-05
3.11219e-05
-1.95296e-05
4.46596e-05
-1.80015e-05
5.56962e-05
-1.53706e-05
6.30138e-05
-1.23146e-05
6.69047e-05
-9.32996e-06
6.82549e-05
-6.97894e-06
6.79254e-05
-5.61738e-06
6.66947e-05
-5.15778e-06
6.50651e-05
-5.67194e-06
6.3451e-05
-6.84135e-06
6.20073e-05
-8.25721e-06
5.93652e-05
-9.53419e-06
5.3632e-05
-1.00705e-05
4.36336e-05
-9.58397e-06
3.00653e-05
-7.92576e-06
1.57483e-05
-5.49418e-06
3.73173e-06
-3.42191e-06
-5.37135e-06
-3.24511e-06
-1.13824e-05
-6.00474e-06
-1.7068e-05
-1.35087e-05
-2.1622e-05
-2.75685e-05
-2.14105e-05
-5.13206e-05
-1.07892e-05
-8.76858e-05
1.4848e-05
-0.000136402
5.77421e-05
-0.000186412
0.000110231
-0.000209908
0.000165048
-0.000183178
0.00019611
-8.57104e-05
0.000193336
0.000111398
0.000191803
0.000161041
5.34356e-06
2.30026e-07
-1.19244e-06
-5.65174e-06
-1.51286e-05
6.36586e-06
9.23434e-06
-3.78144e-06
4.85617e-06
6.96926e-06
2.81678e-05
3.35482e-05
-3.46574e-05
-9.25328e-06
-1.41286e-05
8.89676e-06
-2.44491e-05
3.27417e-05
2.90195e-05
3.76904e-05
-6.99401e-06
1.29339e-05
1.12633e-05
-1.19623e-05
-5.65198e-06
5.87571e-06
1.11981e-05
5.48385e-06
1.21894e-05
3.97439e-06
1.44683e-05
1.99755e-06
1.72956e-05
2.81089e-08
2.00345e-05
-2.23585e-06
2.23031e-05
-5.24638e-06
2.37317e-05
-9.2676e-06
-2.10036e-05
2.90355e-05
-5.8178e-06
2.35543e-05
-1.2885e-05
6.46856e-06
4.63925e-06
-6.00316e-06
2.88752e-05
-1.19443e-05
5.63595e-06
5.38367e-06
9.13996e-06
-5.69109e-06
-3.66982e-06
2.35746e-05
5.20528e-06
-2.97826e-06
2.87668e-05
6.94441e-06
3.46735e-05
5.25932e-06
4.03453e-05
3.04586e-06
4.49209e-05
6.98223e-07
4.7448e-05
-1.02742e-06
4.77368e-05
-1.20018e-06
4.55338e-05
1.1968e-06
4.16385e-05
5.85669e-06
3.66463e-05
1.22186e-05
3.28404e-05
1.931e-05
3.16835e-05
2.47615e-05
3.35845e-05
2.69101e-05
3.76129e-05
2.47539e-05
4.23464e-05
1.8722e-05
4.64649e-05
9.96966e-06
4.94901e-05
4.03914e-08
5.15395e-05
-9.70673e-06
5.36199e-05
-1.86681e-05
5.67566e-05
-2.6261e-05
6.20314e-05
-3.25717e-05
6.96167e-05
-3.80927e-05
7.80231e-05
-4.32253e-05
8.60233e-05
-4.76267e-05
9.16896e-05
-5.04199e-05
9.28354e-05
-5.05911e-05
8.81976e-05
-4.76416e-05
7.60723e-05
-4.17087e-05
5.56425e-05
-3.33797e-05
2.892e-05
-2.48216e-05
1.02948e-06
-2.0541e-05
-2.27649e-05
-2.83899e-05
-3.37442e-05
-5.67621e-05
-2.57687e-05
-0.000108203
5.37972e-06
-0.000172556
5.54844e-05
-0.000212788
0.000125129
-0.000210262
0.000183629
-0.000131392
0.000217308
5.0946e-05
0.000180004
0.000232132
-4.85534e-06
-2.02016e-05
-3.00419e-06
-2.06208e-05
-1.8372e-06
-2.12201e-05
-1.20926e-06
-2.13877e-05
1.78986e-05
6.94512e-06
7.11064e-06
3.63252e-05
2.15331e-05
-2.69507e-05
3.73591e-05
2.00307e-05
1.80931e-05
-2.26263e-05
4.57153e-07
2.93991e-05
8.44963e-06
3.74397e-06
-1.85672e-05
2.93529e-05
4.69696e-06
-1.09207e-06
-2.0915e-05
-6.39078e-07
-3.27967e-05
-2.69559e-06
3.14468e-05
-2.28164e-06
1.79834e-05
2.37077e-05
-8.68796e-06
-1.6541e-05
1.25077e-05
-1.34938e-05
-9.82137e-06
1.62551e-05
3.38347e-05
-1.08564e-05
4.17419e-05
3.35574e-05
-2.92205e-05
-3.66631e-05
5.13221e-05
-2.95149e-05
1.9031e-05
3.53713e-06
-6.07327e-06
3.41341e-05
2.21623e-05
-6.50151e-06
-5.64049e-07
1.42542e-05
1.17705e-05
-7.9388e-06
8.48291e-06
-3.12595e-05
-1.51549e-05
-4.80708e-05
3.97967e-05
-3.49834e-06
1.50901e-06
-3.16525e-05
-4.73784e-07
2.98597e-05
1.5871e-06
9.25785e-06
-2.19016e-06
-6.38169e-06
8.53087e-06
2.75444e-06
-2.02449e-05
3.50474e-05
7.92375e-06
-9.93819e-06
2.66659e-05
-2.15718e-05
2.6367e-05
-2.94436e-05
1.11111e-05
2.55705e-05
3.27686e-06
1.49752e-05
-1.64213e-05
-1.09143e-05
1.09874e-05
-9.95441e-06
5.57695e-06
-7.94633e-06
-2.60821e-07
-5.64524e-06
-5.83949e-06
-3.79534e-06
-1.11538e-05
-2.9197e-06
-1.5791e-05
-2.9272e-06
-1.9372e-05
-2.95962e-06
-2.07984e-05
-1.08451e-06
3.26365e-05
-4.70999e-06
-3.23524e-05
-1.22233e-07
-5.63584e-05
-2.46852e-05
-3.17442e-05
-6.04968e-05
2.60421e-05
2.22989e-05
5.85713e-06
-5.46723e-05
4.57782e-06
4.10165e-05
-1.05277e-05
1.61347e-05
-1.43533e-05
1.30621e-05
-1.37146e-05
5.49043e-07
-1.42305e-05
4.33989e-07
-1.28855e-05
1.12009e-07
-9.21876e-06
-3.57893e-07
-3.10628e-06
-1.18688e-06
5.28456e-06
-2.53101e-06
1.49649e-05
-3.98119e-06
2.41463e-05
-5.26596e-06
3.07622e-05
-6.19154e-06
3.31601e-05
-6.90874e-06
3.07814e-05
-7.52635e-06
2.35115e-05
-8.34583e-06
1.34003e-05
-9.54851e-06
4.49119e-06
-1.1125e-05
1.24506e-07
-1.30487e-05
1.97915e-06
-1.51554e-05
1.18228e-05
-1.62699e-05
2.63576e-05
-1.59592e-05
4.09395e-05
-1.45304e-05
5.24861e-05
-1.23512e-05
5.98112e-05
-9.75221e-06
6.31998e-05
-7.1751e-06
6.36411e-05
-5.11965e-06
6.23508e-05
-3.8238e-06
6.03539e-05
-3.27794e-06
5.80488e-05
-3.4941e-06
5.62885e-05
-4.32352e-06
5.50983e-05
-5.51831e-06
5.31855e-05
-6.84583e-06
4.84637e-05
-7.63474e-06
3.96193e-05
-7.34148e-06
2.68821e-05
-5.71698e-06
1.23428e-05
-2.67989e-06
-1.12146e-06
5.20913e-07
-1.33653e-05
2.46632e-06
-2.37415e-05
1.40169e-06
-3.5388e-05
-4.19074e-06
-4.93441e-05
-1.70785e-05
-6.35295e-05
-4.04848e-05
-7.26108e-05
-7.91676e-05
-6.97715e-05
-0.000135386
-5.00147e-05
-0.000198577
-1.62286e-05
-0.000236755
3.09524e-05
-0.000227884
7.22576e-05
-0.000132256
9.84612e-05
7.44352e-05
8.38979e-05
0.000190916
-0.000426918
0.000372297
0.000141361
-0.000390902
0.000126914
-0.000283977
2.66117e-05
-0.000162022
-1.89303e-05
-5.27029e-05
-5.52389e-05
3.30788e-05
-6.63387e-05
0.000100429
-6.55982e-05
0.000137138
-1.018e-05
0.000157926
6.79135e-05
0.000134574
0.000162987
5.85872e-05
0.000275097
4.25162e-05
0.000225722
0.000194407
-0.000129714
0.000244033
9.47022e-05
0.000179976
0.000387032
4.82515e-06
0.000606282
-0.000112615
0.000577621
-0.000128403
0.00032059
5.58669e-05
-0.000217784
7.2022e-05
-0.000107752
6.9281e-05
0.000175795
0.000113471
0.000225106
0.000196635
0.000239222
0.000273608
0.00024009
0.000213717
0.000259268
-9.50137e-06
5.83465e-06
-7.39395e-06
4.50436e-05
2.40178e-05
-1.50988e-05
2.15428e-05
3.21917e-05
-7.1289e-06
-2.16616e-05
7.27145e-06
2.07511e-05
-1.73595e-05
-1.82658e-07
1.19958e-06
-4.2474e-06
-1.60098e-05
-2.23517e-05
1.67127e-05
-8.53231e-06
3.95855e-05
-3.18689e-05
3.03343e-05
-3.34325e-05
1.10813e-06
1.96757e-05
6.80609e-06
2.21616e-05
4.18599e-06
2.61374e-05
3.06196e-06
3.12047e-05
1.79744e-06
3.69324e-05
6.42841e-07
4.28154e-05
-5.75533e-07
4.83568e-05
-2.4707e-06
5.22887e-05
-4.70853e-06
5.38659e-05
-6.42223e-06
5.16847e-05
-5.95321e-06
-4.47841e-05
1.51273e-05
1.32225e-06
3.20374e-05
-1.53068e-05
1.69325e-05
2.54386e-05
-3.05671e-06
-2.77967e-05
2.60409e-05
-1.60449e-05
2.34164e-05
3.97192e-05
-4.57744e-05
1.92731e-05
6.63133e-05
-1.4636e-05
2.60777e-05
9.58688e-06
-4.15943e-05
-7.51607e-06
4.45703e-05
3.0037e-07
1.44786e-06
1.23563e-05
2.81681e-05
-1.54727e-06
1.08599e-05
-8.80871e-06
-5.19389e-05
4.47338e-05
6.60318e-06
-5.53287e-05
8.41779e-06
-5.61654e-05
1.27923e-05
-5.49821e-05
1.58948e-05
-5.16832e-05
1.67347e-05
-4.57962e-05
1.63095e-05
1.32304e-05
-4.86679e-05
-8.98083e-06
-3.70551e-05
1.47637e-05
3.96359e-05
-1.52384e-05
-1.56907e-05
-1.12574e-05
1.67986e-05
-1.7952e-05
1.50085e-05
-1.74532e-05
1.33482e-05
-1.86085e-05
1.11191e-05
-1.92435e-05
8.13989e-06
-1.91801e-05
4.49193e-06
-1.8473e-05
3.106e-05
-2.79514e-06
-2.93656e-05
1.26603e-06
1.24865e-06
-1.03329e-06
2.14172e-06
-2.8012e-05
-5.92862e-05
1.70822e-05
-6.34021e-06
-1.44859e-05
1.5096e-06
1.86652e-05
-8.29766e-06
1.44753e-05
-9.36484e-06
9.73384e-06
-7.78081e-06
4.59504e-06
-5.21799e-06
-4.74537e-07
-2.72644e-06
-5.3544e-06
-9.6846e-07
-9.91899e-06
-1.90719e-07
-1.41498e-05
-3.79321e-07
-1.76346e-05
-1.06875e-06
-1.91997e-05
-1.06104e-06
-1.73318e-05
1.0703e-06
-5.77836e-05
7.0312e-06
-8.49243e-06
2.93708e-05
2.46601e-05
-1.07321e-05
-4.55533e-06
4.0238e-05
9.04601e-07
-2.20242e-06
3.14636e-05
-3.27406e-05
-1.74444e-05
7.44681e-07
-1.93589e-05
5.53714e-08
-2.0413e-05
-6.06522e-07
-1.98762e-05
-1.2944e-06
-1.68762e-05
-1.91467e-06
-1.08989e-05
-2.69055e-06
-2.34877e-06
-3.68968e-06
7.56399e-06
-4.81063e-06
1.69491e-05
-5.89088e-06
2.36471e-05
-6.59916e-06
2.59423e-05
-7.08259e-06
2.32041e-05
-7.44963e-06
1.5367e-05
-7.89533e-06
4.91068e-06
-8.54814e-06
-4.04392e-06
-9.51495e-06
-9.29557e-06
-1.09001e-05
-6.30016e-06
-1.20751e-05
4.89299e-06
-1.21856e-05
2.0628e-05
-1.19341e-05
3.60812e-05
-1.09494e-05
4.82313e-05
-9.44112e-06
5.57516e-05
-7.40188e-06
5.87701e-05
-5.29112e-06
5.84955e-05
-3.61027e-06
5.66318e-05
-2.47275e-06
5.40018e-05
-1.86154e-06
5.12049e-05
-1.82687e-06
4.91937e-05
-2.28993e-06
4.80518e-05
-3.24314e-06
4.68168e-05
-4.38846e-06
4.34054e-05
-5.27212e-06
3.60167e-05
-5.11967e-06
2.48368e-05
-3.44732e-06
1.09598e-05
-2.91773e-07
-3.51256e-06
3.67585e-06
-1.81927e-05
7.40475e-06
-3.29669e-05
8.6756e-06
-5.02008e-05
5.32427e-06
-7.30909e-05
-3.87722e-06
-0.000103473
-2.17923e-05
-0.000140719
-5.3183e-05
-0.000179021
-0.000103742
-0.000209549
-0.000169313
-0.000215852
-0.000227888
-0.000192468
-0.000248855
-0.000130986
-0.000196304
-2.75492e-05
-3.8068e-05
2.15448e-05
0.000120113
0.000178241
0.00021171
-8.51897e-05
5.85644e-05
0.00016001
-0.000192802
0.000232463
-0.000219501
0.000130771
-0.00026782
3.12343e-05
-0.000295249
-4.12843e-05
-0.000310727
-8.06674e-05
-0.000290045
-0.000114783
-0.00017716
-0.000196426
-2.01635e-05
-0.000171401
2.24386e-05
1.71021e-05
-4.59883e-05
0.000217316
-0.000198921
0.000416059
-0.000210852
0.000242009
0.000374724
-0.000707523
0.000661487
-0.000208127
0.00030393
0.000716087
-7.70794e-05
0.000973937
-0.000358586
0.000859802
-0.000504365
0.000510395
-0.000103113
-0.000528871
0.000298394
-0.000599214
0.000294035
0.000159837
0.000227601
0.000257989
0.000140224
0.000299004
0.000200345
0.000157993
7.64909e-05
0.000283194
-0.000275457
0.000187255
0.000205852
-0.00012903
0.000151846
-6.65329e-05
0.000180215
5.54576e-05
-4.11926e-05
0.000118111
-0.000165183
0.000154889
-0.000220558
0.000161279
-0.000202662
0.000136488
-0.000145441
9.67583e-05
-8.26395e-05
5.18158e-05
-4.01466e-05
7.5086e-06
-2.10306e-05
-3.05652e-05
-1.84719e-05
-6.00484e-05
-2.37766e-05
-7.9347e-05
-3.13266e-05
-8.92046e-05
-3.81052e-05
-9.06621e-05
-4.25843e-05
-8.59841e-05
-4.4201e-05
-7.76154e-05
-4.31988e-05
-6.7912e-05
-4.03308e-05
-5.87228e-05
-3.66442e-05
-5.0628e-05
-3.27313e-05
-4.44123e-05
-2.87109e-05
-4.0008e-05
-2.38721e-05
-3.64775e-05
-1.74566e-05
-3.32461e-05
-9.16421e-06
-3.00462e-05
2.26563e-07
-2.70526e-05
1.01079e-05
-2.48466e-05
1.88209e-05
-2.45318e-05
2.42766e-05
-2.67471e-05
2.5381e-05
-3.12198e-05
2.23163e-05
-3.66013e-05
1.62169e-05
-4.10618e-05
9.41436e-06
-4.33852e-05
3.38232e-06
-4.32013e-05
-8.46338e-07
-4.06691e-05
-2.80867e-06
-3.6415e-05
-2.40845e-06
-3.10853e-05
-6.09292e-07
-2.55835e-05
1.61772e-06
-2.03706e-05
3.67147e-06
-1.52407e-05
4.85777e-06
-1.1917e-05
4.97725e-06
-4.71217e-06
5.22533e-06
-9.45884e-06
2.79607e-07
3.55027e-06
1.45523e-06
7.4788e-06
8.20496e-06
3.24594e-05
7.9437e-06
3.5291e-05
-7.43998e-06
-1.76202e-06
-2.24993e-05
3.24926e-05
4.72562e-05
1.44307e-05
-6.49054e-05
-2.96511e-05
-6.78057e-05
4.65957e-05
2.12212e-06
-2.88568e-05
-4.5998e-06
-2.06399e-05
8.89992e-06
-4.35408e-06
1.60696e-05
-3.52644e-07
2.96138e-05
-1.72763e-06
-1.05583e-05
3.49922e-06
-1.08848e-05
-1.3608e-05
4.83588e-05
1.89609e-05
3.86079e-05
3.92033e-05
-2.98079e-05
1.22808e-05
3.01913e-05
-9.80921e-06
3.37576e-05
-2.90046e-05
1.16794e-05
3.64368e-05
1.39954e-05
-4.1929e-05
-1.90658e-05
-5.37751e-05
1.29176e-05
-3.8511e-05
5.11237e-05
-1.05936e-05
-5.47497e-05
6.19688e-05
-7.61598e-06
-1.60735e-06
-6.23308e-05
7.57906e-06
1.43551e-06
-2.72811e-05
-1.24497e-05
-4.85886e-05
1.38645e-05
3.30619e-05
-4.40096e-05
5.21507e-05
-4.8348e-05
4.39563e-05
-4.52609e-05
4.60425e-05
-1.12068e-05
2.41973e-05
-2.48475e-05
-7.58854e-05
1.06542e-05
-7.62123e-05
1.77353e-06
-7.2599e-05
-1.67484e-06
-6.6256e-05
-2.23829e-06
-5.83724e-05
-1.73727e-06
-5.00129e-05
-8.74779e-07
-4.19349e-05
-3.98921e-07
-3.47471e-05
-3.64052e-08
-2.84238e-05
6.27978e-07
-2.32913e-05
1.4468e-06
2.49065e-06
-1.85743e-05
-4.21761e-05
1.22535e-05
-4.02174e-06
3.23832e-05
5.36563e-05
1.18636e-05
-1.78704e-05
5.65206e-05
1.01577e-05
6.16985e-05
1.02858e-05
6.61441e-05
1.07519e-05
6.88431e-05
1.07753e-05
6.91992e-05
8.99874e-06
6.64803e-05
6.85116e-06
6.0423e-06
-8.60253e-06
2.58439e-05
1.671e-05
3.45583e-05
-9.26969e-06
-3.30237e-05
3.26277e-05
-3.94348e-06
2.87673e-05
-3.09571e-06
-3.80333e-06
3.94672e-05
6.27421e-05
-6.37805e-05
3.49423e-06
2.82826e-05
1.00795e-06
5.46794e-05
1.90334e-05
-1.03278e-05
-6.66782e-06
3.29238e-05
2.7557e-05
3.73014e-06
-8.81699e-06
4.649e-05
-1.21913e-05
4.09354e-05
-1.1193e-05
3.51622e-05
-1.26642e-05
2.87611e-05
-1.3224e-05
2.16798e-05
-1.30118e-05
1.37084e-05
-1.18674e-05
5.84248e-06
-1.1214e-05
-1.09816e-07
2.21636e-05
-1.44098e-05
-2.5651e-05
-4.19866e-06
3.20127e-05
-2.40324e-05
-4.36019e-06
7.68466e-06
-1.4736e-05
-4.89439e-07
-9.10356e-06
-9.91336e-07
-5.11126e-07
-4.00372e-06
-4.3278e-08
1.05736e-06
1.28655e-06
5.60683e-06
2.62118e-06
8.95044e-06
3.07738e-06
1.25602e-05
2.94655e-06
1.68069e-05
2.05555e-06
2.19022e-05
4.29637e-07
2.765e-05
-1.40135e-06
3.35045e-05
-2.91993e-06
3.81502e-05
-3.36971e-06
4.06541e-05
-2.106e-06
4.01423e-05
1.03801e-06
3.63308e-05
5.737e-06
3.0056e-05
1.11935e-05
2.27278e-05
1.63004e-05
1.63905e-05
1.95117e-05
1.25354e-05
1.93057e-05
1.16339e-05
1.53126e-05
1.33775e-05
8.13271e-06
1.70199e-05
-6.34883e-08
2.1855e-05
-7.57719e-06
2.73665e-05
-1.38679e-05
3.34815e-05
-1.84245e-05
4.06599e-05
-2.15686e-05
4.91025e-05
-2.39355e-05
5.88547e-05
-2.63684e-05
6.97283e-05
-2.88858e-05
8.03206e-05
-3.10561e-05
8.82726e-05
-3.20207e-05
9.05964e-05
-3.10964e-05
8.4414e-05
-2.79102e-05
6.74111e-05
-2.24702e-05
3.8907e-05
-1.54113e-05
-2.53875e-06
-8.56443e-06
-5.8154e-05
-5.27763e-06
-0.000128685
-1.12678e-05
-0.000209959
-3.45518e-05
-0.000301205
-7.88771e-05
-0.000387741
-0.000126121
-0.000454359
-0.000153471
-0.000492248
-0.000119185
-0.000528202
2.7839e-06
-0.000553512
0.000206821
-0.000771787
0.000345177
-0.00134213
0.00067109
-4.6167e-05
1.72046e-05
-2.34273e-05
-5.82084e-05
-0.00116817
0.00125103
-9.06622e-05
-0.000872293
-7.00878e-05
-0.000656378
-7.90938e-05
-0.000514183
-8.91345e-05
-0.000427393
-9.47903e-05
-0.000374626
-9.22992e-05
-0.000396001
-8.42993e-05
-0.000516251
-6.46449e-05
-0.000634392
-6.62492e-05
-0.000590641
-6.69456e-05
-0.000381594
-5.72553e-05
2.17925e-05
-5.05768e-05
0.00026207
-8.87643e-06
-0.000321948
-4.45996e-05
-0.000531464
-5.23008e-05
6.55626e-05
1.55885e-05
0.000381981
0.000144921
0.000680747
0.00022349
0.000936075
0.000101586
0.000148754
-2.44246e-05
-0.000366631
-2.42768e-05
-0.000258006
2.19075e-05
-4.64396e-05
3.31162e-05
0.00024107
-2.93732e-05
0.000433488
-5.18328e-05
0.000805537
-4.96086e-05
0.00112499
-8.03917e-05
8.70681e-05
-0.000112956
6.17023e-05
3.68805e-06
1.65843e-05
-1.52524e-05
-9.79994e-06
1.55046e-05
-9.35516e-06
1.18546e-05
-7.88497e-06
7.60116e-06
-5.6045e-06
3.49322e-06
-3.12356e-06
-3.09727e-07
-8.27844e-07
-3.97462e-06
7.93506e-07
-7.46565e-06
1.52523e-06
-1.0902e-05
1.3281e-06
-1.41119e-05
3.9379e-07
-1.62699e-05
-6.33205e-07
-1.61361e-05
-9.9871e-07
-1.21473e-05
-1.37334e-08
1.04455e-05
-1.18191e-05
4.38102e-06
-1.20697e-05
1.55396e-05
-1.29635e-06
-1.13178e-05
-1.10291e-05
-7.76272e-06
-1.89891e-05
-1.70007e-06
1.88283e-05
-2.04212e-05
-5.04237e-07
-2.2751e-05
-6.85838e-07
-2.47868e-05
-1.16852e-06
-2.52362e-05
-1.98452e-06
-2.29432e-05
-2.69363e-06
-1.74428e-05
-3.36351e-06
-9.15308e-06
-4.06013e-06
3.63016e-07
-4.84673e-06
1.01878e-05
-5.76076e-06
1.69355e-05
-6.21735e-06
1.9131e-05
-6.48234e-06
1.60694e-05
-6.53772e-06
7.82637e-06
-6.53903e-06
-2.71359e-06
-6.60623e-06
-1.29333e-05
-7.05122e-06
-1.79629e-05
-7.725e-06
-1.3952e-05
-7.99054e-06
-2.05474e-06
-7.73148e-06
1.42027e-05
-7.61526e-06
3.05082e-05
-7.66667e-06
4.34324e-05
-6.69895e-06
5.11531e-05
-5.20056e-06
5.38417e-05
-3.68146e-06
5.31301e-05
-2.48819e-06
5.10066e-05
-1.60456e-06
4.7982e-05
-9.93654e-07
4.48873e-05
-7.50025e-07
4.26592e-05
-8.96325e-07
4.14769e-05
-1.46226e-06
4.08317e-05
-2.27143e-06
3.875e-05
-2.95545e-06
3.33631e-05
-2.8623e-06
2.41511e-05
-1.38422e-06
1.19005e-05
1.45309e-06
-2.25149e-06
5.51032e-06
-1.80128e-05
9.73884e-06
-3.53224e-05
1.2722e-05
-5.57707e-05
1.27383e-05
-8.32545e-05
9.12077e-06
-0.000123211
5.52862e-08
-0.000180446
-1.60206e-05
-0.000254372
-4.61219e-05
-0.000339475
-9.40611e-05
-0.000428627
-0.000139169
-0.0005188
-0.000155303
-0.000593144
-0.000119043
-0.000619777
-1.57252e-05
-0.000648516
0.000140169
-0.000830877
0.000386341
-0.00127248
0.000580979
-0.000108991
3.334e-06
3.37832e-05
3.29025e-05
4.14354e-05
-3.20264e-05
-1.69189e-05
5.48473e-05
2.17153e-05
4.33602e-05
-1.15101e-05
-6.96701e-06
-5.67416e-06
1.38284e-05
3.25347e-06
-2.63524e-05
-4.29409e-06
-1.71308e-05
6.13637e-05
-4.95049e-05
-5.5824e-05
-5.6798e-05
-3.08169e-05
1.29739e-05
-1.25295e-05
-1.01148e-06
2.10144e-08
-3.48185e-05
4.46027e-05
5.25986e-06
-3.51776e-05
5.11754e-05
4.48995e-06
5.56827e-05
4.03702e-06
5.96556e-05
4.07458e-06
6.33248e-05
4.20442e-06
6.63163e-05
4.28602e-06
6.7205e-05
3.86448e-06
6.60891e-05
3.04801e-06
3.01826e-06
-4.2387e-05
1.51411e-06
3.6055e-05
-4.91526e-05
4.69124e-05
6.04289e-05
2.68686e-06
5.04527e-05
-9.46771e-07
4.65397e-05
-6.87013e-07
5.14099e-07
1.7842e-05
-1.26942e-06
-8.05741e-05
1.34746e-05
-7.73625e-05
6.0357e-06
-7.17287e-05
8.80329e-07
-6.43943e-05
-8.13781e-07
-5.5909e-05
-1.3723e-06
-4.68493e-05
-1.67012e-06
-3.8178e-05
-1.86399e-06
-3.02693e-05
-1.82385e-06
-2.34717e-05
-1.51918e-06
-1.20871e-06
-2.18086e-05
2.21399e-05
-6.31211e-06
5.19104e-05
-4.83998e-05
3.94896e-05
2.00897e-05
-5.59069e-05
-3.2141e-05
-8.71545e-07
3.60552e-05
-2.85761e-05
-1.63608e-06
9.76135e-07
-2.55542e-05
-2.90987e-06
-2.18149e-05
-2.64882e-06
-1.50083e-05
-1.74538e-06
-9.59798e-06
-1.46342e-06
-5.04371e-06
-8.07595e-07
-1.15665e-06
-9.42008e-09
1.84014e-06
7.4466e-07
4.14793e-06
1.14597e-06
6.48934e-06
1.13148e-06
9.61922e-06
6.7154e-07
1.40387e-05
-1.71609e-07
1.98368e-05
-1.32103e-06
2.64167e-05
-2.28989e-06
3.24003e-05
-2.73082e-06
3.63387e-05
-2.22593e-06
3.69205e-05
-6.13727e-07
3.33939e-05
1.9187e-06
2.62331e-05
5.05313e-06
1.65307e-05
8.13139e-06
6.50986e-06
1.03301e-05
-8.00238e-07
1.05207e-05
-5.22341e-06
8.30513e-06
-4.8733e-06
4.34465e-06
-8.72331e-07
-5.89775e-08
5.41775e-06
-4.23336e-06
1.26765e-05
-7.89077e-06
2.04025e-05
-1.03824e-05
2.84936e-05
-1.1871e-05
3.74096e-05
-1.28757e-05
4.78206e-05
-1.39934e-05
5.98275e-05
-1.51218e-05
7.25518e-05
-1.61225e-05
8.37121e-05
-1.65689e-05
9.01146e-05
-1.60548e-05
8.86669e-05
-1.40821e-05
7.68589e-05
-1.0574e-05
5.35524e-05
-5.57805e-06
1.80485e-05
-3.42755e-08
-3.19474e-05
6.87753e-06
-9.94143e-05
1.30367e-05
-0.000189695
1.29467e-05
-0.000306342
2.45276e-06
-0.00044811
-1.22744e-05
-0.0005894
-2.81695e-05
-0.000707008
-1.4715e-05
-0.000758761
4.12393e-05
-0.000738341
0.000170651
-0.000862383
0.00043963
-0.00119177
0.00096404
-0.00016621
-0.000936967
6.9711e-05
-9.13807e-06
6.38877e-05
-5.31577e-06
5.73875e-05
-4.21664e-06
4.91062e-05
-4.41754e-06
4.00411e-05
-4.67783e-06
3.0695e-05
-4.63164e-06
2.14029e-05
-3.92272e-06
1.26157e-05
-4.0099e-06
2.38655e-06
-1.60443e-05
-5.28992e-06
4.80422e-05
2.51748e-05
-2.86341e-05
-5.95834e-05
5.38088e-05
3.00556e-05
-2.09145e-05
6.34611e-05
-1.79384e-05
-3.07309e-06
4.08331e-06
2.22807e-05
-9.20323e-06
-2.69047e-05
1.35905e-05
-5.72813e-06
4.20965e-06
-4.36919e-06
-3.76446e-06
-3.06937e-05
-1.16242e-05
1.39557e-05
-9.21982e-06
-1.3809e-05
1.25762e-05
-9.73539e-06
1.02442e-05
-8.30269e-06
7.42031e-06
-6.3385e-06
4.68768e-06
-4.23509e-06
2.33345e-06
-2.18307e-06
2.45206e-07
-1.47437e-07
-1.67305e-06
1.33348e-06
-3.61809e-06
2.13341e-06
-5.80187e-06
2.14214e-06
-8.30253e-06
1.364e-06
-1.08552e-05
2.08698e-07
-1.25545e-05
-9.87233e-07
-1.23115e-05
-1.91264e-06
-2.52274e-06
-8.82796e-06
-2.03002e-06
-1.22276e-06
3.11766e-06
3.28085e-05
-0.000122577
-2.0673e-05
-5.89885e-06
-6.20992e-05
-1.84837e-05
-6.52486e-05
-2.06024e-05
-8.83161e-05
-2.17405e-05
-9.84126e-05
-2.54543e-05
-0.000102855
-2.7739e-05
-0.000105281
-2.7514e-05
-0.000101416
-3.21063e-05
-7.52138e-05
-4.30354e-05
-7.14822e-05
-5.3218e-05
-7.42696e-05
-4.47513e-05
-8.6032e-05
-1.84805e-05
-9.35768e-05
-2.37452e-05
1.18196e-05
-7.15822e-05
1.60703e-05
-0.000120539
6.18081e-06
-6.19927e-05
-4.09396e-05
9.6291e-05
-1.13101e-05
6.30666e-05
0.000255416
5.85629e-05
0.000107046
2.91977e-05
8.00572e-06
-1.02087e-05
2.45825e-05
-2.20726e-05
4.48447e-05
-1.36194e-05
3.34452e-05
2.09822e-06
-4.98875e-05
-5.00814e-07
-5.92288e-05
-1.8658e-05
-3.99443e-05
-4.00665e-05
-7.7986e-05
-0.000114091
-4.37571e-05
-0.000276624
8.89842e-06
-1.52765e-05
-9.23867e-07
-1.81084e-05
-8.44258e-07
-2.1637e-05
-8.54086e-07
-2.47901e-05
-1.14678e-06
-2.64913e-05
-1.74352e-06
-2.53784e-05
-2.35297e-06
-2.09246e-05
-2.78577e-06
-1.34933e-05
-3.13067e-06
-4.30048e-06
-3.63722e-06
4.63803e-06
-4.32096e-06
1.10451e-05
-4.76068e-06
1.27937e-05
-4.74901e-06
9.12442e-06
-4.51678e-06
2.5206e-07
-4.08994e-06
-1.13034e-05
-3.69307e-06
-2.21419e-05
-3.49512e-06
-2.71707e-05
-3.38052e-06
-2.28128e-05
-3.22442e-06
-1.07277e-05
-3.14993e-06
5.45139e-06
-3.50497e-06
2.30802e-05
-4.35953e-06
3.67455e-05
-4.06343e-06
4.4673e-05
-3.29312e-06
4.71853e-05
-2.48829e-06
4.62991e-05
-1.72151e-06
4.39317e-05
-1.04289e-06
4.0659e-05
-5.61843e-07
3.7385e-05
-3.04668e-07
3.50147e-05
-1.98347e-07
3.38893e-05
-2.88183e-07
3.38144e-05
-6.20121e-07
3.31195e-05
-9.66093e-07
2.98648e-05
-9.06401e-07
2.32048e-05
1.72845e-08
1.33575e-05
1.862e-06
1.11119e-06
4.78267e-06
-1.32677e-05
8.07984e-06
-2.91399e-05
1.09929e-05
-4.72182e-05
1.25478e-05
-7.06491e-05
1.29056e-05
-0.000105446
1.22212e-05
-0.000157517
9.76378e-06
-0.000232767
2.70704e-06
-0.000330214
-1.10307e-05
-0.000445147
-2.93457e-05
-0.000558202
-4.09711e-05
-0.000641621
-2.91048e-05
-0.000664197
1.2837e-05
-0.000635351
0.000109004
-0.000569664
0.000303948
-0.000657425
0.00070781
-0.000112762
-0.000696832
-0.000220552
-1.69997e-05
-6.54318e-05
4.90232e-05
5.74613e-05
-2.00341e-05
-0.00130735
0.000297978
-0.000333697
-2.50292e-05
-1.87097e-05
7.04402e-05
-0.000654555
0.000131797
0.000453878
-0.000208636
0.00028889
-0.000454001
0.000525635
-0.000549229
0.000370795
-0.000272322
4.26737e-05
0.000276914
-0.000891066
0.00127847
-0.00162426
0.00169208
-0.00157953
0.00138539
-0.00119419
0.00109754
-0.00111462
0.0011682
-0.00103387
0.00063721
-2.59444e-05
-0.000554637
0.000879965
-0.00106692
0.00100484
-0.00105434
0.000214866
-0.000943092
-1.21568e-06
0.000561502
-0.000291946
0.000214564
8.02435e-05
-0.000200148
0.000229015
-0.000211637
0.000173207
-0.000134832
9.98695e-05
-7.18775e-05
5.14781e-05
-3.77522e-05
2.7956e-05
-1.84864e-05
8.44087e-06
1.45706e-06
-9.84156e-06
1.6281e-05
-2.01729e-05
2.12753e-05
-2.04435e-05
1.95408e-05
-2.01413e-05
2.2522e-05
-2.61338e-05
3.00083e-05
-3.31817e-05
3.52222e-05
-3.41423e-05
2.75214e-05
-1.47679e-05
-2.60399e-06
1.95406e-05
-3.28312e-05
3.85443e-05
-3.48502e-05
2.48566e-05
-1.27485e-05
2.63039e-06
3.23438e-06
-3.97944e-06
1.98604e-08
6.11878e-06
-1.32108e-05
1.8606e-05
-2.078e-05
1.96343e-05
-1.61105e-05
1.13251e-05
-6.19046e-06
1.61935e-06
1.8277e-06
-3.71389e-06
4.1523e-06
-2.57758e-06
-2.99528e-07
4.38587e-06
-9.71653e-06
1.61782e-05
-2.3482e-05
3.13422e-05
-4.01922e-05
5.3098e-05
-7.22956e-05
5.80462e-05
-5.08552e-05
4.64949e-05
-4.25763e-05
3.79445e-05
-3.26013e-05
2.68884e-05
-2.15722e-05
2.06238e-06
-4.63313e-06
-6.0158e-06
4.72939e-06
-3.37744e-06
2.2032e-06
-1.25091e-06
5.86551e-07
-2.87264e-08
-5.04219e-07
1.13859e-06
-2.02191e-06
3.12774e-06
-4.40515e-06
5.75463e-06
-6.98306e-06
7.21045e-06
4.25215e-06
-2.4675e-06
-3.65196e-06
-2.12671e-06
-4.29405e-06
2.06853e-06
1.70798e-06
3.67975e-06
-1.01084e-05
1.78246e-05
-2.87572e-05
2.83271e-05
-2.83298e-05
2.95245e-05
-3.17331e-05
3.16667e-05
-3.1772e-05
3.28732e-05
-3.46422e-05
3.62619e-05
-3.67766e-05
3.64772e-05
-3.57328e-05
3.46668e-05
-3.30769e-05
3.01425e-05
-2.53104e-05
2.32557e-05
-2.18708e-05
-1.30798e-06
1.96704e-05
-1.7342e-05
1.37745e-05
-9.24231e-06
5.2322e-06
-1.91308e-06
-5.47208e-07
2.03865e-06
-2.87953e-06
3.83216e-06
-5.70531e-06
9.10359e-06
-1.41042e-05
1.98961e-05
-2.51198e-05
2.81836e-05
-2.76651e-05
2.26817e-05
-1.35599e-05
1.55601e-06
1.12798e-05
-2.20871e-05
2.82664e-05
-2.88835e-05
2.45269e-05
-1.73409e-05
9.37181e-06
-1.49309e-06
-6.32861e-06
1.4947e-05
-2.50832e-05
3.72647e-05
-5.10032e-05
6.41651e-05
-7.35965e-05
7.65993e-05
-7.12326e-05
5.67575e-05
-3.50689e-05
7.95099e-06
2.25198e-05
-5.53652e-05
9.51679e-05
-0.000146198
0.000209058
-0.00025557
0.000241769
-9.32234e-05
-1.64039e-06
-2.26323e-07
-1.1787e-06
-2.18576e-05
7.69973e-05
-6.29245e-05
-2.98934e-05
-2.65742e-05
-7.21472e-07
3.37729e-07
-1.29233e-07
-2.38456e-07
-3.79352e-08
-1.55996e-08
-5.12238e-06
-1.70478e-05
6.70635e-05
-4.95068e-06
-4.42804e-05
3.69323e-05
-2.96685e-05
-3.5423e-05
-2.41163e-05
-2.70899e-05
4.0193e-05
-2.83147e-05
-3.89449e-05
-2.21395e-05
-2.52727e-05
4.26048e-05
-2.62147e-05
-4.07029e-05
-1.94729e-05
-2.2453e-05
4.32099e-05
-4.09367e-05
-2.72016e-05
1.19715e-05
)
;

boundaryField
{
    wall
    {
        type            calculated;
        value           uniform 0;
    }
    outlet
    {
        type            calculated;
        value           nonuniform List<scalar> 
33
(
2.04936e-09
1.77881e-09
1.98978e-09
2.04242e-09
2.04618e-09
2.03183e-09
2.02486e-09
2.04872e-09
2.03876e-09
1.9745e-09
2.04435e-09
9.22248e-10
1.62398e-09
1.39687e-09
1.05641e-09
1.4138e-09
1.47932e-09
1.40573e-09
1.35356e-09
1.60128e-09
1.51542e-09
1.6414e-09
1.64081e-09
1.58709e-09
1.61487e-09
1.58626e-09
1.5734e-09
1.62916e-09
1.61387e-09
1.45101e-09
1.59651e-09
9.94064e-10
9.32965e-10
)
;
    }
    inlet
    {
        type            calculated;
        value           nonuniform List<scalar> 
30
(
-3.72102e-06
-7.32262e-06
-8.42445e-06
-9.37388e-06
-2.36051e-06
-2.71463e-06
-1.39259e-06
-2.79243e-06
9.08445e-07
-2.99477e-07
2.24457e-06
1.80562e-06
1.30756e-06
2.08617e-06
-1.78251e-06
-2.28966e-08
-5.41239e-06
-3.55443e-06
-8.86857e-06
-7.30043e-06
-9.5379e-06
-5.03233e-06
-2.8683e-06
-9.10117e-07
-6.34809e-07
-7.88354e-07
-1.98951e-07
-1.24403e-07
-1.80962e-08
-3.75223e-08
)
;
    }
    frontAndBackPlanes
    {
        type            empty;
        value           nonuniform List<scalar> 0();
    }
}


// ************************************************************************* //
