/*--------------------------------*- C++ -*----------------------------------*\
| =========                 |                                                 |
| \\      /  F ield         | OpenFOAM: The Open Source CFD Toolbox           |
|  \\    /   O peration     | Version:  2212                                  |
|   \\  /    A nd           | Website:  www.openfoam.com                      |
|    \\/     M anipulation  |                                                 |
\*---------------------------------------------------------------------------*/
FoamFile
{
    version     2.0;
    format      ascii;
    arch        "LSB;label=32;scalar=64";
    class       volScalarField;
    location    "0.0019";
    object      T;
}
// * * * * * * * * * * * * * * * * * * * * * * * * * * * * * * * * * * * * * //

dimensions      [0 0 0 1 0 0 0];

internalField   nonuniform List<scalar> 
2681
(
273
273
273
273
273
273
273
273
273
273
273
273
273
273
273
273
273
273
273
273
273
273
273
273
273
273
273
273
273
273
273
273
273
273
273
273
273
273
273
273
273
273
273
273
273
273
273
273
273
273
273
273
273
273
273
273
273
273
273
273
273
273
273
273
273
273
273
273
273
273
273
273
273
273
273
273
273
273
273
273
273
273
273
273
273
273
273
273
273
273
273
273
273
273
273
273
273
273
273
273
273
273
273
273
273
273
273
273
273
273
273
273
273
273
273
273
273
273
273
273
273
273
273
273
273
273
273
273
273
273
273
273
273
273
273
273
273
273
273
273
273
273
273
273
273
273
273
273
273
273
273
273
273
273
273
273
273
273
273
273
273
273
273
273
273
273
273
273
273
273
273
273
273
273
273
273
273
273
273
273
273
273
273
273
273
273
273
273
273
273
273
273
273
273
273
273
273
273
273
273
273
272.962
272.971
272.971
272.962
273
273
273
273
273
273
273
273
273
273
273
273
273
273
273
273
273
273
273
273
273
273
273
273
273
273
273
273
273
273
273
273
273
273
273
273
273
273
273
273
273
272.98
272.988
272.993
272.997
272.998
272.999
273
273
273
273
273
273
273
273
273
273
273
272.999
273
272.997
272.998
272.988
272.993
272.98
273
273
273
273
273
273
273
273
273
273
273
273
273
273
273
273
273
273
273
273
273
273
273
273
273
273
273
273
273
273
273
273
273
273
273
273
273
273
273
273
273
273
273
273
273
273
273
273
273
273
272.955
272.955
273
273
273
273
273
273
273
273
273
273
272.955
272.95
272.95
273
273
273
273
273
273
273
273
273
273
273
273
273
273
273
273
273
273
273
273
273
273
273
273
273
273
273
273
273
273
273
273
273
273
273
273
273
273
273
273
273
273
273
273
273
273
273
273
273
273
273
273
273
273
273
273
273
273
273
272.971
272.962
272.988
272.98
272.997
272.993
272.999
272.998
273
273
273
272.955
272.95
272.95
273
273
273
273
273
273
273
273
273
272.999
273
272.997
272.998
272.988
272.993
272.971
272.98
272.962
273
273
273
273
273
273
273
273
273
273
273
273
273
273
273
273
273
273
273
273
273
273
273
273
273
273
273
273
273
273
273
273
273
273
273
273
273
273
273
273
273
273
273
273
273
273
273
273
273
273
273
273
273
273
273
273
273
273
273
273
273
272.955
272.95
273
273
273
273
273
273
273
273
273
273
273
273
273
273
273
273
273
273
273
273
273
273
273
272.955
272.95
273
273
273
273
273
273
273
273
273
273
273
273
273
273
273
273
273
273
273
273
273
273
273
273
273
273
273
273
273
273
273
273
273
273
273
273
273
273
273
273
273
273
273
273
273
273
273
273
273
273
273
273
273
273
273
273
273
273
273
273
273
273
273
273
272.971
272.962
272.988
272.98
272.997
272.993
272.999
272.998
273
273
273
272.947
272.947
272.947
273
272.947
272.947
273
273
273
273
273
273
273
273
273
273
272.999
273
272.997
272.998
272.988
272.993
272.971
272.98
272.962
273
273
273
273
273
273
273
273
273
273
273
273
273
273
273
273
273
273
273
273
273
273
273
273
273
273
273
273
273
273
273
273
273
273
273
273
273
273
273
273
273
273
273
273
273
273
273
273
273
273
273
273
273
273
273
273
273
273
273
273
273
273
273
273
273
273
273
273
273
273
273
273
273
273
273
273
273
273
273
273
273
273
273
273
273
273
273
273
273
273
273
273
273
273
272.947
273
273
273
273
273
273
273
273
273
273
273
273
273
273
273
273
273
273
273
273
273
273
273
273
273
273
273
273
273
273
273
273
273
272.945
272.947
272.945
273
273
273
273
273
273
273
273
273
273
273
273
273
273
273
273
273
273
273
273
273
273
273
273
273
273
273
273
273
273
273
273
273
273
273
273
273
273
273
273
273
273
273
273
273
273
273
273
273
273
273
273
273
273
273
273
273
273
273
272.955
272.95
272.971
272.962
272.988
272.98
272.997
272.993
272.999
272.998
273
273
273
273
273
273
272.945
272.947
272.945
272.945
272.945
272.945
272.945
273
273
273
273
273
273
273
273
273
273
272.999
273
272.997
272.998
272.988
272.993
272.971
272.98
272.955
272.962
272.95
273
273
273
273
273
273
273
273
273
273
273
273
273
273
273
273
273
273
273
273
273
273
273
273
273
273
273
273
273
273
273
273
273
273
273
273
273
273
273
273
273
273
273
273
273
273
273
273
273
273
273
273
273
273
273
273
273
273
273
273
273
273
273
273
273
273
273
273
273
273
273
273
273
273
273
273
273
273
273
273
273
273
273
273
273
273
273
273
273
272.947
272.945
273
273
273
273
273
273
273
273
273
273
273
273
273
273
273
273
273
273
273
273
273
272.947
272.945
272.943
272.943
273
273
273
273
273
273
273
273
273
273
273
273
273
273
273
273
273
273
273
273
273
273
273
273
273
273
273
273
273
273
273
273
273
273
273
273
273
273
273
273
273
273
273
273
273
273
273
273
273
273
273
273
273
273
273
273
273
273
273
273
273
273
273
273
273
273
273
273
272.955
272.95
272.971
272.962
272.988
272.98
272.997
272.993
272.999
272.998
273
273
273
273
273
273
272.943
272.943
272.943
272.942
272.942
272.943
273
273
273
273
273
273
273
273
273
273
272.999
273
272.997
272.998
272.988
272.993
272.971
272.98
272.955
272.962
272.95
273
273
273
273
273
273
273
273
273
273
273
273
273
273
273
273
273
273
273
273
273
273
273
273
273
273
273
273
273
273
273
273
273
273
273
273
273
273
273
273
273
273
273
273
273
273
273
273
273
273
273
273
273
273
273
273
273
273
273
273
273
273
273
273
273
273
273
273
273
272.943
273
273
273
273
273
273
273
273
273
273
273
273
273
273
273
273
273
273
273
273
273
273
273
273
273
273
273
273
273
272.943
273
273
273
273
273
273
273
273
273
273
273
273
273
273
273
272.94
272.94
273
273
273
273
273
273
273
273
273
273
273
273
273
273
273
273
273
273
273
273
273
273
273
273
273
273
273
273
273
273
273
273
273
273
273
273
273
273
273
273
273
273
273
273
273
273
273
273
273
273
273
273
273
273
273
273
273
273
273
273
273
273
273
273
273
273
273
273
273
273
273
273
273
273
273
272.947
272.943
272.945
272.955
272.95
272.971
272.962
272.988
272.98
272.997
272.993
272.999
272.998
273
273
273
273
273
273
273
272.94
272.94
272.94
272.94
272.94
272.94
272.94
272.94
273
273
273
273
273
273
273
273
273
273
272.999
273
272.997
272.998
272.988
272.993
272.971
272.98
272.955
272.962
272.947
272.95
272.943
272.945
273
273
273
273
273
273
273
273
273
273
273
273
273
273
273
273
273
273
273
273
273
273
273
273
273
273
273
273
273
273
273
273
273
273
273
273
273
273
273
273
273
273
273
273
273
273
273
273
273
273
273
273
273
273
273
273
273
273
273
273
273
273
273
273
273
273
273
273
273
273
273
273
273
273
273
273
273
273
273
273
273
273
273
273
273
273
273
273
273
273
273
273
273
273
273
273
273
273
273
273
273
273
273
273
273
273
273
273
273
273
273
273
272.94
272.94
273
273
273
273
273
273
273
273
273
273
273
273
273
273
273
273
273
273
273
273
273
273
273
273
273
273
273
273
273
273
273
273
273
273
273
273
273
273
273
273
273
273
273
273
273
273
273
273
273
273
273
273
273
273
273
273
273
273
273
273
273
273
273
273
273
273
273
273
273
273
273
273
273
273
273
273
273
273
273
273
273
273
273
273
273
273
273
273
273
273
273
273
273
273
273
273
273
273
273
273
273
272.94
272.943
272.945
272.947
272.95
272.955
272.962
272.971
272.98
272.988
272.993
272.997
272.998
272.999
273
273
273
273
273
273
273
273
273
273
273
273
273
273
273
272.939
272.938
272.938
272.938
272.938
272.938
272.938
272.938
272.938
272.938
272.938
272.939
272.939
273
273
273
273
273
273
273
273
273
273
273
273
272.999
272.998
272.997
272.993
272.988
272.98
272.971
272.962
272.955
272.95
272.947
272.945
272.943
272.94
272.939
273
273
273
273
273
273
273
273
273
273
273
273
273
273
273
273
273
273
273
273
273
273
273
273
273
273
273
273
273
273
273
273
273
273
273
273
273
273
273
273
273
273
273
273
273
273
273
273
273
273
273
273
273
273
273
273
273
273
273
273
273
273
273
273
273
273
273
273
273
273
273
273
273
273
273
273
273
273
273
273
273
273
273
273
273
273
273
273
273
273
273
273
273
273
273
273
273
273
273
273
273
273
273
273
273
273
273
273
273
273
273
273
273
273
273
273
273
273
273
273
273
273
273
273
273
273
273
273
273
273
273
272.936
272.936
272.94
272.939
273
273
273
273
273
273
273
273
273
273
273
273
273
273
273
273
273
273
273
273
273
273
273
273
273
273
273
273
273
273
273
273
273
273
273
273
273
273
273
273
273
273
273
273
273
273
273
273
273
273
273
273
273
273
273
273
273
273
273
273
273
273
273
273
273
273
273
273
273
273
273
273
273
273
273
273
273
273
273
273
273
273
273
273
273
273
273
273
273
273
273
273
273
273
273
273
273
273
273
273
273
273
273
273
273
273
273
273
273
273
273
273
273
273
273
273
273
273
273
273
273
273
273
273
273
273
273
273
273
273
273
273
273
273
273
273
273
273
273
273
273
273
273
273
273
273
273
273
273
273
273
273
273
273
273
273
273
273
273
273
273
273
273
273
273
273
273
273
273
273
273
273
273
273
273
273
273
273
273
273
273
273
273
273
273
273
273
273
272.999
272.998
272.997
272.993
272.988
272.98
272.971
272.962
272.955
272.95
272.947
272.94
272.943
272.945
273
273
273
273
273
273
273
273
273
273
273
273
273
273
273
273
272.936
272.936
272.936
272.936
272.936
272.936
272.936
272.936
272.936
272.936
272.936
273
273
273
273
273
273
273
273
273
273
273
273
273
273
273
273
273
273
273
273
273
273
273
273
273
273
273
272.999
272.998
272.997
272.993
272.988
272.98
272.971
272.962
272.955
272.95
272.947
272.945
272.943
273
273
273
273
273
273
273
273
273
273
273
272.936
272.939
273
273
273
273
272.936
272.936
273
273
273
273
273
273
273
273
273
273
273
273
273
273
273
273
273
272.943
272.939
272.94
272.947
272.945
272.955
272.95
272.971
272.962
272.988
272.98
272.997
272.993
272.999
272.998
273
273
273
273
273
273
273
273
273
273
273
273
273
273
273
273
273
273
273
273
273
273
273
273
273
273
273
272.941
272.941
272.941
272.941
272.941
272.941
272.941
272.941
272.941
272.941
272.941
272.941
272.941
272.941
272.936
272.941
272.941
273
273
273
273
273
273
273
272.936
272.94
272.939
272.945
272.943
272.95
272.947
272.962
272.955
272.98
272.971
272.993
272.988
272.998
272.997
273
272.999
273
273
273
273
273
273
273
273
273
273
273
273
273
273
273
273
273
273
273
273
273
273
273
273
273
273
273
273
273
273
273
273
273
273
273
273
273
273
273
273
273
273
273
273
273
273
273
273
273
273
273
273
273
273
273
273
273
273
273
273
273
273
273
273
273
273
273
273
273
273
273
273
273
273
273
273
273
273
273
273
273
273
273
273
273
273
273
273
273
273
273
273
273
273
273
273
273
273
273
273
273
273
273
273
273
273
273
273
273
273
273
273
273
273
273
273
273
273
273
273
273
273
273
273
273
273
273
273
273
273
273
273
273
273
273
273
273
273
273
273
273
273
273
273
273
273
273
273
273
273
273
273
273
273
273
273
273
273
273
273
273
273
273
273
273
273
273
273
273
273
273
273
273
273
273
273
273
273
273
273
273
273
273
273
273
273
273
273
273
273
273
273
273
272.941
272.941
273
273
273
273
273
273
273
273
273
273
273
273
273
273
273
273
273
273
273
273
273
273
273
273
273
273
273
273
273
273
273
273
273
273
273
273
273
273
273
273
273
273
273
273
273
273
273
273
273
273
273
273
273
273
273
273
273
273
273
273
273
273
273
273
273
273
273
273
273
273
273
273
273
273
273
273
273
273
273
273
273
273
273
273
273
273
273
273
273
273
273
273
273
273
273
273
273
273
273
273
273
273
273
273
273
273
273
273
273
273
273
273
273
273
273
273
273
273
273
273
273
273
273
273
273
273
273
273
273
273
273
273
273
273
273
273
273
273
273
273
273
273
273
273
273
273
273
273
273
273
273
273
273
273
273
273
273
273
273
273
273
273
273
273
273
273
273
273
273
273
273
273
273
273
273
273
273
273
273
273
273
273
273
273
273
273
273
273
273
273
273
273
273
273
273
273
273
273
273
273
273
272.999
272.998
272.997
272.993
272.988
272.98
272.971
272.962
272.955
272.95
272.947
272.945
272.943
272.94
272.939
272.936
272.941
273
273
273
273
273
273
273
280.331
280.323
280.315
280.308
280.302
280.296
280.292
280.288
280.287
280.287
280.288
280.291
280.296
280.302
280.31
280.318
280.326
280.334
280.322
273
273
273
273
273
273
273
273
273
273
273
273
273
273
273
273
273
273
273
273
273
273
273
273
273
273
273
272.999
272.998
272.997
272.993
272.988
272.98
272.971
272.962
272.955
272.95
272.947
272.945
272.943
272.94
272.939
272.936
272.941
280.321
273
273
273
273
273
273
273
273
273
273
273
273
273
273
273
273
273
273
273
273
273
273
273
273
273
273
273
273
273
273
273
273
273
273
273
273
273
273
273
273
273
273
273
273
273
273
273
273
273
273
273
273
273
273
273
273
273
273
273
273
273
273
273
273
273
273
273
273
273
273
273
)
;

boundaryField
{
    wall
    {
        type            zeroGradient;
    }
    outlet
    {
        type            fixedValue;
        value           uniform 85;
    }
    frontAndBackPlanes
    {
        type            empty;
    }
}


// ************************************************************************* //
