/*--------------------------------*- C++ -*----------------------------------*\
| =========                 |                                                 |
| \\      /  F ield         | OpenFOAM: The Open Source CFD Toolbox           |
|  \\    /   O peration     | Version:  2212                                  |
|   \\  /    A nd           | Website:  www.openfoam.com                      |
|    \\/     M anipulation  |                                                 |
\*---------------------------------------------------------------------------*/
FoamFile
{
    version     2.0;
    format      ascii;
    arch        "LSB;label=32;scalar=64";
    class       surfaceScalarField;
    location    "0.098";
    object      phi;
}
// * * * * * * * * * * * * * * * * * * * * * * * * * * * * * * * * * * * * * //

dimensions      [1 0 -1 0 0 0 0];

oriented        oriented;

internalField   nonuniform List<scalar> 
4475
(
0.000622868
-0.000627695
0.000794964
-0.000790138
7.46049e-05
-0.000240958
-1.5491e-06
0.000167903
0.00141688
-0.0016155
0.000144784
5.38366e-05
-0.000255802
0.000840716
0.000149407
-0.000734321
-0.000556808
0.000506357
0.000535522
-0.000485071
0.000471781
-0.000349553
-0.000533768
0.00041154
-0.000152699
0.000145808
0.000678651
-0.00067176
-0.000423967
-0.00057956
0.000503829
0.000499697
0.00052889
-0.00058222
-0.000503478
-0.000442101
-8.39806e-06
5.81049e-05
0.000392394
-7.72922e-05
7.24218e-05
-0.00043723
-0.000491477
6.68448e-05
-3.16061e-05
0.000456238
-0.000507998
2.07206e-05
-4.19911e-06
-0.000522708
9.859e-06
4.85057e-06
-0.000534079
5.65881e-06
5.71284e-06
-0.000540707
3.88002e-06
2.7475e-06
6.45617e-06
-0.000530502
-1.66607e-05
0.000517598
-4.1693e-05
-0.000512226
3.63208e-05
0.000541834
-1.77798e-05
0.000536187
9.52738e-06
0.000523902
1.79439e-05
0.000510426
2.33341e-05
0.000500755
3.03921e-05
0.000535814
3.17855e-05
0.000461207
-2.68546e-06
0.000430274
2.25357e-05
0.000540221
6.57461e-05
-0.000175694
0.000509651
8.37944e-06
2.21909e-05
0.000704102
-0.000712971
-0.000143831
-0.00052752
-4.46755e-05
0.000502294
3.88523e-06
3.47199e-06
0.000502586
1.33661e-06
-1.629e-06
0.000511394
-2.50906e-06
-6.29912e-06
0.000529808
-6.64482e-06
-1.17691e-05
0.000570704
-1.84127e-05
-2.24828e-05
0.000645168
-3.44405e-05
-4.0024e-05
0.000778699
-6.15696e-05
-7.19606e-05
0.000911759
-6.29502e-05
-7.01106e-05
0.00103321
-6.12509e-05
-6.01976e-05
0.00107862
-2.47146e-05
-2.06925e-05
0.00109264
-1.17384e-05
-2.28698e-06
0.00104238
1.78718e-05
3.23928e-05
0.000999088
1.48974e-05
2.83899e-05
0.000967598
8.97498e-06
2.25151e-05
2.55515e-06
0.000948389
1.66543e-05
-0.00100557
0.000979037
2.90901e-05
-0.00102989
3.32924e-05
-0.00102525
1.02542e-05
-0.00100554
-1.83315e-06
-0.000959124
-5.81557e-05
-0.000893886
-8.99529e-05
-0.000836081
-0.000119055
-0.000779284
-0.000119747
-0.00070617
-0.000134683
-0.000612198
-0.000128413
-0.000555523
-7.50875e-05
-0.000524814
-3.73533e-05
-0.000511626
-1.56974e-05
-0.000506705
-3.58449e-06
-0.000513581
1.07613e-05
-0.000540401
3.51993e-05
-0.000426057
0.000102356
-0.0002167
-0.000451064
8.31118e-05
-0.000440759
6.21172e-05
-0.000457458
3.57067e-05
-1.90078e-05
-0.000498177
9.11231e-06
-0.000514231
1.18549e-05
-0.000527441
1.80602e-05
-0.00053801
1.62823e-05
-0.000541465
6.20239e-06
-0.000549028
-9.09704e-06
5.27363e-07
1.17615e-05
0.000936111
1.84504e-05
0.000961103
0.000547932
-2.86641e-05
-0.000537048
0.000539529
1.79305e-05
0.000527952
2.95208e-05
0.000515406
3.58809e-05
0.000509891
3.59062e-05
0.000509012
3.26646e-05
0.000483296
2.30309e-05
0.000477395
2.84366e-05
0.000505899
3.72419e-05
0.000506478
2.16122e-05
0.000503791
6.15852e-06
0.000508522
-6.3602e-06
0.000522931
-2.07072e-05
0.00055441
-4.3248e-05
0.000612729
-8.08019e-05
0.000701605
-0.0001289
0.000766308
-0.000136664
0.000821408
-0.00012521
0.000877348
-0.000116138
0.000944943
-8.82881e-05
0.000997903
-5.52351e-05
0.00102591
3.88462e-06
0.00103325
2.10237e-05
0.0010101
4.56822e-05
0.000982434
4.43159e-05
-6.14312e-05
-0.000526019
7.52249e-05
3.25786e-05
0.000961617
-9.97171e-05
-0.000489234
-0.000548286
-4.54181e-05
-0.00103686
0.00101299
4.23192e-05
-0.00103237
2.46046e-05
-0.00100268
3.59844e-06
-0.000950217
-4.22094e-05
-0.000871348
-8.07025e-05
-0.000819657
-0.000109847
-0.000784937
-0.000124673
-0.000768015
-0.000135976
-0.000742472
-0.00014529
-0.000723236
-0.000153919
-0.000703681
-0.000147968
-0.000648595
-0.000130173
-0.000582383
-0.000103565
-0.000546614
-5.14671e-05
-0.000529677
-2.05212e-05
-0.000523667
4.75108e-06
-0.000520136
3.16685e-05
-0.000480965
6.31852e-05
-0.000464343
6.64902e-05
-0.000466099
6.38727e-05
-0.000477399
4.70072e-05
-0.000500578
3.22912e-05
-0.000519394
3.06709e-05
-0.00053348
3.2146e-05
-0.000547503
3.0305e-05
-0.000557507
1.62069e-05
-0.000562702
-3.90174e-06
-0.000514207
0.000778392
-0.000688151
0.000280071
-0.00057528
-0.000168299
0.000463508
-0.00035173
-0.000339114
0.000388188
0.000302656
0.000400122
0.000635599
8.5667e-05
-0.000131106
-0.00059016
0.000567372
3.95629e-05
0.000548848
3.64549e-05
0.000533577
4.47915e-05
0.000522849
4.66093e-05
0.000514629
4.41255e-05
0.000509015
3.82788e-05
0.000500674
3.1372e-05
0.000498545
3.05653e-05
0.000505322
3.04655e-05
0.000510168
1.67661e-05
0.000519062
-2.73599e-06
0.000538585
-2.5883e-05
0.000576716
-5.88375e-05
0.000642511
-0.000109044
0.000697027
-0.000135318
0.000719173
-0.000151046
0.000735101
-0.000152592
0.000755135
-0.000145244
0.000772095
-0.000133098
0.000803168
-0.000119361
0.000852751
-0.000104818
0.000935378
-7.82794e-05
0.000997514
-4.10713e-05
0.00103314
1.0054e-05
0.00104226
3.52007e-05
0.00101545
5.93823e-05
-2.37304e-05
0.000983602
5.55837e-05
-7.29005e-06
0.000945176
-3.00025e-06
0.000931821
1.24726e-05
0.00094563
-0.000489199
0.000476073
-0.000566435
0.000980531
4.49325e-05
-0.000664371
-0.000604446
0.00075461
-0.000543921
0.000813643
0.000459175
-0.000728897
-0.000112792
-0.000535211
0.000624716
-0.000483297
0.000633236
-0.000774655
0.000518195
0.000510163
-0.000522001
-0.000677961
1.22833e-05
0.000139658
-0.000575911
-3.22099e-05
-1.36541e-05
4.35394e-05
0.000953716
-3.42463e-06
0.000934947
-1.5287e-06
0.000929925
7.46427e-06
0.000936637
3.39736e-05
0.000954022
-0.00102407
5.87138e-05
0.000999335
-0.00101482
3.56777e-05
-0.00098961
1.71097e-05
-0.000930112
-3.48936e-05
-0.00085721
-6.93036e-05
-0.000801468
-9.79516e-05
-0.000769858
-0.000112313
-0.000753055
-0.00012665
-0.000742074
-0.000135654
-0.00073699
-0.00014106
-0.000735455
-0.000146825
-0.000732991
-0.000156384
-0.000726963
-0.000153996
-0.000711231
-0.000145905
-0.000679882
-0.000134914
-0.000614395
-0.000116954
-0.000572509
-6.24074e-05
-0.000545624
-2.21337e-05
-0.000526187
1.22312e-05
-0.000505948
4.2946e-05
-0.000498594
5.91368e-05
-0.000491124
5.64025e-05
-0.000496857
5.27407e-05
-0.000511224
4.66575e-05
-0.000526135
4.55825e-05
-0.000542579
4.85892e-05
-0.000557917
4.56429e-05
-0.000574734
3.30244e-05
8.22328e-06
-0.000586859
9.32652e-05
-7.24102e-05
-0.000627688
0.000606833
0.000727198
-0.000876513
0.00079024
-0.000640925
0.000500322
-0.00048037
0.000515569
0.000638616
7.54774e-05
6.42986e-05
0.00066072
0.000145605
-0.000167709
0.000658205
0.000148323
0.000641243
0.000133371
-0.00011641
0.000621372
0.000113136
0.000610946
0.000100747
-9.03204e-05
0.000608977
8.76357e-05
0.000579954
6.85862e-05
0.000558538
5.78704e-05
0.000543157
6.01733e-05
0.00053289
5.68763e-05
0.000525458
5.15574e-05
0.000522527
4.12099e-05
0.000515185
3.87134e-05
0.000514085
3.16655e-05
0.000522352
2.21987e-05
0.000540951
-1.66156e-06
0.000567033
-2.87861e-05
0.000611573
-7.04402e-05
0.000678066
-0.000125326
0.000706097
-0.000137074
0.000723008
-0.000152229
0.000727569
-0.000155607
0.000729471
-0.000154494
0.0007256
-0.000141374
0.000730932
-0.00013843
0.000742564
-0.000130992
0.000757953
-0.000120207
0.000788646
-0.000108973
0.000845636
-9.80618e-05
0.000923163
-6.74725e-05
0.000988139
-2.97757e-05
0.00102099
2.65281e-05
0.00102726
4.93197e-05
6.70484e-05
0.00100375
7.80209e-05
0.0015326
-0.00124623
-0.000364391
-0.000603152
0.000563497
-0.00100914
0.00102834
0.00035239
-0.000371593
-9.43454e-05
0.000891921
0.000103126
-0.000900702
-0.001611
-0.000239873
0.00056415
0.00128672
-0.000660865
-0.000487502
-8.8134e-05
-0.000600569
-0.00061045
-7.99329e-05
0.000617972
-0.000975152
0.0010018
3.20652e-05
-0.000920444
-1.90301e-05
-0.000841575
-6.17594e-05
-0.000791065
-8.54027e-05
-0.000758497
-0.000101872
-0.000738986
-0.000117463
-0.00072249
-0.000128808
-0.000719379
-0.00012976
-0.000725099
-0.000129934
-0.000731497
-0.000134663
-0.000737693
-0.000140629
-0.000747046
-0.000147031
-0.000747996
-0.000153047
-0.000741721
-0.00015218
-0.000733468
-0.000143167
-0.000721133
-0.000129289
-0.000673765
-0.000109775
-0.000614454
-8.14448e-05
-0.000574146
-2.80768e-05
-0.000541952
1.07518e-05
-0.00052485
4.20346e-05
-0.000516112
4.76651e-05
-0.000521564
5.81923e-05
-0.000532632
5.77252e-05
-0.000542362
5.53128e-05
-0.000555331
6.15578e-05
-0.000571038
6.13507e-05
-0.000586504
4.84904e-05
-0.00060999
3.1709e-05
-1.50276e-05
-0.000604041
-0.000558704
-0.000533001
0.000608408
-0.000246171
-0.000843311
0.000824608
0.000264874
0.000674545
0.000136176
-0.000735244
0.000671899
0.00014825
0.0006633
0.000156922
0.000647138
0.000149533
0.000631163
0.000129111
0.000617829
0.000114081
0.000605033
0.000100431
0.000586145
8.74738e-05
0.000566687
7.73288e-05
0.00055568
7.11804e-05
0.000547612
6.49444e-05
0.000542399
5.67699e-05
0.000535944
4.76653e-05
0.000536053
3.86035e-05
0.000546286
2.14333e-05
0.000573876
-5.39195e-06
0.000610743
-3.8701e-05
0.000676107
-9.41677e-05
0.000722618
-0.000116952
0.000733961
-0.000136669
0.000745494
-0.000148608
0.00075205
-0.000158785
0.000743902
-0.000147459
0.000730704
-0.000141295
0.000727951
-0.00013862
0.000720746
-0.000131226
0.000714619
-0.000124864
0.000718588
-0.000124177
0.000735148
-0.000125533
0.000752052
-0.000114966
0.000782539
-9.79593e-05
0.000838875
-8.61117e-05
0.0009197
-5.42965e-05
0.000984871
-1.58515e-05
0.00100626
4.56585e-05
-6.27766e-05
5.76507e-05
0.00101139
-3.07092e-05
0.000971681
-1.10958e-05
0.000934103
-2.18653e-06
0.000926038
-3.0563e-06
0.000930795
7.46682e-06
0.000926114
2.72493e-05
0.00093424
5.85056e-05
0.000968078
0.00100709
5.3219e-05
-0.00105941
-0.000410384
0.000460648
-8.31969e-05
0.000113829
-0.00142375
0.00139312
-0.000916691
0.000693972
-0.00126262
0.00148534
-0.000792373
-0.000471644
0.000701701
0.000756046
-0.000834879
-0.000479526
0.000326629
0.000930977
-0.000625504
4.85879e-07
-5.48614e-05
-0.000637314
-0.000498299
-0.000583012
0.000522607
-0.000631273
-0.000413147
0.000252048
-0.000833515
0.00049529
-0.000591531
0.000929755
0.000481675
0.000536842
0.000693062
-0.000704271
0.000147385
0.000673934
0.000167378
0.000663338
0.000167519
0.000650785
0.000162086
0.000636748
0.000143148
0.000623432
0.000127397
0.000609264
0.000114599
0.000595196
0.000101542
0.000583013
8.95122e-05
0.000575176
7.90179e-05
0.000567201
7.29192e-05
0.000562999
6.09721e-05
0.000567297
4.33667e-05
0.00058775
1.8151e-05
0.000623927
-1.47439e-05
0.000677857
-5.93222e-05
0.000732503
-9.33466e-05
0.000754193
-0.000115858
0.000769983
-0.000132741
0.000781411
-0.000148098
0.000774668
-0.000141864
0.000752424
-0.000136541
0.000739484
-0.000134519
0.000733487
-0.000135298
0.000727301
-0.000132434
0.00072318
-0.000127105
0.000725025
-0.000126709
0.000723
-0.000122152
0.000713643
-0.000116175
0.000711446
-0.00011277
0.000727159
-0.000113672
0.000740167
-9.912e-05
0.00077307
-8.71992e-05
0.000829831
-7.26133e-05
0.000917411
-4.19198e-05
0.000972581
2.44353e-06
-7.21232e-05
5.59824e-05
0.000988721
-5.04605e-05
0.000989724
-2.12378e-05
0.000942459
-1.27584e-05
0.000925624
-7.69046e-06
0.000920969
1.29591e-07
0.000922975
7.66012e-06
0.000918584
1.86763e-05
0.000923223
4.59683e-05
0.000940786
6.87987e-05
0.000984256
-0.000960712
0.000978996
5.05137e-05
-0.000908465
9.70639e-07
-0.000830913
-4.54859e-05
-0.000775802
-7.41403e-05
-0.000746652
-9.09096e-05
-0.000728623
-0.000103432
-0.000713447
-0.000117048
-0.000712058
-0.000118852
-0.000719821
-0.000121045
-0.000726607
-0.000122974
-0.000727992
-0.000128549
-0.000730269
-0.000132385
-0.000735507
-0.000135391
-0.000746519
-0.000136018
-0.000761393
-0.000138173
-0.000774336
-0.000139237
-0.00077294
-0.000144562
-0.000763102
-0.000139128
-0.000747764
-0.000125112
-0.000723779
-0.00010543
-0.000668753
-8.31034e-05
-0.000619251
-3.87496e-05
-0.000579872
2.65512e-06
-0.000556574
2.43675e-05
-0.000552736
5.43536e-05
-0.000554578
5.9568e-05
-0.000564656
6.53904e-05
-0.000576122
7.30234e-05
-0.000588681
7.39097e-05
-0.00060905
6.886e-05
4.81343e-05
-0.000625476
-0.000587009
-0.000556103
0.000610111
-3.26555e-05
-0.00064771
-0.000724663
-5.76519e-05
0.000145001
-6.54463e-05
-0.000494291
-0.000635281
0.000718546
-0.000663931
-0.000467763
0.000689525
-0.000442624
-0.000402368
0.000604392
-0.000764031
-0.00033198
0.00084984
0.000128739
-1.93663e-05
0.000731072
0.000121716
-0.000724049
0.000701006
0.00017745
0.000679491
0.000188893
0.000663127
0.000183882
0.000654275
0.000170938
0.000642546
0.000154877
0.000632486
0.000137457
0.000620697
0.000126388
0.000612995
0.000109244
0.000601784
0.000100723
0.000593254
8.75481e-05
0.000596158
7.00154e-05
0.000611811
4.53193e-05
0.00064691
8.26699e-06
0.000693495
-2.84334e-05
0.000749129
-7.03781e-05
0.000780051
-9.02446e-05
0.000796021
-0.000109316
0.000811605
-0.000131442
0.00080741
-0.000128547
0.000784651
-0.000125338
0.000768671
-0.000125885
0.000757899
-0.000125769
0.000748682
-0.000125302
0.000739284
-0.000125901
0.000730068
-0.000123218
0.000727288
-0.000124325
0.000724523
-0.000123944
0.000721036
-0.000118665
0.000717493
-0.000112633
0.000713108
-0.000108385
0.000702295
-0.000102858
0.000704921
-0.000101746
0.000713774
-9.60517e-05
0.000726988
-8.58275e-05
0.000760847
-7.57792e-05
0.000821973
-5.8648e-05
0.00090865
-3.06916e-05
-6.2676e-05
0.00095858
1.27465e-05
-6.47297e-05
0.000990775
-3.56213e-05
0.000960615
-1.90486e-05
0.000925886
-7.46841e-06
0.000914043
-3.34006e-06
0.000916841
2.88502e-06
0.00091675
6.85387e-06
0.000914615
1.67002e-05
0.000913377
3.31385e-05
0.000924348
6.43365e-05
0.000953057
6.34107e-05
0.00097992
-0.000896976
0.000943443
1.69399e-05
-0.000817094
-2.9369e-05
-0.000757118
-5.90049e-05
-0.000724641
-7.79633e-05
-0.000709216
-8.95654e-05
-0.000701311
-9.88143e-05
-0.000700164
-0.000104579
-0.000708349
-0.000108862
-0.000715983
-0.000111218
-0.000720699
-0.00011633
-0.000721599
-0.000122074
-0.000726726
-0.000123422
-0.000733101
-0.00012601
-0.00074114
-0.000127352
-0.000750041
-0.000127118
-0.000760505
-0.000127709
-0.000771938
-0.000127805
-0.000791326
-0.000125174
-0.000803281
-0.000127172
-0.00079966
-0.000128734
-0.00078518
-0.000119909
-0.000768649
-9.96349e-05
-0.000731227
-7.61711e-05
-0.000677358
-5.12143e-05
-0.000637009
-1.59817e-05
-0.000607209
2.45538e-05
-0.000595926
4.82855e-05
-0.000594233
6.3697e-05
-0.0006006
7.93907e-05
-0.000613432
8.67414e-05
-0.000627934
8.33619e-05
6.88512e-05
-0.00064865
-0.000642349
1.73595e-05
-0.000558592
-0.000611429
-0.000570325
-0.000624934
0.000639156
0.000672736
0.00136133
-0.00133037
-0.000703697
-0.00065548
-1.95245e-05
-0.000697778
-0.000270038
0.000124506
-0.00073083
-0.000369316
-0.000719092
-0.000454362
1.63773e-05
-0.000240365
-0.000500675
-0.000275473
-0.000563996
2.82059e-05
-0.00066356
-4.18014e-05
-0.000517421
-0.0006408
-0.000653237
-0.000533618
-6.8524e-05
6.0009e-05
0.000967094
-5.10703e-05
0.000973321
-2.67604e-05
0.000936307
-1.49889e-05
0.000914115
-9.73136e-06
0.000908786
-1.43743e-06
0.000908547
5.63924e-06
0.000909673
1.24094e-05
0.000907845
1.69331e-05
0.000908853
2.85488e-05
0.000912732
5.29957e-05
0.000928609
7.09895e-05
0.000961923
6.02536e-05
0.000954183
-0.000820543
-1.42615e-05
0.000895017
-0.000754623
-4.89946e-05
-0.000717452
-6.65501e-05
-0.000697392
-7.90662e-05
-0.000689189
-8.6168e-05
-0.000686762
-9.19915e-05
-0.000688765
-9.68119e-05
-0.000694503
-9.88419e-05
-0.000701827
-0.000101537
-0.000707522
-0.000105523
-0.000713639
-0.000110213
-0.000721901
-0.000113812
-0.000729081
-0.000116242
-0.000738623
-0.000116468
-0.000748328
-0.000117648
-0.000757253
-0.000118192
-0.00076809
-0.000116872
-0.000779825
-0.00011607
-0.000790034
-0.000114965
-0.000804397
-0.000112809
-0.000823655
-0.000109476
-0.000835615
-0.000107948
-0.000829538
-0.000105712
-0.000811677
-9.40324e-05
-0.000791859
-7.1032e-05
-0.000752857
-5.49844e-05
-0.000712914
-1.53891e-05
-0.0006668
2.17151e-06
-0.000645474
4.23718e-05
-0.000633578
6.74939e-05
-0.000636071
8.92346e-05
-0.000651975
9.92656e-05
9.7905e-05
-0.000681029
3.75517e-05
-0.000668843
0.000543463
-0.000442233
-0.0005816
-0.000522753
-0.00067112
0.00076571
-0.000178607
0.000190216
-0.000777319
0.00155887
-3.31967e-06
-0.0015184
-3.71447e-05
0.000696885
0.000212677
-0.000732112
0.000680064
0.000205714
0.000670207
0.000193739
0.000662684
0.000178461
0.000653546
0.000164016
0.000648353
0.00014265
0.000640071
0.000134669
0.000629453
0.000119862
0.000631074
9.91027e-05
0.00064619
7.24318e-05
0.000679726
3.64795e-05
0.000730072
-5.02605e-06
0.000778855
-4.0516e-05
0.000814741
-6.43195e-05
0.000829524
-8.51616e-05
0.000845426
-0.000106147
0.000844052
-0.000107942
0.000820004
-0.000107394
0.000801848
-0.00011039
0.000789463
-0.000112953
0.000777804
-0.000114226
0.000767417
-0.000115381
0.000758419
-0.000116305
0.000749378
-0.00011686
0.000742555
-0.000116394
0.000732935
-0.000114705
0.000724568
-0.000115577
0.000716711
-0.000110809
0.00071254
-0.000108461
0.000706977
-0.000102822
0.00070237
-9.82511e-05
0.000697236
-9.66128e-05
0.000692701
-9.15162e-05
0.000694982
-8.8109e-05
0.000704202
-8.49988e-05
0.000723557
-7.80029e-05
0.000759846
-6.69804e-05
0.000822778
-5.01857e-05
0.000904163
-2.13761e-05
-0.00057588
-0.000665292
0.000670846
-0.000610286
-0.000626077
0.00123298
-6.05064e-05
0.000101559
-0.00127404
-0.000582265
-6.49175e-05
-0.000468958
-0.000653163
-4.41188e-05
-0.000711935
0.000760485
-6.28303e-05
-0.000687418
-7.35118e-05
-0.000673399
-8.05705e-05
-0.000668322
-8.41434e-05
-0.0006668
-8.76903e-05
-0.00067032
-8.84713e-05
-0.000676165
-9.09666e-05
-0.000682345
-9.26617e-05
-0.000689452
-9.44309e-05
-0.00069665
-9.83247e-05
-0.000707031
-9.98324e-05
-0.000718136
-0.000102706
-0.000730103
-0.000104275
-0.00074109
-0.000105481
-0.000753186
-0.000105552
-0.000765012
-0.000106365
-0.000775733
-0.000106151
-0.000786974
-0.000104829
-0.000798921
-0.000103018
-0.000811248
-0.000100482
-0.000823101
-9.76234e-05
-0.000836889
-9.41606e-05
-0.00085493
-8.76712e-05
-0.00086635
-8.26115e-05
-0.000859966
-7.7416e-05
-0.000848917
-6.60337e-05
-0.000820742
-4.35646e-05
-0.000787691
-3.08811e-05
-0.000744189
-1.21324e-06
-0.000708519
3.18238e-05
-0.000683022
6.37386e-05
-0.000679179
9.54225e-05
-0.000702483
0.000121209
6.75847e-05
-0.000711062
0.000491684
-0.000404641
0.000456421
-0.000702756
-0.000460797
-6.35187e-05
1.97699e-05
0.000947912
-6.42802e-05
0.000967855
-3.83714e-05
0.000947414
-2.0632e-05
0.000918565
-1.45679e-05
0.00090805
-1.12197e-05
0.000905438
-3.65305e-06
0.000900981
8.17039e-06
0.00089785
1.39769e-05
0.000902038
1.93013e-05
0.000903529
2.63833e-05
0.000905649
3.97438e-05
0.000915248
6.36856e-05
0.000937976
6.41445e-05
0.000953727
2.73158e-05
0.000932092
-5.19219e-05
0.000839669
0.00065997
-0.000445191
-0.000657012
0.000754402
-0.000531974
0.000738773
-0.000438733
0.0007307
-0.000361243
-0.000303369
-0.000473484
0.000457404
0.000497756
-0.000188312
-0.000736521
-0.000497374
0.000476788
-2.18251e-06
2.27686e-05
-0.000298569
-0.000788607
0.000831374
0.000683183
0.000207539
-0.000678045
0.000683641
0.000205256
0.000681815
0.000195565
0.000681327
0.000178949
0.000679514
0.000165829
0.00066832
0.000153844
0.000672654
0.000130336
0.000692152
0.000100363
0.000727697
6.35583e-05
0.000775271
2.48576e-05
0.000822597
-1.08463e-05
0.000854334
-3.67637e-05
0.000872091
-5.82724e-05
0.000883385
-7.56135e-05
0.000878729
-8.05053e-05
0.000855832
-8.32508e-05
0.000837659
-8.97683e-05
0.000824802
-9.45376e-05
0.000812292
-9.78797e-05
0.000800268
-0.000100929
0.000789356
-0.000103314
0.000778896
-0.000104921
0.000768376
-0.000105785
0.000757482
-0.000105966
0.00074652
-0.000105432
0.000736159
-0.000104344
0.000723923
-0.000103341
0.000714048
-0.000100935
0.000703772
-9.81845e-05
0.000696715
-9.57656e-05
0.000692068
-9.36038e-05
0.000683516
-8.80611e-05
0.000679951
-8.7951e-05
0.000678559
-8.67167e-05
0.000679407
-8.58469e-05
0.000683439
-8.2035e-05
0.000696102
-7.96435e-05
0.000720516
-7.45999e-05
0.000763499
-6.43587e-05
0.000836039
-5.27696e-05
8.74381e-05
0.00123694
-9.1392e-05
-2.24369e-05
-0.00066593
-0.000380162
0.000198019
-0.000572626
-0.000715595
0.000712341
-0.000567883
-0.000713523
-0.00062215
-0.000669219
-0.00129053
-0.000161009
0.00139103
0.00148644
-1.79188e-05
-0.0013905
0.000529829
-4.30124e-05
-0.000675068
0.000173074
-0.000807973
0.000518623
0.000382944
-0.000403812
-0.000431157
-0.00110841
0.000480157
0.000480502
-0.000661498
-0.000568943
0.000749939
-8.33959e-06
-0.0014741
-0.000101315
0.00158376
-0.000678484
0.000706744
-8.01882e-05
-0.000656497
-8.4822e-05
-0.000646261
-8.37478e-05
-0.000641287
-8.55448e-05
-0.000640671
-8.47591e-05
-0.000643829
-8.45324e-05
-0.000647538
-8.47621e-05
-0.000654141
-8.43638e-05
-0.000662172
-8.46303e-05
-0.00067087
-8.57334e-05
-0.00068275
-8.64442e-05
-0.000694719
-8.78641e-05
-0.000708163
-8.92624e-05
-0.000721976
-9.04609e-05
-0.000736157
-9.13011e-05
-0.000749829
-9.18799e-05
-0.00076383
-9.23639e-05
-0.000777625
-9.23566e-05
-0.000790782
-9.16729e-05
-0.000803367
-9.04326e-05
-0.000816028
-8.78213e-05
-0.000828599
-8.50517e-05
-0.00084154
-8.12194e-05
-0.000852634
-7.65771e-05
-0.000863625
-7.16211e-05
-0.000877059
-6.39824e-05
-0.000889091
-5.40004e-05
-0.000891153
-4.1506e-05
-0.000882439
-3.95892e-05
-0.000870053
-1.35161e-05
-0.000842537
4.30539e-06
-0.000810995
3.21966e-05
-0.000783786
6.82141e-05
-0.000764742
0.000102165
0.000152046
-0.000743714
0.000628607
-0.000373278
-0.00102702
0.000905157
-0.000505827
0.000709713
-0.000519292
-0.00121745
-5.38565e-05
-2.03967e-05
0.000910292
-5.85763e-05
0.000952632
-4.77231e-05
0.000957002
-2.86626e-05
0.00092835
-1.98947e-05
0.000909801
-1.49943e-05
0.00090315
-7.81188e-06
0.000898255
7.77448e-07
0.000892391
7.76801e-06
0.000890859
1.59074e-05
0.000893898
2.10295e-05
0.000898406
2.42741e-05
0.000902405
3.25156e-05
0.000907009
4.91975e-05
0.000921301
5.96001e-05
0.000943333
4.9804e-05
0.000941944
-1.20106e-05
0.000901374
-8.21591e-05
0.000776889
-0.000484614
0.000777706
-0.000514715
0.000748188
-0.000409215
0.000722114
-0.000335168
0.000694331
-0.000275587
-0.000324256
0.000686607
-1.12331e-05
-4.08976e-05
0.000700766
-0.000807083
0.000699089
0.000217907
-0.000689866
-0.00022713
0.000702784
0.000203843
0.000709653
0.000198387
0.000709346
0.000195872
0.000709715
0.00017858
0.000719744
0.0001558
0.000749751
0.000123837
0.000787226
9.28607e-05
0.000831933
5.56557e-05
0.000872232
2.32593e-05
0.000902247
-5.15707e-06
0.00091605
-2.46492e-05
0.000919152
-3.98657e-05
0.00090969
-4.88108e-05
0.000889071
-5.4995e-05
0.000872986
-6.44196e-05
0.000860626
-7.08911e-05
0.00084737
-7.65122e-05
0.000834359
-8.1527e-05
0.00082198
-8.55002e-05
0.000809553
-8.8503e-05
0.000796839
-9.05994e-05
0.000783685
-9.17671e-05
0.000770199
-9.22987e-05
0.000756414
-9.21811e-05
0.000742692
-9.17101e-05
0.000729186
-9.08382e-05
0.000715648
-8.98026e-05
0.000702929
-8.82158e-05
0.000691451
-8.67063e-05
0.000680537
-8.48514e-05
0.000669537
-8.26044e-05
0.000663555
-8.20785e-05
0.000657893
-8.22896e-05
0.000654077
-8.28997e-05
0.00065007
-8.18404e-05
0.000651077
-8.30415e-05
0.000656304
-8.48709e-05
0.000663439
-8.17342e-05
0.000683186
-8.41057e-05
0.000708744
-7.83278e-05
0.000770094
-8.17464e-05
0.000689937
-0.000444134
-0.000690994
-3.3294e-05
-0.000700204
0.00063617
-0.000716596
-0.000737459
0.000729362
-0.000493619
0.000501717
-0.000740514
-0.000525419
0.000528474
-0.000560545
-0.000752595
-0.000665888
-4.41617e-05
-0.000775349
-0.000720952
-0.000616793
-0.000702441
-0.000680301
0.00156804
-0.00153156
-4.48204e-05
0.000776993
-0.000570019
0.000443906
-0.00065088
-0.00156066
0.00139964
-7.8861e-05
0.000479822
-0.000331999
0.000777476
-3.1105e-05
-0.000283449
0.000631956
0.0002801
0.00126904
-0.00124816
8.06708e-05
8.95291e-05
0.00126695
0.000841894
8.76278e-05
0.00087595
6.81093e-05
0.00090208
4.20832e-05
0.000915995
1.82819e-05
0.000921136
-8.35092e-07
0.000917817
-1.01973e-05
0.000897748
-1.95204e-05
0.000888356
-3.21141e-05
0.000876517
-4.21606e-05
0.000864137
-5.16027e-05
0.000851148
-5.86317e-05
0.0008379
-6.33299e-05
0.000824152
-6.74711e-05
0.000809872
-7.0772e-05
0.000795383
-7.33319e-05
0.000779987
-7.50367e-05
0.000764457
-7.61431e-05
0.00074847
-7.63694e-05
0.000732683
-7.65769e-05
0.000717106
-7.6303e-05
0.000701583
-7.57775e-05
0.000686544
-7.54224e-05
0.000671907
-7.46248e-05
0.000658085
-7.4042e-05
0.000645442
-7.38014e-05
0.000633837
-7.41288e-05
0.000624272
-7.50652e-05
0.000616314
-7.64058e-05
0.000609268
-7.77161e-05
0.000603476
-7.87405e-05
0.00059976
-8.10431e-05
0.00059725
-8.30346e-05
0.000599507
-8.60048e-05
0.000607677
-9.29935e-05
0.000621524
-9.40357e-05
0.00063336
-9.39997e-05
9.23755e-05
0.00125137
-0.000106812
-3.11036e-06
-5.81633e-05
0.000831368
-3.80411e-05
0.000945223
-4.65117e-05
0.000961102
-3.23479e-05
0.000942841
-2.13093e-05
0.000917315
-1.57068e-05
0.000904189
-9.99684e-06
0.00089744
-4.54344e-06
0.000892802
1.02388e-06
0.000886824
8.71928e-06
0.000883164
1.55305e-05
0.000887087
1.92518e-05
0.000894685
2.19496e-05
0.000899708
2.70369e-05
0.000901924
3.53304e-05
0.00091302
4.52959e-05
0.000933384
3.8948e-05
0.000948341
2.53749e-06
0.000937768
-4.83148e-05
0.00082774
-7.40413e-05
0.000659072
0.00068574
-0.000369081
-0.00011009
-0.000731177
-0.000454559
0.000712327
0.000471593
0.000364813
0.00143097
-0.00110205
-0.000693733
0.000245492
-0.00117121
0.000144849
-0.00117339
9.373e-05
-0.00119704
0.00123801
5.03535e-05
-0.00119463
0.00124735
7.13341e-05
0.00125448
8.23955e-05
-0.000130697
0.000179185
0.00120599
0.000878485
-0.000411344
6.02823e-05
0.00120845
-0.00118781
-8.09193e-05
0.000395819
0.000761758
-0.000380584
0.000385534
0.000823667
-0.000923281
-0.000285919
0.000843859
-0.000758569
-0.0004756
0.00074055
-0.000768907
-0.000515082
-0.000546912
-0.00078254
-5.41118e-05
-0.000654788
0.000687759
-0.000429784
-0.000702109
8.83303e-05
-2.98305e-05
0.00081641
-0.000425968
0.000762745
-0.00035555
0.000724774
-0.000297198
0.000731941
-0.000282753
-0.00029069
0.000698375
-0.0005353
0.000809404
0.000412503
0.000374176
-0.000231977
-0.00059153
0.00044933
0.000727838
0.000259624
-0.000278416
-0.000709047
0.000727343
0.000218403
0.000729673
0.000201513
0.000743611
0.000184449
0.000773537
0.000165946
0.000811588
0.00014053
0.000854327
0.000113061
0.000890714
8.74492e-05
0.000920313
6.32614e-05
0.000937738
3.8231e-05
0.000945784
1.52134e-05
0.000941945
-1.3184e-06
0.000930404
-1.3108e-05
0.00091456
-2.40211e-05
0.0009013
-3.55509e-05
0.000890107
-4.38027e-05
0.00087669
-5.10022e-05
0.000863339
-5.75398e-05
0.000849713
-6.28868e-05
0.000835545
-6.73583e-05
0.000820498
-7.04532e-05
0.000804854
-7.28594e-05
0.000788987
-7.47323e-05
0.000772763
-7.55429e-05
0.000756706
-7.62416e-05
0.000740484
-7.59593e-05
0.000724711
-7.59376e-05
0.000709239
-7.53662e-05
0.000694284
-7.48473e-05
0.000679604
-7.35359e-05
0.000666359
-7.34612e-05
0.000653834
-7.23258e-05
0.000643231
-7.20017e-05
0.000634066
-7.29132e-05
0.000625864
-7.40882e-05
0.00061773
-7.47651e-05
0.00061189
-7.60002e-05
0.000608267
-7.94187e-05
0.00060421
-8.08146e-05
0.000606388
-8.39122e-05
0.000613491
-9.12086e-05
0.000629422
-9.42581e-05
0.000640006
-9.23307e-05
0.000668996
-8.71527e-05
0.000774267
0.000464836
-0.000795197
0.000748186
0.0004219
-0.000334737
0.000381484
0.000701439
-0.00141137
0.000134968
0.00144393
-0.000167534
0.000678165
-0.000251144
-6.10855e-05
-0.000683281
-6.53445e-05
0.00142946
5.27698e-05
0.000348273
0.000622196
-0.000292304
0.000164781
0.00129828
-0.00028199
-0.00118107
-0.000747423
-0.00067597
-0.000754884
-0.000605198
-0.00076419
0.000450534
-0.000775096
0.000746461
0.000768382
-0.000487835
-0.000795629
0.000743316
0.00122863
-0.000798094
0.00151488
0.000121982
-6.88139e-05
-0.00132164
0.000264346
0.00123648
0.000840008
-0.000720537
-0.000995983
-0.000784366
-0.000232176
0.000765399
-0.00032109
-0.00130933
7.00828e-05
-0.00129665
5.86527e-05
-0.00125234
6.04722e-06
0.00090197
7.75788e-05
0.0009116
5.84799e-05
0.000914108
3.95754e-05
0.000910263
2.21265e-05
0.00090121
8.21838e-06
0.00089497
-3.95802e-06
0.000885515
-1.00648e-05
0.000875951
-2.25499e-05
0.000861637
-2.78473e-05
0.00084666
-3.66254e-05
0.000830383
-4.23547e-05
0.000815153
-4.80998e-05
0.000798938
-5.12558e-05
0.000782579
-5.44131e-05
0.000765725
-5.64787e-05
0.000748583
-5.78944e-05
0.000731495
-5.90547e-05
0.000714505
-5.93798e-05
0.000697682
-5.97535e-05
0.000681215
-5.98358e-05
0.000665039
-5.96015e-05
0.00064926
-5.96439e-05
0.000634174
-5.95385e-05
0.000619905
-5.97733e-05
0.000606439
-6.03351e-05
0.000594141
-6.18317e-05
0.000583161
-6.40844e-05
0.000572922
-6.61672e-05
0.000563351
-6.8145e-05
0.000555044
-7.04334e-05
0.000546513
-7.25117e-05
0.000539491
-7.60131e-05
0.000535973
-8.24865e-05
0.000531007
-8.80268e-05
0.00052579
-8.88195e-05
0.000515874
-8.40854e-05
0.000507145
-6.53154e-05
-0.000721948
-0.000255007
0.000686265
-0.000755335
-0.000249367
-0.00078097
-0.000271563
-0.000849158
-0.000287361
-0.000936244
-0.000338882
-0.00104762
-0.000394446
-0.00128815
0.00088398
0.000968316
-0.000264117
0.000666409
-0.000735502
0.000774819
-0.000432832
0.000718824
0.00040984
0.000718105
-6.26943e-05
0.00123023
3.84537e-05
7.09257e-05
0.00124073
0.000476682
-0.00086979
-0.000402088
-0.00052043
-0.000822111
0.000666985
-0.000219811
0.000153633
-0.000600807
2.03112e-05
-0.00133519
3.58071e-05
-0.000613853
0.000709831
-0.000391153
0.000323964
-0.000227784
-0.0011543
0.00105812
-0.00135829
-5.01701e-06
0.00126199
-0.000417218
-0.0011497
2.60501e-05
-4.36863e-05
0.000686632
-8.55035e-06
0.000865968
-2.49534e-05
0.000961626
-2.59233e-05
0.00096207
-1.7992e-05
0.0009349
-1.33259e-05
0.000912661
-9.53204e-06
0.000900386
-6.19635e-06
0.000894104
-2.87427e-06
0.00088948
3.2571e-06
0.000880693
8.93729e-06
0.000877484
1.3718e-05
0.000882307
1.70846e-05
0.000891319
1.97249e-05
0.000897069
1.99152e-05
0.000901737
2.252e-05
0.000910427
2.78806e-05
0.000928029
2.42212e-05
0.000952039
1.0661e-05
0.000951315
-1.48556e-05
0.000853264
-3.10556e-05
0.000675265
-2.90956e-05
0.000505181
0.000294894
-0.00107298
0.000209107
-0.00108542
0.000142789
-0.00110707
8.55795e-05
-0.00113983
3.35607e-05
-0.00114262
-8.74332e-06
-0.00121003
-0.0014365
8.53407e-05
-8.81118e-05
-0.00070415
-0.00041788
0.000700423
0.000369425
0.000680288
-0.00040606
0.000633016
0.00039524
-0.000760189
0.000921486
0.000319205
0.000105324
0.00131439
-0.00127493
7.49345e-05
0.00129829
-0.000780433
-0.000721874
-0.0016669
0.000354559
-0.00105514
0.00105297
-0.000585237
-0.000802502
0.00134112
7.09928e-05
-0.00066534
-7.20522e-05
0.000332085
-0.000557488
-0.00127209
-0.000201926
-0.000659523
-0.000780637
0.000604101
-0.000319633
0.000187631
-0.000472099
0.000675593
0.000197236
-0.000268728
0.000744268
0.000190949
0.000787329
0.000175342
0.000826003
0.000162839
0.000860372
0.000150079
0.00089024
0.000136078
0.000913275
0.000117495
0.000928686
9.76505e-05
0.000939541
7.65941e-05
0.000945171
5.76316e-05
0.000941933
4.1469e-05
0.000932193
2.4954e-05
0.000921046
9.8283e-06
0.000910899
-2.96097e-06
0.000901225
-1.43471e-05
0.000889
-2.33259e-05
0.000875722
-3.05252e-05
0.000861208
-3.64877e-05
0.000845358
-4.16897e-05
0.000828719
-4.62478e-05
0.000811323
-4.99627e-05
0.000793686
-5.28161e-05
0.000775957
-5.51307e-05
0.000757676
-5.6451e-05
0.000739783
-5.76498e-05
0.000721743
-5.82021e-05
0.000704623
-5.88386e-05
0.000687859
-5.91739e-05
0.000671425
-5.89326e-05
0.000655275
-5.86967e-05
0.000640442
-5.8703e-05
0.000625533
-5.85524e-05
0.000612159
-5.89513e-05
0.000600193
-6.00365e-05
0.000589379
-6.2099e-05
0.000579426
-6.41354e-05
0.000570821
-6.61601e-05
0.000563421
-6.85996e-05
0.000554184
-7.01816e-05
0.000547965
-7.45957e-05
0.000542523
-7.847e-05
0.000537578
-8.62636e-05
0.000533497
-9.01771e-05
0.000528281
-8.71144e-05
0.000516322
-7.5194e-05
-4.02279e-05
0.000512864
0.00187486
-0.000645073
-4.41818e-05
-0.0011856
0.00103989
0.000351572
-0.00108807
-0.000303387
0.00020292
0.000919206
0.000720324
0.00123686
-0.000841842
-7.49524e-05
0.000132178
-7.64976e-05
0.00066036
-0.000716041
0.000501623
0.000818416
-0.000372702
0.000214212
-0.000641493
0.000612619
0.000252918
-0.000224045
-0.000673686
-0.000222814
-0.000712658
-0.000210394
-0.00076259
-0.000221632
-0.000819018
-0.000230934
-0.000899705
-0.000258194
-0.000999107
-0.000295044
-0.0010935
-0.000322824
-0.000385151
0.000406424
-0.00117097
-0.00112844
-0.000350216
-0.000677166
-1.27044e-05
-7.03189e-05
-0.00041929
0.000486325
-0.000473095
5.49202e-05
0.000687958
-0.000510729
0.000565272
0.000844404
-3.52477e-05
6.93285e-05
0.000860966
8.65641e-05
0.000865192
7.33532e-05
0.000863948
5.97236e-05
0.000859073
4.44511e-05
0.000853702
2.74977e-05
0.000849164
1.27559e-05
0.000840253
4.95338e-06
0.000832258
-2.06976e-06
0.000819703
-9.99578e-06
0.000807055
-1.51993e-05
0.000791776
-2.13464e-05
0.000775656
-2.62343e-05
0.000758551
-3.09948e-05
0.000741735
-3.44394e-05
0.000724595
-3.72737e-05
0.000707412
-3.92955e-05
0.000690266
-4.07489e-05
0.000673088
-4.18767e-05
0.000656444
-4.2735e-05
0.00063984
-4.31503e-05
0.000623746
-4.37416e-05
0.000608099
-4.39545e-05
0.00059274
-4.42845e-05
0.000578033
-4.48315e-05
0.000563945
-4.56861e-05
0.00055068
-4.70698e-05
0.000537998
-4.91492e-05
0.000525556
-5.16427e-05
0.000513171
-5.37819e-05
0.000500946
-5.59201e-05
0.000488632
-5.81191e-05
0.000476706
-6.05862e-05
0.000465146
-6.44526e-05
0.000453594
-7.09343e-05
0.000437195
-7.16276e-05
0.000417103
-6.87277e-05
0.000395254
-6.22365e-05
0.000376047
-4.61098e-05
0.000366769
-1.98183e-05
-0.00141339
4.69717e-05
-0.00138358
2.88403e-05
-0.00137475
-2.77807e-06
-0.00134248
-4.1013e-05
-0.00161638
0.000167419
0.000850657
-0.000728394
-0.00021795
0.000527054
-0.000745869
-0.000214702
-0.000243293
0.00102033
-0.000411602
-0.000974802
-0.000320072
-0.000364853
-0.000217801
0.000349576
-0.000116731
0.000124381
-0.000722772
-0.000103492
-0.000720122
-0.000400467
0.00070141
0.000385926
0.000701604
-0.000419575
0.000677093
0.000375498
-0.000756288
0.000192355
0.000696112
2.26807e-05
0.00131288
2.74592e-05
0.0012882
0.000318106
-0.00112913
-0.000747508
0.000673369
-0.000413358
0.00143373
9.43494e-05
-0.00017532
0.000618963
0.00159004
-0.000130814
-2.54899e-05
0.00123256
0.000506606
-0.000149132
0.000476193
-0.000991425
-0.000551504
-0.000855844
0.00139721
3.8255e-05
6.67811e-05
-0.000642742
-8.93795e-05
0.000634058
0.000134991
4.93657e-05
-0.00068191
0.000256758
-0.00021411
0.000639262
0.000602679
-0.00053593
-0.00114097
0.00107009
0.000145789
-7.49135e-05
-5.72017e-05
0.000315876
0.00134253
8.06902e-06
-0.000347654
0.000365143
-0.000475003
-0.00116223
0.000237808
-0.00102697
0.000188134
-0.0010233
0.000141828
-0.00103911
9.99542e-05
-0.0010652
5.11526e-05
-0.00109103
2.41476e-06
-0.00109388
-9.50923e-05
-0.00111253
-0.00018464
-0.00125293
0.000690477
-0.000381206
-0.000685698
-9.05045e-05
-0.000821474
-0.00064055
-0.000692685
-0.000809826
0.00133664
3.05244e-05
0.0003363
0.00137316
-0.000427862
-0.0012816
0.000192484
-0.000531205
0.000540505
-0.000201784
0.000568921
9.54976e-05
0.000649559
0.000116599
0.000706182
0.000134325
0.00074408
0.000137444
0.0007782
0.000128719
0.000807533
0.000120746
0.000832322
0.000111288
0.000850835
9.89828e-05
0.000863114
8.53708e-05
0.000868486
7.12229e-05
0.000869755
5.63618e-05
0.000869847
4.13773e-05
0.000867255
2.75457e-05
0.000862008
1.50755e-05
0.000853323
5.72416e-06
0.000841535
-2.5592e-06
0.000827608
-9.39888e-06
0.000812602
-1.55192e-05
0.00079702
-2.0905e-05
0.000780877
-2.55466e-05
0.000764069
-2.94404e-05
0.000746785
-3.26788e-05
0.000729257
-3.52876e-05
0.000711476
-3.73499e-05
0.000694074
-3.90491e-05
0.000676621
-4.0197e-05
0.000659717
-4.12977e-05
0.000642828
-4.19499e-05
0.000626312
-4.26579e-05
0.000610592
-4.32124e-05
0.000595356
-4.34605e-05
0.000580589
-4.39359e-05
0.000566663
-4.4627e-05
0.000553535
-4.5823e-05
0.000541187
-4.76886e-05
0.000529276
-5.01877e-05
0.000517568
-5.24274e-05
0.000506046
-5.46383e-05
0.000494256
-5.68097e-05
0.000483102
-5.90275e-05
0.000470079
-6.15725e-05
0.000461447
-6.98377e-05
0.000447506
-7.23224e-05
0.000428054
-7.07253e-05
0.000406131
-6.51908e-05
0.000384057
-5.31208e-05
0.000371772
-2.79422e-05
4.52062e-06
-1.64425e-06
0.000368895
7.58258e-07
0.000516626
-8.86223e-06
0.000696252
-1.23156e-05
0.000869422
-7.89062e-06
0.000957201
-4.10697e-06
0.000958285
-2.28046e-06
0.000933063
-2.50209e-06
0.00091291
-3.09693e-06
0.00090097
-2.19661e-06
0.000893203
1.46116e-06
0.000885823
4.53649e-06
0.000877618
7.57801e-06
0.000874442
1.09738e-05
0.000878911
1.38688e-05
0.000888425
1.50872e-05
0.000895852
1.32929e-05
0.000903535
1.0906e-05
0.000912826
9.3999e-06
0.000929539
1.18846e-05
0.00094958
2.23947e-05
0.000940797
2.42263e-05
0.000851439
1.37303e-05
0.000685755
5.96018e-06
0.000512949
0.000367167
5.5615e-06
0.000375411
0.000700117
3.62158e-05
0.00133307
0.000410386
-0.000386758
-0.00115207
0.000417267
-0.00117785
-0.00108511
0.000490625
-0.000498676
0.000390068
-8.12232e-06
0.00151307
-0.00112584
-0.000862229
0.00144714
-0.00143942
-2.56318e-05
0.000576055
-0.000490823
0.000433391
-0.0006186
3.05927e-05
-0.000547122
-0.000175599
-0.000581226
-0.00018871
-0.000622357
-0.000169262
-0.000681675
-0.000162313
-0.000739169
-0.00017344
-0.000806817
-0.000190547
-0.000892418
-0.000209443
-0.000971832
-0.00024341
-0.00103636
-0.000285692
-0.00106746
-0.000355649
0.00103232
0.000433669
-0.000622939
-0.000843049
-0.000428713
-0.00114394
0.000420587
-0.000463859
-0.000713432
0.000705783
0.000312691
-0.000391886
0.001287
-0.00109315
5.37323e-05
0.00135752
0.00164942
0.000359824
0.000475729
-0.000917153
-3.26959e-05
0.00140442
-0.000111668
0.000102984
0.00123279
5.25419e-05
-0.000681752
-0.000196804
0.000196646
0.000906239
-0.000928411
-0.000342681
0.000831315
-0.000245147
0.000748393
-0.000202998
0.00068635
-0.00018125
0.000632153
-0.000160505
0.00055231
-0.000138106
-0.000128646
0.000672081
8.8753e-06
0.000487923
-0.000129001
-0.000554255
0.000195332
-7.93607e-05
-0.000158877
-0.00157237
4.13282e-05
-0.00153316
7.76042e-06
-0.00152279
1.84692e-05
-0.00151036
-1.52029e-05
-0.0015029
-4.84718e-05
-0.00150788
-0.000179661
0.000674454
-0.00035668
-0.000665555
-0.000109522
0.000646779
-0.000859488
0.00062817
-0.000693814
-0.000820345
0.000564664
-0.00139338
-0.000401383
0.0012301
0.000527043
-0.00108822
0.000325184
-0.00096037
0.000234246
-0.000936031
0.00016623
-0.000955288
0.000122332
-0.000995216
7.05113e-05
-0.00101338
1.70891e-05
-0.0010376
-4.53093e-05
-0.00103148
-0.000124482
-0.00103336
-0.000267768
-0.00110965
-0.000383415
-0.00139223
0.0010978
-0.000421291
0.000696648
0.00131996
2.47495e-05
-0.000667514
0.000262774
0.000580774
0.000844888
-0.000643467
0.000559546
-0.000540162
0.000374086
1.37993e-05
0.000422725
4.68582e-05
0.000470542
6.87815e-05
0.000520162
8.47056e-05
0.000566569
9.10378e-05
0.000603555
9.17325e-05
0.000636299
8.80019e-05
0.000664678
8.2909e-05
0.000688054
7.56069e-05
0.000707219
6.62056e-05
0.000722494
5.59488e-05
0.000733646
4.52091e-05
0.000739881
3.51423e-05
0.000740745
2.66821e-05
0.000735298
2.05225e-05
0.000727739
1.32833e-05
0.000718698
6.4818e-06
0.000709191
1.08189e-07
0.000698526
-4.85468e-06
0.000687012
-9.39096e-06
0.000674652
-1.31861e-05
0.000661536
-1.63246e-05
0.000647785
-1.89279e-05
0.000633593
-2.10957e-05
0.000619139
-2.28956e-05
0.000604531
-2.44418e-05
0.000589961
-2.56262e-05
0.000575262
-2.65987e-05
0.000560871
-2.75591e-05
0.000546426
-2.82134e-05
0.000532206
-2.8992e-05
0.000518332
-2.95868e-05
0.000504763
-3.03663e-05
0.000491586
-3.14507e-05
0.000478711
-3.29479e-05
0.000465883
-3.48605e-05
0.000452506
-3.68108e-05
0.000438732
-3.86531e-05
0.000424463
-4.03694e-05
0.000409706
-4.20531e-05
0.000394542
-4.38634e-05
0.00038037
-4.74003e-05
0.000360767
-5.02347e-05
0.000337252
-4.88069e-05
0.000312341
-4.58139e-05
0.000287237
-4.00866e-05
0.000264409
-3.02927e-05
0.000251484
-1.50178e-05
0.000248404
1.43646e-06
-2.21861e-05
0.00025416
1.64299e-05
-2.85967e-05
0.000375306
-3.7292e-05
0.000525322
-3.85881e-05
0.000697549
-1.60997e-05
0.000846934
7.09814e-06
0.000934002
1.30647e-05
0.000952319
1.09704e-05
0.000935162
4.99009e-06
0.000918942
7.09704e-07
0.000905244
4.5837e-07
0.000893452
2.61296e-06
0.000883669
5.18243e-06
0.000875049
6.52586e-06
0.000873099
8.89814e-06
0.00087654
1.16204e-05
0.000885704
1.09728e-05
0.000896502
5.45346e-06
0.000909059
-1.64531e-06
0.000919934
-5.66836e-06
0.000933562
1.23063e-06
0.00094269
2.80904e-05
0.000913935
5.34153e-05
0.000826121
5.09018e-05
0.000688265
3.82949e-05
0.000525554
2.85016e-05
0.000376959
-0.00024885
2.01195e-05
0.000257232
-0.000248834
5.54511e-06
-0.000258306
-1.03463e-05
-0.00027857
-2.58461e-05
-0.00030312
-3.76857e-05
-0.000328102
-4.37459e-05
-0.000351565
-4.81639e-05
-0.000372357
-5.01425e-05
-0.000387595
-4.92141e-05
-0.000403643
-4.45381e-05
-0.000419166
-4.2596e-05
-0.000434144
-4.09426e-05
-0.000448552
-3.93739e-05
-0.000462543
-3.76509e-05
-0.00047576
-3.59322e-05
-0.000488939
-3.38912e-05
-0.000502293
-3.23316e-05
-0.000516013
-3.11113e-05
-0.000529944
-3.03537e-05
-0.000544173
-2.97261e-05
-0.000558795
-2.91195e-05
-0.000573262
-2.86835e-05
-0.000588106
-2.78911e-05
-0.000603053
-2.69293e-05
-0.000617895
-2.59072e-05
-0.000632745
-2.4445e-05
-0.000647408
-2.2611e-05
-0.000661583
-2.02645e-05
-0.00067528
-1.72975e-05
-0.000687788
-1.37266e-05
-0.000699916
-9.21866e-06
-0.000709645
-5.46998e-06
-0.000719488
-1.53272e-07
-0.000728256
6.69873e-06
-0.000737215
1.39122e-05
-0.000744744
2.02843e-05
-0.000746543
2.92971e-05
-0.000740076
3.7984e-05
-0.000728049
4.76964e-05
-0.000709332
5.46358e-05
-0.000677728
5.49605e-05
-0.000766674
5.36983e-05
-0.000608096
0.000118036
-0.000276614
-0.000653869
0.000100693
0.000139746
-0.00047441
-0.000534538
-0.000805476
-0.000698792
-0.000486031
7.03286e-05
5.14374e-05
0.000364265
0.00062608
-0.000311183
-5.87765e-05
-0.000867107
-0.000690227
0.000945673
-0.000684632
-9.84874e-05
-0.000712139
7.02458e-05
-0.000820398
2.73802e-05
0.000366819
0.000710196
-0.00036952
0.000689725
-0.000720816
0.000231419
0.000716047
0.000359568
5.2635e-06
0.00131916
2.37719e-05
0.00131963
0.000466655
-0.00117852
0.00118904
0.000189536
-0.00119022
0.000432956
-0.00113126
0.000526299
0.00120189
0.000509798
-0.00120508
-0.000611598
-0.000884795
0.00055706
-0.00105786
0.00136439
6.93085e-06
-0.00132623
0.00138764
0.000137935
-0.000199342
0.000906587
-0.000343322
-0.000138131
-0.000639092
5.46498e-06
-0.000971691
0.000546359
0.000358643
-0.000533155
0.000668851
-0.00107795
0.000942251
-0.00115965
0.00131604
0.000307921
0.000703081
-0.000741674
0.000962689
-0.000480874
0.000905867
-0.000298827
0.00083014
-0.000209965
0.000744531
-0.000157801
0.000665294
-0.000130205
0.000598051
-0.000123304
0.00053171
-0.000107099
0.000489129
-0.000119732
0.000424231
-0.000104365
0.00030822
-7.26993e-05
-4.45627e-05
0.000177184
-0.000918793
-0.000199484
-0.000110465
0.000561129
-0.000427166
-7.61059e-05
0.00019209
-0.000458379
-9.74339e-05
-0.000491296
-0.000105189
-0.000554885
-9.69171e-05
-0.000620588
-0.000115546
-0.000701089
-0.000122498
-0.000790317
-0.000155919
-0.000226411
-0.000542382
0.00062711
0.000589726
-0.00147953
5.07067e-05
0.00144913
-0.00151408
-3.42559e-05
-0.00151617
-4.27313e-05
-0.000143989
0.000634653
-0.000933371
0.000727053
-0.000137005
0.000685432
-0.000352387
0.00124594
0.000651501
-0.000677114
0.000206246
0.00130322
6.92785e-05
-2.03058e-05
0.000548106
-0.00149892
2.18493e-05
-0.00150674
1.55793e-05
-0.001501
1.2727e-05
-0.00148039
-3.58116e-05
-0.00146566
-6.3199e-05
-0.0014795
-0.000165825
-0.00147083
-0.000392086
-0.000369516
0.000512565
-0.000690962
0.000189366
1.9495e-05
-0.000157423
0.000314197
3.76492e-05
-0.00016248
0.000272676
2.12151e-05
0.000308845
3.75272e-05
-7.36959e-05
0.000387459
6.1133e-05
0.000425887
6.22647e-05
0.000484435
5.94876e-05
0.000492658
4.54757e-05
0.000509879
3.77395e-05
0.000530346
3.41688e-05
0.000548214
2.98287e-05
0.000560218
2.59803e-05
0.000566247
2.32679e-05
0.000567724
1.88074e-05
0.000568515
1.31207e-05
0.000567412
7.80184e-06
0.000564151
3.10811e-06
0.000559377
-6.961e-07
0.000553897
-3.73847e-06
0.000546407
-6.23673e-06
0.000537514
-8.40442e-06
0.000527579
-1.03294e-05
0.000516832
-1.18648e-05
0.000505484
-1.30967e-05
0.000493653
-1.40758e-05
0.000481585
-1.48618e-05
0.00046914
-1.54454e-05
0.000456456
-1.60003e-05
0.000443764
-1.64265e-05
0.000430897
-1.68594e-05
0.000417984
-1.7441e-05
0.000405017
-1.81436e-05
0.000391764
-1.90791e-05
0.000378101
-2.02281e-05
0.000363648
-2.14791e-05
0.000348051
-2.20536e-05
0.000331594
-2.29166e-05
0.000314421
-2.37695e-05
0.000296692
-2.48663e-05
0.000278921
-2.67673e-05
0.000257809
-2.81014e-05
0.000233971
-2.63041e-05
0.000209518
-2.37107e-05
0.000186309
-2.0537e-05
0.00016539
-1.67659e-05
0.000150555
-1.10108e-05
0.000143742
-3.53345e-06
0.000144953
4.33441e-06
0.000153593
1.14805e-05
-0.00112724
0.00059568
-0.000680601
-0.000898008
-4.37221e-05
2.99779e-05
0.000267905
-5.89089e-05
0.000390493
-7.16725e-05
0.000538085
-6.15457e-05
0.000687422
-2.42866e-05
0.000809674
1.38049e-05
0.000895907
2.76494e-05
0.000938477
2.25146e-05
0.000940307
1.34535e-05
0.000928149
7.44003e-06
0.00091128
5.06117e-06
0.000895827
5.45499e-06
0.000883275
5.65096e-06
0.000874853
5.38087e-06
0.00087337
5.84912e-06
0.000876072
6.19396e-06
0.00088536
3.46632e-06
0.000899232
-2.88666e-06
0.000915417
-1.26899e-05
0.000929745
-2.00038e-05
0.000940875
-7.00405e-07
0.00092337
3.67713e-05
0.00087647
7.02633e-05
0.000792635
8.18043e-05
0.000676722
6.66641e-05
0.000540693
4.88798e-05
0.000394743
3.30228e-05
0.000273089
1.85166e-05
0.000168099
-0.0011772
-0.000177459
0.000420993
-0.000614381
-0.0012
0.000308489
-0.000975716
0.000269512
-0.000921393
0.000243896
-0.000910414
0.000202033
-0.000913425
0.000133473
-0.000926656
5.45644e-05
-0.000934472
-3.3691e-05
-0.000949348
-0.000109776
-0.000955394
-0.000166713
-0.000976418
-0.000264906
-0.00101145
-0.000432492
-0.00122465
-0.000531018
-0.0013723
-0.00166015
0.000141364
-0.00141097
0.000118697
-0.000367875
-0.00165707
-0.00015528
-0.000746326
-0.00152513
0.000177808
3.28257e-06
-0.000189213
0.000187405
4.2023e-06
0.000218372
1.5891e-05
0.00025804
2.91133e-05
0.000301593
4.11531e-05
0.000343811
4.88197e-05
0.000383166
5.23779e-05
0.000418881
5.2286e-05
0.000451494
5.02966e-05
0.000480819
4.62815e-05
0.000506236
4.07885e-05
0.000527587
3.45979e-05
0.000543899
2.88972e-05
0.000554576
2.44651e-05
0.000559566
2.16926e-05
0.000562811
1.72769e-05
0.000564163
1.19319e-05
0.000563367
7.27759e-06
0.000560546
2.929e-06
0.000556329
-6.37753e-07
0.000550538
-3.59959e-06
0.000543284
-5.93244e-06
0.000534888
-7.92877e-06
0.000525537
-9.57679e-06
0.000515429
-1.0988e-05
0.000504651
-1.21176e-05
0.000493318
-1.31081e-05
0.000481606
-1.39143e-05
0.000469645
-1.46385e-05
0.000457307
-1.52204e-05
0.000444889
-1.57955e-05
0.000432196
-1.62989e-05
0.000419538
-1.69294e-05
0.000406783
-1.76112e-05
0.000393844
-1.8511e-05
0.000380556
-1.96598e-05
0.000366627
-2.09317e-05
0.000351554
-2.17376e-05
0.000335618
-2.27168e-05
0.000318745
-2.34967e-05
0.000301201
-2.45094e-05
0.000283227
-2.58888e-05
0.000264212
-2.8385e-05
0.000240911
-2.69337e-05
0.00021655
-2.4446e-05
0.000192491
-2.17544e-05
0.000170568
-1.81636e-05
0.000153217
-1.29417e-05
0.000143996
-5.79679e-06
0.000143044
2.38935e-06
0.000149735
9.73864e-06
0.000162737
1.69767e-05
0.00128744
0.000205314
0.000488426
-0.00123399
-4.75904e-06
0.00133085
1.72008e-05
0.00132718
-0.000701975
0.00025628
0.00035052
0.000719245
-0.000137568
-0.000684094
0.000157731
-0.000715355
0.000763847
-0.000594134
-0.00124766
-0.000734719
-0.000775853
-4.85443e-05
3.70113e-05
-4.957e-07
1.20289e-05
-0.000889665
-8.1784e-05
-6.47053e-06
2.94786e-05
-0.00014256
-1.533e-05
-0.000219437
-2.05568e-05
-0.000293442
-3.11839e-05
-0.000353844
-3.65153e-05
-0.000425281
-4.4109e-05
-0.000492411
-5.53677e-05
-0.000587328
-6.10021e-05
-8.6686e-05
0.0013423
-0.000170968
-0.00131533
-0.000556608
0.000500727
-0.00144314
-0.000161923
-0.00133455
-5.78852e-05
-0.00133891
-2.98939e-05
-3.93387e-05
-8.62764e-05
-6.83036e-06
0.000805491
-0.000318049
0.000709991
-0.000203328
0.000612437
-0.000112411
0.000526121
-7.1485e-05
0.000455825
-5.99086e-05
0.000379093
-4.65726e-05
0.000313734
-4.17404e-05
0.000228094
-3.40915e-05
0.00014475
-2.10213e-05
-1.42255e-05
-0.00072151
0.000701214
0.000325191
0.00132848
-0.00126535
0.000412098
0.000665056
-0.00105661
3.10054e-05
-1.31343e-06
-3.12405e-05
3.92443e-05
2.24183e-06
-1.04802e-05
5.77373e-05
1.00258e-06
8.9424e-05
5.96309e-06
0.00010224
8.39936e-06
0.000127208
1.25597e-05
0.000170004
1.83372e-05
0.000211248
2.10218e-05
0.000250334
2.04022e-05
0.000277973
1.78361e-05
0.00030076
1.49533e-05
0.000321613
1.33157e-05
0.000339568
1.18741e-05
0.000354312
1.12369e-05
0.000367831
9.74867e-06
0.000378708
7.93058e-06
0.000386307
5.52255e-06
0.00039079
3.3187e-06
0.000392689
1.20949e-06
0.00039231
-3.17332e-07
0.000389897
-1.3256e-06
0.000385831
-2.17013e-06
0.000380381
-2.95468e-06
0.000373662
-3.60989e-06
0.000365944
-4.14709e-06
0.000357394
-4.54569e-06
0.000348193
-4.87478e-06
0.000338503
-5.17219e-06
0.000328436
-5.37814e-06
0.000317996
-5.56046e-06
0.000307297
-5.72699e-06
0.000296386
-5.94814e-06
0.000285136
-6.19035e-06
0.000273521
-6.52897e-06
0.000261369
-6.92672e-06
0.000248489
-7.34731e-06
0.000234709
-7.69943e-06
0.000220345
-7.68903e-06
0.000205069
-7.64013e-06
0.000188995
-7.69518e-06
0.000172303
-8.17439e-06
0.000154515
-8.97834e-06
0.000134462
-8.04807e-06
0.000115216
-7.05756e-06
9.76945e-05
-6.18879e-06
8.24763e-05
-5.31826e-06
7.00082e-05
-4.29735e-06
6.18411e-05
-2.84312e-06
5.89289e-05
-6.20807e-07
6.15584e-05
1.70553e-06
6.9122e-05
3.91744e-06
8.12218e-05
6.41735e-06
-0.00134336
-2.89707e-05
-0.00133612
1.46128e-05
-0.00136936
4.88201e-05
-0.00134272
-1.39199e-05
-0.00131602
-6.25095e-05
-0.001306
-7.322e-05
-0.00133838
-0.00013344
-0.00149537
-0.000235099
-0.00135365
-0.000664617
0.000155508
0.00134765
4.88083e-05
-0.000833231
-0.00084063
0.00142411
0.000128854
-1.07563e-05
0.00134707
-0.00065689
0.000248552
-0.000195115
-0.00133509
0.000135496
0.00134096
-0.00123296
1.65674e-05
-0.00131877
-6.94734e-05
-0.000190234
-0.000513975
0.000917963
0.000253811
-0.000927745
-0.000851193
1.72629e-05
-0.000963449
-1.53011e-05
-0.000943152
2.39264e-06
-0.000939087
3.26195e-05
-0.000940641
6.78691e-05
-0.000948675
9.90919e-05
-0.000957879
0.000126775
-0.000962155
0.000143246
-0.00096582
0.000154022
-0.00096617
0.000138418
-0.000960815
9.3954e-05
-0.00096699
-0.000152896
-0.000977798
-0.000529601
-0.000995599
-0.000957102
-0.000926152
0.0013078
-0.00118436
0.00072144
-4.45484e-05
2.57883e-05
0.000181497
-6.41644e-05
0.000287521
-8.19016e-05
0.00040823
-8.35544e-05
0.000539738
-6.25863e-05
0.000666455
-2.66657e-05
0.000773755
8.76493e-06
0.000860484
3.07533e-05
0.000916496
3.0537e-05
0.000940523
2.26945e-05
0.000936143
1.29394e-05
0.000921186
8.71298e-06
0.000900044
7.89006e-06
0.000884097
6.2805e-06
0.000876464
4.11173e-06
0.000875539
2.69032e-06
0.000877494
1.66415e-06
0.000886388
-2.93595e-06
0.000903835
-1.18626e-05
0.000924349
-2.02756e-05
0.00093816
-1.6895e-05
0.000937492
2.90253e-06
0.000903512
3.75208e-05
0.000841854
7.07861e-05
0.000759373
8.85838e-05
0.000658927
8.69495e-05
0.000542328
6.78752e-05
0.000413817
4.66794e-05
0.000294285
2.67526e-05
0.000188026
9.40698e-06
9.85682e-05
4.06543e-05
-3.60133e-07
4.63092e-05
-1.4524e-06
6.0339e-05
1.86146e-06
8.28386e-05
6.61399e-06
0.000111833
1.21587e-05
0.000144442
1.62109e-05
0.000178561
1.82594e-05
0.000212192
1.86549e-05
0.000244248
1.82405e-05
0.000273716
1.68137e-05
0.000299585
1.49199e-05
0.000321198
1.29848e-05
0.000338781
1.13144e-05
0.000352543
1.07029e-05
0.000365303
8.93308e-06
0.000375502
7.07737e-06
0.000382581
4.85337e-06
0.000386874
2.98466e-06
0.000388691
1.11247e-06
0.000388355
-3.02056e-07
0.000386024
-1.26812e-06
0.000382171
-2.07993e-06
0.000377008
-2.76573e-06
0.000370761
-3.32968e-06
0.000363566
-3.79308e-06
0.000355614
-4.16575e-06
0.00034699
-4.48378e-06
0.000337857
-4.7809e-06
0.000328257
-5.03885e-06
0.000318305
-5.26827e-06
0.000307991
-5.48134e-06
0.000297406
-5.71348e-06
0.000286459
-5.98225e-06
0.000275176
-6.3284e-06
0.000263384
-6.71879e-06
0.000250899
-7.17515e-06
0.000237541
-7.5736e-06
0.000223531
-7.72762e-06
0.000208433
-7.618e-06
0.000192565
-7.62891e-06
0.000176066
-8.01056e-06
0.000159119
-8.94134e-06
0.000139115
-8.38104e-06
0.000119529
-7.34687e-06
0.000101513
-6.42951e-06
8.54031e-05
-5.64471e-06
7.19155e-05
-4.67581e-06
6.23489e-05
-3.37484e-06
5.78529e-05
-1.30047e-06
5.91283e-05
1.11435e-06
6.54861e-05
3.38117e-06
7.65268e-05
5.93642e-06
9.14984e-06
9.31656e-05
-0.00122479
0.000570853
0.00136653
-0.000761117
-1.22551e-05
1.86734e-05
-8.33669e-06
0.000309916
0.000520709
2.80815e-05
5.61476e-05
-7.81931e-05
-3.30543e-05
1.24805e-05
9.18968e-05
-9.05454e-05
7.61529e-05
-5.17155e-05
2.29485e-05
2.99605e-06
-1.75629e-05
1.99267e-05
-1.49098e-05
7.93512e-06
-1.53543e-06
-3.30361e-06
6.85112e-06
-1.15153e-05
1.78812e-05
-2.54535e-05
3.18379e-05
-3.10122e-05
1.75362e-05
8.75914e-06
-4.20841e-05
7.04088e-05
-8.85958e-05
9.04724e-05
-7.72286e-05
5.54835e-05
1.62562e-05
-1.03192e-05
2.54068e-05
-3.27654e-05
1.2438e-05
6.93736e-06
-5.82242e-06
7.12239e-06
-1.04968e-05
1.51723e-05
-2.08167e-05
2.7246e-05
-3.45926e-05
4.29734e-05
-5.19145e-05
5.99249e-05
-6.75536e-05
7.51715e-05
-8.28989e-05
9.04724e-05
-9.76474e-05
0.000104366
-0.000110694
0.000116676
-0.00012239
0.000127871
-0.000133139
0.000138178
-0.000142959
0.000147442
-0.000151608
0.000155401
-0.00015873
0.000161496
-0.000163576
0.000164844
-0.000165145
0.000164033
-0.000161048
0.000156194
-0.000149117
0.000140184
-0.000129481
0.000118166
-0.000105181
9.02608e-05
-7.34469e-05
5.52061e-05
-3.6551e-05
1.82913e-05
-2.0801e-06
-1.00789e-05
1.66932e-05
-1.85551e-05
1.71031e-05
-1.67434e-05
1.62481e-05
-9.41818e-06
-4.80709e-06
2.58284e-05
-5.99199e-05
0.00010166
-0.000148233
0.000208142
-0.000279627
0.000392038
-0.000595366
0.000913414
-0.000877607
0.000906578
-0.000891965
0.000843145
-0.000857065
0.000919574
-0.000992794
0.00112623
0.000604106
0.000703697
-0.000126811
-1.35117e-05
6.54351e-05
-8.70944e-05
8.98571e-05
-8.94929e-05
8.34856e-05
-7.39411e-05
6.13451e-05
-4.57587e-05
2.95256e-05
-2.20705e-05
3.61886e-05
-9.52894e-05
0.000645609
0.000967569
-0.00165242
-0.000634447
-0.00062817
-0.0012673
0.00122312
0.000218035
-0.00103288
0.000963412
-0.000979979
0.00111547
-0.000944507
0.000905169
-0.000875275
0.000817389
-0.000655466
0.000478008
-0.000341002
0.000254316
-0.000193314
0.000137946
-9.38374e-05
5.73221e-05
-2.61382e-05
5.58142e-06
9.74807e-06
-1.62179e-05
1.79788e-05
-1.92914e-05
1.76163e-06
1.70488e-05
-1.60454e-05
1.00816e-05
-1.68147e-06
-1.08789e-05
2.92167e-05
-5.02391e-05
7.06418e-05
-8.84784e-05
0.000103432
-0.000116748
0.000128623
-0.00013986
0.000149609
-0.00015754
0.000163063
-0.000166383
0.000167592
-0.000167275
0.00016595
-0.00016378
0.000160826
-0.000157217
0.00015307
-0.000148524
0.00014365
-0.000138478
0.0001331
-0.00012754
0.000121814
-0.000115866
0.000109676
-0.000103147
9.62206e-05
-8.88737e-05
8.11746e-05
-7.3486e-05
6.58463e-05
-5.81515e-05
4.99776e-05
-4.09997e-05
3.29522e-05
-2.58952e-05
1.9707e-05
-1.43893e-05
1.00927e-05
-7.25027e-06
6.63027e-06
-0.000583413
-0.000600943
-0.000675549
1.64198e-05
0.00146858
-0.000834999
-0.000895296
-0.00129964
-0.000860793
0.000600943
-0.000497425
-0.000497192
-0.000200996
-0.000201336
-8.33466e-05
0.000412215
0.00151181
-7.36475e-05
-0.000604261
0.000612639
-0.000516503
-0.000603385
-0.000463286
-0.000494224
0.000647821
-0.000525167
-0.000651784
-0.000468514
-0.000498187
0.000681233
-0.000535554
-0.00068304
-0.000476468
-0.000499993
0.000705261
-0.000706985
0.00110886
0.000167416
)
;

boundaryField
{
    wall
    {
        type            calculated;
        value           uniform 0;
    }
    outlet
    {
        type            calculated;
        value           nonuniform List<scalar> 
33
(
0.000316331
0.000119143
0.00021112
0.000540977
0.000427521
0.000734934
0.000644535
0.000877534
0.000813085
0.000935793
0.00092292
0.000910813
0.000929367
0.000882334
0.00089279
0.000881128
0.000879087
0.000907573
0.000890457
0.000935357
0.000927332
0.000890205
0.000927089
0.000745429
0.000827154
0.000537861
0.000648267
0.000309266
0.000421474
0.000113493
0.000204215
4.05632e-05
3.78453e-05
)
;
    }
    inlet
    {
        type            calculated;
        value           nonuniform List<scalar> 
30
(
-0.00077808
-0.000691288
-0.00079004
-0.000815156
-0.000415462
-0.000680947
-0.000855276
-0.000757284
-0.000945331
-0.000925875
-0.000966534
-0.000958052
-0.0009717
-0.000971827
-0.000964262
-0.000970475
-0.000946542
-0.000956874
-0.000904348
-0.000929034
-0.000855615
-0.000545156
-0.00055133
-0.000415699
-0.000363369
-0.000362296
-0.000296195
-0.000296089
-0.000201336
-0.000200996
)
;
    }
    frontAndBackPlanes
    {
        type            empty;
        value           nonuniform List<scalar> 0();
    }
}


// ************************************************************************* //
