/*--------------------------------*- C++ -*----------------------------------*\
| =========                 |                                                 |
| \\      /  F ield         | OpenFOAM: The Open Source CFD Toolbox           |
|  \\    /   O peration     | Version:  2212                                  |
|   \\  /    A nd           | Website:  www.openfoam.com                      |
|    \\/     M anipulation  |                                                 |
\*---------------------------------------------------------------------------*/
FoamFile
{
    version     2.0;
    format      ascii;
    arch        "LSB;label=32;scalar=64";
    class       surfaceScalarField;
    location    "0.0327";
    object      phi;
}
// * * * * * * * * * * * * * * * * * * * * * * * * * * * * * * * * * * * * * //

dimensions      [1 0 -1 0 0 0 0];

oriented        oriented;

internalField   nonuniform List<scalar> 
4475
(
1.40039e-05
-1.27373e-05
1.93455e-05
-2.02272e-05
2.50437e-07
-1.83092e-06
7.98294e-08
1.69644e-06
3.1994e-05
-3.63336e-05
3.77571e-06
6.21975e-07
-5.41354e-06
1.68689e-05
4.46141e-06
-1.58463e-05
-1.64867e-05
1.50559e-05
1.59993e-05
-1.42796e-05
1.43771e-05
-1.12159e-05
-1.60653e-05
1.31189e-05
-4.21248e-06
3.71649e-06
2.17746e-05
-2.10301e-05
-1.28494e-05
-1.71987e-05
1.5454e-05
1.48349e-05
1.55564e-05
-1.70567e-05
-1.46845e-05
-1.90863e-05
-2.25145e-07
2.20177e-06
1.71298e-05
-3.06984e-06
2.65651e-06
-1.86399e-05
-2.01629e-05
3.03586e-06
-1.78463e-06
1.89647e-05
-2.04071e-05
1.02287e-06
-7.09563e-07
-2.0517e-05
5.45297e-07
-3.49643e-07
-2.04559e-05
3.51927e-07
-3.11012e-07
-2.01941e-05
2.61633e-07
-4.07349e-07
3.17748e-07
-1.93081e-05
-1.07718e-06
1.8914e-05
-1.56097e-06
-1.83068e-05
1.07553e-06
2.02615e-05
-9.10653e-07
2.05593e-05
7.92385e-08
2.06015e-05
4.11726e-07
2.05656e-05
6.66994e-07
2.06545e-05
1.00443e-06
2.25828e-05
1.16543e-06
1.98508e-05
-2.96856e-07
1.8787e-05
8.62057e-07
2.37334e-05
2.97854e-06
-7.90954e-06
2.25244e-05
1.8223e-07
1.03394e-06
2.25264e-05
-2.22331e-05
-4.20138e-06
-1.87269e-05
-2.00698e-06
2.22387e-05
4.97448e-08
2.35054e-07
2.21418e-05
1.18885e-08
7.85083e-08
2.21497e-05
-2.56026e-08
7.37766e-09
2.21529e-05
3.71809e-09
-1.85985e-08
2.22132e-05
-6.92607e-08
-3.22213e-09
2.22401e-05
-4.21669e-08
2.45703e-09
2.22866e-05
-5.68796e-08
-3.41984e-09
2.23466e-05
-9.41228e-08
1.89185e-08
2.24197e-05
-1.23298e-07
3.25025e-08
2.24707e-05
-9.75602e-08
2.52854e-08
2.25465e-05
-1.25855e-07
2.35455e-08
2.26009e-05
-1.2665e-07
3.85689e-08
2.26302e-05
-1.23186e-07
5.0693e-08
2.26879e-05
-1.69593e-07
5.65439e-08
-2.45767e-07
2.28303e-05
3.27951e-08
-2.26735e-05
2.26736e-05
-3.13744e-07
-2.26464e-05
-2.49918e-07
-2.25294e-05
-2.81431e-07
-2.24845e-05
-2.03535e-07
-2.24122e-05
-2.2309e-07
-2.23178e-05
-2.1186e-07
-2.22023e-05
-2.55038e-07
-2.22384e-05
-7.19498e-08
-2.21617e-05
-1.45968e-07
-2.20818e-05
-1.33477e-07
-2.21248e-05
-3.70234e-08
-2.20894e-05
-4.08325e-08
-2.21214e-05
-2.15025e-09
-2.21646e-05
4.97722e-08
-2.2482e-05
3.66521e-07
-2.35992e-05
1.30599e-06
-1.84789e-05
4.11952e-06
-9.2265e-06
-1.92975e-05
3.04013e-06
-1.85841e-05
1.97001e-06
-1.89356e-05
7.2709e-07
-3.41142e-07
-2.02086e-05
-4.62782e-07
-2.04431e-05
-4.07497e-07
-2.0508e-05
-1.99541e-07
-2.04255e-05
-2.91287e-07
-2.0049e-05
-6.66027e-07
-1.97948e-05
-1.19852e-06
-1.64833e-07
4.42357e-08
2.28623e-05
-3.65864e-07
2.27891e-05
2.034e-05
-1.80731e-06
-1.9305e-05
2.05894e-05
-4.83318e-08
2.06831e-05
4.20553e-07
2.07086e-05
7.26545e-07
2.09726e-05
8.08857e-07
2.13965e-05
7.94338e-07
2.06657e-05
4.71499e-07
2.06934e-05
8.58965e-07
2.22063e-05
1.47994e-06
2.23224e-05
9.23443e-07
2.21662e-05
3.89757e-07
2.21085e-05
1.29761e-07
2.20941e-05
1.15897e-08
2.21265e-05
-6.19421e-08
2.21635e-05
-5.16717e-08
2.21797e-05
-2.55977e-08
2.22471e-05
-8.33654e-08
2.22975e-05
-4.52196e-08
2.23575e-05
-4.31721e-08
2.24128e-05
-4.90461e-08
2.25027e-05
-9.02936e-08
2.25719e-05
-6.14758e-08
2.26493e-05
-6.69329e-08
2.27122e-05
-5.8686e-08
2.27569e-05
-7.87893e-08
-2.1707e-06
-1.83253e-05
2.32825e-06
-1.28733e-07
2.28451e-05
-3.75862e-06
-1.70004e-05
-1.92473e-05
-2.40909e-06
-2.25807e-05
2.26974e-05
-5.58539e-07
-2.25625e-05
-3.91191e-07
-2.24282e-05
-4.29542e-07
-2.2418e-05
-3.25812e-07
-2.231e-05
-3.37044e-07
-2.22172e-05
-3.35109e-07
-2.21495e-05
-2.94341e-07
-2.2175e-05
-2.41377e-07
-2.20432e-05
-2.13483e-07
-2.19847e-05
-2.13173e-07
-2.20099e-05
-1.1639e-07
-2.19702e-05
-8.42e-08
-2.19674e-05
-5.03196e-08
-2.19867e-05
1.11086e-08
-2.20989e-05
1.59979e-07
-2.22256e-05
4.93919e-07
-2.21358e-05
1.2222e-06
-2.02778e-05
2.27371e-06
-1.94568e-05
2.23857e-06
-1.92982e-05
1.83855e-06
-1.94491e-05
9.15358e-07
-2.00194e-05
1.58782e-07
-2.0355e-05
-6.06113e-09
-2.04509e-05
-2.03091e-08
-2.05028e-05
-1.38672e-07
-2.03749e-05
-6.75517e-07
-2.00532e-05
-1.38444e-06
-1.51767e-05
2.27388e-05
-2.01129e-05
9.37409e-06
-1.75048e-05
-5.9838e-06
1.42727e-05
-1.15536e-05
-1.03203e-05
1.28024e-05
9.21404e-06
1.23425e-05
2.26545e-05
1.8191e-06
-3.7616e-06
-2.05264e-05
2.08185e-05
1.91771e-07
2.07389e-05
1.57889e-07
2.07157e-05
5.43147e-07
2.08138e-05
7.08662e-07
2.09535e-05
7.32925e-07
2.11249e-05
6.71407e-07
2.10352e-05
5.95703e-07
2.11462e-05
7.70895e-07
2.17046e-05
9.34731e-07
2.19425e-05
6.90567e-07
2.19758e-05
3.54733e-07
2.19789e-05
1.20372e-07
2.20105e-05
-2.74794e-08
2.20012e-05
-6.15579e-08
2.2039e-05
-9.84362e-08
2.21039e-05
-9.93946e-08
2.211e-05
-9.84471e-08
2.21584e-05
-1.02854e-07
2.22122e-05
-1.07448e-07
2.23292e-05
-1.79085e-07
2.23793e-05
-1.57844e-07
2.24398e-05
-1.45663e-07
2.25485e-05
-2.07865e-07
2.26649e-05
-2.18494e-07
2.27179e-05
-1.89281e-07
2.27348e-05
-2.19925e-07
1.07509e-07
2.28173e-05
-2.84037e-07
-1.67171e-08
2.2864e-05
-1.46793e-07
2.28831e-05
-3.15737e-07
2.28521e-05
-1.45808e-05
1.44407e-05
-1.67645e-05
2.27509e-05
-4.64618e-07
-1.89344e-05
-1.71714e-05
2.13201e-05
-1.4806e-05
2.27197e-05
1.20003e-05
-1.96152e-05
-4.60023e-06
-1.82495e-05
1.80292e-05
-1.40384e-05
1.84688e-05
-2.2128e-05
1.57633e-05
1.52696e-05
-1.56825e-05
-2.291e-05
-1.34039e-08
4.78238e-06
-1.99922e-05
-2.31867e-06
2.30317e-07
-3.53614e-07
2.28243e-05
5.9332e-08
2.29066e-05
-1.00736e-07
2.29106e-05
-3.2399e-07
2.29463e-05
-5.21492e-07
2.28311e-05
-2.26426e-05
-6.87926e-07
2.27101e-05
-2.24608e-05
-7.24971e-07
-2.24731e-05
-6.06912e-07
-2.23089e-05
-6.00725e-07
-2.23026e-05
-4.68624e-07
-2.21863e-05
-4.64931e-07
-2.20866e-05
-4.52034e-07
-2.19667e-05
-4.64967e-07
-2.18958e-05
-3.71792e-07
-2.18616e-05
-2.80053e-07
-2.18202e-05
-2.58182e-07
-2.1809e-05
-2.274e-07
-2.17574e-05
-1.70811e-07
-2.17387e-05
-1.05841e-07
-2.1733e-05
-5.85827e-08
-2.17243e-05
1.42588e-09
-2.17731e-05
2.07806e-07
-2.173e-05
4.53141e-07
-2.14272e-05
9.25468e-07
-2.059e-05
1.44812e-06
-2.00746e-05
1.74154e-06
-1.95795e-05
1.37022e-06
-1.96384e-05
1.01071e-06
-1.99607e-05
5.28758e-07
-2.01732e-05
2.71519e-07
-2.03715e-05
2.58669e-07
-2.04778e-05
6.36638e-08
-2.06086e-05
-4.30207e-07
-1.28823e-06
-2.05724e-05
1.98142e-06
-1.66236e-06
-2.06483e-05
2.05374e-05
1.92187e-05
-2.50174e-05
2.19158e-05
-1.57728e-05
1.5178e-05
-1.43888e-05
1.54826e-05
1.92495e-05
1.37993e-06
2.36619e-06
2.05168e-05
3.41655e-06
-4.4589e-06
2.10053e-05
3.45751e-06
2.09864e-05
2.94594e-06
-2.7057e-06
2.08689e-05
2.30063e-06
2.10455e-05
1.88054e-06
-1.87466e-06
2.15464e-05
1.48176e-06
2.10664e-05
8.08909e-07
2.08385e-05
4.97944e-07
2.07907e-05
6.85214e-07
2.08604e-05
7.14004e-07
2.09273e-05
7.24369e-07
2.10522e-05
5.90515e-07
2.10555e-05
6.23675e-07
2.11963e-05
6.50706e-07
2.14853e-05
6.57055e-07
2.16697e-05
5.09878e-07
2.17194e-05
3.04224e-07
2.17299e-05
1.04319e-07
2.17932e-05
-9.66049e-08
2.17839e-05
-5.81282e-08
2.18397e-05
-1.59229e-07
2.18616e-05
-1.2523e-07
2.19006e-05
-1.40396e-07
2.19392e-05
-1.43592e-07
2.20758e-05
-2.46556e-07
2.21182e-05
-2.2572e-07
2.21677e-05
-2.1476e-07
2.23093e-05
-2.99884e-07
2.24446e-05
-3.63264e-07
2.25078e-05
-3.11633e-07
2.26053e-05
-3.29489e-07
2.26953e-05
-3.68181e-07
2.27643e-05
-4.29798e-07
-5.38179e-07
2.28512e-05
-6.76018e-07
3.41333e-05
-2.66958e-05
-6.78164e-06
-1.69427e-05
1.64282e-05
-1.86137e-05
1.83144e-05
6.01535e-06
-5.40933e-06
-1.11775e-06
1.35007e-05
1.12052e-06
-1.34819e-05
-1.82841e-05
-3.64064e-06
5.27497e-06
1.67667e-05
-1.84578e-05
-1.3171e-05
-4.10883e-06
-2.03093e-05
-2.00871e-05
-2.3105e-06
2.09423e-05
-2.2305e-05
2.24374e-05
-8.94298e-07
-2.23044e-05
-7.81562e-07
-2.21335e-05
-8.18016e-07
-2.21507e-05
-6.10402e-07
-2.20176e-05
-6.17699e-07
-2.19144e-05
-5.75862e-07
-2.18206e-05
-5.47563e-07
-2.17559e-05
-5.27431e-07
-2.17077e-05
-4.15777e-07
-2.1612e-05
-3.70492e-07
-2.15544e-05
-3.10644e-07
-2.15201e-05
-2.57008e-07
-2.14581e-05
-2.28997e-07
-2.14586e-05
-1.02574e-07
-2.1443e-05
-7.20749e-08
-2.147e-05
2.78949e-08
-2.13999e-05
1.39527e-07
-2.13084e-05
3.6586e-07
-2.10392e-05
6.62814e-07
-2.05809e-05
1.00019e-06
-2.01203e-05
1.29765e-06
-1.97379e-05
1.01208e-06
-1.9733e-05
1.03981e-06
-1.99242e-05
7.65637e-07
-2.00929e-05
4.99205e-07
-2.02621e-05
5.01999e-07
-2.04257e-05
3.20264e-07
-2.05506e-05
-1.97561e-07
-2.09187e-05
-7.94028e-07
-2.03996e-06
-2.06987e-05
-1.58533e-05
-1.54564e-05
1.75733e-05
-6.25099e-06
-2.11919e-05
2.04816e-05
7.26306e-06
2.0198e-05
2.99728e-06
-2.1537e-05
2.06292e-05
3.22858e-06
2.08802e-05
3.43191e-06
2.08806e-05
3.15369e-06
2.08988e-05
2.46882e-06
2.09971e-05
1.94851e-06
2.11165e-05
1.50894e-06
2.09689e-05
1.08069e-06
2.07515e-05
8.17676e-07
2.07794e-05
7.39373e-07
2.07699e-05
7.8879e-07
2.0868e-05
6.76608e-07
2.09211e-05
5.74723e-07
2.09828e-05
5.87567e-07
2.10954e-05
5.53839e-07
2.12534e-05
5.07435e-07
2.13844e-05
3.81527e-07
2.14892e-05
1.97861e-07
2.15673e-05
1.98728e-08
2.15339e-05
-6.57981e-08
2.15913e-05
-1.16947e-07
2.15621e-05
-1.29495e-07
2.15906e-05
-1.50962e-07
2.1623e-05
-1.67552e-07
2.17666e-05
-2.80193e-07
2.18044e-05
-2.76501e-07
2.1846e-05
-2.5994e-07
2.19901e-05
-3.53408e-07
2.21382e-05
-4.46261e-07
2.21875e-05
-4.16748e-07
2.22691e-05
-4.05564e-07
2.24053e-05
-4.88947e-07
2.24992e-05
-4.99115e-07
2.26128e-05
-5.96786e-07
2.26689e-05
-6.66363e-07
6.1288e-07
-7.71845e-07
2.27352e-05
4.41618e-07
2.29019e-05
2.77339e-07
2.28482e-05
9.67928e-08
2.29338e-05
-1.80388e-07
2.30297e-05
-3.14587e-07
2.29265e-05
-4.75096e-07
2.28503e-05
-6.59551e-07
2.27733e-05
2.25657e-05
-8.81774e-07
-2.02924e-05
-6.40537e-06
8.3431e-06
-1.92572e-06
3.04936e-06
-3.14504e-05
3.04123e-05
-7.72641e-06
6.77773e-06
-6.44059e-06
7.3816e-06
-2.25115e-05
-1.25061e-05
1.72636e-05
1.9765e-05
-2.26309e-05
-5.08363e-06
8.30978e-06
1.03715e-05
-2.10253e-05
-1.78653e-06
-3.2269e-06
-2.14038e-05
-1.38655e-05
-1.69216e-05
1.52162e-05
-1.81196e-05
-1.08393e-05
6.77912e-06
-2.37391e-05
1.29722e-05
-1.4861e-05
2.59647e-05
1.47442e-05
1.64731e-05
2.0224e-05
-2.0091e-05
3.1059e-06
2.01446e-05
3.53648e-06
2.03769e-05
3.40714e-06
2.05411e-05
3.17719e-06
2.0647e-05
2.52957e-06
2.07375e-05
2.00479e-06
2.07742e-05
1.59947e-06
2.07236e-05
1.23723e-06
2.06436e-05
9.82573e-07
2.06086e-05
8.41837e-07
2.06691e-05
7.80011e-07
2.07036e-05
6.79295e-07
2.07343e-05
5.69993e-07
2.08021e-05
5.36479e-07
2.08826e-05
4.82465e-07
2.09871e-05
4.06204e-07
2.10909e-05
2.78162e-07
2.11723e-05
1.13185e-07
2.11809e-05
1.31742e-08
2.11826e-05
-6.59318e-08
2.11917e-05
-1.22059e-07
2.1225e-05
-1.55355e-07
2.12479e-05
-1.62609e-07
2.13771e-05
-2.81896e-07
2.14202e-05
-3.0532e-07
2.14284e-05
-2.6466e-07
2.15803e-05
-3.90692e-07
2.17311e-05
-4.83348e-07
2.17809e-05
-4.77205e-07
2.18572e-05
-4.7807e-07
2.20183e-05
-5.57822e-07
2.208e-05
-5.50557e-07
2.22164e-05
-6.46889e-07
2.23409e-05
-7.46391e-07
2.24306e-05
-7.97118e-07
2.24932e-05
-8.93128e-07
8.65729e-07
-9.98879e-07
2.25485e-05
6.90618e-07
2.27956e-05
5.7999e-07
2.28679e-05
2.53401e-07
2.30083e-05
2.29517e-09
2.30049e-05
-1.41613e-07
2.29885e-05
-3.38731e-07
2.29434e-05
-5.92032e-07
2.29368e-05
-7.42194e-07
2.27787e-05
-9.0931e-07
2.26176e-05
-2.21816e-05
2.22622e-05
-1.06906e-06
-2.21002e-05
-1.02417e-06
-2.20572e-05
-9.81561e-07
-2.19586e-05
-9.08932e-07
-2.1948e-05
-8.44179e-07
-2.17805e-05
-7.82349e-07
-2.16799e-05
-7.14144e-07
-2.15846e-05
-6.60685e-07
-2.14763e-05
-6.41418e-07
-2.14555e-05
-5.31455e-07
-2.13781e-05
-4.75774e-07
-2.13115e-05
-4.20146e-07
-2.12321e-05
-3.74442e-07
-2.12033e-05
-2.72131e-07
-2.11686e-05
-2.52015e-07
-2.11152e-05
-1.46379e-07
-2.1082e-05
-9.73717e-08
-2.10612e-05
1.48549e-08
-2.10189e-05
1.0123e-07
-2.09168e-05
2.69799e-07
-2.07269e-05
4.79314e-07
-2.04362e-05
7.19064e-07
-2.01622e-05
1.03744e-06
-1.98928e-05
7.62677e-07
-1.98617e-05
1.03683e-06
-1.98536e-05
7.95813e-07
-1.99563e-05
6.53143e-07
-2.00849e-05
6.95494e-07
-2.02633e-05
5.7843e-07
-2.05955e-05
2.35469e-07
-4.89699e-07
-2.07837e-05
-1.67345e-05
-1.60312e-05
1.76285e-05
-2.70971e-06
-2.13792e-05
-2.39067e-05
-3.118e-06
5.83158e-06
-1.34477e-06
-1.3355e-05
-1.83386e-05
2.00168e-05
-1.88944e-05
-1.1627e-05
1.87355e-05
-1.08995e-05
-1.02944e-05
1.61433e-05
-1.77723e-05
-6.81243e-06
1.86629e-05
2.83371e-06
7.30293e-08
1.99221e-05
2.52084e-06
-1.93736e-05
1.95734e-05
3.6872e-06
1.95477e-05
3.77412e-06
1.96664e-05
3.47643e-06
1.99766e-05
3.03246e-06
2.01538e-05
2.49644e-06
2.03047e-05
1.97829e-06
2.03258e-05
1.68351e-06
2.03405e-05
1.30758e-06
2.03251e-05
1.06308e-06
2.03242e-05
8.91217e-07
2.03744e-05
7.63999e-07
2.04007e-05
6.7581e-07
2.04246e-05
5.58257e-07
2.04669e-05
5.00521e-07
2.0533e-05
4.19086e-07
2.06163e-05
3.22417e-07
2.0663e-05
2.29744e-07
2.07127e-05
6.10428e-08
2.07298e-05
-1.92069e-10
2.07424e-05
-7.22404e-08
2.07634e-05
-1.32577e-07
2.08036e-05
-1.80244e-07
2.0889e-05
-2.27265e-07
2.093e-05
-2.97278e-07
2.09329e-05
-2.78143e-07
2.10917e-05
-3.89573e-07
2.12259e-05
-4.88134e-07
2.12648e-05
-4.8403e-07
2.133e-05
-5.04232e-07
2.14839e-05
-5.95474e-07
2.15405e-05
-5.8185e-07
2.17087e-05
-6.92434e-07
2.18536e-05
-7.73892e-07
2.19204e-05
-8.06156e-07
2.20333e-05
-9.15537e-07
2.21312e-05
-1.0111e-06
2.22061e-05
-1.10953e-06
1.13687e-06
2.22393e-05
-1.22276e-06
1.01115e-06
2.25763e-05
8.25461e-07
2.28436e-05
5.92271e-07
2.29315e-05
4.30652e-07
2.29765e-05
1.31658e-07
2.30957e-05
-1.42058e-07
2.30495e-05
-4.26896e-07
2.30207e-05
-6.10874e-07
2.29279e-05
-8.40491e-07
2.28393e-05
-9.6957e-07
2.26097e-05
-1.1053e-06
2.22998e-05
-2.1797e-05
2.18525e-05
-1.21511e-06
-2.17316e-05
-1.17327e-06
-2.16562e-05
-1.12366e-06
-2.15907e-05
-1.05743e-06
-2.15092e-05
-9.8869e-07
-2.14199e-05
-9.21188e-07
-2.13371e-05
-8.44555e-07
-2.12487e-05
-7.75848e-07
-2.11703e-05
-7.08468e-07
-2.11234e-05
-6.5564e-07
-2.10146e-05
-6.0711e-07
-2.0966e-05
-4.92293e-07
-2.09093e-05
-4.4674e-07
-2.08614e-05
-3.95073e-07
-2.07921e-05
-3.17582e-07
-2.07617e-05
-2.62015e-07
-2.06961e-05
-1.9502e-07
-2.0696e-05
-8.35187e-08
-2.06389e-05
-2.98889e-08
-2.0592e-05
6.0584e-08
-2.05076e-05
1.90237e-07
-2.03688e-05
3.48169e-07
-2.01868e-05
5.45172e-07
-1.99083e-05
7.69431e-07
-1.986e-05
7.29255e-07
-1.97116e-05
9.08606e-07
-1.97164e-05
8.29665e-07
-1.97172e-05
6.93247e-07
-1.97841e-05
8.15478e-07
-1.99115e-05
7.75042e-07
-2.01333e-05
5.42998e-07
-3.96709e-09
-2.05178e-05
-2.09927e-05
-1.44181e-06
-1.56049e-05
-1.77392e-05
-1.627e-05
-1.79382e-05
1.85086e-05
6.37417e-06
9.23618e-06
-1.18341e-05
-3.79348e-06
-2.10603e-05
-2.48943e-06
-1.78194e-05
-6.43574e-06
3.35522e-06
-1.9088e-05
-8.73302e-06
-1.9204e-05
-1.04601e-05
-3.3762e-07
-7.1195e-06
-1.6277e-05
-7.98651e-06
-1.72857e-05
1.33782e-06
-2.14684e-05
-2.84277e-06
-1.35607e-05
-1.83938e-05
-1.81384e-05
-1.23512e-05
1.27717e-06
-1.32878e-06
2.22212e-05
1.10885e-06
2.26264e-05
9.35879e-07
2.28558e-05
7.28294e-07
2.29442e-05
4.38591e-07
2.3046e-05
2.02954e-07
2.30951e-05
-1.16949e-07
2.31282e-05
-3.70406e-07
2.30388e-05
-6.48781e-07
2.29869e-05
-8.37608e-07
2.28346e-05
-9.9792e-07
2.2611e-05
-1.15297e-06
2.23375e-05
-1.29684e-06
2.19263e-05
-2.13028e-05
-1.36713e-06
2.1354e-05
-2.11998e-05
-1.32517e-06
-2.11403e-05
-1.22797e-06
-2.10551e-05
-1.19298e-06
-2.09969e-05
-1.08957e-06
-2.09237e-05
-1.02706e-06
-2.08313e-05
-9.71627e-07
-2.07606e-05
-8.67971e-07
-2.06708e-05
-8.14839e-07
-2.06088e-05
-7.18167e-07
-2.05502e-05
-6.62023e-07
-2.05025e-05
-6.04183e-07
-2.04032e-05
-5.43789e-07
-2.0356e-05
-4.4982e-07
-2.03107e-05
-4.00714e-07
-2.02422e-05
-3.5139e-07
-2.02117e-05
-2.62843e-07
-2.01822e-05
-1.99846e-07
-2.01152e-05
-1.30241e-07
-2.00906e-05
-3.82293e-08
-2.00483e-05
2.98529e-08
-1.99819e-05
1.30996e-07
-1.98848e-05
2.56591e-07
-1.97439e-05
4.10061e-07
-1.95495e-05
5.80947e-07
-1.93637e-05
5.52937e-07
-1.93962e-05
9.52553e-07
-1.92647e-05
7.15216e-07
-1.93535e-05
8.07662e-07
-1.93022e-05
8.00748e-07
-1.93456e-05
8.70088e-07
-1.95537e-05
8.16499e-07
5.75263e-07
-2.0046e-05
-9.96239e-07
-2.08397e-05
1.60538e-05
-1.29915e-05
-1.71722e-05
-1.41369e-05
-1.94984e-05
1.05402e-05
-2.37705e-06
3.54401e-06
-1.16348e-05
1.74769e-05
2.12058e-07
-1.72326e-05
-3.85263e-07
1.83364e-05
4.21305e-06
-1.86376e-05
1.85386e-05
3.76718e-06
1.88683e-05
3.31236e-06
1.92025e-05
2.83801e-06
1.9431e-05
2.38595e-06
1.96121e-05
1.89624e-06
1.97101e-05
1.66566e-06
1.97731e-05
1.30587e-06
1.98076e-05
1.07268e-06
1.98349e-05
8.94154e-07
1.98642e-05
7.52685e-07
1.99163e-05
6.32288e-07
1.99407e-05
5.3499e-07
1.99763e-05
4.61056e-07
2.00173e-05
3.72296e-07
2.00634e-05
2.72085e-07
2.01334e-05
1.56831e-07
2.01314e-05
6.52572e-08
2.01461e-05
-8.58591e-09
2.01637e-05
-7.85233e-08
2.019e-05
-1.41575e-07
2.0232e-05
-1.98448e-07
2.02906e-05
-2.55318e-07
2.03446e-05
-3.1428e-07
2.047e-05
-3.60353e-07
2.05202e-05
-3.91148e-07
2.05958e-05
-5.10523e-07
2.06667e-05
-4.98138e-07
2.08014e-05
-5.80006e-07
2.08603e-05
-5.95025e-07
2.10095e-05
-6.72913e-07
2.11574e-05
-7.85594e-07
2.12122e-05
-7.79422e-07
2.1322e-05
-8.74005e-07
2.14436e-05
-1.0044e-06
2.15678e-05
-1.11335e-06
2.16351e-05
-1.16706e-06
2.16967e-05
-1.28754e-06
2.17183e-05
-1.36746e-06
-1.61744e-05
-1.92321e-05
1.94729e-05
-1.72645e-05
-1.80848e-05
3.60844e-05
-1.70173e-06
2.61688e-06
-3.70142e-05
-1.8244e-05
-3.38403e-06
-1.40927e-05
-2.06524e-05
-3.07685e-06
-2.0478e-05
2.05293e-05
-1.38435e-06
-2.04362e-05
-1.32449e-06
-2.03376e-05
-1.27615e-06
-2.02939e-05
-1.17895e-06
-2.01941e-05
-1.12512e-06
-2.01386e-05
-1.01323e-06
-2.00749e-05
-9.62294e-07
-1.99745e-05
-8.93203e-07
-1.99248e-05
-7.88788e-07
-1.98263e-05
-7.41934e-07
-1.97756e-05
-6.405e-07
-1.97158e-05
-5.95322e-07
-1.96638e-05
-5.31837e-07
-1.95851e-05
-4.70181e-07
-1.95442e-05
-3.89267e-07
-1.95088e-05
-3.4099e-07
-1.94523e-05
-2.80217e-07
-1.94117e-05
-2.07683e-07
-1.93788e-05
-1.36582e-07
-1.93323e-05
-6.3673e-08
-1.92973e-05
1.41496e-08
-1.92466e-05
9.13846e-08
-1.91741e-05
1.89336e-07
-1.90666e-05
3.04503e-07
-1.89227e-05
4.38107e-07
-1.89213e-05
5.51136e-07
-1.86872e-05
7.19909e-07
-1.85961e-05
6.29598e-07
-1.85869e-05
8.08135e-07
-1.85818e-05
8.16609e-07
-1.85316e-05
8.51653e-07
-1.86174e-05
9.46781e-07
-1.91027e-05
1.13006e-06
-3.20188e-07
-2.06129e-05
1.49542e-05
-1.21207e-05
1.34833e-05
-2.02405e-05
-1.20078e-05
1.4358e-06
-1.4584e-06
2.171e-05
1.33109e-06
2.2239e-05
1.18344e-06
2.26355e-05
1.03432e-06
2.28215e-05
7.62415e-07
2.29962e-05
4.42888e-07
2.31185e-05
1.61038e-07
2.31136e-05
-6.54848e-08
2.30858e-05
-3.81713e-07
2.30922e-05
-6.30346e-07
2.29899e-05
-8.51857e-07
2.2838e-05
-1.09098e-06
2.2669e-05
-1.25816e-06
2.23682e-05
-1.36683e-06
2.19491e-05
-1.44131e-06
2.13971e-05
-1.50666e-06
2.06202e-05
1.92359e-05
-1.27615e-05
-1.91747e-05
1.9156e-05
-1.13847e-05
1.83129e-05
-9.27993e-06
1.74784e-05
-7.58005e-06
-6.41987e-06
-1.46299e-05
1.40245e-05
1.55938e-05
-6.23212e-06
-2.22894e-05
-4.6968e-06
4.64231e-06
4.20609e-07
-2.50034e-07
-4.3597e-06
-1.32751e-05
1.22786e-05
1.67209e-05
3.76106e-06
-1.60735e-05
1.7297e-05
3.35993e-06
1.77909e-05
2.95883e-06
1.81772e-05
2.56423e-06
1.84944e-05
2.15959e-06
1.86571e-05
1.80512e-06
1.88661e-05
1.51038e-06
1.89672e-05
1.24177e-06
1.90374e-05
1.02531e-06
1.90893e-05
8.53118e-07
1.91311e-05
7.11978e-07
1.91643e-05
5.93917e-07
1.91979e-05
4.91951e-07
1.9235e-05
4.12728e-07
1.92797e-05
3.18164e-07
1.93117e-05
2.31896e-07
1.93265e-05
1.3834e-07
1.93385e-05
5.73243e-08
1.93535e-05
-1.43491e-08
1.93734e-05
-8.21735e-08
1.94016e-05
-1.45746e-07
1.94411e-05
-2.0582e-07
1.94915e-05
-2.65288e-07
1.95502e-05
-3.24439e-07
1.96261e-05
-3.7985e-07
1.97315e-05
-4.32783e-07
1.97881e-05
-4.96909e-07
1.99015e-05
-5.35782e-07
1.99731e-05
-5.71403e-07
2.01041e-05
-6.42949e-07
2.02517e-05
-7.3592e-07
2.02873e-05
-7.37121e-07
2.04405e-05
-8.50886e-07
2.05851e-05
-9.40551e-07
2.06931e-05
-1.03985e-06
2.07314e-05
-1.08606e-06
2.08275e-05
-1.20583e-06
2.09022e-05
-1.31418e-06
2.09425e-05
-1.36971e-06
2.09786e-05
-1.46676e-06
2.37752e-06
3.63442e-05
-2.63928e-06
-2.68618e-06
-2.05005e-05
-1.27709e-05
7.00984e-06
-1.56633e-05
-2.08598e-05
2.06845e-05
-1.56282e-05
-2.08056e-05
-1.7801e-05
-1.9181e-05
-3.67042e-05
-5.36663e-06
4.03558e-05
2.57952e-05
-2.23343e-06
-2.42554e-05
1.70311e-05
-2.83413e-06
-2.10069e-05
2.02206e-06
-2.13521e-05
1.64403e-05
1.19502e-05
-1.25552e-05
-7.21427e-06
-2.23637e-05
9.51425e-06
5.94995e-06
-1.007e-05
-7.53911e-06
1.177e-05
-1.67967e-06
-3.28751e-05
-9.53187e-07
3.55287e-05
-1.94896e-05
1.95243e-05
-1.45848e-06
-1.94249e-05
-1.36131e-06
-1.93412e-05
-1.3159e-06
-1.929e-05
-1.23088e-06
-1.92062e-05
-1.16264e-06
-1.91563e-05
-1.07238e-06
-1.90526e-05
-1.0127e-06
-1.89926e-05
-9.18045e-07
-1.89333e-05
-8.49169e-07
-1.88455e-05
-7.75721e-07
-1.87879e-05
-7.02329e-07
-1.87018e-05
-6.34254e-07
-1.86403e-05
-5.70428e-07
-1.85832e-05
-5.09075e-07
-1.85341e-05
-4.46652e-07
-1.84754e-05
-3.83161e-07
-1.84332e-05
-3.26451e-07
-1.8397e-05
-2.67806e-07
-1.83576e-05
-2.06467e-07
-1.83148e-05
-1.46625e-07
-1.82827e-05
-7.02989e-08
-1.82418e-05
-7.54237e-09
-1.82009e-05
6.06866e-08
-1.81489e-05
1.42276e-07
-1.8067e-05
2.21021e-07
-1.79441e-05
3.10393e-07
-1.78468e-05
4.45533e-07
-1.77772e-05
6.41315e-07
-1.7691e-05
5.36842e-07
-1.76137e-05
7.25524e-07
-1.75472e-05
7.52786e-07
-1.75128e-05
8.29304e-07
-1.75489e-05
1.00651e-06
-1.75635e-05
1.18854e-06
1.90991e-06
-1.74004e-05
1.83429e-05
-1.09757e-05
-2.28801e-05
1.9491e-05
-8.97914e-06
1.53763e-05
-9.76623e-06
-2.81154e-05
1.57786e-06
-1.55952e-06
2.09777e-05
1.54653e-06
2.16969e-05
1.41597e-06
2.22659e-05
1.2784e-06
2.26149e-05
1.04962e-06
2.28448e-05
7.86864e-07
2.30148e-05
5.51959e-07
2.30807e-05
2.77577e-07
2.30981e-05
-7.18141e-08
2.31395e-05
-3.549e-07
2.30858e-05
-6.26176e-07
2.299e-05
-9.02986e-07
2.28729e-05
-1.12493e-06
2.26881e-05
-1.29363e-06
2.23816e-05
-1.44015e-06
2.1994e-05
-1.52621e-06
2.14396e-05
-1.52531e-06
2.06364e-05
-1.50737e-06
1.95844e-05
-1.44913e-05
1.82785e-05
-9.95229e-06
1.70175e-05
-7.68414e-06
1.5889e-05
-6.13199e-06
1.4611e-05
-4.8485e-06
-5.50967e-06
1.35987e-05
-1.76279e-07
-5.36403e-07
1.93028e-05
-2.34896e-05
1.47697e-05
3.76065e-06
-1.38626e-05
-4.48927e-06
1.53805e-05
3.30731e-06
1.59764e-05
2.9079e-06
1.65007e-05
2.5486e-06
1.69398e-05
2.20969e-06
1.72731e-05
1.88921e-06
1.75228e-05
1.60043e-06
1.772e-05
1.34114e-06
1.7851e-05
1.12429e-06
1.79462e-05
9.32308e-07
1.80164e-05
7.73825e-07
1.80669e-05
6.45472e-07
1.8105e-05
5.36072e-07
1.81355e-05
4.40167e-07
1.8167e-05
3.61232e-07
1.81909e-05
2.77101e-07
1.82149e-05
1.96834e-07
1.82298e-05
1.1953e-07
1.82447e-05
4.64099e-08
1.82611e-05
-1.89936e-08
1.82823e-05
-8.27354e-08
1.83117e-05
-1.44927e-07
1.835e-05
-2.03985e-07
1.8398e-05
-2.63272e-07
1.84539e-05
-3.20351e-07
1.85218e-05
-3.78337e-07
1.86021e-05
-4.34528e-07
1.86834e-05
-4.91206e-07
1.87825e-05
-5.40251e-07
1.89072e-05
-5.94799e-07
1.9025e-05
-6.5392e-07
1.90839e-05
-6.84183e-07
1.92328e-05
-7.72759e-07
1.93502e-05
-8.53836e-07
1.94756e-05
-9.51896e-07
1.95321e-05
-9.84179e-07
1.96568e-05
-1.10164e-06
1.97559e-05
-1.20002e-06
1.97857e-05
-1.24443e-06
1.98666e-05
-1.3572e-06
1.99008e-05
-1.41417e-06
1.99304e-05
-1.50922e-06
1.9698e-05
-1.23136e-05
-1.98523e-05
-3.00985e-06
-2.01562e-05
1.52012e-05
-1.96783e-05
-2.08816e-05
2.03667e-05
-1.23745e-05
1.32107e-05
-2.13029e-05
-1.33999e-05
1.4148e-05
-1.47635e-05
-2.18727e-05
-2.02298e-05
-3.18958e-06
-2.25893e-05
-2.10095e-05
-1.73166e-05
-2.04505e-05
-1.91953e-05
2.66397e-05
-2.63217e-05
-1.9767e-06
1.60464e-05
-9.67501e-06
8.70229e-06
-1.47927e-05
-2.65458e-05
2.48581e-05
-1.85178e-06
1.61271e-05
-1.0268e-05
1.52763e-05
5.21071e-07
-8.82362e-06
1.86661e-05
8.70787e-06
3.70331e-05
-3.59316e-05
1.50057e-06
2.10039e-06
3.73085e-05
1.59348e-05
1.27612e-06
1.59885e-05
1.14836e-06
1.60659e-05
9.27068e-07
1.61282e-05
7.5481e-07
1.62351e-05
6.29982e-07
1.6357e-05
5.85245e-07
1.63405e-05
5.30469e-07
1.65244e-05
4.38941e-07
1.66034e-05
3.5044e-07
1.66581e-05
2.43361e-07
1.67116e-05
1.63581e-07
1.67512e-05
1.06904e-07
1.67827e-05
4.35016e-08
1.68148e-05
-1.86998e-08
1.68547e-05
-8.07167e-08
1.68867e-05
-1.4004e-07
1.6927e-05
-1.9864e-07
1.69652e-05
-2.48401e-07
1.70123e-05
-3.06294e-07
1.70667e-05
-3.60764e-07
1.71205e-05
-4.14262e-07
1.71828e-05
-4.7624e-07
1.72467e-05
-5.30653e-07
1.73146e-05
-5.90728e-07
1.73896e-05
-6.58673e-07
1.74629e-05
-7.24137e-07
1.75368e-05
-7.92853e-07
1.762e-05
-8.66677e-07
1.76897e-05
-9.44766e-07
1.77589e-05
-1.00186e-06
1.78384e-05
-1.10137e-06
1.79009e-05
-1.15246e-06
1.79574e-05
-1.23212e-06
1.80339e-05
-1.29845e-06
1.80715e-05
-1.35788e-06
1.81379e-05
-1.43691e-06
2.71974e-06
3.72186e-05
-3.58166e-06
1.68657e-06
-1.60827e-06
1.99256e-05
1.6971e-06
2.09749e-05
1.61982e-06
2.1717e-05
1.51446e-06
2.22519e-05
1.36432e-06
2.25885e-05
1.1282e-06
2.28544e-05
9.07675e-07
2.29685e-05
6.25813e-07
2.30658e-05
2.81212e-07
2.31277e-05
-3.54566e-08
2.3135e-05
-3.46947e-07
2.30829e-05
-6.65787e-07
2.30135e-05
-9.5271e-07
2.28952e-05
-1.17401e-06
2.26859e-05
-1.37159e-06
2.24058e-05
-1.51946e-06
2.20252e-05
-1.57797e-06
2.1443e-05
-1.61396e-06
2.06811e-05
-1.55479e-06
1.95983e-05
-1.47368e-06
1.81924e-05
1.96356e-05
-1.06344e-05
-5.05827e-06
-1.91792e-05
-1.14587e-05
1.97236e-05
1.24138e-05
1.04029e-05
3.7901e-05
-2.928e-05
-1.90473e-05
6.68385e-06
-3.30071e-05
3.68277e-06
-3.40386e-05
1.80572e-06
-3.40793e-05
3.43927e-05
1.8228e-07
-3.27928e-05
3.5087e-05
7.93005e-07
3.57165e-05
1.47052e-06
-3.47025e-06
4.43162e-06
3.4769e-05
1.16727e-05
-5.45172e-06
2.17521e-06
3.48685e-05
-3.43616e-05
-2.6546e-06
7.14937e-06
1.50641e-05
-5.89301e-06
5.3945e-06
1.08821e-05
-1.28244e-05
-3.16122e-06
1.435e-05
-2.09805e-05
-1.13126e-05
2.02334e-05
-2.16574e-05
-1.24048e-05
-1.36353e-05
-2.24668e-05
-3.2843e-06
-1.96017e-05
1.92871e-05
-1.15046e-05
-1.97957e-05
3.27835e-06
-2.02682e-06
1.70471e-05
-7.15639e-06
1.54024e-05
-5.70887e-06
1.40446e-05
-4.46778e-06
1.33841e-05
-3.90892e-06
-3.91493e-06
1.2043e-05
-8.82428e-06
1.52432e-05
7.42381e-06
4.34762e-06
-1.72165e-06
-7.65925e-06
5.16192e-06
1.2345e-05
3.82758e-06
-4.6725e-06
-1.13315e-05
1.31151e-05
3.1364e-06
1.38081e-05
2.74772e-06
1.44168e-05
2.4157e-06
1.49286e-05
2.11876e-06
1.53576e-05
1.83662e-06
1.57085e-05
1.57509e-06
1.59852e-05
1.34272e-06
1.61914e-05
1.13821e-06
1.63501e-05
9.5598e-07
1.64588e-05
8.04118e-07
1.6539e-05
6.66683e-07
1.65951e-05
5.56974e-07
1.66341e-05
4.63144e-07
1.66623e-05
3.7962e-07
1.66907e-05
3.04275e-07
1.67097e-05
2.3441e-07
1.67273e-05
1.63591e-07
1.67422e-05
9.76325e-08
1.67595e-05
2.98189e-08
1.67762e-05
-2.21566e-08
1.67981e-05
-8.00456e-08
1.68309e-05
-1.41856e-07
1.68688e-05
-1.94324e-07
1.69193e-05
-2.54628e-07
1.69722e-05
-3.02664e-07
1.70387e-05
-3.62976e-07
1.71129e-05
-4.15952e-07
1.71985e-05
-4.73736e-07
1.72858e-05
-5.14868e-07
1.73991e-05
-5.86638e-07
1.75062e-05
-6.31716e-07
1.76444e-05
-6.86325e-07
1.7767e-05
-7.53677e-07
1.7881e-05
-8.21892e-07
1.79544e-05
-8.76422e-07
1.80589e-05
-9.38264e-07
1.81751e-05
-1.06678e-06
1.82293e-05
-1.10377e-06
1.83305e-05
-1.19666e-06
1.83998e-05
-1.27988e-06
1.84436e-05
-1.31434e-06
1.84967e-05
-1.42199e-06
1.85237e-05
-1.49828e-06
1.80882e-05
9.813e-06
-1.89415e-05
1.69079e-05
8.60411e-06
-5.84479e-06
7.61893e-06
1.54009e-05
-2.34108e-05
2.27783e-06
2.35245e-05
-2.28058e-06
1.30617e-05
-3.59321e-06
-3.64011e-06
-1.95544e-05
-1.22556e-06
3.21532e-05
1.14759e-06
6.0512e-06
1.1491e-05
-4.25424e-06
4.87033e-06
3.41532e-05
-6.97012e-06
-3.20011e-05
-2.16426e-05
-1.948e-05
-2.21493e-05
-1.64914e-05
-2.23691e-05
1.00371e-05
-1.96374e-05
1.84907e-05
2.05452e-05
-1.10516e-05
-2.15949e-05
1.95719e-05
3.65719e-05
-2.05925e-05
2.53558e-05
2.83743e-06
-1.50266e-06
-3.46042e-05
5.15673e-06
3.39002e-05
2.33416e-05
-2.12441e-05
-2.67963e-05
-1.28757e-05
-2.61324e-06
1.21662e-05
-4.13444e-06
-3.39501e-05
8.18329e-07
-3.30816e-05
-8.92916e-08
-3.15197e-05
-1.40326e-06
1.38148e-05
9.68269e-07
1.40651e-05
8.87472e-07
1.42007e-05
7.72407e-07
1.43007e-05
6.28391e-07
1.43757e-05
5.22043e-07
1.44882e-05
4.38235e-07
1.45562e-05
4.27983e-07
1.46594e-05
3.0508e-07
1.47033e-05
2.82185e-07
1.47399e-05
1.90659e-07
1.47619e-05
1.34056e-07
1.48069e-05
6.31483e-08
1.48423e-05
1.91178e-08
1.48811e-05
-3.51914e-08
1.49181e-05
-8.48476e-08
1.49553e-05
-1.33426e-07
1.49974e-05
-1.85914e-07
1.50445e-05
-2.29624e-07
1.50952e-05
-2.79935e-07
1.51514e-05
-3.28982e-07
1.52107e-05
-3.7485e-07
1.52725e-05
-4.28865e-07
1.53415e-05
-4.80258e-07
1.5416e-05
-5.35998e-07
1.54887e-05
-5.92856e-07
1.55665e-05
-6.54817e-07
1.56478e-05
-7.1906e-07
1.57274e-05
-7.83962e-07
1.58021e-05
-8.50893e-07
1.58948e-05
-9.20498e-07
1.59509e-05
-9.7899e-07
1.60259e-05
-1.04549e-06
1.61091e-05
-1.13026e-06
1.6169e-05
-1.17069e-06
1.62446e-05
-1.24344e-06
1.62934e-05
-1.29373e-06
1.63756e-05
-1.36184e-06
-1.09269e-05
-2.49836e-06
9.74127e-06
-1.19412e-05
-2.62411e-06
-1.30633e-05
-3.05136e-06
-1.47026e-05
-3.75369e-06
-1.68054e-05
-4.72493e-06
-1.95992e-05
-5.84842e-06
-8.11444e-06
8.12255e-06
5.41922e-06
-8.11562e-06
1.91639e-05
-1.73567e-05
1.68523e-05
-1.03088e-05
1.93897e-05
9.0514e-06
1.73399e-05
-1.69991e-06
3.56548e-05
8.44278e-07
2.23577e-06
3.71896e-05
1.01856e-05
-2.11305e-05
-7.75095e-06
-1.21155e-05
-2.28114e-05
2.23417e-05
-7.53105e-06
5.13416e-06
-1.97321e-05
9.88842e-08
-7.80574e-06
-3.58127e-07
-1.79345e-05
1.98484e-05
-1.09033e-05
8.94053e-06
-6.42425e-06
-2.83781e-05
2.58384e-05
-3.58014e-05
2.17509e-07
3.46431e-05
-6.49668e-06
-2.25357e-05
1.68952e-06
-1.58211e-06
1.85504e-05
1.74737e-06
1.99353e-05
1.76551e-06
2.09556e-05
1.71947e-06
2.1694e-05
1.62314e-06
2.22143e-05
1.45233e-06
2.25659e-05
1.25666e-06
2.28044e-05
9.7679e-07
2.29606e-05
6.4594e-07
2.30775e-05
3.25993e-07
2.31094e-05
-1.25182e-08
2.31291e-05
-3.64182e-07
2.30971e-05
-6.91822e-07
2.30234e-05
-9.82204e-07
2.28998e-05
-1.23394e-06
2.26952e-05
-1.43833e-06
2.24202e-05
-1.55637e-06
2.20127e-05
-1.64772e-06
2.14682e-05
-1.67298e-06
2.07073e-05
-1.64775e-06
1.96415e-05
-1.56581e-06
1.82446e-05
-1.41729e-06
1.64227e-05
9.22152e-06
-2.95869e-05
6.74914e-06
-3.05616e-05
3.81944e-06
-3.11396e-05
1.27621e-06
-3.1567e-05
-7.09953e-07
-3.08357e-05
-2.27353e-06
-2.99857e-05
-3.17726e-05
6.26444e-07
-4.15747e-06
-1.8522e-05
-1.06517e-05
1.91795e-05
7.34655e-06
1.43612e-05
-5.69792e-06
1.10753e-05
6.34732e-06
-9.09842e-06
1.14357e-05
3.69812e-06
3.36924e-06
3.52201e-05
-3.4759e-05
2.38319e-06
3.74077e-05
-2.22351e-05
-2.1224e-05
-2.82238e-05
6.83137e-06
-2.2971e-05
2.24315e-05
-1.52663e-05
-2.33739e-05
3.50338e-05
2.25401e-06
-1.89294e-05
-3.74268e-06
4.12321e-06
-2.86906e-06
-2.75813e-05
-5.56367e-06
-1.8606e-05
-2.29158e-05
7.12044e-06
-4.45977e-06
2.40806e-06
-4.95594e-06
8.88924e-06
2.64763e-06
-4.284e-06
1.02669e-05
2.58093e-06
1.11671e-05
2.35741e-06
1.18977e-05
2.12801e-06
1.2498e-05
1.89662e-06
1.29908e-05
1.6788e-06
1.34136e-05
1.44562e-06
1.37576e-05
1.24345e-06
1.40348e-05
1.06185e-06
1.42516e-05
9.03252e-07
1.44048e-05
7.72853e-07
1.45205e-05
6.49569e-07
1.45985e-05
5.43837e-07
1.46551e-05
4.53322e-07
1.46947e-05
3.76081e-07
1.47226e-05
3.08443e-07
1.47434e-05
2.4605e-07
1.47627e-05
1.85664e-07
1.47788e-05
1.27504e-07
1.47957e-05
7.18149e-08
1.48119e-05
1.8064e-08
1.48365e-05
-3.17951e-08
1.48694e-05
-8.50762e-08
1.48997e-05
-1.31299e-07
1.49426e-05
-1.83029e-07
1.49858e-05
-2.30309e-07
1.50483e-05
-2.84657e-07
1.51169e-05
-3.38211e-07
1.51906e-05
-3.83745e-07
1.5266e-05
-4.31162e-07
1.53658e-05
-4.85193e-07
1.54523e-05
-5.32942e-07
1.55582e-05
-5.87477e-07
1.56744e-05
-6.43262e-07
1.57911e-05
-7.02752e-07
1.59079e-05
-7.63811e-07
1.60387e-05
-8.26067e-07
1.61849e-05
-8.98077e-07
1.62435e-05
-9.35053e-07
1.63672e-05
-1.0344e-06
1.64196e-05
-1.05405e-06
1.6471e-05
-1.1356e-06
1.6559e-05
-1.20613e-06
1.66267e-05
-1.29341e-06
1.66857e-05
-1.36106e-06
-1.4279e-06
1.67277e-05
1.91249e-05
-9.19577e-06
1.20979e-06
-1.11564e-05
1.67446e-05
5.95926e-06
-1.81604e-05
-4.38184e-06
4.79176e-06
1.15554e-05
1.861e-05
3.71391e-05
-2.22416e-05
-2.55614e-06
6.04626e-07
-1.58429e-07
6.59464e-06
-6.84756e-06
1.55311e-05
2.28113e-05
-1.08027e-05
4.61629e-06
-6.88794e-06
5.89376e-06
2.31319e-06
-1.13538e-06
-7.77494e-06
-1.3849e-06
-8.65773e-06
-1.48155e-06
-9.68933e-06
-1.73683e-06
-1.09896e-05
-2.15229e-06
-1.26398e-05
-2.76563e-06
-1.47141e-05
-3.46263e-06
-1.68669e-05
-4.03985e-06
-6.14252e-06
7.54226e-06
-2.36256e-05
-1.80897e-05
-4.63947e-06
-8.04625e-06
1.76679e-07
-1.14664e-06
-4.78091e-06
7.3426e-06
-8.01473e-06
5.02666e-07
8.61863e-06
-7.98536e-06
8.02269e-06
1.11211e-05
-6.18605e-07
1.18836e-06
1.13524e-05
8.88951e-07
1.15564e-05
7.48109e-07
1.17481e-05
6.62524e-07
1.18981e-05
5.82072e-07
1.20013e-05
4.79414e-07
1.20913e-05
3.84502e-07
1.21381e-05
3.44214e-07
1.22266e-05
2.96098e-07
1.227e-05
2.22744e-07
1.23316e-05
1.88341e-07
1.23641e-05
1.35297e-07
1.23936e-05
9.19899e-08
1.24151e-05
4.01521e-08
1.24483e-05
-1.00659e-09
1.24817e-05
-4.54111e-08
1.25188e-05
-8.64977e-08
1.25599e-05
-1.2651e-07
1.2602e-05
-1.67357e-07
1.26548e-05
-2.09301e-07
1.27073e-05
-2.46902e-07
1.27676e-05
-2.91527e-07
1.28335e-05
-3.31051e-07
1.29e-05
-3.73712e-07
1.29721e-05
-4.19124e-07
1.30475e-05
-4.6671e-07
1.31265e-05
-5.16092e-07
1.32073e-05
-5.6889e-07
1.32878e-05
-6.22571e-07
1.33689e-05
-6.78383e-07
1.3451e-05
-7.37282e-07
1.35308e-05
-7.96236e-07
1.36175e-05
-8.53951e-07
1.37033e-05
-9.12527e-07
1.37636e-05
-9.65542e-07
1.38429e-05
-1.01924e-06
1.3915e-05
-1.07944e-06
1.3992e-05
-1.12943e-06
1.4065e-05
-1.18876e-06
1.41162e-05
-1.2179e-06
-3.06938e-05
-2.55508e-07
-2.95785e-05
-1.21714e-06
-2.89932e-05
-2.01258e-06
-2.8044e-05
-3.25257e-06
-2.73287e-05
5.90513e-06
1.47117e-05
-8.84623e-06
-1.59097e-06
5.91249e-06
-9.42537e-06
-1.73122e-06
-2.38834e-06
1.56208e-05
-5.88795e-06
-1.41781e-05
-3.77715e-06
-4.71468e-06
-7.86449e-06
1.21458e-05
-3.8564e-07
3.94246e-06
-1.35897e-05
-4.08339e-06
-1.73093e-05
-9.59135e-06
1.86286e-05
8.53004e-06
1.64289e-05
-5.22174e-06
1.07704e-05
5.77614e-06
-1.08451e-05
2.58405e-06
9.08702e-06
8.08245e-07
3.82693e-05
8.70584e-07
3.87584e-05
6.43447e-06
-2.66565e-05
-2.20563e-05
2.21232e-05
-1.33399e-05
3.09644e-05
1.84928e-06
-5.90568e-06
1.85264e-05
3.42223e-05
-2.26008e-06
-8.17791e-07
2.60055e-05
1.0877e-05
-2.45111e-06
1.06652e-05
-2.47089e-05
-1.35114e-05
-2.42623e-05
3.62643e-05
7.4288e-07
3.38174e-06
-1.81832e-05
-3.95014e-06
1.79269e-05
4.74568e-06
3.83554e-07
-1.02516e-05
3.87325e-06
-2.14961e-06
8.64824e-06
7.88579e-06
-5.50645e-06
-2.12567e-05
1.98941e-05
2.39048e-06
-9.13071e-07
-1.69138e-06
5.39991e-06
3.0592e-05
-1.86188e-07
-4.56733e-06
9.8593e-06
-1.12176e-05
-2.62495e-05
8.85139e-06
-2.73976e-05
7.347e-06
-2.81106e-05
5.13131e-06
-2.83754e-05
2.6477e-06
-2.86877e-05
-6.97786e-08
-2.88817e-05
-2.13592e-06
-2.88011e-05
-3.84297e-06
-2.831e-05
-4.83962e-06
-2.70791e-05
1.86567e-05
-1.00826e-05
-1.81429e-05
-3.96509e-06
-2.42653e-05
-1.73969e-05
-2.02091e-05
-2.36075e-05
3.56074e-05
8.4213e-07
5.05038e-06
1.3773e-05
-3.7091e-06
-1.49466e-05
1.77015e-06
-5.57718e-06
5.85253e-06
-1.90559e-06
5.87682e-06
1.28554e-06
7.1534e-06
1.48947e-06
8.18159e-06
1.66655e-06
8.96403e-06
1.67591e-06
9.64449e-06
1.52756e-06
1.02215e-05
1.3739e-06
1.07172e-05
1.21476e-06
1.1115e-05
1.05938e-06
1.14375e-05
9.13479e-07
1.16949e-05
7.80005e-07
1.18903e-05
6.69424e-07
1.2043e-05
5.71572e-07
1.21436e-05
4.91272e-07
1.22159e-05
4.10137e-07
1.22639e-05
3.42753e-07
1.22965e-05
2.83712e-07
1.23198e-05
2.3137e-07
1.23372e-05
1.82544e-07
1.23514e-05
1.35114e-07
1.23654e-05
8.8218e-08
1.23814e-05
4.23252e-08
1.24017e-05
9.4311e-10
1.24275e-05
-4.18072e-08
1.24564e-05
-8.36875e-08
1.24975e-05
-1.27211e-07
1.25413e-05
-1.66893e-07
1.25972e-05
-2.11486e-07
1.26538e-05
-2.51932e-07
1.27163e-05
-2.97131e-07
1.27921e-05
-3.42103e-07
1.28747e-05
-3.8281e-07
1.29611e-05
-4.27533e-07
1.30576e-05
-4.72759e-07
1.31593e-05
-5.20604e-07
1.32663e-05
-5.70374e-07
1.33765e-05
-6.22233e-07
1.34893e-05
-6.76054e-07
1.36044e-05
-7.31623e-07
1.3711e-05
-7.87324e-07
1.38344e-05
-8.34144e-07
1.39003e-05
-8.70354e-07
1.40214e-05
-9.40271e-07
1.41316e-05
-1.00628e-06
1.42245e-05
-1.0555e-06
1.42918e-05
-1.11425e-06
1.43591e-05
-1.17945e-06
1.44214e-05
-1.23859e-06
1.5086e-06
-1.29371e-06
1.44609e-05
1.68558e-06
1.67472e-05
1.81667e-06
1.85511e-05
1.89235e-06
1.9922e-05
1.90618e-06
2.09329e-05
1.85868e-06
2.16621e-05
1.74803e-06
2.21783e-05
1.56715e-06
2.25383e-05
1.3219e-06
2.27871e-05
1.02258e-06
2.29535e-05
7.09787e-07
2.30513e-05
3.41838e-07
2.31185e-05
-2.2217e-08
2.31278e-05
-3.80234e-07
2.30969e-05
-7.17932e-07
2.30234e-05
-1.01124e-06
2.28885e-05
-1.27185e-06
2.26959e-05
-1.46725e-06
2.24103e-05
-1.61623e-06
2.20185e-05
-1.70563e-06
2.14816e-05
-1.72143e-06
2.07172e-05
-1.68748e-06
1.96722e-05
-1.59882e-06
1.82892e-05
-1.45574e-06
1.64771e-05
1.41764e-05
-1.26115e-06
7.1646e-06
1.37937e-05
1.23677e-06
3.85111e-05
6.91353e-06
-5.41235e-06
-1.93496e-05
8.18897e-06
-2.46353e-05
-2.454e-05
1.01766e-05
-3.66627e-06
3.22917e-06
2.27823e-07
2.62024e-05
-2.16706e-05
-1.57765e-05
1.7934e-05
-1.86854e-05
-1.49597e-06
1.83977e-05
-1.56646e-05
1.39775e-05
-1.82174e-05
2.17949e-06
-3.89254e-06
-6.97677e-07
-4.46278e-06
-5.86666e-07
-5.06549e-06
-6.25121e-07
-5.76973e-06
-7.60295e-07
-6.63877e-06
-9.93412e-07
-7.76185e-06
-1.34859e-06
-9.13778e-06
-1.79463e-06
-1.059e-05
-2.30663e-06
-1.20503e-05
-2.91865e-06
-1.33667e-05
-3.86898e-06
1.41554e-05
6.74881e-06
-7.66147e-06
-1.3116e-05
-6.3099e-06
-2.02532e-05
7.40832e-06
-5.33961e-06
-1.58842e-05
1.78352e-05
4.41798e-06
-4.23203e-06
3.88742e-05
-2.85497e-05
4.69729e-08
3.52811e-05
2.64857e-05
6.5345e-06
9.81035e-06
-2.48047e-05
-1.32537e-06
3.69391e-05
-4.24769e-06
4.17984e-06
2.83584e-05
6.69069e-07
-1.1299e-05
-2.22089e-06
3.4345e-06
9.14747e-06
-1.03136e-05
-3.30358e-06
7.85398e-06
-2.21612e-06
6.62448e-06
-1.65348e-06
5.70193e-06
-1.18755e-06
5.0556e-06
-8.08274e-07
4.30937e-06
-5.93833e-07
-2.36888e-07
5.31661e-06
-5.08329e-07
3.93609e-06
-4.30675e-07
-4.17723e-06
8.68642e-07
-3.64431e-06
-3.07115e-06
-2.61558e-05
-5.1413e-07
-2.5246e-05
-1.15722e-06
-2.48696e-05
-1.60393e-06
-2.45787e-05
-2.32662e-06
-2.45172e-05
-3.34396e-06
-2.4585e-05
-4.80267e-06
1.77116e-05
-9.562e-06
-1.77121e-05
-4.20751e-06
1.38667e-06
-1.08567e-06
2.11346e-06
-1.98287e-05
-2.43314e-05
9.13862e-06
-2.2545e-05
-5.71267e-06
1.90976e-05
1.09281e-05
-2.34841e-05
9.69208e-06
-2.50393e-05
8.05277e-06
-2.57842e-05
5.98833e-06
-2.60725e-05
3.7625e-06
-2.61776e-05
1.30446e-06
-2.62582e-05
-1.18072e-06
-2.64254e-05
-3.47598e-06
-2.65349e-05
-5.36756e-06
-2.64477e-05
-6.49784e-06
-2.59781e-05
-6.81914e-06
-2.42916e-05
8.76232e-06
-3.45621e-06
8.68477e-06
3.51452e-05
3.88061e-07
-1.18511e-05
5.79681e-06
1.89267e-05
7.17865e-06
-3.21362e-06
1.65795e-05
-1.57322e-05
3.44726e-06
3.42254e-07
4.23986e-06
6.16727e-07
5.02712e-06
8.15395e-07
5.83673e-06
9.56294e-07
6.59977e-06
9.9401e-07
7.22504e-06
9.62005e-07
7.75304e-06
8.81722e-07
8.19389e-06
7.88039e-07
8.55611e-06
6.91021e-07
8.84675e-06
5.97726e-07
9.07063e-06
5.13312e-07
9.24336e-06
4.40638e-07
9.36871e-06
3.79862e-07
9.46183e-06
3.2537e-07
9.51698e-06
2.79614e-07
9.55308e-06
2.32895e-07
9.57605e-06
1.91698e-07
9.59079e-06
1.54196e-07
9.60073e-06
1.18704e-07
9.60963e-06
8.38358e-08
9.61988e-06
4.9162e-08
9.63373e-06
1.39609e-08
9.65256e-06
-1.7091e-08
9.677e-06
-5.01853e-08
9.70854e-06
-8.31047e-08
9.74678e-06
-1.16999e-07
9.79396e-06
-1.49251e-07
9.84518e-06
-1.81766e-07
9.90654e-06
-2.16538e-07
9.97073e-06
-2.49163e-07
1.00416e-05
-2.85807e-07
1.01201e-05
-3.19408e-07
1.02038e-05
-3.54945e-07
1.02935e-05
-3.92113e-07
1.03879e-05
-4.30955e-07
1.04864e-05
-4.71514e-07
1.0588e-05
-5.13649e-07
1.06915e-05
-5.57362e-07
1.07956e-05
-6.02408e-07
1.08989e-05
-6.47048e-07
1.1006e-05
-6.88447e-07
1.11244e-05
-7.27292e-07
1.12254e-05
-7.72016e-07
1.13069e-05
-8.11647e-07
1.14088e-05
-8.7487e-07
1.14977e-05
-9.14611e-07
1.15724e-05
-9.60493e-07
1.16367e-05
-1.00436e-06
1.16937e-05
-1.04735e-06
1.35748e-06
1.17352e-05
-1.0909e-06
1.58922e-06
1.44863e-05
1.77746e-06
1.67561e-05
1.91339e-06
1.85454e-05
1.98799e-06
1.9906e-05
1.99654e-06
2.09093e-05
1.93641e-06
2.16344e-05
1.80695e-06
2.21505e-05
1.6112e-06
2.2513e-05
1.35615e-06
2.27651e-05
1.05092e-06
2.29361e-05
7.0285e-07
2.30433e-05
3.42547e-07
2.31021e-05
-2.96416e-08
2.31164e-05
-3.96234e-07
2.30873e-05
-7.36108e-07
2.30083e-05
-1.0463e-06
2.28777e-05
-1.30918e-06
2.26839e-05
-1.52506e-06
2.24078e-05
-1.67647e-06
2.20158e-05
-1.76253e-06
2.14833e-05
-1.78265e-06
2.07256e-05
-1.75199e-06
1.9703e-05
-1.64817e-06
1.83182e-05
-1.4859e-06
1.65145e-05
-1.30261e-06
1.42523e-05
-1.14584e-05
-1.06251e-06
1.15285e-05
-1.13816e-05
-1.03429e-06
-1.13051e-05
-9.97371e-07
-1.12503e-05
-9.53323e-07
-1.11716e-05
-9.25088e-07
-1.1098e-05
-8.77605e-07
-1.10149e-05
-8.34982e-07
-1.09408e-05
-7.80815e-07
-1.08613e-05
-7.42416e-07
-1.07805e-05
-6.94869e-07
-1.07006e-05
-6.46703e-07
-1.062e-05
-5.99329e-07
-1.05392e-05
-5.52048e-07
-1.04598e-05
-5.0674e-07
-1.03812e-05
-4.64629e-07
-1.03044e-05
-4.22638e-07
-1.02299e-05
-3.83619e-07
-1.01586e-05
-3.45697e-07
-1.00893e-05
-3.11131e-07
-1.00243e-05
-2.77118e-07
-9.9669e-06
-2.4306e-07
-9.90804e-06
-2.13055e-07
-9.85864e-06
-1.79497e-07
-9.81369e-06
-1.46937e-07
-9.77241e-06
-1.16497e-07
-9.7369e-06
-8.48174e-08
-9.70638e-06
-5.26848e-08
-9.67719e-06
-2.02532e-08
-9.65281e-06
1.25746e-08
-9.62478e-06
4.79654e-08
-9.60541e-06
8.7576e-08
-9.56548e-06
1.08903e-07
-9.54049e-06
1.49085e-07
-9.48986e-06
1.90655e-07
-9.43604e-06
2.32274e-07
-9.37203e-06
2.59771e-07
-9.28194e-06
3.29137e-07
-9.12664e-06
3.71416e-07
-8.94269e-06
4.30747e-07
-8.70086e-06
4.69002e-07
-8.27566e-06
4.40051e-07
-9.26782e-06
3.74985e-07
-7.24099e-06
1.16995e-06
-3.18021e-06
-7.63279e-06
9.29412e-07
1.47267e-06
-5.3418e-06
-5.49536e-06
-1.04952e-05
-8.30018e-06
-4.21357e-06
8.6098e-08
6.92414e-07
3.58388e-06
1.8217e-05
-1.7865e-06
-2.49345e-07
-2.48727e-05
-2.04738e-05
8.89246e-06
-8.29288e-06
-3.83171e-06
-1.72966e-05
2.9389e-06
-1.6221e-05
-1.86222e-07
8.03386e-06
1.58212e-05
-9.01662e-06
1.78511e-05
-1.25649e-05
4.05277e-06
1.33162e-05
6.49913e-06
2.89274e-07
3.97945e-05
6.46301e-07
3.85515e-05
1.04892e-05
-2.86758e-05
2.70194e-05
3.87894e-06
-2.60043e-05
8.99687e-06
-2.70694e-05
1.22938e-05
3.02203e-05
1.30814e-05
-3.22077e-05
-1.56169e-05
-2.57388e-05
1.29786e-05
-2.72395e-05
3.92826e-05
9.47528e-08
-3.80787e-05
3.95853e-05
3.48754e-06
-4.80867e-06
5.92731e-06
-2.42534e-06
-4.66197e-06
-1.71191e-05
3.23477e-08
-2.71554e-05
1.31964e-05
7.72948e-06
-1.36702e-05
1.84004e-05
-3.1096e-05
2.66261e-05
-3.14596e-05
3.98993e-05
5.40048e-06
1.71265e-05
-1.6643e-05
7.65733e-06
-3.92086e-06
6.20151e-06
-2.19038e-06
4.98414e-06
-1.4497e-06
3.97691e-06
-1.03087e-06
3.17769e-06
-7.16585e-07
2.58956e-06
-4.78371e-07
2.19859e-06
-3.21249e-07
1.93796e-06
-2.3222e-07
1.75164e-06
-1.8767e-07
1.55718e-06
-1.65463e-07
-1.58106e-07
1.22085e-06
-2.74285e-05
-1.26244e-06
-4.36806e-06
1.70854e-05
-1.96126e-06
-1.75644e-07
5.83205e-07
-1.82005e-06
-1.25443e-07
-1.94368e-06
-2.08416e-07
-2.20291e-06
-2.80119e-07
-2.6923e-06
-4.27527e-07
-3.41787e-06
-6.59432e-07
-4.38065e-06
-9.9552e-07
-1.51417e-06
-1.43617e-05
1.56949e-05
1.66336e-05
-1.70681e-05
7.89049e-08
1.7177e-05
-1.76209e-05
-8.97859e-07
-1.81232e-05
-1.45292e-06
-2.74597e-06
1.97357e-05
-3.21709e-06
1.54955e-06
-5.46358e-07
1.71329e-05
-8.56838e-06
3.46338e-05
1.8262e-05
-1.28057e-05
4.55625e-06
3.46066e-05
1.35312e-06
4.60772e-09
6.13808e-06
-1.71553e-05
-5.51391e-07
-1.73618e-05
-9.39329e-07
-1.76447e-05
-1.32955e-06
-1.8142e-05
-1.84996e-06
-1.90305e-05
-2.48314e-06
-2.02069e-05
-3.65399e-06
-2.11756e-05
-5.87667e-06
-8.80468e-06
1.18231e-05
-1.57136e-05
2.25307e-06
2.73533e-07
-1.70444e-06
3.62744e-06
4.7811e-07
-1.73102e-06
3.47715e-06
2.5902e-07
3.9655e-06
4.06605e-07
-8.32503e-07
4.87987e-06
5.99292e-07
5.30793e-06
5.22975e-07
5.98564e-06
4.94574e-07
6.03351e-06
3.08291e-07
6.19167e-06
2.4808e-07
6.36818e-06
2.44045e-07
6.51348e-06
2.25776e-07
6.61251e-06
2.05244e-07
6.69342e-06
1.78416e-07
6.7342e-06
1.48847e-07
6.77102e-06
1.27033e-07
6.7946e-06
1.03921e-07
6.80841e-06
8.02065e-08
6.81416e-06
5.809e-08
6.83049e-06
3.70451e-08
6.84281e-06
1.45933e-08
6.85661e-06
-6.44105e-09
6.87341e-06
-2.91496e-08
6.89516e-06
-5.14894e-08
6.92213e-06
-7.34454e-08
6.95508e-06
-9.56652e-08
6.99427e-06
-1.17125e-07
7.03712e-06
-1.38534e-07
7.0836e-06
-1.61351e-07
7.13596e-06
-1.83221e-07
7.19037e-06
-2.05528e-07
7.24836e-06
-2.29368e-07
7.31022e-06
-2.53965e-07
7.37374e-06
-2.79651e-07
7.43922e-06
-3.06699e-07
7.50583e-06
-3.35888e-07
7.57411e-06
-3.65795e-07
7.64232e-06
-3.97319e-07
7.71026e-06
-4.30948e-07
7.77778e-06
-4.64916e-07
7.8446e-06
-4.99864e-07
7.91054e-06
-5.34495e-07
7.9828e-06
-5.67686e-07
8.04645e-06
-6.02438e-07
8.10588e-06
-6.30834e-07
8.16238e-06
-6.6612e-07
8.23107e-06
-6.97263e-07
8.29185e-06
-7.24381e-07
8.34988e-06
-7.50248e-07
8.41171e-06
-7.74277e-07
-3.0213e-05
1.55349e-05
-1.88289e-05
-2.6433e-05
1.41226e-06
-1.12836e-06
1.17638e-05
1.65394e-06
1.45046e-05
1.84701e-06
1.67615e-05
1.98253e-06
1.85396e-05
2.05197e-06
1.98927e-05
2.05254e-06
2.08892e-05
1.98113e-06
2.16114e-05
1.84062e-06
2.21252e-05
1.63481e-06
2.24874e-05
1.37047e-06
2.27406e-05
1.05863e-06
2.29123e-05
7.08479e-07
2.30232e-05
3.37943e-07
2.30811e-05
-3.90891e-08
2.30948e-05
-4.06881e-07
2.3064e-05
-7.54903e-07
2.29869e-05
-1.07201e-06
2.28603e-05
-1.34335e-06
2.2668e-05
-1.56161e-06
2.23969e-05
-1.72257e-06
2.20138e-05
-1.80936e-06
2.1479e-05
-1.83604e-06
2.07362e-05
-1.79101e-06
1.97174e-05
-1.70107e-06
1.83612e-05
-1.54599e-06
1.65612e-05
-1.34515e-06
1.43152e-05
-1.09188e-06
1.15916e-05
-7.8952e-07
8.46716e-06
-5.70001e-06
-7.91651e-07
9.41468e-06
-8.33933e-06
-2.36405e-05
9.68866e-06
-2.3778e-05
8.6037e-06
-2.3975e-05
6.85218e-06
-2.40535e-05
4.81439e-06
-2.40561e-05
2.67489e-06
-2.406e-05
4.68245e-07
-2.40742e-05
-1.85306e-06
-2.41271e-05
-4.14333e-06
-2.42681e-05
-6.16922e-06
-2.44453e-05
-7.97877e-06
-2.41918e-05
-8.59356e-06
-2.36993e-05
-8.05908e-06
-2.17313e-05
-2.21013e-05
-2.54211e-07
-1.79923e-05
-8.26502e-07
-3.31055e-06
-2.01142e-05
-3.61461e-06
-5.53539e-06
-2.29422e-05
1.70986e-06
5.42121e-08
-1.37126e-06
2.07643e-06
1.20556e-07
2.58396e-06
2.36345e-07
3.17872e-06
3.29055e-07
3.80183e-06
4.239e-07
4.391e-06
4.74715e-07
4.91393e-06
4.85924e-07
5.36323e-06
4.54953e-07
5.7395e-06
4.10987e-07
6.04525e-06
3.62964e-07
6.28474e-06
3.16943e-07
6.46596e-06
2.75306e-07
6.59587e-06
2.40798e-07
6.68655e-06
2.09308e-07
6.74655e-06
1.80705e-07
6.78416e-06
1.55844e-07
6.80274e-06
1.30768e-07
6.80829e-06
1.08128e-07
6.80716e-06
8.45569e-08
6.80423e-06
6.18377e-08
6.80163e-06
3.86076e-08
6.80142e-06
1.66655e-08
6.80575e-06
-5.22824e-09
6.81562e-06
-2.77316e-08
6.83201e-06
-5.05395e-08
6.85535e-06
-7.30545e-08
6.88523e-06
-9.58811e-08
6.92306e-06
-1.18571e-07
6.96823e-06
-1.41215e-07
7.01826e-06
-1.64064e-07
7.07569e-06
-1.87768e-07
7.13568e-06
-2.11104e-07
7.20253e-06
-2.36017e-07
7.27401e-06
-2.60809e-07
7.34965e-06
-2.86856e-07
7.42912e-06
-3.14399e-07
7.51153e-06
-3.43065e-07
7.59614e-06
-3.73094e-07
7.68196e-06
-4.04301e-07
7.76798e-06
-4.36594e-07
7.85376e-06
-4.68932e-07
7.94129e-06
-5.00853e-07
8.03157e-06
-5.31968e-07
8.11922e-06
-5.64258e-07
8.20894e-06
-5.96686e-07
8.28113e-06
-6.33766e-07
8.35437e-06
-6.66625e-07
8.4213e-06
-6.98835e-07
8.4814e-06
-7.29011e-07
8.53322e-06
-7.57226e-07
8.57674e-06
-7.86315e-07
8.60952e-06
-8.07285e-07
3.3801e-05
4.86413e-06
1.18994e-05
-3.13345e-05
-1.44311e-07
4.01627e-05
3.68305e-07
3.86939e-05
-1.39328e-05
5.37313e-06
7.49128e-06
1.50749e-05
-4.48994e-06
-1.68431e-05
4.41569e-06
-1.46756e-05
2.22194e-05
-1.62282e-05
-3.6801e-05
-2.17548e-05
-2.27547e-05
-3.77663e-07
5.38071e-07
-8.14569e-08
7.82789e-08
-2.66641e-05
-3.30579e-07
-6.84603e-08
3.51835e-07
-2.03549e-07
-7.22613e-08
-1.67578e-08
-6.32145e-08
1.20731e-07
-8.3792e-08
1.89231e-07
-8.34856e-08
1.24261e-07
-9.78908e-08
-1.273e-07
-1.48624e-07
-6.31376e-07
-2.43167e-07
-3.64877e-07
9.30228e-06
-1.51192e-06
-1.05386e-05
-1.94414e-05
1.81717e-05
-8.46201e-06
-7.97833e-07
-7.92187e-06
-3.56617e-07
-8.44205e-06
-3.23295e-07
-5.71301e-07
-2.60936e-07
-8.57083e-08
2.90039e-06
-1.20486e-06
1.57854e-06
-6.42052e-07
7.57428e-07
-3.85443e-07
2.49112e-07
-2.6438e-07
-3.48846e-08
-1.63594e-07
-1.42047e-07
-9.48742e-08
-1.15497e-07
-7.14798e-08
-1.22692e-08
-6.85335e-08
1.23979e-07
-7.20895e-08
-7.69189e-08
-1.65529e-05
1.63035e-05
6.76341e-06
4.02546e-05
-3.55267e-05
1.04072e-05
1.78735e-05
-3.016e-05
7.46939e-07
-2.26878e-08
-4.94762e-07
9.50182e-07
-2.70862e-08
-5.55937e-08
1.31484e-06
2.43146e-08
1.82226e-06
7.41935e-08
2.10167e-06
6.33782e-08
2.46046e-06
1.07053e-07
2.93707e-06
1.58409e-07
3.31995e-06
1.54974e-07
3.6625e-06
1.46217e-07
3.83958e-06
1.04725e-07
3.9579e-06
8.41176e-08
4.0615e-06
8.05424e-08
4.13924e-06
7.79946e-08
4.19423e-06
7.41205e-08
4.22624e-06
6.79439e-08
4.23711e-06
5.96202e-08
4.23837e-06
5.10566e-08
4.231e-06
4.23179e-08
4.21918e-06
3.2108e-08
4.20573e-06
2.25559e-08
4.19453e-06
1.14615e-08
4.1849e-06
1.62604e-09
4.17912e-06
-9.58381e-09
4.17756e-06
-2.11101e-08
4.18153e-06
-3.27192e-08
4.19164e-06
-4.42762e-08
4.20716e-06
-5.55794e-08
4.22851e-06
-6.69607e-08
4.25486e-06
-7.79821e-08
4.28447e-06
-8.91219e-08
4.31779e-06
-1.00103e-07
4.35481e-06
-1.11743e-07
4.39376e-06
-1.23221e-07
4.43508e-06
-1.35773e-07
4.47827e-06
-1.48729e-07
4.52301e-06
-1.6259e-07
4.56801e-06
-1.77214e-07
4.61354e-06
-1.92775e-07
4.6589e-06
-2.09305e-07
4.70285e-06
-2.26841e-07
4.74559e-06
-2.45113e-07
4.7866e-06
-2.64147e-07
4.82581e-06
-2.83284e-07
4.86443e-06
-3.02789e-07
4.8996e-06
-3.21686e-07
4.93692e-06
-3.40474e-07
4.96748e-06
-3.57983e-07
4.99644e-06
-3.77099e-07
5.02394e-06
-3.9269e-07
5.05066e-06
-4.08227e-07
5.07484e-06
-4.20607e-07
5.10122e-06
-4.29423e-07
-7.80285e-06
-3.09179e-07
-8.06271e-06
-2.46456e-07
-8.66278e-06
-3.21942e-07
-9.3422e-06
-6.53988e-07
-1.03547e-05
-8.54428e-07
-1.17944e-05
-1.06679e-06
-1.37753e-05
-1.69835e-06
-1.63486e-05
-3.32773e-06
-1.80533e-05
-1.41001e-05
4.14707e-06
3.91702e-05
1.04009e-06
-2.38742e-05
-2.50034e-05
4.08834e-05
3.36426e-06
-2.27174e-07
4.06029e-05
-1.44745e-05
5.92382e-06
-5.61509e-06
-1.23244e-05
3.74237e-09
1.20407e-05
-1.24756e-05
-7.04156e-07
-1.47737e-05
-1.34609e-06
-1.21125e-06
-1.49091e-05
1.39868e-05
1.09024e-05
-1.94929e-05
-1.4367e-05
9.15745e-06
-2.19085e-05
7.8349e-06
-2.24678e-05
6.44138e-06
-2.25943e-05
4.99061e-06
-2.2616e-05
3.55528e-06
-2.26344e-05
2.07858e-06
-2.25972e-05
5.59686e-07
-2.25694e-05
-1.07526e-06
-2.25065e-05
-2.8914e-06
-2.24666e-05
-4.99705e-06
-2.23545e-05
-6.9681e-06
-2.22356e-05
-8.92939e-06
-2.17526e-05
-9.6314e-06
-2.10434e-05
-2.00834e-05
-7.61518e-06
7.08864e-06
-5.72624e-06
5.81056e-06
1.15751e-06
-8.20593e-07
8.63192e-06
1.45119e-06
1.17871e-05
1.70118e-06
1.4518e-05
1.89516e-06
1.67679e-05
2.02948e-06
1.85355e-05
2.09301e-06
1.98844e-05
2.08765e-06
2.08724e-05
2.00812e-06
2.15922e-05
1.86071e-06
2.21007e-05
1.64745e-06
2.24617e-05
1.3777e-06
2.27126e-05
1.05921e-06
2.28851e-05
7.07821e-07
2.29936e-05
3.34432e-07
2.30516e-05
-4.43982e-08
2.30635e-05
-4.17124e-07
2.30342e-05
-7.72534e-07
2.29618e-05
-1.0928e-06
2.28357e-05
-1.36884e-06
2.26475e-05
-1.58948e-06
2.23802e-05
-1.74959e-06
2.20044e-05
-1.84621e-06
2.14798e-05
-1.87704e-06
2.07482e-05
-1.84638e-06
1.97453e-05
-1.73892e-06
1.83876e-05
-1.58882e-06
1.66157e-05
-1.37331e-06
1.4368e-05
-1.1124e-06
1.16531e-05
-7.99714e-07
8.51955e-06
-4.33782e-07
5.13005e-06
7.88285e-07
-4.32698e-08
1.07087e-06
-1.70775e-08
1.41582e-06
1.74156e-08
1.80362e-06
4.80972e-08
2.22882e-06
8.72245e-08
2.64331e-06
1.25525e-07
3.03015e-06
1.39781e-07
3.36463e-06
1.3627e-07
3.64161e-06
1.25379e-07
3.85913e-06
1.13832e-07
4.0211e-06
1.03127e-07
4.13378e-06
9.38325e-08
4.2072e-06
8.55129e-08
4.24884e-06
7.78889e-08
4.2666e-06
7.00545e-08
4.2674e-06
6.27121e-08
4.2551e-06
5.36389e-08
4.23393e-06
4.521e-08
4.20899e-06
3.45713e-08
4.18264e-06
2.43576e-08
4.15835e-06
1.27825e-08
4.13817e-06
2.24831e-09
4.12312e-06
-8.86058e-09
4.11425e-06
-2.0566e-08
4.11215e-06
-3.23742e-08
4.11752e-06
-4.4112e-08
4.13023e-06
-5.58445e-08
4.15043e-06
-6.77023e-08
4.17753e-06
-7.93549e-08
4.21079e-06
-9.09981e-08
4.24887e-06
-1.02641e-07
4.29197e-06
-1.14538e-07
4.33846e-06
-1.2668e-07
4.38923e-06
-1.39677e-07
4.44324e-06
-1.52915e-07
4.5e-06
-1.67212e-07
4.55855e-06
-1.81838e-07
4.61832e-06
-1.97694e-07
4.67787e-06
-2.13911e-07
4.73684e-06
-2.315e-07
4.79406e-06
-2.48707e-07
4.85064e-06
-2.67351e-07
4.9056e-06
-2.84897e-07
4.95909e-06
-3.04435e-07
5.00899e-06
-3.22578e-07
5.05244e-06
-3.43029e-07
5.09075e-06
-3.61078e-07
5.12472e-06
-3.79792e-07
5.15324e-06
-3.96026e-07
5.17723e-06
-4.11836e-07
5.19265e-06
-4.25223e-07
5.2033e-06
-4.35085e-07
-4.40057e-07
5.21155e-06
-3.58674e-05
1.60097e-05
4.12535e-05
-1.78314e-05
-1.76693e-06
1.73954e-06
-1.79472e-06
1.96828e-06
5.88678e-06
1.71619e-06
-1.12213e-06
1.39596e-06
8.00842e-07
-4.29639e-07
-1.61202e-06
1.7742e-06
-1.87212e-06
1.90825e-06
-1.8761e-06
1.77626e-06
-1.61179e-06
1.38727e-06
-1.10924e-06
7.8646e-07
-4.30147e-07
5.09422e-08
3.35376e-07
-7.1239e-07
1.06717e-06
-1.38598e-06
1.65865e-06
-1.87435e-06
2.02736e-06
-2.11014e-06
2.12212e-06
-2.05854e-06
1.92772e-06
-1.72961e-06
1.4761e-06
-1.17101e-06
1.79425e-06
-1.83078e-06
1.7589e-06
8.24254e-07
-4.36264e-07
1.86432e-06
-1.89223e-06
1.91305e-06
-1.92714e-06
1.93272e-06
-1.93095e-06
1.91988e-06
-1.90224e-06
1.87716e-06
-1.84723e-06
1.81195e-06
-1.77343e-06
1.73193e-06
-1.6895e-06
1.64718e-06
-1.60655e-06
1.56804e-06
-1.53271e-06
1.50083e-06
-1.4733e-06
1.4506e-06
-1.43334e-06
1.42207e-06
-1.41739e-06
1.41955e-06
-1.42883e-06
1.44504e-06
-1.46764e-06
1.49598e-06
-1.52949e-06
1.56744e-06
-1.60836e-06
1.65094e-06
-1.69201e-06
1.73086e-06
-1.76381e-06
1.7891e-06
-1.80276e-06
1.80121e-06
-1.77851e-06
1.72915e-06
-1.6491e-06
1.53545e-06
-1.38678e-06
1.20826e-06
-1.017e-06
8.38427e-07
-6.73598e-07
5.21078e-07
-3.88125e-07
2.64691e-07
-1.62154e-07
3.99553e-08
1.22278e-07
-3.08448e-07
5.11058e-07
-7.16211e-07
8.94939e-07
-9.92303e-07
9.72516e-07
-8.12376e-07
3.80205e-07
6.3531e-07
-8.35084e-07
1.05704e-06
-1.25589e-06
1.558e-06
-2.21083e-06
3.07699e-06
-4.16256e-06
5.88402e-06
3.28117e-06
3.79841e-06
-5.74272e-06
3.75454e-06
-2.3372e-06
1.1597e-06
-2.70485e-07
-4.29868e-07
9.59652e-07
-1.39659e-06
1.77194e-06
-2.16252e-06
2.61436e-06
-3.24474e-06
4.15267e-06
-5.35622e-06
8.86289e-06
9.46276e-06
-1.61795e-05
-4.33213e-06
-2.11272e-06
-5.67162e-06
6.866e-06
1.698e-06
-5.63328e-06
4.26352e-06
-3.53606e-06
3.52217e-06
-2.00421e-06
1.45155e-06
-1.17692e-06
9.07745e-07
-2.37593e-07
-3.936e-07
7.53178e-07
-9.07679e-07
9.18456e-07
-8.18499e-07
6.57948e-07
-4.79997e-07
3.04248e-07
-1.16679e-07
-4.03004e-08
1.63855e-07
-2.49301e-07
3.70553e-07
7.22123e-08
-4.76683e-07
6.20126e-07
-8.00124e-07
9.4857e-07
-1.11498e-06
1.30761e-06
-1.47197e-06
1.60619e-06
-1.68072e-06
1.7184e-06
-1.73791e-06
1.74431e-06
-1.74089e-06
1.72806e-06
-1.70661e-06
1.67947e-06
-1.65018e-06
1.62034e-06
-1.59218e-06
1.56595e-06
-1.54282e-06
1.52299e-06
-1.5077e-06
1.49775e-06
-1.49338e-06
1.49447e-06
-1.50037e-06
1.51088e-06
-1.52544e-06
1.54389e-06
-1.56537e-06
1.58991e-06
-1.61656e-06
1.64515e-06
-1.67502e-06
1.70555e-06
-1.73591e-06
1.76511e-06
-1.79206e-06
1.81588e-06
-1.83561e-06
1.85078e-06
-1.86047e-06
1.86463e-06
-1.8627e-06
1.85531e-06
-1.8401e-06
1.82003e-06
-3.87804e-06
-1.85097e-06
-1.44202e-06
4.05148e-07
4.39237e-05
-2.47665e-05
-2.6598e-05
-3.77156e-05
-1.03199e-06
1.85142e-06
-2.07704e-07
-2.17827e-07
-3.23124e-08
-3.05576e-08
-1.56529e-06
6.04488e-06
4.52717e-05
-1.67374e-06
-1.98489e-05
1.78774e-05
-1.48418e-05
-1.7737e-05
-1.34166e-05
-1.42333e-05
1.88603e-05
-1.48705e-05
-1.90116e-05
-1.32725e-05
-1.40658e-05
1.97655e-05
-1.48347e-05
-1.97468e-05
-1.30666e-05
-1.37243e-05
2.03256e-05
-2.01329e-05
1.48079e-05
5.66313e-06
)
;

boundaryField
{
    wall
    {
        type            calculated;
        value           uniform 0;
    }
    outlet
    {
        type            calculated;
        value           nonuniform List<scalar> 
33
(
1.17072e-05
5.16085e-06
8.56979e-06
1.66613e-05
1.44247e-05
1.97681e-05
1.84253e-05
2.14812e-05
2.07602e-05
2.23621e-05
2.19952e-05
2.28066e-05
2.26228e-05
2.30031e-05
2.29302e-05
2.30181e-05
2.30319e-05
2.28516e-05
2.296e-05
2.24336e-05
2.26818e-05
2.15739e-05
2.20782e-05
1.98762e-05
2.08612e-05
1.67725e-05
1.85362e-05
1.18032e-05
1.45312e-05
5.21768e-06
8.64942e-06
1.70411e-06
1.73233e-06
)
;
    }
    inlet
    {
        type            calculated;
        value           nonuniform List<scalar> 
30
(
-1.36015e-05
-8.98286e-06
-1.22267e-05
-1.58287e-05
-2.41529e-06
-9.05125e-06
-1.906e-05
-1.75214e-05
-2.10632e-05
-2.03407e-05
-2.17707e-05
-2.14705e-05
-2.21373e-05
-2.19812e-05
-2.22484e-05
-2.22265e-05
-2.19684e-05
-2.21686e-05
-2.07097e-05
-2.15642e-05
-1.89488e-05
-5.81588e-06
-5.65082e-06
-2.26214e-06
-8.24539e-07
-8.68143e-07
-1.85562e-07
-1.77216e-07
-3.0567e-08
-3.23124e-08
)
;
    }
    frontAndBackPlanes
    {
        type            empty;
        value           nonuniform List<scalar> 0();
    }
}


// ************************************************************************* //
