/*--------------------------------*- C++ -*----------------------------------*\
| =========                 |                                                 |
| \\      /  F ield         | OpenFOAM: The Open Source CFD Toolbox           |
|  \\    /   O peration     | Version:  2212                                  |
|   \\  /    A nd           | Website:  www.openfoam.com                      |
|    \\/     M anipulation  |                                                 |
\*---------------------------------------------------------------------------*/
FoamFile
{
    version     2.0;
    format      ascii;
    arch        "LSB;label=32;scalar=64";
    class       volVectorField;
    location    "0.00685";
    object      U;
}
// * * * * * * * * * * * * * * * * * * * * * * * * * * * * * * * * * * * * * //

dimensions      [0 1 -1 0 0 0 0];

internalField   nonuniform List<vector> 
2681
(
(0.621006 -1.37792 -1.94383e-18)
(6.71839 -59.5275 0)
(12.3066 -52.7113 -2.96201e-18)
(0.146208 0.00441415 -8.59171e-18)
(1.41251 -55.7176 2.00563e-18)
(-6.62528 -58.9496 4.87489e-18)
(-0.0876004 0.011637 -2.13699e-18)
(-0.148295 -0.000614563 2.77853e-19)
(-0.163739 -0.00300651 5.50889e-19)
(-0.165908 -0.00420531 -1.38693e-19)
(0.134091 -0.00161378 0)
(0.114371 -0.0650627 -1.47306e-19)
(0.12825 -0.0478568 -1.4303e-19)
(0.099772 -0.369701 0)
(0.0781713 -0.107651 -6.53765e-19)
(-0.0533329 -0.135245 1.07111e-18)
(0.00275552 -0.216912 0)
(0.151906 -0.00135771 -6.847e-19)
(0.158864 0.00181757 3.03447e-18)
(0.168562 0.00363426 -3.5053e-18)
(0.163415 -0.0144876 -1.12866e-17)
(0.130958 -0.0462966 8.31038e-19)
(0.144594 -0.0305671 -3.3202e-18)
(0.155041 -0.0202149 2.23695e-18)
(0.0956389 -0.0946099 -1.24112e-18)
(0.115757 -0.0654228 0)
(0.15398 -0.00252958 -2.6014e-18)
(0.136538 -0.00028829 2.43746e-19)
(0.139133 -0.00382538 1.10742e-18)
(0.162576 -0.00596777 1.32792e-18)
(0.159297 -0.00141804 -6.27799e-19)
(0.165403 -0.00066243 1.30168e-18)
(0.162901 -0.00389071 -1.13609e-18)
(0.155652 -0.0192871 5.75612e-19)
(0.162853 -0.00904972 0)
(0.142936 -0.0324953 -8.52062e-19)
(-0.125607 -0.0565631 2.15256e-18)
(-0.104448 -0.0699999 2.57939e-19)
(-0.0916314 -0.0819673 -5.14332e-19)
(-0.108899 -0.0720393 -5.21432e-19)
(-0.0942935 -0.0871051 9.59926e-19)
(-0.130053 -0.0305466 0)
(-0.118602 -0.0513271 -2.72201e-19)
(-0.152764 -0.0228229 0)
(-0.139736 -0.0296193 0)
(-0.429059 -61.4518 0)
(-0.164003 -0.00894192 1.40499e-19)
(-0.156822 -0.00389092 -1.09494e-18)
(0.110971 -0.00239276 0)
(-0.138058 -0.00441159 -2.78253e-19)
(-0.1477 -0.00482396 2.36272e-23)
(-0.077571 -0.098876 2.04806e-18)
(-0.0241394 -0.194601 1.53085e-19)
(-0.149332 0.00257811 -2.77217e-19)
(-0.138214 0.00115136 5.64117e-19)
(0.143171 -0.0335852 1.42998e-19)
(0.130104 -0.0489552 -4.29413e-19)
(0.121193 -0.00271408 -2.89487e-19)
(-0.129076 -0.00226892 0)
(-0.140838 -0.00289884 5.52177e-19)
(-0.133233 0.000967906 1.38428e-19)
(0.156112 -0.00384673 0)
(0.149248 -0.00171412 2.43368e-18)
(0.159226 -0.00855423 2.89082e-18)
(0.15795 -0.00765878 -4.95503e-19)
(0.129678 -0.0430965 -1.18405e-22)
(0.143494 -0.0258715 0)
(0.0927145 -0.0782851 0)
(0.113395 -0.0618808 5.32021e-19)
(0.0196497 -0.00660882 0)
(0.0886251 -0.0897257 1.09784e-18)
(-0.0749753 -0.0961571 2.50329e-19)
(-0.064453 -0.116017 -9.01686e-19)
(-0.116657 -0.0437228 -1.61113e-18)
(-0.0868119 -0.0726927 -4.8283e-19)
(0.105643 -0.0810281 5.93024e-19)
(-0.0132683 -0.0187004 0)
(0.039458 -0.335678 7.57346e-18)
(1.86487 -57.5017 4.81028e-18)
(0.150186 -0.00423404 1.19376e-18)
(0.132568 -0.00648685 -6.64883e-19)
(0.13912 -0.00500026 1.68978e-18)
(0.162845 -0.00336626 0)
(0.156711 -0.00368055 1.23867e-18)
(0.170688 -0.00348745 1.24671e-18)
(0.169032 -0.00221808 -1.19988e-19)
(0.163094 -0.0123697 0)
(0.167902 -0.00678541 -5.97398e-19)
(0.154001 -0.0212756 8.59853e-19)
(-0.117828 -0.0582445 0)
(-0.117118 -0.0648527 0)
(-0.146768 -0.0340989 1.15024e-18)
(-0.132025 -0.0470109 -1.13099e-18)
(-0.161997 -0.016449 2.9052e-19)
(-0.158277 -0.0229671 0)
(-0.166936 -0.00803894 0)
(-0.16642 -0.0111452 -2.81982e-19)
(-0.156907 -0.00670055 0)
(-0.163334 -0.00710333 0)
(-0.148793 -0.00555026 5.4866e-19)
(-0.126348 -0.000227363 -7.07746e-20)
(-0.126759 -0.00190917 7.06659e-20)
(0.117156 -0.0626185 5.66024e-19)
(0.0602821 -0.150424 4.5902e-18)
(0.0664602 -0.111383 0)
(-0.0745588 -0.119815 -2.0789e-18)
(0.123608 -0.00398008 0)
(-0.144973 0.0019869 -1.37062e-19)
(-0.137913 0.00607693 -6.8509e-19)
(0.0478262 -0.134403 -6.75534e-18)
(0.00790245 -0.183737 4.41215e-18)
(0.037363 -0.170892 0)
(-0.0444398 -0.15763 0)
(-0.109322 -0.070378 -1.97547e-18)
(-0.0966375 -0.0979568 4.41112e-18)
(-0.100046 -0.0700043 4.87309e-18)
(-0.126612 0.00116325 -5.62152e-19)
(-0.115289 -0.000178434 1.14256e-18)
(-0.114617 0.000530419 5.72906e-19)
(0.0809507 -0.0945684 -2.20212e-18)
(-0.0729631 -0.325766 1.36915e-18)
(-0.0373766 -0.154415 -3.02039e-19)
(-0.137187 -49.7084 -1.02635e-17)
(0.102313 -0.0782907 1.1166e-18)
(0.0898338 -0.101241 -1.17241e-18)
(-0.0948537 -0.0917812 0)
(0.115396 -0.00234386 0)
(9.09083 -57.6361 7.40598e-18)
(0.112398 -0.00267332 4.91632e-20)
(0.0979741 -1.14981 0)
(0.10672 -0.381918 2.30837e-18)
(0.144284 -0.000598541 3.17692e-18)
(0.132491 -0.000723314 -1.03261e-18)
(0.153257 -0.00587989 -2.65347e-19)
(0.150501 -0.00127137 2.71418e-19)
(0.145935 -0.0230722 -1.52015e-18)
(0.15024 -0.0117589 5.17894e-19)
(0.114842 -0.0530646 0)
(0.133072 -0.0354545 1.0196e-18)
(0.0745185 -0.100339 5.04148e-19)
(0.0937906 -0.073619 5.80096e-19)
(0.0571384 -0.124584 9.48271e-19)
(-0.0619739 -0.110406 2.47655e-19)
(-0.0506143 -0.130662 -6.05073e-19)
(-0.0920625 -0.075346 1.20674e-19)
(-0.0761243 -0.0918041 1.60548e-23)
(-0.00346434 -0.207941 1.08131e-18)
(-0.137387 -0.00199876 2.82101e-19)
(0.217004 -74.6136 2.38461e-17)
(-0.148854 0.00193491 -2.73856e-19)
(-0.138596 0.00195918 0)
(0.133638 -0.0062819 1.36163e-19)
(0.119083 -0.000884071 1.03635e-18)
(0.126035 -0.00349297 0)
(0.149207 -0.00713363 -5.94861e-19)
(0.141204 -0.00725686 -1.11785e-18)
(0.162494 -0.00755234 3.0576e-19)
(0.15649 -0.00761808 -3.00941e-19)
(0.170739 -0.00567742 -6.02619e-19)
(0.167456 -0.00644479 5.73563e-19)
(0.168351 -0.0091923 0)
(0.170218 -0.00657789 -2.95506e-19)
(0.153069 -0.0215636 0)
(0.161222 -0.0141327 -2.84852e-19)
(0.129952 -0.0431413 -5.52774e-19)
(0.142056 -0.0312994 0)
(-0.0898682 -0.350923 0)
(0.115092 -0.0580341 1.07298e-18)
(-0.133218 -0.047934 -5.71715e-19)
(-0.120199 -0.0650044 1.24049e-18)
(-0.154297 -0.027245 -5.67618e-19)
(-0.143496 -0.0372529 1.14545e-18)
(-0.168109 -0.0164672 -2.847e-19)
(-0.16272 -0.0210381 0)
(-0.169422 -0.00860231 6.81506e-20)
(-0.170294 -0.0117644 0)
(-0.159145 -0.00440107 -1.08596e-18)
(-0.164846 -0.00658909 6.1145e-19)
(-0.151993 -0.00162628 5.46793e-19)
(-0.121165 0.00138855 4.20528e-19)
(-0.130532 0.0101005 1.35872e-18)
(-0.12602 0.00558366 1.37565e-19)
(-0.117309 -0.000152682 -5.65134e-19)
(-0.0876238 0.0128332 2.37618e-18)
(0.0978809 -0.00144372 -3.33797e-18)
(0.0966501 0.000307981 -6.75455e-18)
(-0.00915381 -0.182161 -8.92258e-19)
(-0.00581825 -0.221671 -2.37334e-18)
(-0.0177435 -0.260509 1.23901e-18)
(0.0553168 -0.142462 2.38994e-18)
(0.0854513 -0.0969459 -3.34577e-18)
(-0.0653632 -0.135966 0)
(0.124995 0.00508442 1.94236e-18)
(-0.0868738 -0.10677 -2.19578e-18)
(-0.0937821 -0.083029 2.20706e-18)
(-0.126598 0.000169979 5.59802e-19)
(-0.114235 0.000169824 -7.08518e-19)
(0.0243034 -0.195893 1.18117e-18)
(-0.0352297 -0.175028 2.45407e-18)
(0.106921 0.000831092 0)
(0.109881 0.00408273 -5.155e-19)
(0.0550711 -12.5801 3.16457e-21)
(0.049168 -14.2087 -4.18641e-21)
(-0.0596758 -14.2064 -3.40299e-20)
(-0.0624618 -12.5778 3.39853e-20)
(-0.121975 0.0133841 -5.40412e-19)
(-0.133513 0.0130336 -5.3783e-19)
(-0.123885 0.0146871 0)
(0.0680732 -0.0679766 5.3927e-18)
(-0.0426864 -0.274608 0)
(-0.0980141 0.00933756 -2.54026e-18)
(0.0994177 -0.000656893 1.09108e-18)
(0.293533 -3.25031 -1.01601e-17)
(1.45204 -61.1706 6.92036e-18)
(-0.515512 -57.5562 -2.73843e-18)
(0.0703154 -0.122153 0)
(-0.0734468 -0.118519 0)
(10.7303 -57.7589 1.17635e-17)
(0.103291 -0.000261098 -1.11586e-18)
(-0.235389 -0.75302 4.46253e-18)
(0.122417 -0.00128883 -1.03347e-18)
(0.108904 -0.00133583 1.05278e-18)
(0.141754 -0.00229046 0)
(0.133223 -0.00151697 1.04199e-18)
(0.147994 -0.010793 2.60861e-19)
(0.146807 -0.00580486 -5.25823e-19)
(0.134277 -0.0289017 5.12115e-19)
(0.143811 -0.0185436 -1.05782e-22)
(0.0993277 -0.0621811 0)
(0.1187 -0.0435838 -2.54331e-19)
(0.0565296 -0.106068 0)
(0.0777005 -0.0835238 -6.3769e-20)
(0.0152467 -0.17388 -1.01415e-18)
(0.0309262 -0.133017 0)
(-0.0107915 -0.210001 -5.39949e-19)
(-0.0435389 -0.12523 4.95828e-19)
(-0.0318805 -0.150611 7.33126e-19)
(-0.0749195 -0.080332 -6.13333e-19)
(-0.0575661 -0.101624 -4.87626e-19)
(-0.114961 -0.0440126 1.27255e-19)
(-0.0949854 -0.0618374 3.10389e-19)
(-0.14514 -0.0165953 -6.57854e-20)
(-0.133341 -0.0287028 0)
(-0.146205 -0.00331967 -5.26241e-19)
(-0.149336 -0.00849675 6.72743e-19)
(-0.137927 -0.00069708 0)
(0.0466467 -15.8685 1.04951e-21)
(0.0438193 -17.6434 -1.04863e-21)
(0.0433348 -19.4703 -1.63119e-20)
(0.0405912 -21.3923 5.03099e-20)
(0.0403031 -23.3883 -2.48722e-20)
(0.046258 -25.4731 -4.10154e-21)
(0.0418121 -27.6742 -7.0579e-20)
(0.0198177 -30.0134 -1.28253e-19)
(0.00547814 -32.5221 -4.07792e-21)
(0.0145728 -35.2532 -6.56699e-20)
(-0.12298 -35.2082 0)
(0.0139516 -38.1735 1.2871e-19)
(0.0408299 -41.3489 4.43521e-19)
(-0.199238 -41.1599 7.53103e-19)
(-0.127761 -38.0904 -2.5967e-19)
(-0.13551 -29.9998 1.36808e-19)
(-0.132304 -32.4932 2.59367e-19)
(-0.106618 -25.4723 2.50729e-20)
(-0.132588 -27.6666 0)
(-0.0759669 -21.3803 1.66338e-20)
(-0.0830021 -23.3767 4.97968e-24)
(-0.0632371 -17.6391 1.79027e-20)
(-0.0699389 -19.4638 -3.7709e-20)
(-0.0611929 -15.8652 -1.04952e-21)
(0.135389 -0.00552152 0)
(0.128251 -0.00134194 0)
(0.149438 -0.00890382 5.8025e-19)
(0.142552 -0.00763255 0)
(0.162515 -0.0104632 -2.97605e-19)
(0.156353 -0.00999114 -2.94273e-19)
(0.171073 -0.0104257 2.99803e-19)
(0.166991 -0.0104148 -2.6244e-19)
(0.170624 -0.0119554 -5.75974e-19)
(0.170701 -0.0109795 -2.91729e-19)
(0.159532 -0.0181986 0)
(0.16557 -0.0142611 5.65226e-19)
(0.138887 -0.0322002 -5.42e-19)
(0.149792 -0.0244638 2.75053e-19)
(0.43197 -2.68184 1.04769e-17)
(0.126837 -0.0421275 7.33134e-19)
(0.105012 -0.0580213 1.18729e-19)
(-0.10018 -0.0697762 0)
(-0.0818724 -0.0964595 -8.56371e-18)
(-0.0858105 -0.0765482 -8.58451e-18)
(-0.0828721 -0.0753576 -1.92062e-18)
(-0.121825 -0.050177 5.88496e-19)
(-0.110005 -0.059836 0)
(-0.138758 -0.0388284 -5.73016e-19)
(-0.127978 -0.0464439 -2.9475e-19)
(-0.160862 -0.0225385 -2.82158e-19)
(-0.150072 -0.0303924 5.65163e-19)
(-0.173139 -0.0108503 8.32879e-19)
(-0.168257 -0.0158147 0)
(-0.172222 -0.00386067 4.76011e-19)
(-0.173789 -0.00702311 -2.7502e-19)
(-0.162101 0.00150112 -5.41082e-19)
(-0.16768 -0.00120988 -5.94202e-19)
(-0.148805 0.00757844 1.3601e-19)
(-0.15566 0.00450852 2.71498e-19)
(-0.141601 0.0105588 1.35718e-19)
(-0.113509 0.00584214 -5.59555e-19)
(-0.118238 0.0100651 -5.48685e-19)
(-0.105689 0.0015279 -1.78527e-18)
(-0.108946 0.00302861 6.35451e-19)
(-0.102503 0.000354937 5.74379e-19)
(-0.103793 0.00102762 0)
(0.284324 -1.92123 0)
(-0.573656 -3.49909 -5.0141e-18)
(0.0464996 -0.167111 -1.16624e-18)
(0.0705323 -0.116435 4.36158e-18)
(-0.0767985 -0.117246 -4.40813e-18)
(-0.0534494 -0.15541 -2.32341e-18)
(0.113555 0.00603564 -4.87882e-19)
(-0.0763894 -0.277244 4.36028e-18)
(0.0610155 -11.1064 4.19227e-21)
(-0.0667284 -11.1044 0)
(0.126771 0.00243036 -2.2507e-18)
(-2.39539 -8.98171 0)
(0.16887 -35.2271 2.5918e-19)
(0.189931 -38.1423 2.57021e-19)
(0.00823377 -0.226623 -4.79058e-18)
(-1.05357 -51.7863 2.86004e-18)
(-0.0783158 -0.10802 8.77696e-18)
(-0.0205087 -0.21239 2.518e-18)
(0.0862207 -0.000268916 1.15333e-18)
(0.0821593 -0.00202534 3.82307e-18)
(0.17799 -11.1186 -1.66794e-20)
(0.0687895 -9.63379 -5.26143e-21)
(0.198785 -9.6431 3.36902e-20)
(-0.111844 0.0154553 -3.37653e-20)
(-0.112699 0.01536 2.16402e-19)
(-0.135004 0.012423 -2.4876e-24)
(-0.124502 0.0127988 0)
(-0.0242377 -44.4396 7.2674e-19)
(0.0895366 -44.7374 -4.90432e-19)
(0.0769616 -0.0831738 1.52586e-18)
(0.0610891 -0.106976 1.67361e-18)
(-0.0348019 -0.307095 0)
(0.0167662 -0.240708 2.75376e-18)
(-0.066301 -0.0872864 1.2514e-18)
(-0.0575967 -0.102703 -7.19547e-18)
(-1.16457 -61.6163 5.20957e-18)
(-0.127426 -0.484909 4.81979e-18)
(-0.230945 -0.594398 4.30979e-18)
(-0.0317549 0.00936327 -4.85263e-18)
(-0.101428 -0.00127883 -4.27544e-19)
(-0.0920816 0.00139387 -5.76327e-19)
(-0.090389 -0.000228064 5.77169e-19)
(0.0601689 -0.143585 -6.18346e-22)
(-0.067219 -0.135365 2.24614e-18)
(0.106057 0.0097387 1.07758e-18)
(0.0988876 0.00502139 -5.35566e-19)
(0.102651 0.0079898 1.06515e-18)
(0.0913738 0.00123933 1.09665e-18)
(0.0948214 0.00294127 -5.10379e-19)
(0.0886628 0.000418424 -1.11728e-18)
(0.121316 -0.00334747 -5.12024e-19)
(0.108236 -0.00392349 4.82024e-19)
(0.138724 -0.00574581 0)
(0.13115 -0.00376082 5.18747e-19)
(0.141512 -0.0151618 -2.59667e-19)
(0.142453 -0.00917918 0)
(0.122217 -0.0355093 2.57575e-19)
(0.134962 -0.0235132 3.87417e-19)
(0.0812858 -0.0699467 -1.27119e-19)
(0.103911 -0.0509254 -7.63849e-19)
(0.0316097 -0.12076 -1.03865e-18)
(0.0569054 -0.0930782 8.89858e-19)
(-0.0219475 -0.190941 1.00945e-18)
(0.00531655 -0.154102 -1.01145e-18)
(-0.0584578 -0.236705 7.74002e-19)
(0.0288648 -0.282055 -2.70089e-18)
(0.166543 -0.54884 -1.02647e-17)
(0.028965 -0.2129 -9.40588e-19)
(0.080168 -0.262967 6.73143e-19)
(-0.0185511 -0.135058 -9.8288e-19)
(0.00596085 -0.165457 1.21125e-18)
(-0.0567448 -0.0890448 0)
(-0.0370267 -0.110245 4.83239e-19)
(-0.100628 -0.050264 1.27096e-19)
(-0.0786803 -0.0683968 -6.24392e-20)
(-0.135563 -0.0233534 2.58124e-19)
(-0.121299 -0.0352074 0)
(-0.141596 -0.00876097 -1.68462e-20)
(-0.142538 -0.0145237 -2.62493e-19)
(-0.125064 -0.00338098 5.58037e-19)
(-0.135275 -0.0052128 -6.80895e-19)
(-0.113385 -0.00220223 4.22337e-19)
(0.139832 -14.2172 0)
(0.158987 -12.5922 -1.78052e-20)
(0.124714 -17.6392 0)
(0.129758 -15.8704 0)
(0.139907 -21.3823 5.25553e-22)
(0.130031 -19.4622 -5.23925e-22)
(0.143884 -25.4819 -1.67832e-20)
(0.145594 -23.3858 3.66051e-21)
(0.151549 -30.0131 0)
(0.144897 -27.6824 1.49698e-19)
(0.155556 -32.5171 -2.63692e-19)
(-0.183161 -11.1152 -3.37164e-20)
(-0.202293 -9.64074 -3.35471e-20)
(-0.0724333 -9.63261 9.43668e-21)
(0.520609 -48.7346 2.60751e-18)
(-1.20767 -48.5865 1.6182e-18)
(-1.36967 -4.10138 4.32179e-18)
(-0.215254 -41.1268 -1.16092e-18)
(-0.439616 -43.94 -1.02864e-18)
(-0.248959 -35.2443 -2.62146e-19)
(-0.209851 -38.0651 0)
(-0.217954 -29.9866 -1.32664e-19)
(-0.234964 -32.507 -1.32148e-19)
(-0.199419 -25.4367 -4.97785e-20)
(-0.201944 -27.6367 -1.65639e-20)
(-0.165599 -21.357 -2.50545e-20)
(-0.191386 -23.3488 5.0296e-20)
(-0.141232 -17.6254 -2.09708e-21)
(-0.147916 -19.4425 2.10216e-20)
(-0.150686 -14.2105 1.73878e-20)
(-0.1435 -15.8608 -1.56851e-20)
(-0.167345 -12.5875 3.32579e-20)
(0.139716 -0.00344431 -2.83248e-19)
(0.133987 -0.000108472 5.61004e-19)
(0.15162 -0.00954031 -1.44537e-19)
(0.145837 -0.00675191 -2.84511e-19)
(0.163246 -0.0135042 1.46357e-19)
(0.157805 -0.0118313 -7.28629e-20)
(0.170746 -0.0155668 -2.88186e-19)
(0.167647 -0.0145668 2.64188e-19)
(0.171307 -0.0169453 -2.86057e-19)
(0.171562 -0.0162603 0)
(0.162592 -0.0205709 0)
(0.167997 -0.0182164 0)
(0.14576 -0.0289256 -3.37284e-19)
(0.155097 -0.0241383 6.83682e-20)
(0.121939 -0.0427516 -5.19088e-19)
(0.135573 -0.0355533 -8.61158e-23)
(0.0856744 -0.0625782 -1.60169e-18)
(0.109263 -0.0564365 9.02894e-19)
(0.0569187 -0.0870052 -5.83552e-19)
(0.0630209 -0.0762566 5.57317e-19)
(0.0783996 -0.0670645 0)
(-0.0506634 -0.0816124 4.13229e-18)
(-0.0627104 -0.064145 -7.57687e-19)
(-0.0299438 -0.0932523 2.64314e-18)
(-0.0381356 -0.0802044 3.07144e-19)
(-0.0333201 -0.0688549 1.11029e-18)
(-0.0691548 -0.0607907 3.80481e-18)
(-0.0727093 -0.0712482 1.14994e-18)
(-0.0996771 -0.0565927 -1.56185e-18)
(-0.0969996 -0.0547721 1.18035e-19)
(-0.125027 -0.0443665 1.40234e-18)
(-0.113176 -0.0500272 1.09645e-18)
(-0.147163 -0.0300455 -2.80865e-19)
(-0.135998 -0.0382956 -8.50002e-19)
(-0.16673 -0.0151384 2.7851e-19)
(-0.157639 -0.0222134 5.60375e-19)
(-0.177459 -0.00483944 -4.12053e-19)
(-0.173479 -0.00927665 6.92437e-19)
(-0.175319 0.0015485 0)
(-0.177666 -0.0012524 -4.10073e-19)
(-0.164845 0.00590897 0)
(-0.170593 0.00380971 -1.69531e-20)
(-0.151378 0.00984683 -3.3837e-19)
(-0.158416 0.00797737 2.70457e-19)
(-0.14367 0.0113873 1.34941e-19)
(-0.105572 0.0102017 -1.74185e-20)
(-0.1094 0.0137133 7.68075e-20)
(-0.0971656 0.00434698 4.99403e-19)
(-0.101185 0.00704714 -4.83088e-19)
(-0.0942192 0.00275984 0)
(-1.35666 -63.2945 -1.04873e-17)
(-0.567435 -1.5554 -1.11313e-17)
(0.284579 -41.2668 -1.78833e-22)
(0.0325869 -0.192511 2.34629e-18)
(0.0654415 -0.135986 4.5022e-18)
(-0.0664337 -0.131398 0)
(-0.0391755 -0.179405 -7.14653e-18)
(0.0797427 -0.00310814 -3.4371e-19)
(-1.2411 -67.3823 -2.49463e-17)
(-0.184726 -0.553693 -2.36445e-18)
(-0.0520606 -0.0869131 -4.48144e-18)
(0.321525 -11.1405 3.36973e-20)
(0.354655 -9.66415 1.05014e-21)
(0.0962151 0.0134587 -1.37846e-18)
(-0.56136 -2.87456 5.73532e-18)
(0.119711 0.0120577 9.212e-18)
(0.107151 0.0137178 -6.9299e-23)
(0.0978226 0.0152205 0)
(-0.112948 0.0122366 7.70732e-19)
(-0.0998867 -0.00380675 -7.06641e-19)
(-0.0886758 -0.00256099 3.97563e-23)
(-0.35265 -48.2346 -3.69999e-18)
(0.335349 -0.729942 4.35898e-18)
(0.343902 -0.939509 4.33514e-18)
(-0.432878 -65.5489 5.42455e-18)
(-0.0868063 0.0122137 0)
(0.339378 -35.1397 -5.26928e-19)
(0.406754 -38.0165 -4.94069e-21)
(-0.372099 -0.989486 4.68494e-18)
(-0.525417 -0.961665 2.00556e-18)
(-0.368865 -1.12667 4.45479e-18)
(0.0472092 -0.128761 -5.00896e-18)
(-0.00640257 -0.259722 0)
(0.00257474 -0.250057 0)
(-0.0620217 -0.121273 0)
(0.203607 -0.632784 1.32122e-17)
(-0.326438 -11.1346 1.05027e-21)
(-0.358053 -9.6591 2.10061e-21)
(0.736818 -2.61547 5.34639e-18)
(-2.87019 -62.2414 -1.94227e-18)
(-2.23488 -59.0025 1.98933e-20)
(-0.285256 -0.819264 -4.46173e-18)
(-0.0570773 -0.388756 0)
(0.0546431 -0.106852 -5.99847e-19)
(0.0500568 -0.081346 0)
(0.0467126 -0.0929622 0)
(-0.0187402 -0.0802472 1.14303e-18)
(-0.0206956 -0.0872457 6.51435e-22)
(-0.0512331 -0.114173 4.51736e-18)
(0.0521395 -0.367714 0)
(0.103651 -0.79461 -1.01469e-17)
(0.349739 -44.4411 -1.51956e-18)
(0.0386174 0.010473 1.81658e-17)
(-0.108471 -0.610094 9.56892e-18)
(-0.595299 -1.95473 6.41696e-18)
(0.0467374 -0.163165 -2.2915e-18)
(-0.054657 -0.155951 0)
(0.0903434 0.00901791 3.55519e-23)
(0.0937513 0.0113501 -8.12649e-19)
(0.082543 0.00453358 -5.47934e-19)
(0.0863761 0.00638857 4.22202e-21)
(0.0757349 0.00136625 0)
(0.0791239 0.00249989 5.62588e-19)
(0.0714264 -0.000586467 0)
(0.07267 -0.000391501 -1.21939e-18)
(0.0689632 -0.00274883 0)
(0.0919616 -0.00519249 3.04488e-23)
(0.0819432 -0.00451553 -3.23649e-19)
(0.119666 -0.00421026 0)
(0.109338 -0.00140766 -2.3977e-18)
(0.135278 -0.00939043 1.39209e-19)
(0.129391 -0.00656826 -1.38437e-19)
(0.134516 -0.0194876 -2.59959e-19)
(0.137279 -0.0136082 1.30095e-19)
(0.109536 -0.0404639 0)
(0.125462 -0.0284015 1.24552e-23)
(0.061952 -0.0773473 7.65901e-19)
(0.0879015 -0.0564857 1.28186e-19)
(0.00250229 -0.13275 -1.60628e-20)
(0.0337345 -0.102874 -3.83611e-19)
(-0.0707985 -0.223218 -9.97059e-19)
(-0.0293307 -0.171671 0)
(-0.1622 -0.373404 1.38474e-18)
(-0.109328 -0.296746 7.35019e-19)
(-0.172729 -0.423852 -3.73576e-18)
(0.196411 -0.462611 1.74998e-18)
(0.242036 -0.538915 -3.5992e-18)
(0.0890882 -0.257948 0)
(0.152513 -0.352981 -1.60047e-18)
(0.0104289 -0.144127 4.74907e-19)
(0.044408 -0.192497 0)
(-0.0385706 -0.0877107 -2.45238e-19)
(-0.0147905 -0.112029 0)
(-0.0874324 -0.0505448 0)
(-0.0630653 -0.0678413 0)
(-0.127293 -0.0246989 5.13733e-19)
(-0.110654 -0.0356788 -5.08905e-19)
(-0.136888 -0.012344 2.67008e-19)
(-0.136414 -0.0171853 1.29454e-19)
(-0.122662 -0.00644578 -2.75893e-19)
(-0.131843 -0.00901397 -6.75887e-19)
(-0.11166 -0.00493766 5.57181e-19)
(0.272555 -14.231 -1.47508e-20)
(0.297609 -12.6112 -3.1399e-20)
(0.25156 -17.6421 1.68389e-20)
(0.260215 -15.8787 2.09164e-20)
(0.254704 -21.3778 0)
(0.252459 -19.4594 -1.66897e-20)
(0.276785 -25.4758 -3.36034e-20)
(0.264165 -23.3798 -2.09182e-21)
(0.285332 -29.9935 -1.33724e-19)
(0.282749 -27.676 -6.68752e-20)
(0.300951 -32.4724 3.96597e-19)
(0.075774 -8.3701 0)
(-0.212927 -8.37684 3.15595e-20)
(-0.0777324 -8.36892 -2.30823e-20)
(-0.0237587 -0.112469 -2.45167e-18)
(0.37553 -8.40103 -2.09912e-21)
(0.211596 -8.37862 2.09855e-21)
(-0.917584 -52.5547 0)
(-2.05465 -55.0252 3.11141e-18)
(-0.10246 -46.6909 -1.12556e-18)
(0.0724971 -49.0931 2.68921e-18)
(-0.493118 -41.0034 -9.28993e-19)
(-0.693962 -44.0012 1.30712e-18)
(-0.443106 -35.166 1.32198e-19)
(-0.46238 -37.9993 1.3162e-19)
(-0.35253 -29.9652 -1.32941e-19)
(-0.385922 -32.4621 -8.99382e-22)
(-0.298277 -25.4282 -6.70615e-20)
(-0.323692 -27.6276 2.66899e-19)
(-0.276502 -21.3505 -8.2645e-21)
(-0.278262 -23.3427 -8.3244e-21)
(-0.264629 -17.6245 -1.4644e-20)
(-0.272199 -19.4383 1.68399e-20)
(-0.281464 -14.2206 1.67446e-20)
(-0.271613 -15.8644 7.37824e-21)
(-0.304127 -12.6035 -1.68581e-20)
(0.115788 0.010413 4.20566e-18)
(0.0983334 0.0162801 2.41649e-18)
(0.108642 0.0142226 -7.36739e-18)
(0.13193 0.00850019 -3.2225e-19)
(0.124992 0.00916694 -1.0408e-18)
(0.144449 -0.000659525 -1.26763e-19)
(0.138631 0.00397215 4.42621e-19)
(0.154972 -0.00877347 7.21657e-20)
(0.149909 -0.00499559 -1.79554e-20)
(0.165148 -0.014725 7.63748e-20)
(0.160455 -0.0120064 -1.55936e-25)
(0.171835 -0.0189699 -7.133e-20)
(0.169392 -0.0169558 -8.9376e-21)
(0.172471 -0.0223126 4.2259e-19)
(0.173324 -0.0206364 1.42193e-19)
(0.164669 -0.0262506 1.37355e-19)
(0.169767 -0.0241204 1.34904e-24)
(0.149612 -0.0322061 3.37483e-19)
(0.158271 -0.0288933 -4.09671e-19)
(0.127023 -0.0422339 6.57866e-20)
(0.140097 -0.0367084 -4.69679e-19)
(0.10057 -0.0565935 -1.86053e-18)
(0.11496 -0.0499111 3.96016e-19)
(0.0702268 -0.0719074 -5.43518e-19)
(0.0867096 -0.0631599 1.08145e-18)
(0.0359518 -0.0851749 0)
(0.0395412 -0.0833309 -5.3809e-19)
(0.055884 -0.0785685 5.41459e-19)
(0.0270939 -0.0868411 0)
(0.0128476 -0.0877492 -1.32283e-19)
(-0.00801784 -0.0844285 0)
(-0.00924787 -0.0871605 2.70997e-19)
(0.00287594 -0.0895692 0)
(-0.034763 -0.0789088 -3.52228e-20)
(-0.0213153 -0.0838153 2.78008e-19)
(-0.0626833 -0.0754825 0)
(-0.0421517 -0.0774235 3.43355e-20)
(-0.0787423 -0.06525 7.93662e-19)
(-0.0736234 -0.0651898 -1.3472e-19)
(-0.107755 -0.0526421 2.08127e-23)
(-0.097392 -0.062152 5.16395e-19)
(-0.131662 -0.0384548 -2.74171e-19)
(-0.119466 -0.0463428 0)
(-0.153983 -0.0237461 2.78117e-19)
(-0.142964 -0.031316 -5.5636e-19)
(-0.172704 -0.0100021 1.3762e-19)
(-0.164283 -0.0163413 1.38571e-19)
(-0.181151 -0.00145781 -6.82444e-19)
(-0.178377 -0.00504042 4.11874e-19)
(-0.177431 0.00264984 -2.71014e-19)
(-0.180517 0.000978461 4.08466e-19)
(-0.166462 0.00514804 0)
(-0.172406 0.00393148 0)
(-0.152595 0.00759623 6.07789e-19)
(-0.159894 0.00641456 -2.0247e-19)
(-0.135217 0.00922059 7.18121e-24)
(-0.144413 0.00857613 -2.69425e-19)
(-0.113955 0.011886 -9.53606e-19)
(-0.123623 0.00984069 1.0462e-18)
(-0.0993435 0.0129537 7.74803e-19)
(-0.0993364 0.0104659 1.44536e-18)
(-0.100123 0.0164794 6.78772e-20)
(-0.100247 0.0153836 -3.82727e-19)
(-0.0962973 0.0137134 -3.47587e-20)
(-0.0988675 0.016067 3.75729e-19)
(-0.0888998 0.00777601 -7.10047e-20)
(-0.0927556 0.0108881 5.60475e-19)
(-0.0826681 0.00328407 0)
(-0.0854964 0.00538874 7.15228e-20)
(-0.078389 -0.001073 5.23609e-19)
(-0.0803887 0.00135987 -5.40815e-19)
(-1.64254 -65.7338 -5.03085e-18)
(-0.19195 -52.07 -4.18438e-18)
(-0.107295 -0.0504124 -9.78618e-19)
(-0.625445 -1.30444 9.08031e-18)
(0.471528 -41.0825 -5.26896e-19)
(-0.580869 -4.31275 9.53304e-18)
(-0.455499 -1.42215 -5.20081e-18)
(-0.540069 -2.39505 -2.84707e-21)
(-0.393855 -2.15326 6.90264e-18)
(-0.333801 -1.8814 -7.25577e-18)
(0.0485151 -0.152802 2.32573e-18)
(0.0217289 -0.221824 -2.3117e-18)
(0.00290733 -0.088777 -5.3005e-19)
(0.0254294 -0.0871465 6.62189e-23)
(-0.0250097 -0.208063 9.74679e-18)
(-0.0548079 -0.14926 0)
(0.24498 -0.827773 -1.43786e-17)
(-0.413333 -0.688464 -3.75635e-18)
(0.387745 -1.1284 -8.48027e-19)
(0.0521414 0.0138493 -4.42903e-18)
(0.116453 -1.95392 -1.58707e-17)
(0.443192 -0.901157 2.55317e-19)
(0.316974 -0.528899 1.83484e-18)
(-0.377933 -8.39712 -3.35396e-20)
(-2.22865 -62.7782 2.69267e-18)
(-2.94371 -58.7169 -1.40611e-20)
(0.0876588 0.0177296 5.95475e-19)
(0.0871522 0.0177418 -6.87747e-23)
(0.0979225 0.0168381 3.04939e-18)
(0.505934 -63.2757 1.22872e-17)
(-0.241327 -0.9965 -9.78872e-18)
(-0.0257246 -0.307176 0)
(0.0464376 -0.139334 2.38189e-18)
(0.0351488 -0.0963936 -6.8612e-20)
(-0.00955226 -0.0991426 0)
(-0.0515835 -0.143038 1.24223e-21)
(0.021551 -0.295603 -7.8497e-18)
(0.137145 -0.597109 -5.17116e-18)
(0.0606316 0.000926227 -4.5075e-19)
(0.0582353 -0.00139558 1.50398e-19)
(0.360381 -48.0458 4.85829e-19)
(-0.585622 -2.23412 2.64415e-18)
(0.114277 -68.757 -6.49134e-18)
(-3.20262 -64.008 1.55221e-17)
(-0.0452784 -0.124436 0)
(-0.191805 -1.8977 5.99213e-18)
(0.0936145 -59.5678 -1.27996e-17)
(2.34636 -60.0442 -3.93606e-18)
(-0.169143 -0.754405 -9.90857e-18)
(-0.0313524 -54.1958 -1.42092e-19)
(-0.083041 -0.448228 -1.50431e-17)
(0.0435016 -0.116426 5.69326e-19)
(-0.016906 -0.123008 -2.21112e-18)
(0.0811396 -0.430475 -3.03283e-18)
(-0.0688296 0.00085129 7.24193e-20)
(-0.0763017 -0.0033484 -2.70534e-19)
(-0.066575 -0.00163081 2.17151e-19)
(0.411407 -7.04349 0)
(0.534939 -8.43072 3.3664e-20)
(0.591904 -7.07326 0)
(0.551442 -44.2775 2.06793e-18)
(-0.0872419 0.0133779 2.66367e-19)
(-0.0988576 -0.464795 -7.3786e-21)
(0.0464995 -0.793198 -4.64884e-18)
(-0.385299 -1.69551 -3.38899e-18)
(-0.155129 -0.00855782 -1.08919e-18)
(-0.128292 -0.0376369 7.04816e-19)
(0.0355341 -0.184785 2.29017e-18)
(0.0117598 -0.0869083 6.61702e-19)
(-0.0424862 -0.177907 -4.67155e-18)
(0.224469 -0.920613 5.52682e-21)
(0.0860451 0.0161693 1.11948e-18)
(0.0871761 0.0170889 -5.75464e-19)
(0.0810223 0.0125923 4.75938e-19)
(0.0839623 0.0145665 0)
(0.0736217 0.00814863 -1.2029e-23)
(0.0774469 0.0100987 -2.04057e-19)
(0.0662391 0.00418901 0)
(0.0699013 0.00570111 -2.79253e-19)
(0.0628616 0.00250519 -2.9517e-19)
(0.067675 -0.00497068 3.01656e-19)
(0.0928969 -0.00636076 2.2542e-18)
(0.0809772 -0.00566861 0)
(0.11924 -0.00740235 -1.51369e-23)
(0.107359 -0.00758019 -2.64469e-19)
(0.132187 -0.0118837 -8.23578e-21)
(0.127533 -0.00918818 1.35801e-19)
(0.127393 -0.0227728 6.52041e-20)
(0.132556 -0.0161232 1.35092e-19)
(0.0958972 -0.0451987 6.45811e-20)
(0.115276 -0.032055 -4.52671e-19)
(0.0406347 -0.0826036 -7.67609e-19)
(0.0703047 -0.0621793 3.87417e-19)
(-0.0291904 -0.141964 2.09742e-18)
(0.00794612 -0.108542 -1.02599e-18)
(-0.12457 -0.244387 0)
(-0.0692636 -0.186681 -1.01172e-18)
(-0.271188 -0.435568 1.43836e-18)
(-0.183884 -0.323766 0)
(-0.321685 -0.591509 3.56738e-18)
(-0.0543724 -1.94713 -5.58786e-18)
(0.3677 -0.717445 2.13663e-21)
(0.1452 -0.278694 0)
(0.222384 -0.386301 0)
(0.0365907 -0.152592 -9.62039e-19)
(0.0817547 -0.203585 0)
(-0.0213867 -0.0917333 -3.20386e-23)
(0.00573859 -0.117733 1.21816e-18)
(-0.0741507 -0.0521479 0)
(-0.0472186 -0.0705016 3.11997e-20)
(-0.119742 -0.0253539 0)
(-0.0999994 -0.0370899 1.27352e-19)
(-0.133732 -0.0128674 -1.31629e-19)
(-0.131369 -0.0174884 1.2917e-19)
(-0.120891 -0.00892654 0)
(-0.129653 -0.0104157 5.37157e-19)
(-0.0980696 -0.00635541 3.50316e-19)
(-0.109807 -0.00762662 -1.38375e-19)
(-0.086784 -0.00494855 -3.03797e-19)
(0.448233 -11.1657 0)
(0.499909 -9.68918 -3.45661e-20)
(0.377294 -14.2452 -3.57913e-20)
(0.413968 -12.6314 1.04951e-21)
(0.335676 -17.6395 -2.09019e-20)
(0.355762 -15.8843 4.18817e-20)
(0.326612 -21.365 2.40347e-21)
(0.328596 -19.449 3.36584e-20)
(0.334349 -25.4619 5.89074e-20)
(0.328083 -23.3675 -3.54059e-20)
(0.372701 -29.9629 -2.66799e-19)
(0.345744 -27.6579 1.34776e-19)
(0.463962 -35.0521 5.35526e-19)
(0.402016 -32.424 -1.33863e-19)
(0.660417 -40.865 5.24255e-19)
(0.536146 -37.8614 -1.59116e-18)
(-0.23253 -7.02147 2.09699e-21)
(-0.535789 -8.42438 0)
(-0.591079 -7.06731 4.19632e-21)
(-0.413024 -7.03977 -6.18263e-21)
(0.0831783 -7.0148 2.09655e-21)
(-0.0841823 -7.01434 1.67981e-20)
(0.234087 -7.02345 -2.09675e-21)
(-1.36872 -52.9018 0)
(-2.48847 -55.9972 -2.66446e-18)
(-0.825522 -46.3643 -1.13938e-18)
(-0.765423 -49.5116 0)
(-0.768117 -40.7662 -6.64575e-19)
(-0.848169 -43.5518 -2.72312e-19)
(-0.514048 -35.0113 4.013e-19)
(-0.613828 -37.8194 1.56339e-19)
(-0.37533 -29.8955 6.76054e-20)
(-0.426824 -32.3624 -1.32432e-19)
(-0.338353 -25.4156 -8.38544e-20)
(-0.346923 -27.5978 6.63659e-20)
(-0.336787 -21.3354 0)
(-0.339509 -23.3293 5.02991e-20)
(-0.349224 -17.6215 8.35575e-21)
(-0.34046 -19.4276 -1.67681e-20)
(-0.385482 -14.2333 -2.09905e-21)
(-0.366401 -15.869 -8.42502e-21)
(-0.453204 -11.1578 -3.40445e-20)
(-0.420688 -12.6218 1.04995e-21)
(-0.502923 -9.6824 3.15759e-20)
(0.117718 0.0141952 0)
(0.108002 0.0156068 1.86802e-18)
(0.13634 0.00968884 -6.2413e-19)
(0.127979 0.0129239 -3.22334e-19)
(0.14898 0.0019995 0)
(0.142982 0.0062024 5.98002e-19)
(0.159068 -0.00686386 2.9019e-19)
(0.154412 -0.00250885 -2.10551e-23)
(0.168124 -0.0144524 6.71608e-20)
(0.163935 -0.010886 1.42791e-19)
(0.17429 -0.0201095 1.4191e-19)
(0.171935 -0.0174424 -1.42149e-19)
(0.174407 -0.0251037 -1.39731e-19)
(0.17548 -0.0225889 0)
(0.167386 -0.0304493 -1.19114e-23)
(0.17205 -0.0276981 -2.76569e-19)
(0.153705 -0.0368733 1.51917e-19)
(0.161608 -0.0334325 4.08954e-19)
(0.133488 -0.0461147 6.6402e-20)
(0.144641 -0.041106 -2.8523e-19)
(0.108249 -0.0585251 2.656e-19)
(0.121655 -0.0526965 -1.33072e-19)
(0.0772843 -0.0717181 0)
(0.0935506 -0.0642666 -1.33887e-19)
(0.044863 -0.0846356 -5.34071e-19)
(0.0618899 -0.0786475 0)
(0.0146528 -0.0919968 -1.33484e-19)
(0.0298416 -0.089406 5.99886e-19)
(-0.0117571 -0.0928071 -5.39576e-19)
(0.00193756 -0.0937239 2.68414e-19)
(-0.0393061 -0.0856411 -6.86762e-19)
(-0.0247665 -0.0899365 2.73362e-19)
(-0.063969 -0.07949 -2.02678e-19)
(-0.0519169 -0.0826081 3.06981e-19)
(-0.088322 -0.0679556 -5.57831e-23)
(-0.0761751 -0.0720388 -1.34479e-19)
(-0.111667 -0.0544615 5.46362e-23)
(-0.0997925 -0.0623571 -1.06085e-18)
(-0.138245 -0.0384727 -1.08751e-18)
(-0.125069 -0.0467997 1.08011e-18)
(-0.161203 -0.0225434 -6.88411e-20)
(-0.150288 -0.0302988 5.45546e-19)
(-0.177665 -0.0104974 1.36659e-19)
(-0.170542 -0.0157929 -1.3745e-19)
(-0.183387 -0.00468082 -2.71887e-19)
(-0.181936 -0.00685913 -2.73049e-19)
(-0.178396 -0.00275048 -3.38329e-20)
(-0.181953 -0.00348902 2.71607e-19)
(-0.167513 -0.00089032 -1.55924e-23)
(-0.173334 -0.00197263 2.70602e-19)
(-0.153896 0.00214372 0)
(-0.16111 0.000538723 -3.71192e-19)
(-0.136542 0.00511134 8.08922e-24)
(-0.145733 0.00374588 -4.0569e-19)
(-0.114438 0.00552046 4.3714e-18)
(-0.126109 0.00574886 -5.42441e-19)
(-0.0873574 0.0167519 -6.79601e-20)
(-0.0872979 0.0154279 6.71353e-19)
(-0.085515 0.0160044 -2.76693e-19)
(-0.0868732 0.01716 -3.41714e-19)
(-0.079974 0.0110625 5.6574e-19)
(-0.0830988 0.0138747 6.97385e-20)
(-0.0737098 0.00574215 -1.43854e-19)
(-0.0767493 0.00836604 7.1413e-19)
(-0.0710888 0.00342344 0)
(-0.101551 0.0113636 0)
(5.84511 -74.0146 -1.11343e-17)
(11.46 -63.7682 -4.46659e-18)
(0.0860202 0.017469 1.21676e-18)
(-0.192654 -1.61997 -1.20578e-17)
(-0.290853 -1.2081 1.6067e-17)
(0.166336 -1.62778 1.06368e-17)
(0.0100792 -0.255556 2.34239e-18)
(0.0386586 -0.176085 -4.6545e-18)
(0.0251514 -0.0987594 -3.35414e-19)
(0.00875188 -0.104762 -6.89193e-23)
(-0.0435459 -0.174558 -4.58084e-18)
(-0.0115518 -0.248056 -2.4628e-18)
(0.147444 -0.694778 3.51993e-21)
(-0.143399 -0.0215868 1.80989e-18)
(0.0563133 -0.00360518 0)
(-0.601533 -0.974813 -4.07641e-18)
(-0.381152 -3.12391 -1.61472e-17)
(2.48684 -63.2166 -5.92898e-18)
(0.646012 -1.13011 -3.28119e-18)
(0.574662 -51.9202 0)
(0.0974035 0.0170576 -3.07173e-18)
(-0.878899 -2.1414 8.63098e-18)
(0.34213 -1.33684 -1.56521e-17)
(-0.740032 -8.46785 -3.15589e-20)
(-0.818574 -7.10853 -3.35245e-20)
(-3.03749 -66.2061 5.3127e-18)
(-3.98702 -58.021 5.01643e-18)
(-0.0253801 -0.139104 -4.53647e-18)
(2.09834 -65.7771 5.40357e-18)
(-0.0969608 -1.63066 1.10793e-17)
(-0.171808 -0.88017 -5.03934e-18)
(1.2185 -56.8583 -4.80316e-19)
(0.753002 -56.8241 2.66696e-17)
(-0.0134728 -0.332341 6.61416e-18)
(0.0365878 -0.151326 -1.14166e-18)
(0.0338412 -0.123343 1.10283e-18)
(-0.0134112 -0.121616 -9.48806e-19)
(-0.0395635 -0.159168 -9.05008e-18)
(0.031532 -0.344771 -2.27096e-21)
(0.0930215 -0.484717 1.13114e-17)
(0.0762669 0.0187706 0)
(0.0757399 0.0184243 -4.22946e-18)
(-0.0742605 -0.00660465 0)
(-0.0643815 -0.00471269 2.8941e-19)
(-0.0595715 0.00295213 -1.45502e-19)
(-0.0572979 0.000296079 1.46286e-19)
(0.737826 -8.47497 6.71831e-20)
(0.818006 -7.11586 -3.36257e-20)
(0.430239 -5.93786 0)
(0.62061 -5.95954 0)
(-0.790306 -1.49097 -2.09383e-17)
(0.436273 -47.8275 1.00887e-18)
(-0.0746168 0.0142434 -1.85967e-23)
(-0.0751774 0.0134471 -1.66035e-18)
(0.763322 -44.0018 -1.06094e-18)
(-8.66201e-05 -0.0152062 -5.2782e-18)
(-0.130855 -0.651153 1.10008e-17)
(0.0542315 0.013164 0)
(-0.23793 -1.41296 -5.84188e-18)
(-0.128941 -0.032736 1.26884e-19)
(0.023564 -0.211507 -2.30824e-18)
(0.0136261 -0.0974267 3.91186e-19)
(-0.0298135 -0.207415 -1.56024e-21)
(0.150608 -0.783102 1.66646e-17)
(0.075052 0.018273 8.3845e-19)
(0.0760191 0.0188552 -1.42968e-18)
(0.0708984 0.0156831 2.73131e-19)
(0.07335 0.0173113 0)
(0.0643497 0.0116069 6.8676e-20)
(0.0678269 0.0136162 -6.8287e-20)
(0.0571582 0.00721337 0)
(0.060733 0.00918823 -1.39249e-19)
(0.0512623 0.00299212 -1.47248e-19)
(0.0537849 0.00535762 1.44051e-19)
(0.046179 -0.00173937 3.71906e-20)
(0.0484309 0.000761463 0)
(0.0440391 -0.00418685 1.11867e-19)
(0.0664694 -0.00742063 -2.95769e-19)
(0.054499 -0.00600711 3.71157e-20)
(0.0938258 -0.00856684 0)
(0.0801382 -0.00803406 0)
(0.117122 -0.00970763 4.02159e-19)
(0.106671 -0.00883524 0)
(0.128051 -0.0151174 -2.06372e-21)
(0.124681 -0.0118259 0)
(0.119202 -0.0257501 1.95938e-19)
(0.12669 -0.0195772 0)
(0.0820056 -0.0476378 -6.49584e-20)
(0.104304 -0.0351018 -6.51297e-20)
(0.0187973 -0.0865833 6.44549e-19)
(0.0528285 -0.0644317 5.20872e-19)
(-0.0640702 -0.147662 9.73289e-19)
(-0.0193321 -0.114272 -1.03391e-18)
(-0.186636 -0.25856 3.0838e-18)
(-0.114933 -0.194056 -2.04384e-18)
(-0.37676 -0.478106 9.9455e-19)
(-0.269151 -0.349931 -2.53576e-18)
(-0.503778 -0.65982 -1.9608e-18)
(0.632714 -2.19757 9.18252e-18)
(0.46087 -0.62757 1.84484e-18)
(0.560754 -0.835935 -3.73333e-18)
(0.231537 -0.317964 -1.91324e-18)
(0.343027 -0.448549 0)
(0.0789533 -0.161064 2.44552e-18)
(0.143635 -0.223168 1.421e-21)
(-0.000198997 -0.0929735 -2.90642e-23)
(0.0347201 -0.120754 -2.46988e-19)
(-0.0594279 -0.0540629 -1.01196e-18)
(-0.0301744 -0.0718424 3.13807e-20)
(-0.110252 -0.0269723 1.45065e-22)
(-0.0875583 -0.0389703 3.81132e-19)
(-0.130296 -0.0130206 -1.316e-19)
(-0.125297 -0.0181461 4.85027e-19)
(-0.119351 -0.00992429 -5.39724e-19)
(-0.127589 -0.0105826 -2.65818e-19)
(-0.096549 -0.00880451 -3.48337e-19)
(-0.10842 -0.00952008 6.92884e-19)
(-0.084937 -0.00792889 3.01224e-19)
(0.615053 -11.208 -5.24702e-22)
(0.687371 -9.73149 -3.29879e-20)
(0.518105 -14.2738 0)
(0.569118 -12.666 1.04931e-21)
(0.459243 -17.6557 -2.50357e-20)
(0.487424 -15.905 3.78645e-20)
(0.440001 -21.3683 -2.09502e-21)
(0.447254 -19.4596 -4.19057e-21)
(0.468489 -25.437 7.65367e-21)
(0.447106 -23.3574 -6.73646e-20)
(0.542245 -29.8946 -6.78696e-20)
(0.498631 -27.615 3.30971e-20)
(0.676514 -34.8951 -2.70033e-19)
(0.601304 -32.313 4.00927e-19)
(0.896021 -40.6093 5.43693e-19)
(0.773649 -37.6591 2.66093e-19)
(-0.241732 -5.92168 -1.6749e-20)
(-0.618395 -5.95443 -2.09683e-21)
(-0.428778 -5.93378 3.35883e-20)
(0.0854121 -5.91712 -1.04739e-21)
(-0.0842949 -5.91795 2.09429e-21)
(0.243992 -5.92365 0)
(-1.76156 -52.7134 2.95284e-19)
(-2.50124 -56.4934 -6.64128e-18)
(-1.06641 -46.2348 -2.7954e-19)
(-1.28784 -49.4412 -2.88792e-19)
(-0.968404 -40.4207 -2.67615e-19)
(-1.09964 -43.3256 2.74517e-19)
(-0.662563 -34.8291 3.34521e-20)
(-0.789368 -37.5723 2.20273e-19)
(-0.510009 -29.8349 6.68139e-20)
(-0.560545 -32.2496 0)
(-0.45579 -25.4057 3.30224e-22)
(-0.47447 -27.5717 -1.00334e-19)
(-0.442066 -21.3499 -3.35345e-20)
(-0.442664 -23.3356 5.04938e-20)
(-0.464876 -17.6385 8.38721e-21)
(-0.453129 -19.4406 3.36039e-20)
(-0.522884 -14.2613 2.09884e-21)
(-0.493103 -15.8902 0)
(-0.618555 -11.1992 -5.08767e-20)
(-0.573246 -12.6555 1.4646e-20)
(-0.690427 -9.72385 6.82302e-20)
(-0.320607 -55.5842 -2.41619e-18)
(0.118647 0.0147218 -1.55782e-19)
(0.108149 0.016095 2.46513e-18)
(0.138073 0.0111908 -9.15062e-19)
(0.128789 0.0132304 0)
(0.153128 0.00460584 0)
(0.146245 0.00829626 1.19061e-18)
(0.163478 -0.00422875 -6.50954e-19)
(0.158858 0.000299241 -2.88054e-19)
(0.171747 -0.0123279 4.98845e-19)
(0.167825 -0.00850655 -1.431e-19)
(0.177294 -0.0188425 2.82744e-19)
(0.175048 -0.0157622 -2.12693e-19)
(0.177233 -0.0247924 3.47183e-20)
(0.178194 -0.0218194 0)
(0.170537 -0.0310758 -1.71172e-19)
(0.174905 -0.027821 -3.45249e-20)
(0.157454 -0.0384259 -1.3514e-19)
(0.164898 -0.034602 3.40391e-20)
(0.13847 -0.0470555 0)
(0.148657 -0.0425179 0)
(0.114542 -0.0576811 6.65204e-20)
(0.127052 -0.0523377 0)
(0.084591 -0.0697337 1.338e-19)
(0.100319 -0.0632034 5.14716e-24)
(0.0512308 -0.0829418 0)
(0.0686482 -0.076438 0)
(0.0183729 -0.0925189 6.66774e-20)
(0.0346764 -0.0885289 -6.65826e-20)
(-0.0118687 -0.0962564 2.68737e-19)
(0.0030322 -0.095506 2.67396e-19)
(-0.041436 -0.0928851 1.35561e-19)
(-0.0263501 -0.0953227 0)
(-0.0686067 -0.087989 6.74472e-20)
(-0.0553912 -0.0911645 1.01642e-19)
(-0.0948815 -0.0757 -2.68348e-19)
(-0.0815782 -0.0806582 0)
(-0.120525 -0.0592532 -5.36618e-19)
(-0.107568 -0.0686218 2.72417e-19)
(-0.146548 -0.0415229 -5.4206e-19)
(-0.133742 -0.0503638 1.07926e-18)
(-0.167737 -0.0265273 6.84341e-20)
(-0.157963 -0.0334499 2.13041e-20)
(-0.1811 -0.0171082 -3.40468e-19)
(-0.175674 -0.0210025 2.73066e-19)
(-0.184315 -0.013446 -2.71337e-19)
(-0.183968 -0.0147237 2.71818e-19)
(-0.17893 -0.0118882 3.38005e-20)
(-0.182423 -0.0127164 0)
(-0.169023 -0.00856646 0)
(-0.174323 -0.010537 0)
(-0.156051 -0.0033399 3.04886e-19)
(-0.163011 -0.0060815 -2.36569e-19)
(-0.138942 0.00206024 0)
(-0.148058 -0.00059859 -1.35936e-19)
(-0.118806 0.00773423 6.21839e-19)
(-0.128891 0.00476552 -1.12981e-18)
(-0.107956 0.00842423 1.31688e-21)
(-0.0740819 0.0168069 -2.13112e-19)
(-0.0742431 0.0156109 1.36005e-19)
(-0.0732639 0.0171434 1.37819e-19)
(-0.0738782 0.0174687 0)
(-0.0698177 0.0136376 -5.60726e-19)
(-0.071903 0.0157709 0)
(-0.0645318 0.00830418 1.43346e-19)
(-0.0672707 0.0110678 -6.37461e-19)
(-0.0619246 0.00570751 -7.22454e-20)
(-1.28894 -2.90665 0)
(-0.833809 -3.05311 0)
(-0.85873 -5.98737 3.57093e-20)
(-2.49413 -68.4288 9.46987e-18)
(-5.20113 -66.4741 5.00202e-20)
(-5.57029 -64.2914 -1.76742e-17)
(0.119913 -2.76182 -2.1377e-17)
(0.294956 -1.61255 0)
(-0.019139 -0.16338 4.36341e-18)
(1.08837 -67.9566 9.72828e-18)
(-0.122183 -1.39419 1.62511e-17)
(-0.1679 -1.04822 -1.0308e-17)
(0.0762176 -1.37661 -1.03898e-17)
(-0.91689 -54.184 6.31087e-18)
(1.62989 -4.92064 -9.2707e-18)
(0.525949 -58.2467 3.03715e-20)
(0.00365922 -0.295553 -2.29485e-18)
(0.030914 -0.195923 4.57281e-18)
(0.0263138 -0.128594 0)
(0.013238 -0.138199 9.24018e-19)
(-0.0297544 -0.199991 4.54177e-18)
(0.00315784 -0.289331 9.83428e-18)
(0.0955722 -0.583622 5.24797e-18)
(-0.144917 -0.0180736 -1.30069e-19)
(0.0740678 0.0175107 -6.26491e-19)
(0.0369293 0.000261963 -1.29356e-19)
(0.0348185 -0.0023665 -4.12155e-19)
(-0.805958 -0.938115 3.3742e-21)
(-5.66698 -60.3648 2.38972e-17)
(1.02553 -1.76554 1.19516e-17)
(0.911921 -1.3907 -6.62507e-21)
(-0.055051 -0.00266829 -6.32118e-24)
(0.860512 -5.9947 -2.09757e-21)
(-1.11571 -2.03544 5.03482e-18)
(-0.972818 -1.28406 -7.21414e-19)
(1.01207 -51.6732 -1.99553e-18)
(-0.0758972 0.013493 5.72568e-19)
(1.01522 -3.4945 -4.42975e-18)
(0.96087 -47.4717 2.10158e-18)
(1.09593 -43.7001 -1.07491e-18)
(-0.0284958 -0.179727 0)
(3.67001 -65.82 -1.81697e-17)
(-0.0169857 -1.37926 -1.05315e-17)
(-0.104527 -0.741118 5.10632e-18)
(0.0961001 -3.8176 9.88458e-18)
(-0.0626124 -0.398455 0)
(0.0291894 -0.162026 2.22774e-18)
(0.0446508 -0.406521 -2.4893e-21)
(-0.653797 -4.61924 -3.3478e-20)
(-0.90972 -4.64769 0)
(-4.60076 -68.6157 0)
(-0.0739162 -0.568396 0)
(-1.21757 -4.82808 -8.15588e-18)
(0.0241006 -0.00346416 -3.09666e-19)
(0.00872106 -0.184955 -8.24416e-18)
(-1.58122 -70.2638 -8.88825e-18)
(0.0189797 -69.3105 -1.08086e-19)
(-0.142975 -1.21191 1.07146e-17)
(-0.162626 -0.00285894 2.04702e-19)
(0.965787 -4.34765 0)
(8.51942 -70.1968 -3.65503e-18)
(0.0164702 -0.238411 -4.5945e-18)
(0.0105139 -0.136215 -1.02539e-18)
(-0.0147607 -0.239681 4.69336e-18)
(0.0984903 -0.668737 0)
(0.0626645 0.0172911 2.12281e-18)
(0.0643757 0.0195575 0)
(0.0639699 0.0186252 3.91968e-18)
(0.0633253 0.0199619 -7.01559e-19)
(0.0641417 0.020084 1.14696e-18)
(0.0598859 0.0181856 -3.07761e-19)
(0.0619147 0.0194096 -1.03763e-19)
(0.0543528 0.0145907 6.84316e-20)
(0.0573497 0.0165906 6.82781e-20)
(0.0477737 0.0100959 0)
(0.0511065 0.012405 -2.75586e-19)
(0.0417921 0.00526003 6.17326e-19)
(0.0445436 0.0079683 -3.5585e-20)
(0.0391562 0.00279714 -1.83597e-20)
(0.0414465 -0.00685028 -4.50549e-19)
(0.0321588 -0.00488567 3.05457e-19)
(0.0644539 -0.0101045 0)
(0.0520696 -0.00881061 -7.39248e-20)
(0.092258 -0.0112778 5.60029e-19)
(0.078289 -0.0107766 0)
(0.114843 -0.0127857 -4.0565e-19)
(0.104938 -0.0120072 5.5332e-19)
(0.122815 -0.0172468 2.07321e-21)
(0.121065 -0.0144313 -1.34416e-19)
(0.10997 -0.0286779 3.94475e-19)
(0.119542 -0.0217199 -1.31489e-19)
(0.0673347 -0.0497888 -1.76474e-22)
(0.0926421 -0.0379288 -8.05965e-19)
(-0.00433021 -0.0841168 0)
(0.0345772 -0.064752 5.2404e-19)
(-0.103301 -0.14567 1.1717e-18)
(-0.048973 -0.109893 -9.75574e-19)
(-0.259146 -0.265901 0)
(-0.167992 -0.196887 2.59154e-19)
(-0.502825 -0.508762 0)
(-0.364693 -0.367867 5.14062e-19)
(-0.641518 -0.705983 2.03913e-18)
(1.0055 -2.05389 -1.44089e-17)
(0.642096 -0.717989 -5.65133e-18)
(0.796979 -1.0181 5.65709e-18)
(0.326602 -0.333535 0)
(0.479038 -0.487926 0)
(0.120444 -0.162348 1.48634e-18)
(0.207528 -0.228979 0)
(0.0198646 -0.0926423 2.50389e-19)
(0.0621113 -0.119905 -1.99197e-18)
(-0.0455363 -0.0572298 0)
(-0.0142258 -0.0729043 -1.89441e-19)
(-0.099791 -0.0323559 -4.52056e-19)
(-0.0752123 -0.0438494 0)
(-0.125343 -0.0170114 7.89889e-19)
(-0.117461 -0.0232166 5.52753e-19)
(-0.117682 -0.0121245 -1.33736e-19)
(-0.124772 -0.0137494 -5.30975e-19)
(-0.0948922 -0.0111732 -6.96445e-20)
(-0.106987 -0.0115669 2.74756e-19)
(-0.0717895 -0.00911431 -5.73335e-19)
(-0.0828612 -0.0102791 0)
(-0.0523574 -0.00562077 -2.94659e-19)
(-0.0617068 -0.00763167 5.79148e-19)
(0.943327 -8.49327 0)
(1.10961 -6.00574 3.66764e-20)
(1.0517 -7.13372 -1.04923e-21)
(0.766425 -11.2177 -3.10276e-26)
(0.867597 -9.74439 -4.59078e-22)
(0.62294 -14.2652 0)
(0.698219 -12.6643 -2.09827e-21)
(0.532647 -17.6288 2.92317e-20)
(0.575773 -15.8861 -3.36769e-20)
(0.498741 -21.3192 0)
(0.511398 -19.4211 4.19291e-21)
(0.520639 -25.3548 0)
(0.502432 -23.2933 0)
(0.613357 -29.7797 6.62746e-20)
(0.557214 -27.5154 -1.34924e-19)
(0.764399 -34.7507 0)
(0.678197 -32.1869 0)
(1.00175 -40.3889 0)
(0.870175 -37.4855 0)
(-1.58844 -2.77873 0)
(-0.252471 -4.59317 3.94081e-23)
(-0.448229 -4.60267 1.67315e-20)
(0.0887597 -4.59134 0)
(-0.0856642 -4.59176 -9.17022e-22)
(0.452349 -4.60673 -1.30874e-22)
(0.254516 -4.59509 1.30836e-22)
(0.912992 -4.65585 0)
(0.657188 -4.62476 0)
(-2.44871 -52.2721 -2.42984e-19)
(-3.77956 -55.1218 5.04567e-19)
(-1.3618 -46.1771 5.56165e-19)
(-1.73213 -49.1809 0)
(-0.967215 -40.2311 2.02261e-19)
(-1.15739 -43.159 -1.36874e-19)
(-0.702482 -34.6581 -3.35362e-20)
(-0.812495 -37.3942 -1.01268e-19)
(-0.559336 -29.7197 -1.68253e-19)
(-0.612111 -32.1116 1.33007e-19)
(-0.505133 -25.336 3.3101e-20)
(-0.525122 -27.4816 6.69457e-20)
(-0.497934 -21.3062 0)
(-0.496437 -23.2812 -6.73819e-20)
(-0.53549 -17.6139 -8.3284e-21)
(-0.513424 -19.4072 0)
(-0.627009 -14.2523 1.67347e-20)
(-0.579493 -15.8713 1.68448e-20)
(-0.769512 -11.208 -3.35034e-20)
(-0.701939 -12.6534 -1.57894e-20)
(-0.945107 -8.4847 -4.19733e-21)
(-0.87019 -9.73558 3.26083e-20)
(-1.10984 -5.99717 -3.1519e-20)
(-1.05296 -7.1248 3.35218e-20)
(0.0957069 0.0172057 1.82903e-18)
(0.0712554 0.0164708 0)
(0.0837351 0.0172578 -1.20913e-18)
(-2.3201 -3.53503 -4.02421e-18)
(-0.0758824 0.01412 5.90601e-19)
(-0.0637488 0.0148672 -5.79336e-19)
(-0.0636335 0.0148486 5.94549e-19)
(-0.15068 -0.0139403 0)
(0.118239 0.0155524 2.59906e-18)
(0.107187 0.0166087 -3.05707e-18)
(0.138931 0.0120934 -2.99651e-19)
(0.12887 0.0140859 -2.42878e-18)
(0.155941 0.00663396 -1.16206e-18)
(0.14808 0.00964744 1.18054e-18)
(0.167275 -0.00100717 -1.4264e-19)
(0.162278 0.00300827 0)
(0.174824 -0.00918106 4.95413e-19)
(0.171281 -0.00518793 -5.67706e-19)
(0.179681 -0.0158109 1.39824e-19)
(0.177711 -0.0126977 -1.40339e-19)
(0.179835 -0.021736 0)
(0.180513 -0.0187411 0)
(0.173615 -0.0282985 1.36771e-19)
(0.177475 -0.0249204 -6.87826e-20)
(0.161118 -0.0358536 8.452e-21)
(0.168154 -0.0318969 6.80005e-20)
(0.142692 -0.0446961 -1.00232e-19)
(0.152553 -0.0401734 5.87916e-20)
(0.119292 -0.0540527 -6.67149e-20)
(0.131567 -0.0493551 0)
(0.0904906 -0.0641488 0)
(0.105525 -0.0588566 0)
(0.0572298 -0.0757417 -6.66537e-20)
(0.0744787 -0.069865 -6.68628e-20)
(0.0225289 -0.0857989 -1.99997e-19)
(0.0398529 -0.0811925 1.33223e-19)
(-0.0108703 -0.0913712 4.93488e-23)
(0.00549753 -0.089438 -3.86599e-23)
(-0.0431325 -0.0910043 0)
(-0.0270088 -0.0919076 0)
(-0.0724926 -0.0864658 -1.34773e-19)
(-0.0582069 -0.0894055 -1.35023e-19)
(-0.100987 -0.0755581 0)
(-0.0867255 -0.0811926 2.35727e-19)
(-0.128082 -0.0604541 0)
(-0.114612 -0.0685506 4.20675e-21)
(-0.15339 -0.0447832 2.70669e-19)
(-0.141221 -0.0524065 -3.37076e-19)
(-0.172315 -0.0326788 0)
(-0.163903 -0.0380919 -1.69911e-20)
(-0.182759 -0.0257274 6.79474e-20)
(-0.178731 -0.0285799 0)
(-0.184546 -0.0226602 -5.75806e-19)
(-0.18469 -0.0239401 2.7113e-19)
(-0.179835 -0.0194707 0)
(-0.182763 -0.0213134 2.7058e-19)
(-0.171347 -0.0136965 0)
(-0.175996 -0.0169207 0)
(-0.15896 -0.00616269 -1.69351e-19)
(-0.165742 -0.0100078 1.35139e-19)
(-0.141583 0.00122671 2.7585e-19)
(-0.150939 -0.00239615 0)
(-0.121618 0.00785139 1.03363e-18)
(-0.131782 0.0047018 -2.85465e-19)
(-0.098859 0.0126619 -1.20764e-18)
(-0.110697 0.0108456 4.55697e-19)
(-0.0748359 0.0148223 -1.79468e-18)
(-0.0870263 0.0142384 5.96887e-19)
(-0.0621649 0.0153925 -8.29209e-19)
(-0.063103 0.0149315 1.12766e-18)
(-0.0607944 0.0169658 7.67031e-20)
(-0.0613221 0.0161211 -1.36577e-19)
(-0.0600861 0.0174724 1.37587e-19)
(-0.0604606 0.0174761 0)
(-0.0581571 0.015137 1.39473e-19)
(-0.0593735 0.0166214 0)
(-0.0543953 0.0104155 -1.42402e-19)
(-0.0564484 0.0129509 4.22583e-19)
(-0.0500906 0.00492635 -1.45628e-19)
(-0.0522099 0.00772277 0)
(-0.0460141 -0.000758566 -3.16508e-19)
(-0.0480586 0.00214499 7.35674e-20)
(3.30085 -62.367 -9.84902e-18)
(-9.64614 -59.3125 4.19258e-19)
(-9.23229 -65.5588 9.2335e-18)
(-9.72044 -63.0705 9.47304e-18)
(-9.59833 -56.0442 0)
(-9.04819 -54.0124 2.05786e-19)
(-1.40978 -1.87225 -5.11396e-18)
(1.26215 -46.9682 -3.33185e-18)
(1.15391 -43.3635 1.11286e-18)
(-0.021418 -0.202139 0)
(1.86075 -69.041 -8.44021e-18)
(-0.0515123 -1.17592 -1.00764e-17)
(-0.102408 -0.870417 -4.98858e-18)
(0.019493 -1.1514 -1.00887e-17)
(0.360597 -4.45816 0)
(-0.0275144 0.00881373 2.4762e-18)
(1.18596 -5.936 1.11709e-17)
(-0.184692 -4.50148 9.56427e-18)
(1.46207 -51.0331 2.17416e-18)
(-0.0189392 -0.335002 -4.60728e-18)
(0.0226397 -0.212662 -4.49618e-18)
(0.0187891 -0.171459 2.16254e-18)
(-0.0127888 -0.197608 9.94533e-19)
(-0.0175746 -0.230773 4.45879e-18)
(0.0157341 -0.337785 2.00042e-21)
(0.0554307 -0.484089 2.32658e-22)
(0.0585305 -0.664964 1.38669e-17)
(0.0492892 0.016604 3.75805e-18)
(1.63876 -3.58784 3.26081e-20)
(-0.0434259 -0.00358914 -3.01756e-19)
(1.17935 -4.65407 -7.46694e-23)
(-1.17759 -4.64477 -2.09693e-21)
(4.81105 -79.9341 -3.34091e-19)
(-8.46754 -67.65 1.81425e-19)
(-3.77156 -70.4821 0)
(0.338771 -60.9218 4.5785e-18)
(-0.0538012 -0.608483 -4.99481e-18)
(-0.0288393 -0.447275 5.15111e-18)
(0.0116626 -0.00835017 0)
(-0.0622369 0.0146362 1.20738e-18)
(-0.0186623 -0.285266 -2.2577e-18)
(0.00841779 -2.33104 2.17095e-17)
(0.194646 -1.35813 -1.03841e-17)
(0.268304 -19.2143 -9.26113e-18)
(0.804676 -28.9297 9.00794e-18)
(2.01589 -29.6468 -3.80196e-18)
(0.381392 -19.9318 0)
(-0.340124 -72.0918 -5.71038e-20)
(1.30599 -46.4001 -5.60064e-19)
(0.103648 -0.963507 1.50136e-17)
(-0.00581623 -0.231047 0)
(0.637539 -70.9985 -8.51184e-18)
(-0.0734132 -1.01314 9.90514e-18)
(0.0520992 -0.950308 9.63035e-18)
(0.709451 -5.079 -1.01244e-17)
(-0.464381 -5.30024 0)
(17.4677 -54.777 -5.44088e-18)
(19.5819 -56.1237 -5.388e-18)
(-0.0396951 0.0105012 3.87568e-18)
(6.21791 -67.2139 1.01474e-19)
(1.74286 -49.3358 1.17981e-18)
(1.54587 -50.0684 4.57826e-18)
(3.25981 -67.12 1.59268e-17)
(0.00774854 -0.267291 -7.86695e-22)
(0.00827467 -0.181589 1.03311e-18)
(-0.00337975 -0.281184 0)
(0.058855 -0.556256 -4.78999e-18)
(0.0515798 0.0196433 0)
(0.0509417 0.0182022 -2.42543e-18)
(0.050742 0.0207349 3.49026e-20)
(0.0513954 0.020452 4.98409e-19)
(0.0480079 0.0196354 4.27845e-20)
(0.0496135 0.0204575 2.58332e-20)
(0.0434859 0.016578 -6.80802e-20)
(0.0459493 0.018337 8.52298e-21)
(0.0378953 0.0122286 3.45678e-20)
(0.0407486 0.0145189 4.10837e-19)
(0.0324696 0.00697994 -6.24358e-19)
(0.0350334 0.00972679 5.78601e-19)
(0.0282347 0.0016167 2.19969e-19)
(0.0301631 0.00420165 -3.62199e-20)
(0.026473 -0.0011044 7.52081e-19)
(0.0366085 -0.00990346 2.99001e-19)
(0.0274788 -0.00816828 -1.23259e-18)
(0.0596151 -0.0130619 -5.04841e-19)
(0.0470751 -0.0117821 6.59651e-19)
(0.0873273 -0.0142647 -1.39989e-18)
(0.073492 -0.0137415 2.84984e-19)
(0.107904 -0.0154923 1.36046e-19)
(0.0992539 -0.0147207 2.77079e-19)
(0.11272 -0.0203849 2.17015e-19)
(0.11256 -0.017179 1.51236e-19)
(0.0957376 -0.030671 0)
(0.107571 -0.0251446 -2.64159e-19)
(0.046868 -0.0463797 -1.83101e-22)
(0.0756811 -0.0373743 -5.20067e-19)
(-0.0354439 -0.0777152 -3.27546e-20)
(0.00948922 -0.0591838 5.22511e-19)
(-0.153665 -0.136719 -6.53607e-20)
(-0.0875059 -0.102956 -6.56121e-20)
(-0.356182 -0.263284 0)
(-0.237166 -0.187513 -1.3145e-19)
(-0.687243 -0.535909 -1.02903e-18)
(-0.501062 -0.374074 4.79862e-22)
(-1.10515 -1.06148 1.0053e-21)
(-0.877146 -0.765041 -1.55279e-18)
(-1.21873 -1.49544 -1.2038e-18)
(1.30366 -1.43525 3.81625e-18)
(1.51953 -2.06824 7.58225e-21)
(1.48121 -2.84363 7.01318e-18)
(0.844191 -0.690836 -1.96986e-18)
(1.07956 -1.00404 1.94234e-18)
(0.436355 -0.316242 -4.99435e-19)
(0.628093 -0.469635 0)
(0.176154 -0.146961 2.01637e-18)
(0.286535 -0.212918 -2.00747e-18)
(0.0500915 -0.0806632 -2.02944e-18)
(0.102262 -0.106083 2.0197e-18)
(-0.0255276 -0.0510422 1.27921e-19)
(0.0097637 -0.0636662 6.37748e-20)
(-0.0837078 -0.0339049 -6.48995e-20)
(-0.0573197 -0.0417179 0)
(-0.113455 -0.0222353 -5.24737e-19)
(-0.102971 -0.0273858 6.54362e-20)
(-0.110502 -0.015866 6.67475e-20)
(-0.115445 -0.0182984 5.30626e-19)
(-0.0896606 -0.0143479 6.90539e-20)
(-0.101035 -0.0146858 -2.03067e-19)
(-0.0669317 -0.0129676 -4.254e-19)
(-0.0780034 -0.0139636 5.94351e-19)
(-0.0476608 -0.00919714 0)
(-0.0568477 -0.011345 0)
(-0.0390106 -0.00708864 9.96781e-24)
(1.48035 -4.48327 -3.35118e-20)
(1.40384 -5.84513 -1.04883e-21)
(1.33804 -6.95285 1.04891e-21)
(1.20268 -8.29624 0)
(1.10238 -9.52775 3.38467e-20)
(0.977368 -10.9895 -4.98042e-20)
(0.891901 -12.4231 3.46202e-20)
(0.797556 -14.0185 -1.67321e-20)
(0.737126 -15.6305 3.36807e-20)
(0.683986 -17.3691 -3.55286e-20)
(0.664024 -19.1573 3.15991e-20)
(0.656468 -21.0569 -3.34008e-20)
(0.670576 -23.029 -4.19119e-21)
(0.700557 -25.0884 -5.06925e-20)
(0.751056 -27.2421 6.67438e-20)
(0.825513 -29.5007 1.35194e-19)
(0.913682 -31.8968 -6.54377e-20)
(1.00895 -34.4338 9.08252e-22)
(1.11462 -37.122 -2.56596e-21)
(1.24313 -39.9795 2.7245e-19)
(1.41609 -42.9157 0)
(1.62814 -45.8198 0)
(2.07647 -48.4411 -1.18703e-18)
(2.87731 -50.522 -6.25137e-19)
(4.69616 -51.875 0)
(8.27069 -53.0781 0)
(16.6196 -46.373 6.63676e-20)
(-1.98641 -2.25029 0)
(20.7503 -57.5368 -5.26628e-18)
(-1.14646 -3.77153 1.62315e-20)
(-0.916022 -3.7938 5.23629e-22)
(-0.666466 -3.78158 1.73177e-20)
(-0.45312 -3.7764 -3.29754e-20)
(-0.253482 -3.77441 2.40779e-20)
(-0.0850743 -3.77691 4.05208e-21)
(0.0896402 -3.77737 2.0918e-21)
(0.257832 -3.77629 -8.36669e-21)
(0.459195 -3.77974 -1.67356e-20)
(0.672211 -3.78694 2.6173e-22)
(0.921217 -3.80135 1.62258e-20)
(1.15079 -3.77988 -3.33022e-20)
(1.40245 -3.61767 4.92893e-20)
(1.73039 -6.78731 2.47624e-20)
(-5.14226 -52.0063 -2.99472e-18)
(-3.27428 -51.0662 -3.5261e-20)
(-2.35796 -48.6742 7.02984e-20)
(-1.70208 -45.8077 -1.387e-19)
(-1.41899 -42.8211 -1.70755e-19)
(-1.16895 -39.8734 -3.35527e-20)
(-1.00967 -37.0459 3.39029e-20)
(-0.911709 -34.3637 1.00404e-19)
(-0.830129 -31.8498 -1.34108e-19)
(-0.768801 -29.4717 8.42162e-20)
(-0.711047 -27.2317 -3.35214e-20)
(-0.676465 -25.0853 -3.35343e-20)
(-0.656779 -23.028 -3.33638e-20)
(-0.648102 -21.0524 5.0449e-20)
(-0.659105 -19.1482 8.38403e-21)
(-0.68124 -17.3572 2.50437e-20)
(-0.735687 -15.6178 -3.36862e-20)
(-0.796719 -14.0066 0)
(-0.892674 -12.4134 -3.24287e-20)
(-0.979054 -10.9807 3.3667e-20)
(-1.10475 -9.51915 0)
(-1.20533 -8.28701 3.56205e-20)
(-1.33981 -6.94216 -3.57219e-20)
(-1.40411 -5.83426 -3.45788e-20)
(-1.47949 -4.47188 7.12923e-20)
(-1.39982 -3.60784 -1.10415e-21)
(5.13177 -69.1685 -1.50396e-17)
(-7.58362 -70.1395 4.17786e-18)
(21.0116 -46.7361 -6.00409e-18)
(-0.088002 -0.403697 -1.61946e-22)
(-0.0106335 -0.643954 8.19683e-18)
(1.90154 -10.9085 0)
(2.96443 -11.3861 -2.36148e-18)
(-0.0229013 -0.966077 1.00803e-20)
(-0.0559747 -0.717191 -9.38603e-18)
(-0.0296138 -0.48225 -6.49294e-22)
(1.2133 -8.77534 6.31066e-18)
(-0.162863 0.000576118 6.85885e-20)
(3.95977 -51.9463 3.88533e-18)
(0.100589 -0.075205 2.55999e-22)
(-4.78897 -74.8263 -3.3467e-20)
(0.953693 -6.79768 -6.30046e-18)
(0.131049 -5.31248 -1.88855e-17)
(3.05298 -64.9832 1.51269e-17)
(2.40989 -5.74691 1.38425e-17)
(2.05387 -50.3028 6.48309e-19)
(-0.640481 -17.417 -1.75216e-18)
(1.62031 -54.3983 -6.87287e-18)
(5.2407 -55.6963 -2.41186e-20)
(2.37851 -52.0205 0)
(2.90509 -69.9011 7.69567e-18)
(-1.71518 -72.5223 -3.36359e-20)
(0.351646 -14.9772 -2.0448e-18)
(-6.04134 -58.2737 -8.91178e-19)
(-2.04995 -34.6251 -3.87313e-18)
(0.118248 -21.831 3.15765e-18)
(-0.183094 -2.27673 2.34931e-17)
(-0.0116667 -0.364029 6.78e-18)
(0.0210347 -0.27677 -3.13855e-18)
(0.0219154 -0.226708 -4.30918e-18)
(-0.0115895 -0.262764 -4.29918e-18)
(0.0546884 -0.557264 1.21787e-17)
(0.0270142 -0.398218 2.46608e-21)
(-15.9327 -52.2027 4.8546e-18)
(-17.7463 -55.176 -9.35296e-18)
(-18.4643 -58.3388 -8.93789e-18)
(-18.0206 -60.6937 -2.65518e-17)
(-16.6408 -63.7727 8.78986e-18)
(-14.257 -68.1721 4.08614e-18)
(0.0800248 -0.0874302 -1.91773e-18)
(0.493123 -1.17355 0)
(0.56239 -57.9823 2.95306e-18)
(0.100939 -0.0012974 1.07618e-18)
(-1.5589 -5.57786 0)
(-1.20936 -6.92176 0)
(-0.030779 -0.00536776 1.27159e-18)
(-0.0347031 -0.00227092 -6.21727e-19)
(-0.0368366 0.000387386 1.88724e-20)
(-0.0383484 0.00316974 2.2166e-19)
(-0.0398443 0.00594073 -2.18221e-19)
(-0.0414252 0.00864493 0)
(-0.0429861 0.01116 2.82542e-19)
(-0.044341 0.0133871 -5.60765e-19)
(-0.0453683 0.0151478 -1.38971e-19)
(-0.0460544 0.0163007 0)
(-0.0465191 0.0169377 0)
(-0.0469545 0.0170498 0)
(-0.0475168 0.0168536 -6.83374e-20)
(-0.0483726 0.0165066 3.54871e-24)
(-0.049505 0.0161429 0)
(-0.0506511 0.0158685 0)
(-0.0513088 0.0155022 -2.90523e-19)
(-0.0511671 0.0147795 9.02471e-19)
(-0.0496438 0.0136553 0)
(-0.046306 0.0121224 -2.46081e-18)
(-0.0590573 0.0140576 0)
(-0.072295 0.0152402 1.1842e-18)
(-0.0853961 0.0155074 -5.8627e-19)
(-0.0981513 0.0145319 -1.16615e-18)
(-0.110401 0.0127226 4.33204e-19)
(-0.12204 0.0100674 -1.42629e-19)
(-0.132993 0.00666668 1.40121e-19)
(-0.143052 0.00288226 -6.84537e-20)
(-0.152381 -0.00115652 6.81037e-20)
(-0.160305 -0.00536062 -2.70554e-19)
(-0.166921 -0.00968968 1.35077e-19)
(-0.172109 -0.0140096 -1.39189e-19)
(-0.176095 -0.0180842 1.34957e-19)
(-0.179122 -0.0217402 0)
(-0.181381 -0.0246314 -1.18214e-19)
(-0.18275 -0.0268196 1.69003e-19)
(-0.18282 -0.0288423 -1.35349e-19)
(-0.181264 -0.0308656 1.18575e-19)
(-0.177972 -0.0333599 0)
(-0.172744 -0.0365808 0)
(-0.165571 -0.0405863 0)
(-0.156301 -0.0455859 -3.04075e-19)
(-0.145155 -0.0514481 6.40757e-19)
(-0.132608 -0.0578569 -2.6937e-19)
(-0.118992 -0.0643279 -8.42788e-21)
(-0.10463 -0.0700907 1.68514e-20)
(-0.0896404 -0.0748831 -1.00977e-19)
(-0.0741994 -0.0788405 1.34804e-19)
(-0.05849 -0.0809427 0)
(-0.0422603 -0.0815695 1.3443e-19)
(-0.0253892 -0.0812068 1.34185e-19)
(-0.00836895 -0.079585 2.67649e-19)
(0.00897309 -0.0768726 -2.00182e-19)
(0.0265209 -0.0730614 0)
(0.0441671 -0.0686255 6.24537e-20)
(0.0614774 -0.0638912 -6.66761e-20)
(0.0781293 -0.0591452 1.33475e-19)
(0.0936749 -0.0546257 0)
(0.108092 -0.0504011 -8.08251e-21)
(0.121334 -0.0463848 -8.34154e-21)
(0.133359 -0.0423265 2.50408e-20)
(0.14419 -0.0381642 1.67371e-20)
(0.153729 -0.0341349 4.19391e-21)
(0.161915 -0.0303122 -2.10621e-20)
(0.168537 -0.0267189 1.69251e-20)
(0.17363 -0.0232452 -1.3624e-19)
(0.17713 -0.0200444 1.37056e-19)
(0.179357 -0.0172406 0)
(0.179846 -0.0144915 0)
(0.179143 -0.0117335 -6.96309e-19)
(0.177323 -0.00882586 1.32681e-18)
(0.174783 -0.00542172 -1.05147e-18)
(0.171591 -0.00171153 4.92463e-19)
(0.167513 0.00194266 1.41806e-19)
(0.162155 0.00531067 0)
(0.155182 0.00819533 0)
(0.146661 0.0106491 -2.47694e-18)
(0.136956 0.0127818 1.47694e-19)
(0.126501 0.0146247 8.25573e-23)
(0.115511 0.016063 4.89382e-18)
(0.104004 0.016925 -2.41838e-18)
(0.09191 0.0169691 3.01071e-18)
(-1.145 -2.12081 -1.72839e-20)
(-1.39195 -2.03561 -5.02864e-20)
(1.69557 -3.65913 0)
(1.58946 -2.96437 -3.24832e-20)
(0.0476118 0.0118252 -1.73558e-18)
(5.0966 -71.0762 1.53253e-17)
(2.63991 -4.41937 -1.1313e-20)
(0.0793474 0.0159622 -3.7975e-23)
(0.06595 0.0141729 -2.29769e-18)
(-0.409443 -2.61294 0)
(0.28657 -1.07825 5.98502e-18)
(-0.0369266 0.0120924 0)
(-0.0381979 0.0132855 -1.30249e-18)
(-0.0382707 0.0143269 6.57332e-19)
(-0.0376006 0.0148071 0)
(-0.0364875 0.0149217 -8.4737e-24)
(-0.0352918 0.0148822 2.75421e-19)
(-0.0342259 0.0146914 0)
(-0.0334409 0.0144359 0)
(-0.0328622 0.0140074 -6.8577e-20)
(-0.0324033 0.0133064 0)
(-0.031939 0.0122287 -1.38644e-19)
(-0.0313159 0.010731 0)
(-0.0305011 0.00881338 0)
(-0.0295837 0.00663013 0)
(-0.0285335 0.00416666 7.22195e-20)
(-0.025092 -0.0037846 -1.2725e-18)
(-0.0265564 -0.00101647 -1.81155e-18)
(-0.0275482 0.00159695 1.17574e-18)
(-0.0212342 -0.00885496 -1.33279e-18)
(-0.0286017 -0.0100399 -1.20176e-18)
(-0.0365601 -0.0121718 1.15445e-18)
(-0.0442835 -0.0142044 -5.68345e-19)
(-0.0527863 -0.0155709 -1.40112e-19)
(-0.0620712 -0.0163629 -3.45505e-20)
(-0.0718235 -0.0169124 -3.41151e-20)
(-0.0809743 -0.0177858 -3.36965e-20)
(-0.0877505 -0.0191912 6.67302e-20)
(-0.0900765 -0.0211544 -6.6565e-20)
(-0.0856186 -0.0240768 0)
(-0.0727885 -0.0277323 -1.31455e-19)
(-0.0513394 -0.0323217 -3.27483e-20)
(-0.0219087 -0.0384344 0)
(0.0139938 -0.0463178 -1.29437e-19)
(0.0547897 -0.0570531 6.45781e-20)
(0.102756 -0.0723761 0)
(0.166653 -0.0957005 0)
(0.257715 -0.13321 2.56841e-19)
(0.393951 -0.194629 1.79677e-18)
(0.58165 -0.29187 -1.02494e-18)
(0.830691 -0.44381 0)
(1.12721 -0.675511 0)
(1.45797 -1.01665 0)
(1.82434 -1.49827 -4.06562e-18)
(2.51833 -3.10236 -1.19636e-17)
(2.15638 -2.20448 1.19525e-17)
(0.0371912 -1.6398 1.6048e-17)
(-2.53296 -5.18499 0)
(-1.71491 -1.70389 -4.81628e-18)
(-1.61426 -1.2027 6.00862e-18)
(-1.26149 -0.810265 -2.06032e-18)
(-0.967302 -0.543598 -1.04184e-18)
(-0.699785 -0.354812 1.05208e-18)
(-0.499702 -0.23997 0)
(-0.345318 -0.16598 9.31377e-19)
(-0.238159 -0.119313 -9.89022e-19)
(-0.155972 -0.0875025 6.60854e-20)
(-0.0927634 -0.066556 4.97155e-20)
(-0.0397462 -0.0518127 0)
(0.00406725 -0.0418605 2.06629e-21)
(0.0378817 -0.0345825 2.73516e-19)
(0.0616127 -0.0290783 -2.83109e-19)
(0.076726 -0.0247685 0)
(0.0848542 -0.0215173 -2.34644e-19)
(0.0876916 -0.0191737 -6.7164e-20)
(0.0858494 -0.0176386 1.36186e-19)
(0.0795119 -0.0170545 -2.75751e-19)
(0.0694682 -0.016753 4.19686e-19)
(0.0572886 -0.0165247 2.82424e-19)
(0.0450075 -0.0159237 -7.15435e-20)
(0.0339393 -0.0148373 0)
(0.0167976 -0.0117214 1.21883e-18)
(0.0249452 -0.0128881 -1.17957e-18)
(25.6047 -62.8729 -2.45066e-20)
(0.0162676 -0.00537775 0)
(0.0180377 -0.00253863 -3.00217e-19)
(0.0193492 0.000369507 -1.45569e-19)
(0.0207677 0.00313463 7.18732e-20)
(0.0225946 0.00605965 1.42016e-19)
(0.0247132 0.00884959 1.40029e-19)
(0.02707 0.0114033 -2.76722e-19)
(0.0294202 0.0136677 -4.95308e-25)
(0.0315779 0.0155878 0)
(0.0334868 0.017092 -4.25052e-20)
(0.0350806 0.0181928 0)
(0.036327 0.0188089 5.50247e-19)
(0.0372512 0.0189014 0)
(0.0378419 0.0184951 -2.83841e-19)
(0.0380936 0.0175788 0)
(0.0379633 0.0160755 0)
(0.035573 0.0118423 1.63507e-24)
(0.0374461 0.0140108 0)
(0.122946 -0.00282078 1.02719e-18)
(-0.0521031 0.0130563 1.19758e-18)
(-0.0654181 0.015192 -2.32387e-18)
(-0.0787825 0.016268 1.71254e-18)
(-0.0917983 0.0159379 -1.42074e-18)
(-0.104053 0.0144356 0)
(-0.115622 0.0119758 1.4037e-19)
(-0.126301 0.00885882 -1.37987e-19)
(-0.136032 0.00529823 0)
(-0.14479 0.00157225 0)
(-0.152313 -0.00218475 0)
(-0.158455 -0.00617407 0)
(-0.163037 -0.0103264 -1.30683e-19)
(-0.166294 -0.0143577 1.36934e-19)
(-0.168521 -0.0181343 0)
(-0.170001 -0.0215252 -1.6872e-20)
(-0.170693 -0.0245515 1.35076e-19)
(-0.17039 -0.0272676 8.36395e-24)
(-0.168894 -0.0298514 -2.53617e-19)
(-0.16598 -0.0324542 2.70644e-19)
(-0.161502 -0.0352125 1.35537e-19)
(-0.155305 -0.0382489 -5.42462e-19)
(-0.147309 -0.0416478 3.03856e-19)
(-0.137413 -0.0454953 -1.68698e-19)
(-0.126009 -0.0498006 1.51551e-19)
(-0.113242 -0.054211 0)
(-0.0994057 -0.0581857 -1.68735e-20)
(-0.0847641 -0.0615074 -1.68509e-20)
(-0.0694985 -0.0639236 0)
(-0.0538585 -0.0651799 0)
(-0.0378643 -0.0653161 -1.34313e-19)
(-0.0214487 -0.0645486 -1.34173e-19)
(-0.00490101 -0.0628361 1.33875e-19)
(0.0117509 -0.0602566 3.3407e-20)
(0.0283647 -0.0569793 -6.67256e-20)
(0.0447419 -0.0533517 4.16831e-21)
(0.060579 -0.0497069 6.67189e-20)
(0.075609 -0.0462436 -1.6688e-20)
(0.0896307 -0.042956 -3.33757e-20)
(0.102683 -0.039766 -2.60858e-22)
(0.114774 -0.0365988 -2.08697e-21)
(0.125863 -0.0332022 -8.35331e-21)
(0.135884 -0.0298216 3.34608e-20)
(0.144665 -0.0266222 -4.19217e-20)
(0.152009 -0.0234564 7.5689e-20)
(0.157867 -0.02049 -4.30068e-24)
(0.1623 -0.0176636 -1.35586e-19)
(0.165393 -0.0149897 1.36265e-19)
(0.167206 -0.0123507 -2.74684e-19)
(0.16761 -0.00979276 -2.75652e-19)
(0.167073 -0.00724488 5.53449e-19)
(0.165685 -0.00446949 -6.25501e-19)
(0.163574 -0.00151699 5.92058e-19)
(0.160695 0.00154694 3.51685e-24)
(0.156634 0.00443822 -1.12505e-18)
(0.151155 0.00695363 2.268e-18)
(0.14413 0.00907754 -1.14193e-18)
(0.135812 0.0109835 1.44237e-19)
(0.126449 0.0128727 2.1795e-18)
(0.116363 0.0147012 -2.42576e-18)
(0.105594 0.0161278 -2.44343e-18)
(0.0942238 0.016843 2.38181e-18)
(0.0823146 0.0166951 -6.00279e-19)
(0.0701117 0.0155715 -2.44638e-18)
(0.0583111 0.0137103 2.67565e-18)
(0.19225 -1.13958 1.04009e-17)
(-1.15614 -5.98523 0)
(0.0400582 0.0100686 -1.41227e-17)
(0.0232512 0.00581193 6.18153e-18)
(-9.9899 -73.2833 1.27521e-17)
(-19.0657 -76.6862 -8.06524e-18)
(-22.9404 -69.2754 -4.48437e-18)
(-25.2807 -62.3087 -4.39488e-18)
(-26.1805 -56.981 1.78255e-17)
(-25.7443 -53.1802 2.26186e-19)
(-22.7453 -49.8294 2.10403e-19)
(-18.2509 -47.3634 1.5317e-17)
(-13.0356 -43.6852 1.29577e-17)
(-8.12203 -49.9263 -1.19564e-17)
(-4.56472 -49.2585 -1.20845e-18)
(-2.92676 -48.8467 5.79888e-19)
(-2.0568 -47.0575 -3.45489e-20)
(-1.5085 -44.4308 2.06939e-19)
(-1.24344 -41.6122 -6.75138e-20)
(-1.04681 -38.7388 2.03978e-19)
(-0.938323 -35.8871 -3.33759e-20)
(-0.887409 -33.1437 3.3834e-20)
(-0.856417 -30.5394 4.18824e-21)
(-0.834551 -28.0818 1.67614e-20)
(-0.822141 -25.7772 8.37483e-21)
(-0.818173 -23.5825 0)
(-0.814665 -21.4813 0)
(-0.811621 -19.4763 -5.85525e-20)
(-0.827811 -17.5536 1.69179e-20)
(-0.852255 -15.7631 0)
(-0.918031 -14.0355 3.34517e-20)
(-0.986407 -12.4533 -3.57754e-20)
(-1.08668 -10.8984 -8.54438e-26)
(-1.17992 -9.52821 0)
(-1.30551 -8.14475 -1.31142e-22)
(-1.4245 -7.02057 0)
(-1.69406 -3.64656 3.04466e-20)
(-1.63118 -4.86694 -9.62531e-22)
(-1.56576 -5.80036 -3.14197e-20)
(0.0297156 -0.455222 -1.31759e-17)
(0.00902879 -0.33021 -4.35775e-18)
(0.00461797 -0.238383 2.06134e-18)
(0.00999023 -0.284911 4.2946e-18)
(-3.38868 -8.14739 0)
(-0.0618925 -3.2227 1.06929e-17)
(0.690397 -16.2194 0)
(2.37976 -59.7936 4.75951e-19)
(0.811046 -33.8254 3.11807e-19)
(-0.0130286 -21.996 5.72142e-22)
(0.359137 -17.1036 -2.2244e-18)
(1.38011 -13.4869 -6.21481e-19)
(-5.85558 -72.9758 -2.12426e-17)
(0.595887 -3.78083 -9.91932e-18)
(3.45253 -54.0756 -7.07313e-19)
(1.90877 -53.0898 5.83551e-20)
(1.15073 -2.12631 0)
(0.933802 -2.08947 -1.77978e-20)
(0.684538 -2.04202 1.04634e-21)
(0.464169 -2.00943 1.67391e-20)
(0.260041 -1.99188 8.36723e-21)
(0.0898228 -1.98632 -1.56955e-21)
(-0.084925 -1.9857 -4.18469e-21)
(-0.254362 -1.99017 -8.36781e-21)
(-0.457175 -2.00656 9.42965e-21)
(-0.677507 -2.03729 1.67461e-20)
(-0.927249 -2.08358 5.23385e-22)
(-0.147155 -2.71685 -3.3123e-17)
(-0.484383 -56.5709 0)
(1.10279 -23.7654 -1.72134e-18)
(1.36631 -41.4952 -2.31326e-19)
(3.87449 -7.63017 4.3854e-18)
(0.464028 -1.57859 4.71119e-18)
(0.0748936 -0.307023 -3.90046e-18)
(0.122443 -0.00100756 -1.03531e-18)
(10.6856 -74.9923 7.75723e-18)
(16.7237 -68.4622 0)
(21.3511 -62.9667 1.13165e-17)
(-0.506109 -10.8644 7.69445e-18)
(26.8734 -51.4519 -5.96109e-18)
(24.5988 -48.305 0)
(10.9518 -47.9973 0)
(7.98592 -48.6639 6.96605e-19)
(4.60801 -48.5351 6.48691e-19)
(2.41481 -48.2115 9.21003e-19)
(1.68916 -46.6958 1.49775e-19)
(1.40908 -44.37 4.32067e-19)
(1.30715 -41.6194 0)
(1.18645 -38.752 -6.8393e-20)
(1.07417 -35.8982 -2.04176e-19)
(0.993081 -33.1448 -6.8312e-20)
(0.93604 -30.5344 6.69763e-20)
(0.885322 -28.0688 -3.36378e-20)
(0.853695 -25.759 0)
(0.836283 -23.5674 -1.67939e-20)
(0.827214 -21.4732 4.19685e-21)
(0.820477 -19.4744 -3.34152e-20)
(0.834072 -17.5585 3.47501e-20)
(0.857079 -15.772 -3.13435e-20)
(0.920817 -14.0457 1.27806e-21)
(0.987932 -12.4637 3.47259e-20)
(1.0868 -10.9073 -1.04898e-21)
(1.17912 -9.53643 3.29723e-20)
(1.30389 -8.15298 -3.36463e-20)
(1.42259 -7.02964 0)
(1.56413 -5.81112 3.35196e-20)
(1.63068 -4.87824 -3.3619e-20)
(10.9527 -60.8298 -5.03727e-18)
(6.51428 -65.1699 -7.71687e-18)
(-0.188593 -6.55154 -8.60417e-18)
(0.501524 -5.94412 5.15733e-18)
(2.33593 -8.712 2.62442e-18)
(2.03924 -70.7165 1.16599e-18)
(0.0100322 -0.790909 8.94518e-18)
(-0.0305879 -0.824934 9.21169e-18)
(-0.157517 0.000877805 0)
(0.109289 -0.053205 -1.93318e-19)
(-0.0211642 -0.00631315 2.21098e-20)
(1.39631 -2.0427 -2.81517e-22)
(-1.5865 -2.95276 1.04828e-21)
(-0.0517623 -0.585004 -4.16893e-18)
(6.02422 -72.3117 6.99118e-18)
(0.826826 -7.91634 5.84049e-18)
(1.95831 -61.1777 -8.21353e-18)
(-1.60793 -1.50746 -2.62066e-22)
(1.61198 -1.51618 3.32867e-20)
(-0.026637 0.00672106 0)
(2.4582 -71.9665 -8.31129e-18)
(0.382372 -74.9347 0)
(1.28773 -10.4922 -2.88803e-18)
(0.176677 -0.925331 -1.07134e-17)
(-0.00337854 -0.420018 -4.1092e-18)
(-0.000674859 -0.304541 2.0054e-18)
(3.58563 -14.1378 2.80986e-18)
(0.0248403 0.00593102 -6.21888e-18)
(-0.159343 -0.000247496 -2.03286e-19)
(4.07598 -5.39383 -2.11535e-17)
(-0.157014 0.0025838 2.71965e-19)
(2.36025 -76.4437 -6.88246e-18)
(0.0218429 -0.657798 -1.63853e-17)
(-5.73127 -8.84377 1.33469e-17)
(0.347301 -7.12629 1.45287e-17)
(5.15331 -61.7134 9.26964e-18)
(1.6877 -1.74458 -3.3272e-20)
(1.63656 -1.00725 1.04871e-21)
(1.69981 -1.12139 3.35936e-20)
(1.584 -2.78224 -3.35206e-20)
(1.66519 -2.08827 3.36213e-20)
(1.41019 -4.43572 -3.29733e-20)
(1.49153 -3.45392 3.33817e-20)
(1.2648 -6.72159 -6.87216e-20)
(1.33664 -5.46244 3.4189e-20)
(1.14757 -9.56533 3.34482e-20)
(1.20787 -8.04729 -7.48992e-22)
(1.09652 -13.0084 0)
(1.11752 -11.1899 1.04919e-21)
(1.09355 -17.0584 4.21692e-20)
(1.09762 -14.9581 0)
(1.10806 -21.6709 3.3684e-20)
(1.09665 -19.2926 -3.34418e-20)
(1.22212 -26.9718 1.68238e-20)
(1.15146 -24.2308 -1.18299e-19)
(1.41195 -32.654 0)
(1.29689 -29.8173 -6.8239e-20)
(1.83613 -38.062 -4.22469e-19)
(1.5934 -35.4448 2.82797e-19)
(3.10524 -41.1805 -1.52385e-18)
(2.34736 -40.3371 -2.89192e-19)
(7.25968 -39.7842 -1.23548e-18)
(4.71763 -40.2161 8.84341e-19)
(15.1604 -39.1806 5.1987e-18)
(10.6566 -39.8826 0)
(27.914 -41.9558 5.30567e-18)
(20.7508 -39.7762 0)
(36.4301 -50.1809 0)
(36.6791 -45.3751 3.36497e-20)
(37.6937 -62.3817 0)
(41.3794 -54.683 0)
(14.4351 -78.2247 1.87214e-17)
(28.8518 -73.0506 -3.19457e-18)
(-0.00461404 -36.2421 5.60214e-18)
(5.81389 -62.6177 -3.41055e-18)
(-2.76221 -17.5221 -6.32077e-18)
(-0.75312 -22.703 -2.76547e-18)
(-3.58304 -13.6998 3.78933e-20)
(-1.06547 -1.71273 0)
(-1.51443 -1.61373 1.78186e-20)
(-1.31008 -1.7069 0)
(-0.517264 -1.70082 8.37633e-21)
(-0.773288 -1.70576 0)
(-0.0943166 -1.70396 -1.02713e-24)
(-0.285635 -1.70048 -2.09171e-21)
(0.292253 -1.70186 -1.56817e-21)
(0.0997865 -1.70445 5.22115e-22)
(0.781793 -1.70984 0)
(0.52555 -1.70332 1.04551e-21)
(1.3175 -1.7114 9.4228e-21)
(1.0727 -1.71766 0)
(-1.77762 -1.20717 -1.04773e-21)
(1.61741 -0.122746 1.676e-20)
(1.7833 -1.21462 -5.23606e-22)
(1.52165 -1.61959 -1.67658e-20)
(2.61199 -55.7212 -5.42695e-18)
(0.484184 -1.85965 1.04319e-17)
(-0.0108659 -0.0119731 -1.74366e-18)
(1.17977 -13.0777 2.37231e-18)
(-0.573825 -9.26068 -3.38083e-18)
(-0.00459003 -0.320584 4.91561e-18)
(0.000222876 -0.399386 -3.96571e-18)
(-1.6154 -0.112863 -1.64993e-20)
(-1.69946 -1.10868 -3.24693e-20)
(-1.63585 -0.995075 3.41259e-20)
(-1.66639 -2.07778 0)
(-1.6881 -1.73326 5.24498e-22)
(-1.49259 -3.44665 1.3114e-22)
(-1.58567 -2.77379 -2.62272e-22)
(-1.33628 -5.45511 -1.04913e-21)
(-1.41054 -4.42881 0)
(-1.20508 -8.03961 0)
(-1.26307 -6.71287 2.0982e-21)
(-1.11043 -11.1909 -2.08353e-20)
(-1.14263 -9.56034 3.36884e-20)
(-1.0839 -14.9845 3.36985e-20)
(-1.08637 -13.0198 8.38821e-21)
(-1.06397 -19.3598 -8.38046e-21)
(-1.07195 -17.1039 -3.3353e-20)
(-1.08552 -24.3414 -3.75156e-20)
(-1.06085 -21.7622 3.26982e-20)
(-1.18043 -29.9729 -3.33761e-20)
(-1.13442 -27.0978 1.70775e-20)
(-1.47236 -35.7019 6.71531e-20)
(-1.25286 -32.8727 -1.3592e-19)
(-2.5269 -40.533 -3.24128e-19)
(-1.82586 -38.3468 -3.80996e-19)
(-6.07662 -41.2686 1.64272e-18)
(-3.63306 -41.6899 -5.91865e-19)
(-12.5164 -48.9506 -8.52918e-20)
(-9.42906 -40.3554 0)
(-20.7451 -40.2088 5.39517e-18)
(0.247408 -2.2953 -1.03661e-17)
(-35.7399 -45.0497 2.03798e-19)
(-27.6797 -42.6393 -9.50523e-18)
(-42.1551 -52.4478 4.08032e-20)
(-40.8026 -47.4829 -1.34041e-17)
(-34.9206 -72.7285 9.10721e-18)
(-40.9968 -61.0235 3.94833e-18)
(-10.4829 -61.2615 1.13445e-19)
(-19.3422 -77.5971 -7.6813e-18)
(0.188921 -22.9944 -3.42099e-20)
(-1.67815 -35.8302 3.31833e-18)
(1.75254 -17.8453 2.29297e-20)
(0.0271632 0.00813453 -2.15947e-23)
(0.0257682 0.00677599 1.96602e-17)
(0.0403399 0.0119962 -5.28021e-18)
(0.0324584 0.0100554 0)
(0.0588762 0.0148754 5.88606e-19)
(0.0491753 0.0138714 6.00463e-18)
(0.077656 0.0143713 0)
(0.0685217 0.0149784 -7.28542e-20)
(0.0939223 0.0116555 0)
(0.0861761 0.0131661 1.08263e-19)
(0.107113 0.00855444 7.03859e-20)
(0.100877 0.0100611 0)
(0.116655 0.00541417 -1.14779e-18)
(0.112433 0.00708568 1.04996e-18)
(0.121451 0.00113628 -3.44873e-20)
(0.119619 0.00341897 3.46595e-20)
(0.123074 -0.0035301 0)
(0.122508 -0.00124716 0)
(0.122814 -0.00768698 3.05865e-19)
(0.123197 -0.00561889 -2.73194e-19)
(0.119608 -0.011948 -3.3749e-20)
(0.121696 -0.00976212 3.38837e-20)
(0.112321 -0.0163284 -3.35716e-20)
(0.11648 -0.0141371 -6.73464e-20)
(0.100794 -0.0209522 -1.67313e-20)
(0.107101 -0.0185878 6.70478e-20)
(0.0854127 -0.02571 -2.08758e-21)
(0.0934899 -0.0233349 4.17887e-21)
(0.0674602 -0.0302389 4.17287e-21)
(0.0767197 -0.0279918 -4.17463e-21)
(0.0472289 -0.0347014 -3.23187e-20)
(0.0576597 -0.0324412 1.6687e-20)
(0.0244506 -0.0395655 0)
(0.03615 -0.0371029 0)
(-8.99862e-05 -0.0436731 -5.06996e-24)
(0.0123066 -0.0418248 5.01307e-20)
(-0.0248802 -0.0455469 -6.71739e-20)
(-0.0125238 -0.0449497 -5.78148e-25)
(-0.0493306 -0.0447556 -8.41395e-21)
(-0.0371383 -0.0455015 -1.51448e-19)
(-0.0727263 -0.0412577 1.34751e-19)
(-0.061219 -0.0432752 1.68651e-20)
(-0.0931705 -0.0362864 -1.51651e-19)
(-0.0834308 -0.0388797 1.34805e-19)
(-0.108958 -0.0313304 0)
(-0.101705 -0.0337351 8.4348e-21)
(-0.119536 -0.0267495 -1.05572e-21)
(-0.114866 -0.0290338 0)
(-0.125156 -0.0218376 0)
(-0.122884 -0.0243603 0)
(-0.126912 -0.0167139 0)
(-0.126396 -0.0193157 -8.43686e-21)
(-0.126735 -0.0109083 0)
(-0.127027 -0.0139176 -4.21426e-21)
(-0.124176 -0.00452245 6.74299e-20)
(-0.125885 -0.00773579 -6.95066e-20)
(-0.117048 0.00173051 -5.07119e-20)
(-0.121308 -0.00133264 0)
(-0.105139 0.00730019 -6.91371e-20)
(-0.111588 0.00457661 1.79826e-20)
(-0.0895747 0.0122026 0)
(-0.0978178 0.00986604 1.02379e-19)
(-0.070559 0.0152598 2.77338e-19)
(-0.0804723 0.0140857 0)
(-0.0486388 0.0143765 2.22414e-18)
(-0.0597779 0.0154851 -1.10582e-18)
(0.110395 -0.00156633 1.06111e-18)
(-0.0380518 0.0122594 -2.2885e-18)
(0.784562 -3.04253 1.5702e-17)
(0.0238312 0.00806328 0)
(0.0238082 0.00679518 -7.12817e-19)
(0.0239645 0.0101232 1.75266e-18)
(0.0240103 0.00923176 -1.21657e-18)
(0.0231213 0.0106519 -1.39407e-19)
(0.0236496 0.0105878 -8.51386e-19)
(0.0214493 0.00970308 -6.83547e-20)
(0.0223831 0.0103586 -3.44605e-19)
(0.0189951 0.00751198 -5.95342e-20)
(0.0203293 0.00875686 1.36188e-19)
(0.0158833 0.00400982 1.37282e-19)
(0.0174826 0.00592824 -1.70521e-20)
(0.0128221 -0.00057749 -1.40375e-19)
(0.014287 0.00178477 -2.07994e-19)
(0.0104419 -0.00535911 1.43744e-19)
(0.0115101 -0.00304705 0)
(0.00743737 -0.010286 -1.24728e-18)
(0.00930749 -0.00792054 0)
(-2.03886 -12.3304 0)
(0.00297238 -0.0129562 3.02174e-23)
(-0.825029 -12.8517 -9.36386e-18)
(-0.00230296 -0.0152622 1.72189e-18)
(-0.00578398 -0.0163692 1.18707e-18)
(0.00770024 -0.0157934 0)
(0.0015705 -0.0153869 0)
(0.0216762 -0.0165599 -4.15363e-19)
(0.0147634 -0.0162096 6.29221e-19)
(0.0268299 -0.0171701 2.7177e-19)
(0.026285 -0.0168096 -2.7436e-19)
(0.0129102 -0.0193342 5.35663e-19)
(0.0222898 -0.0179411 -2.02353e-19)
(-0.0229488 -0.0224817 1.66859e-20)
(-0.00161537 -0.0209862 -2.67536e-19)
(-0.0960954 -0.0274103 -2.67866e-19)
(-0.0537012 -0.0241846 2.66525e-19)
(-0.215563 -0.0437743 5.15362e-19)
(-0.150114 -0.0342514 -5.2709e-19)
(-0.394573 -0.0778322 -9.97821e-20)
(-0.293061 -0.0570853 -6.63586e-20)
(-0.731846 -0.160348 -1.338e-19)
(-0.532346 -0.108303 -6.67349e-20)
(-1.38623 -0.419767 2.12673e-18)
(-1.0081 -0.245666 0)
(-2.43603 -1.36985 -3.89825e-18)
(-1.87803 -0.738023 2.07395e-18)
(-3.27901 -3.17289 6.47869e-18)
(-2.99785 -2.29108 2.25626e-21)
(-4.2133 -4.97893 0)
(3.10327 -2.20857 -8.64836e-18)
(3.70188 -3.46579 1.2915e-17)
(1.96018 -0.771631 0)
(2.5225 -1.31857 0)
(1.10854 -0.254311 0)
(1.49844 -0.440009 0)
(0.574682 -0.101908 2.63094e-19)
(0.800823 -0.158073 -5.29609e-19)
(0.303297 -0.0481654 0)
(0.412728 -0.0680932 -3.27886e-19)
(0.166611 -0.0289688 1.04851e-18)
(0.225526 -0.0362199 0)
(0.0723643 -0.0206773 1.64368e-20)
(0.116475 -0.023949 -1.04939e-18)
(0.00646142 -0.0178807 7.45012e-20)
(0.0352058 -0.0187214 3.30032e-20)
(-0.0235896 -0.0177871 -4.66751e-19)
(-0.0129515 -0.0177461 0)
(-0.0269516 -0.0175265 -1.10226e-18)
(-0.0276825 -0.0178769 1.03933e-18)
(-0.0198422 -0.0168553 0)
(-0.0239066 -0.0172816 5.77036e-19)
(-0.0126543 -0.0159689 1.658e-18)
(-0.015991 -0.0163833 1.37849e-19)
(-0.00721433 -0.0158978 2.26991e-18)
(-0.00976413 -0.0153821 -1.10717e-18)
(-0.00426207 -0.0163597 4.81573e-18)
(-0.154557 -0.000790935 -1.34875e-19)
(-0.00743862 -0.0188025 0)
(-0.0140772 -0.00872577 1.24256e-18)
(-0.0102247 -0.0110518 0)
(-0.0162262 -0.00465101 -3.45621e-18)
(-0.0155416 -0.00673577 2.93651e-18)
(-0.0173026 -0.00109431 1.12988e-18)
(-0.0167447 -0.00282153 1.12819e-18)
(-0.0182289 0.00174804 5.55425e-19)
(-0.0178079 0.000408638 -1.04857e-18)
(-0.018975 0.00381607 5.49203e-19)
(-0.0185906 0.0028774 -1.03457e-18)
(-0.0200297 0.00540891 -6.82771e-20)
(-0.0194323 0.00462948 1.02592e-19)
(-0.0218217 0.00706255 -1.03199e-19)
(-0.0208276 0.00622681 1.7097e-20)
(-0.0238747 0.00822865 0)
(-0.0228937 0.00777328 0)
(-0.0247997 0.00794261 -6.26258e-19)
(-0.0246047 0.00830691 7.24629e-19)
(12.2829 -66.5764 -4.07815e-18)
(-0.0243778 0.00649768 0)
(5.16255 -8.75339 9.81019e-18)
(-0.00815587 0.00251221 -5.13448e-18)
(-1.91898 -0.278206 1.67859e-20)
(1.92222 -0.28706 -1.73072e-20)
(-0.154407 -0.00791776 -6.66184e-19)
(-1.61313 -71.1213 -2.07888e-17)
(-0.010852 0.00182647 4.25891e-18)
(-0.0107203 0.00076302 -1.27551e-17)
(-0.00950039 -0.00103333 2.38653e-18)
(-0.00938364 -0.00217497 1.80662e-20)
(-0.00907958 -0.00375626 -1.27671e-18)
(-0.00859618 -0.00533168 5.57729e-19)
(-0.00803849 -0.00691398 5.50918e-19)
(-0.00744992 -0.00841678 1.36683e-19)
(-0.00689399 -0.00972758 -1.19154e-19)
(-0.00643078 -0.0107168 0)
(-0.00605233 -0.0113311 2.38257e-19)
(-0.00573403 -0.0116334 -2.72976e-19)
(-0.00546762 -0.0117485 6.16748e-19)
(-0.00523047 -0.0117808 -5.50772e-19)
(-0.00500459 -0.0117971 -6.91846e-20)
(-0.0047728 -0.0117668 -1.11296e-18)
(-0.00445837 -0.0117642 1.12654e-18)
(-0.00415854 -0.011769 0)
(-0.00351946 -0.0117979 1.38466e-19)
(-0.00222582 -0.0114378 -2.24105e-18)
(0.000320152 -0.0123852 0)
(0.000711903 -0.0127713 0)
(-0.15351 -0.0074806 1.33624e-19)
(10.1616 -67.3256 -3.98088e-18)
(0.0138053 -0.0105339 0)
(0.0195325 -0.0109135 -4.16169e-18)
(0.0255388 -0.00985554 -1.04342e-18)
(0.03243 -0.00932956 1.0721e-18)
(0.0379314 -0.00891822 4.06644e-19)
(0.0424889 -0.00866357 -5.42755e-19)
(0.0463705 -0.00851254 0)
(0.0507576 -0.00860562 5.29805e-19)
(0.0570989 -0.00847362 -5.04585e-19)
(0.0674304 -0.00815265 0)
(0.0841575 -0.00766947 0)
(0.108561 -0.00686531 -8.34965e-21)
(0.141139 -0.00681619 0)
(0.180046 -0.00767536 -1.08221e-18)
(0.223221 -0.00908675 1.06396e-18)
(0.26984 -0.0109645 0)
(0.322536 -0.0136754 2.13307e-18)
(0.389517 -0.0176149 -2.13753e-18)
(0.481441 -0.0245264 6.70649e-20)
(0.617919 -0.0369385 0)
(0.809305 -0.061333 -4.37747e-18)
(1.08972 -0.117291 4.50318e-18)
(1.48481 -0.249344 -5.76426e-19)
(1.99151 -0.505864 0)
(2.69506 -0.956534 4.72284e-18)
(3.53433 -1.77946 4.73031e-18)
(4.75002 -3.15638 -4.67666e-18)
(5.30837 -5.14913 4.24025e-18)
(-4.94614 -7.25233 -7.65839e-18)
(-4.58323 -3.98804 0)
(-3.6299 -1.93499 4.23919e-18)
(-2.6895 -0.899561 4.43216e-18)
(-1.99523 -0.428022 2.24136e-18)
(-1.47841 -0.190136 -3.35648e-18)
(-1.08624 -0.0849396 1.08013e-18)
(-0.815661 -0.046705 -9.45991e-19)
(-0.628133 -0.0306416 6.70435e-20)
(-0.498744 -0.0224891 -5.01082e-19)
(-0.403937 -0.0172849 5.33858e-19)
(-0.330512 -0.0134281 -5.32933e-19)
(-0.267603 -0.0107697 2.66547e-19)
(-0.213318 -0.0092766 2.66824e-19)
(-0.168482 -0.00839768 -2.66886e-19)
(-0.133574 -0.00820812 2.67294e-19)
(-0.107063 -0.00820393 1.33868e-19)
(-0.0863964 -0.00820909 -1.34209e-19)
(-0.0699112 -0.00826144 2.69395e-19)
(-0.0575162 -0.00841201 -3.34065e-23)
(-0.0497977 -0.00857562 -2.72445e-19)
(-0.0461435 -0.00854225 5.48271e-19)
(-0.0445465 -0.00864305 4.82981e-19)
(-0.0427758 -0.00904003 -1.10848e-18)
(-0.0393845 -0.00959047 0)
(-0.033373 -0.0107375 0)
(-0.0266354 -0.0126303 -3.17864e-23)
(-0.0213152 -0.0159463 -2.60811e-18)
(-10.5499 -75.1562 2.88713e-19)
(-0.00689598 -0.0144738 0)
(-0.0032063 -0.0140902 -5.40961e-23)
(-0.000191156 -0.0132791 -2.26027e-18)
(0.00134248 -0.0131585 -1.10932e-18)
(0.00223769 -0.0126351 9.78261e-19)
(0.00286948 -0.0120832 0)
(0.00346428 -0.0112707 -2.77047e-19)
(0.0040659 -0.0104332 3.43545e-19)
(0.00474303 -0.00953238 0)
(0.00544512 -0.00873971 3.40041e-20)
(0.00609606 -0.00805604 8.49144e-21)
(0.00667638 -0.00742367 -1.35822e-19)
(0.00718006 -0.0067672 1.36107e-19)
(0.00760518 -0.00604055 3.42027e-19)
(0.00799034 -0.00525406 -6.90581e-19)
(0.00831538 -0.00447286 5.602e-19)
(0.00857684 -0.00373086 -1.14123e-18)
(0.00878595 -0.00301882 3.52381e-18)
(0.00896135 -0.00215931 -2.37526e-18)
(0.00893526 -0.00124098 0)
(-1.04401 -3.844 0)
(-0.00987334 0.00424155 2.3513e-18)
(-0.0115804 0.0068485 -6.2927e-25)
(-0.0158224 0.00820995 2.07629e-18)
(-0.0203205 0.00872212 -6.01077e-25)
(-0.0244178 0.00845221 5.42746e-19)
(-0.0276144 0.00779401 0)
(-0.0302061 0.00691046 1.36265e-19)
(-0.0322056 0.00586499 -1.69847e-19)
(-0.0337136 0.00471037 3.38762e-20)
(-0.0348188 0.00349783 -1.90133e-20)
(-0.0355148 0.00224374 1.89918e-20)
(-0.0356536 0.000908045 0)
(-0.0350801 -0.00050951 0)
(-0.0340035 -0.00194658 0)
(-0.0327802 -0.00337399 0)
(-0.0317214 -0.00475207 4.21189e-21)
(-0.0310359 -0.00605081 0)
(-0.0307461 -0.00727651 8.42981e-21)
(-0.0305492 -0.00849018 0)
(-0.0300534 -0.00973367 0)
(-0.0291555 -0.0109427 1.05586e-21)
(-0.0278222 -0.0120341 0)
(-0.0260687 -0.0130477 0)
(-0.0239376 -0.0140719 -1.43392e-19)
(-0.0213409 -0.0151508 -6.23967e-24)
(-0.0182359 -0.0162311 1.34788e-19)
(-0.0147428 -0.0172127 0)
(-0.0110617 -0.018014 0)
(-0.00746035 -0.0185862 8.42076e-21)
(-0.00404877 -0.0188266 1.68253e-20)
(-0.000753431 -0.018676 0)
(0.00237758 -0.0185824 0)
(0.00526455 -0.0183378 3.34839e-20)
(0.00798521 -0.0176983 -8.358e-20)
(0.0104515 -0.0168507 3.33964e-20)
(0.0125129 -0.0158197 0)
(0.0141802 -0.01481 -1.04283e-21)
(0.0156308 -0.0138881 3.33743e-20)
(0.0170748 -0.0130317 -5.42524e-20)
(0.0186158 -0.012112 2.08734e-20)
(0.0202284 -0.0111041 2.08801e-20)
(0.0218799 -0.0100194 -3.7601e-20)
(0.0234245 -0.00891439 5.01715e-20)
(0.0247364 -0.0078602 -3.34854e-20)
(0.0258007 -0.00682644 0)
(0.0266461 -0.00579575 0)
(0.0272627 -0.00473942 3.36604e-20)
(0.027588 -0.00367864 -3.37475e-20)
(0.0277022 -0.00264154 -3.04551e-19)
(0.0279202 -0.00163851 2.71532e-19)
(0.0284539 -0.00058227 5.44601e-19)
(0.0292851 0.000562408 -1.09233e-18)
(0.0301757 0.00172721 5.47489e-19)
(0.030796 0.00279574 3.43396e-20)
(0.0309861 0.0037267 3.4455e-20)
(0.0306287 0.00451664 6.91866e-20)
(0.0298901 0.00525797 -1.18192e-18)
(0.0288831 0.00601445 1.11891e-18)
(0.0274992 0.00680679 0)
(0.0255538 0.00755216 -3.53608e-20)
(0.0230075 0.00814161 0)
(0.0201752 0.00852872 7.10897e-20)
(0.0170996 0.00860976 0)
(0.0137061 0.00796632 -1.1027e-18)
(0.0110913 0.00640221 0)
(0.00940499 0.00465661 -9.57158e-18)
(0.00878655 0.00327727 5.01397e-18)
(0.00897994 0.00176887 -2.01307e-17)
(0.00903862 0.000575696 -1.96613e-17)
(0.00916313 -0.000276231 -2.66375e-23)
(3.1167 -9.97391 -2.38945e-18)
(1.40473 -15.5398 2.52349e-18)
(0.366125 -18.2355 9.71144e-20)
(-1.33493 -29.9633 -4.88381e-18)
(-13.7521 -62.6629 -1.82418e-19)
(-30.789 -79.7996 0)
(-39.9348 -69.7651 -4.52382e-18)
(-41.4548 -53.806 -5.2206e-18)
(-38.8652 -42.1846 9.44477e-18)
(-33.7288 -34.1275 0)
(-25.5047 -27.7094 -1.76215e-17)
(-17.3482 -23.9013 4.40916e-18)
(-11.5877 -18.7571 -1.41951e-17)
(-4.40577 -19.4021 -4.19155e-18)
(-4.75014 -20.5627 4.22387e-18)
(-1.39163 -17.0555 -1.07042e-18)
(-2.40636 -17.1867 1.09231e-18)
(-1.4576 -16.9116 0)
(-1.12993 -16.5853 0)
(-0.82708 -14.9795 -2.3403e-19)
(-0.81148 -13.0157 2.74204e-19)
(-0.901026 -10.8128 0)
(-1.03397 -8.62215 0)
(-1.1226 -6.54906 1.67758e-20)
(-1.15518 -4.73679 0)
(-1.16715 -3.1753 1.04723e-21)
(-1.16114 -1.80661 0)
(-1.12115 -0.598801 0)
(-1.06331 0.466998 0)
(-1.005 1.36978 0)
(-0.962182 2.1284 2.92231e-20)
(-0.931114 2.69815 -6.71187e-20)
(-0.911975 3.16464 3.36739e-20)
(-0.89794 3.46864 -3.34661e-20)
(-0.888275 3.69738 3.36595e-20)
(-0.882763 3.74181 -3.34908e-20)
(-0.874731 3.71855 1.40464e-22)
(-0.87645 3.46317 6.74115e-20)
(-0.853701 3.19781 -3.36158e-20)
(-0.836723 2.68167 3.30069e-20)
(-0.812146 2.38102 -6.71148e-20)
(-0.819319 1.77691 4.98466e-20)
(-0.804586 1.59193 -3.35495e-20)
(-0.959481 0.936839 1.67923e-20)
(0.0294169 -0.446685 7.5995e-18)
(0.0397159 -0.320082 -2.78713e-18)
(5.88298 -72.9539 1.51287e-17)
(0.280126 -11.8641 -1.25493e-20)
(0.00972524 -0.0113962 0)
(-1.72187 -77.5004 0)
(4.02874 -57.3194 -3.77151e-20)
(1.46188 0.39313 -2.0963e-21)
(1.34217 0.377416 2.09537e-21)
(1.19807 0.0766824 0)
(1.1197 0.586337 -8.37112e-21)
(0.943589 0.505601 0)
(0.699549 0.439395 0)
(0.474295 0.411933 0)
(0.261693 0.390679 0)
(0.0900473 0.383041 -5.3061e-22)
(-0.0840546 0.383195 -2.08213e-21)
(-0.254375 0.390134 5.22609e-21)
(-0.465085 0.411943 4.94944e-25)
(-0.689895 0.438977 -2.0915e-21)
(-0.93551 0.505754 -4.18526e-21)
(-1.1113 0.588462 4.187e-21)
(-1.18945 0.0777399 4.18934e-21)
(-1.33565 0.379782 -4.19126e-21)
(-1.4575 0.397248 0)
(-0.756614 0.257083 0)
(-0.337998 -3.7458 1.03214e-17)
(-1.73748 -14.5861 -1.43904e-20)
(1.3372 -19.8475 1.04334e-18)
(2.39477 -30.9294 1.30558e-19)
(15.228 -63.2108 -2.11286e-18)
(30.2225 -79.6288 -8.18514e-18)
(39.0365 -70.7542 -1.74761e-17)
(40.3181 -56.0464 4.43349e-18)
(37.4369 -44.8126 -1.29901e-17)
(31.8919 -35.6126 0)
(24.5218 -28.2827 -4.74195e-18)
(16.9316 -24.18 -4.71576e-18)
(11.271 -20.6709 0)
(7.57907 -18.2613 4.55513e-18)
(4.65991 -16.8555 0)
(2.84352 -15.2687 -1.14029e-18)
(1.98577 -14.2157 -8.41055e-19)
(1.22593 -15.4304 1.18367e-18)
(1.07474 -15.9264 5.61642e-19)
(0.958638 -14.5575 -7.12112e-19)
(0.923349 -12.6534 -2.74587e-19)
(0.968906 -10.5145 2.7778e-19)
(1.07196 -8.38466 1.35632e-19)
(1.14967 -6.36806 -8.51161e-20)
(1.17458 -4.59888 5.49282e-20)
(1.1772 -3.07511 -4.23541e-21)
(1.16474 -1.7395 0)
(1.12247 -0.555962 -4.18146e-20)
(1.06366 0.491266 3.37382e-20)
(1.00646 1.37926 0)
(0.963937 2.12915 0)
(0.932874 2.69356 0)
(0.913126 3.15827 -5.24396e-22)
(0.898985 3.46185 5.24404e-22)
(0.889285 3.69185 -5.24419e-22)
(0.88354 3.73667 3.34904e-20)
(0.875322 3.71309 -6.71357e-20)
(0.877078 3.4561 3.36328e-20)
(0.854359 3.1881 -3.35173e-20)
(0.837313 2.67022 3.33518e-20)
(0.813127 2.36815 3.35205e-20)
(0.820484 1.76432 -3.46488e-20)
(0.806044 1.5816 5.24259e-22)
(0.960783 0.927512 0)
(0.758371 0.252403 0)
(0.523796 -9.48607 -4.96095e-18)
(-0.793047 -7.64604 7.45527e-18)
(-0.0284357 -0.305445 1.89119e-18)
(-0.0349645 -0.454816 3.81889e-18)
(3.94841 -59.5195 2.9073e-18)
(-0.134885 -13.7347 7.79055e-18)
(0.22053 -8.7272 -4.16793e-18)
(1.29965 -73.2744 8.26584e-18)
(0.00671265 -0.0139177 0)
(0.00528839 -0.441316 -7.64803e-18)
(0.464709 -2.20576 -5.2529e-18)
(-3.58416 -10.7685 4.49462e-20)
(0.0388966 0.0100132 4.63307e-18)
(0.189284 -0.395133 0)
(-0.0207903 0.00634251 1.87105e-17)
(0.0107665 -0.0106229 2.24198e-17)
(-2.41253 -7.23984 0)
(-12.985 -38.394 -2.4027e-17)
(-0.00514233 0.00243246 2.39998e-17)
(0.0469552 0.0145746 1.16273e-17)
(-3.81485 -12.9446 -3.39785e-17)
(-0.000831496 -0.0120783 -1.02636e-17)
(-0.574553 -1.46549 0)
(-0.558032 -1.34775 1.37382e-17)
(0.33689 -59.8255 0)
(0.0816207 -0.0965731 -9.90573e-18)
(-2.22871 -2.92682 -1.72675e-17)
(-0.991856 -1.62215 2.37943e-17)
(-2.05652 -63.6851 2.37452e-17)
(-0.297876 -0.561773 -1.02315e-17)
(0.034413 0.00995536 -2.73883e-17)
(-0.136144 -0.497783 -5.84011e-18)
(-0.0456805 -0.469294 0)
(-0.143175 -0.352424 -1.13317e-17)
(1.45001 -61.3165 1.32852e-19)
(-0.00913652 -0.0125718 0)
(-0.124423 -0.0264751 0)
(0.0578786 -0.110011 0)
(-0.547978 -51.4788 0)
(-0.10503 0.0105189 -1.13449e-17)
(1.27895 -2.80804 0)
(15.1899 -51.4159 7.02275e-18)
(-5.45063 -54.8979 -9.97444e-18)
(0.721512 -1.59869 -1.7289e-17)
(-0.0124583 -0.0108533 2.42543e-17)
(6.86984 -58.1781 0)
(0.148844 -0.00260769 1.10913e-17)
(0.0485473 -0.225722 -1.1777e-17)
(-0.00532119 -0.0122159 0)
(1.86696 -9.13391 -2.87708e-17)
(-0.00357503 -0.014678 9.75861e-18)
(-1.72819 -14.8777 2.87704e-17)
(-0.000110057 -0.19921 1.54003e-17)
(29.9773 -55.2127 0)
(-2.48473 -76.5578 1.92182e-17)
(-8.02306 -40.4207 -1.8605e-17)
(1.53946 -7.61929 1.5741e-21)
(0.0609169 0.0158902 0)
(-1.6984 -69.5657 1.10623e-17)
(-7.24684 -51.2899 1.18819e-17)
(-0.456485 -2.13497 -8.93787e-21)
(-4.23331 -60.9871 -2.48921e-17)
(0.38709 -1.06942 -4.16622e-18)
(-0.0477255 -0.0886898 0)
(-0.0223127 0.00611572 3.5707e-17)
(-0.0827535 -0.0786497 1.0931e-17)
(0.120756 0.0117535 -2.17062e-17)
(0.15691 -0.472476 -5.6648e-18)
(0.0946888 -0.00408822 1.3045e-17)
(0.158282 -0.000456878 2.33686e-17)
(-0.0965758 -0.0695767 0)
)
;

boundaryField
{
    wall
    {
        type            noSlip;
    }
    outlet
    {
        type            zeroGradient;
    }
    frontAndBackPlanes
    {
        type            empty;
    }
}


// ************************************************************************* //
