/*--------------------------------*- C++ -*----------------------------------*\
| =========                 |                                                 |
| \\      /  F ield         | OpenFOAM: The Open Source CFD Toolbox           |
|  \\    /   O peration     | Version:  2212                                  |
|   \\  /    A nd           | Website:  www.openfoam.com                      |
|    \\/     M anipulation  |                                                 |
\*---------------------------------------------------------------------------*/
FoamFile
{
    version     2.0;
    format      ascii;
    arch        "LSB;label=32;scalar=64";
    class       surfaceScalarField;
    location    "0.00658";
    object      phi;
}
// * * * * * * * * * * * * * * * * * * * * * * * * * * * * * * * * * * * * * //

dimensions      [1 0 -1 0 0 0 0];

oriented        oriented;

internalField   nonuniform List<scalar> 
5190
(
2.42644e-05
1.10618e-05
-2.94566e-05
-1.33548e-05
0.0011778
0.00168372
-0.00151676
-0.00130286
-6.96279e-05
-0.00187582
-4.60544e-05
0.00201215
-4.30056e-06
3.59101e-06
-4.52783e-07
1.47373e-06
0.00196862
0.000357267
-0.0018326
-0.000327031
-0.00126076
0.0015137
0.00133578
-0.00150958
-5.98028e-07
2.39639e-06
5.56209e-07
-2.0533e-06
-5.13041e-08
1.03515e-07
-3.60354e-06
3.84225e-06
4.27189e-06
-4.11472e-06
-9.0685e-08
1.73612e-07
4.41751e-06
-2.79777e-07
3.25767e-07
-4.04951e-08
-1.72618e-07
-3.73396e-06
-3.7295e-06
-5.29799e-07
1.59217e-07
3.43094e-06
-1.5489e-07
-4.05917e-06
-6.61048e-08
7.15365e-07
-1.29101e-06
3.98648e-06
-4.91814e-06
-2.89505e-06
9.47188e-07
2.46892e-06
-1.25562e-06
-2.42402e-06
1.79178e-06
2.09313e-06
-2.0938e-06
-1.51995e-06
2.64815e-06
7.2201e-07
-2.63247e-06
3.82427e-06
-3.14244e-07
2.56908e-08
-3.30394e-06
4.01966e-06
-4.15926e-07
4.40346e-07
-6.78169e-07
1.02896e-06
3.83536e-06
4.37989e-06
1.57757e-07
-3.16374e-07
-4.20266e-06
-4.13827e-06
3.87673e-06
-4.45968e-08
-2.55029e-07
-4.32783e-06
-1.11946e-07
-7.96259e-08
-7.7381e-08
-4.61372e-08
-3.49447e-06
-6.51317e-07
-4.59805e-07
-3.42865e-06
3.82684e-06
-4.69636e-07
4.20116e-06
-3.72961e-06
-2.09425e-07
-6.49886e-07
1.70968e-06
-4.02826e-06
3.9191e-06
-3.63931e-07
-3.74134e-07
-4.04002e-06
4.39323e-06
-9.41432e-08
-2.79365e-07
3.19848e-07
-4.42614e-06
4.28942e-06
-1.70139e-07
-1.34814e-07
-1.96829e-07
3.50224e-06
4.43312e-07
-6.54059e-07
-3.77512e-06
3.22301e-06
4.644e-07
-8.14131e-07
6.51604e-07
2.94277e-06
-1.02428e-06
3.31267e-06
-3.612e-06
3.71876e-07
-9.36133e-07
2.69769e-07
3.31956e-06
3.87892e-06
-3.88338e-06
1.07384e-07
2.35944e-07
4.03921e-06
-4.39552e-06
-4.56679e-07
7.57779e-07
-1.29149e-07
1.16841e-07
0.000997149
0.00147081
-0.00154727
-0.000840511
-3.99457e-07
4.98358e-07
-3.92533e-06
-5.55111e-08
8.09372e-08
-1.97212e-08
-3.09767e-06
3.4084e-06
-4.60556e-08
3.71432e-06
-3.51247e-06
-2.13974e-07
1.05315e-07
-1.11141e-07
-1.36886e-06
2.72747e-06
2.43054e-06
-2.0613e-06
-2.61137e-06
-3.60565e-06
2.03104e-07
3.86929e-06
-3.3607e-06
-1.18359e-07
1.79935e-07
3.97986e-06
-4.20402e-06
-1.77231e-07
3.68175e-06
-1.97547e-08
-3.38516e-08
-3.42665e-06
-3.38238e-08
-3.16906e-07
2.07275e-07
-3.33828e-06
-3.63972e-06
3.81906e-06
-3.56791e-07
-4.32958e-07
-3.46458e-06
-3.885e-06
4.17824e-06
3.14158e-07
-4.31919e-08
-4.87955e-06
4.41317e-06
6.25294e-08
3.9587e-07
-4.18579e-06
3.904e-06
-3.30346e-07
-1.30655e-07
-3.56454e-06
3.27244e-06
-9.73124e-07
-6.21384e-07
5.42219e-08
-5.42217e-07
7.74931e-07
-1.56989e-07
-1.1478e-06
2.99071e-06
2.68535e-06
-2.99712e-06
-1.45027e-06
-1.78885e-06
3.57426e-06
-5.30647e-07
-4.43166e-06
-1.03521e-06
5.43282e-07
3.08285e-06
3.15598e-07
-8.66265e-08
2.17521e-07
-3.18024e-07
3.55916e-06
-4.97228e-06
7.92218e-07
0.000494168
-0.00187214
-0.000381965
0.00188399
-3.75418e-06
3.83045e-06
-3.14452e-07
3.85853e-06
-3.71322e-06
-1.52679e-07
-3.22236e-07
-3.9313e-06
4.07587e-06
-2.84868e-07
-2.42285e-07
-4.16232e-06
4.37964e-06
-1.36982e-07
-1.61498e-07
-4.43561e-06
4.37322e-06
-1.31026e-07
-9.01709e-08
-2.04744e-07
3.59027e-06
-3.82655e-06
9.05547e-08
7.66429e-08
3.22959e-06
4.10394e-06
-4.25943e-06
-3.96892e-08
7.38044e-08
4.35735e-06
-4.46127e-06
-4.24586e-07
-2.10958e-07
4.44951e-06
-4.3917e-06
-2.52683e-07
-3.82735e-07
4.17674e-06
-4.00762e-06
-1.54837e-07
-2.10649e-07
-2.56908e-07
-1.61926e-07
1.78824e-07
-3.14828e-06
3.40675e-06
-3.22395e-06
3.39935e-06
1.94514e-07
1.72219e-06
-2.63616e-06
1.56299e-06
-1.42506e-06
1.31507e-06
2.12831e-06
1.50395e-06
2.39278e-06
-3.50516e-06
-7.46939e-08
-3.74047e-06
3.92243e-06
-4.66466e-07
-3.54774e-06
-4.97734e-07
1.53886e-06
-2.60928e-06
-2.52638e-06
2.78429e-06
9.22394e-07
-3.1076e-06
2.19102e-06
1.30931e-06
2.1185e-06
1.76471e-06
2.85824e-06
-3.20108e-06
4.04189e-07
-5.09657e-07
1.03904e-06
-1.58525e-06
2.47335e-06
-2.50971e-06
2.78428e-06
6.31262e-07
-3.12077e-06
3.3796e-06
2.08482e-07
2.07328e-07
-2.36511e-07
-2.95878e-06
2.02477e-07
-2.89673e-06
-1.63363e-06
1.65295e-06
-2.68301e-06
1.86341e-06
-1.05552e-06
4.2354e-06
8.99989e-08
-4.5153e-06
-2.29552e-06
-2.53687e-06
-0.0019485
-0.000501179
0.00131184
0.00126737
-8.82031e-07
5.0941e-07
3.01205e-06
2.66522e-06
2.54448e-06
7.10471e-08
-1.31386e-07
-3.29183e-06
0.0019844
-0.00173143
-0.000298984
-3.18403e-06
-1.4637e-05
-1.18758e-05
1.24411e-05
1.0048e-05
-6.54743e-06
4.44041e-06
-1.1046e-06
-4.00009e-06
3.96329e-06
-1.3006e-07
-1.08982e-07
-3.73086e-06
-4.08885e-06
4.31672e-06
1.73639e-07
2.73016e-08
-4.49672e-06
4.35642e-06
-4.5882e-08
1.64891e-07
-4.05684e-06
3.67152e-06
-5.79591e-07
-2.82161e-07
-3.21146e-06
2.79628e-06
-1.37406e-06
-9.09435e-07
-1.87964e-06
2.48069e-06
-2.79252e-06
-1.88227e-06
-2.26814e-06
3.23681e-06
-9.39389e-07
-3.71361e-06
-1.43608e-06
-2.14963e-06
-3.84241e-06
2.29353e-06
0.00173223
-0.00182092
0.00179163
-0.0018486
-3.66228e-06
2.41939e-07
3.94301e-06
2.324e-07
-3.69514e-06
3.80953e-06
-1.37726e-07
3.57633e-06
-1.42816e-07
-3.43216e-06
-7.54913e-08
-3.83631e-06
3.90238e-06
-1.95167e-07
-1.8998e-07
-4.00036e-06
4.05091e-06
-1.25459e-07
-1.36993e-07
-4.25772e-06
4.31358e-06
-8.05034e-10
-1.61029e-07
-4.4586e-06
4.40133e-06
1.55487e-08
-7.98738e-08
-4.31404e-06
4.1023e-06
-9.70978e-08
-1.27271e-07
-3.90476e-06
3.62994e-06
6.06031e-08
-9.14651e-08
4.47857e-06
-5.46707e-06
-1.61828e-06
2.22414e-07
3.35771e-06
3.69777e-06
-4.02799e-06
-4.22544e-08
1.3201e-07
4.22748e-06
-4.38529e-06
-2.0328e-07
-1.41346e-07
4.4259e-06
-4.57015e-06
-4.05279e-07
-3.89384e-07
4.57749e-06
-4.46327e-06
-3.7209e-07
-4.28704e-07
4.30348e-06
-4.09468e-06
-3.40464e-07
-3.55422e-07
-3.89666e-07
-4.02306e-07
3.03043e-07
-3.16377e-06
4.7632e-07
-3.32042e-06
-4.95224e-07
-3.27616e-06
-3.05992e-06
2.29357e-06
5.79227e-07
-2.01374e-06
-5.76269e-07
-4.07187e-07
2.0004e-07
2.9998e-06
-2.54283e-06
-2.21678e-06
3.16102e-06
-1.08066e-06
-2.0698e-06
-3.44776e-06
5.7671e-07
3.12107e-06
-3.75742e-06
3.61706e-06
6.22766e-08
1.66772e-06
1.83418e-06
-1.18122e-06
2.58484e-06
7.57203e-07
1.88421e-06
1.99092e-06
3.5762e-06
-3.72284e-06
1.73588e-07
1.18068e-06
-1.65228e-06
2.28464e-06
8.59669e-07
2.51896e-06
-3.13988e-06
3.43592e-06
2.02591e-07
-2.86554e-06
1.77248e-07
2.64014e-06
9.13193e-07
2.36348e-06
1.33869e-06
-3.1683e-07
1.75554e-07
-2.99343e-06
-5.1846e-07
-3.06099e-06
0.000391532
-7.12606e-08
-0.000344261
-2.96826e-06
-1.03472e-07
0.000441688
-2.82069e-06
-0.000391489
0.000441645
-3.03626e-06
-0.000344215
-3.10307e-06
-4.94198e-07
5.29405e-07
-3.06524e-06
-3.32711e-06
3.5785e-06
-4.36159e-07
-3.05013e-06
-4.10932e-07
-3.02239e-06
2.10409e-06
1.5597e-07
2.12187e-07
-8.02984e-07
-4.03722e-06
6.31053e-07
2.47412e-06
-5.72958e-07
-2.67828e-06
6.94134e-08
3.041e-06
3.62622e-05
3.79712e-05
-4.05188e-05
-4.34995e-05
0.00147771
0.000953323
-0.00150814
-0.00084523
0.00183357
0.000453456
-0.000411663
-0.00175973
2.25795e-06
2.10901e-06
0.00113793
0.00200926
-2.8893e-06
4.95866e-08
6.43112e-06
-1.05861e-05
-1.0368e-05
1.11212e-05
-3.38739e-06
3.71814e-06
-4.79939e-08
5.55175e-08
-2.00163e-07
1.25066e-07
-3.93322e-06
4.04906e-06
-1.93235e-08
-2.16932e-08
-4.17643e-06
4.30691e-06
5.02982e-08
2.52227e-08
-4.34407e-06
4.16992e-06
-1.90464e-07
-1.16419e-08
-3.84114e-06
3.40273e-06
-8.0032e-07
-4.6384e-07
-2.94741e-06
2.42757e-06
-1.67561e-06
-1.20459e-06
-1.94305e-06
1.45591e-06
-2.99003e-06
-2.27067e-06
-3.54868e-06
2.21246e-06
-2.46327e-06
-2.34774e-06
-2.83427e-06
2.86284e-06
-3.35163e-06
-1.29389e-06
-1.83427e-06
3.76116e-06
-4.03112e-06
-3.6797e-07
-4.01333e-08
-7.87612e-07
3.80204e-07
4.16801e-06
-4.12731e-06
4.01941e-08
-2.6975e-07
-1.24892e-07
-1.85567e-07
3.96742e-06
-3.73645e-06
2.03254e-07
1.41712e-07
-2.71642e-07
2.1308e-07
0.000494971
-1.66523e-07
-2.88281e-06
0.000551654
-2.02881e-07
-2.96053e-06
0.000612144
-2.46907e-07
-3.20649e-06
0.000676986
-2.39311e-07
-3.44818e-06
0.000746149
2.3672e-07
-3.63413e-06
0.000820813
1.40037e-06
-4.81603e-06
0.00090304
3.18814e-06
-7.59851e-06
0.000992328
7.4056e-06
-1.10126e-05
0.00109188
1.58711e-05
-1.97868e-05
2.57495e-05
0.00120632
-3.30438e-05
0.00120732
-0.00109034
1.65072e-05
0.00133823
3.77504e-05
-5.00213e-05
5.20514e-05
0.00149114
-7.28531e-05
-0.00134192
0.00150004
2.72856e-05
2.35046e-05
0.000988821
-0.000901016
5.44077e-06
1.03029e-05
0.000820441
-0.000745563
-2.29387e-06
4.39585e-07
0.000676312
-0.000611786
-3.64889e-06
-3.23114e-06
0.000551512
-0.000494883
-3.32575e-06
-3.47127e-06
-3.1648e-06
-3.69542e-06
3.81077e-06
-1.52843e-07
-8.31366e-08
-3.88709e-06
3.97227e-06
-1.42478e-07
-1.52513e-07
-4.07543e-06
4.15318e-06
-2.94145e-08
-7.83819e-08
-4.19318e-06
4.32371e-06
4.04927e-08
-2.32259e-08
-4.40182e-06
4.44916e-06
9.60832e-08
3.11075e-09
-4.33535e-06
4.21555e-06
3.20183e-08
6.61232e-08
-4.0251e-06
3.80079e-06
9.60129e-08
1.83438e-08
2.86895e-05
-3.19398e-05
3.1266e-05
2.15841e-07
3.5025e-06
2.72098e-07
-6.15079e-07
-3.25786e-06
2.65509e-06
-2.93773e-06
6.75584e-07
1.09479e-06
-1.44563e-06
2.20665e-06
-2.48306e-06
-1.39947e-06
1.62187e-06
1.72422e-06
7.33527e-07
3.21693e-06
-3.46596e-06
2.29513e-07
4.73428e-07
3.76828e-06
-4.08403e-06
-1.40358e-07
-2.70138e-09
4.33916e-06
-4.46651e-06
-3.67396e-07
-2.5352e-07
4.61006e-06
-4.6534e-06
-4.78745e-07
-4.49446e-07
4.62554e-06
-4.51343e-06
-4.63189e-07
-4.94673e-07
4.36065e-06
-4.1778e-06
-4.33113e-07
-4.49868e-07
3.99241e-06
-3.79724e-06
-4.78509e-07
-4.44799e-07
-4.71372e-07
-4.86318e-07
4.11512e-07
-2.96337e-06
-3.03784e-06
-3.29188e-07
2.59205e-07
-2.76673e-06
-2.8757e-06
-2.16192e-07
1.77203e-07
-2.62656e-06
-2.68787e-06
1.81834e-05
2.27647e-05
-2.52189e-05
-2.18916e-05
5.2335e-05
-6.26626e-05
2.28664e-05
-2.30158e-05
2.15824e-06
1.4547e-06
-1.69036e-06
2.16835e-06
1.19072e-06
-1.83449e-06
1.96142e-06
2.15159e-06
1.53186e-06
-3.0378e-06
-9.91158e-07
-6.73311e-07
-5.71288e-06
7.19427e-07
-5.03241e-08
-3.15796e-06
-0.000300007
-3.23314e-06
-0.000299971
3.57042e-06
4.10317e-08
-3.26923e-06
0.000174647
0.000103759
-7.28747e-05
-0.000242954
0.00120402
-0.00109123
-4.00719e-05
0.00132928
-5.77921e-05
3.06619e-06
4.99214e-07
-0.00209727
-0.000453641
0.000841441
0.00188638
-1.70516e-06
1.78464e-06
-3.03332e-06
2.80863e-06
7.13015e-07
-1.62871e-07
6.13524e-08
-2.24041e-06
-9.89431e-08
-2.08149e-06
-0.000300173
0.000344379
-6.70112e-06
-3.46776e-06
-1.96976e-08
-0.000258658
-7.23808e-06
-0.000258839
-5.28699e-07
5.53457e-07
-2.74586e-06
-4.37368e-07
-2.76303e-06
-3.34589e-06
3.57945e-06
-3.07894e-07
-3.06542e-06
-3.13278e-07
-7.27943e-05
0.00170225
2.16172e-05
0.00168828
-0.000122807
-8.42768e-07
1.93035e-06
5.53518e-07
-1.27828e-06
1.67854e-06
-1.81649e-06
4.08327e-06
-8.31119e-07
2.48126e-07
-1.1213e-06
1.53185e-06
8.91874e-07
-1.65537e-06
-1.4669e-06
1.34155e-06
0.00192736
0.000514819
-0.000500359
-4.61709e-06
-7.35599e-06
4.49005e-06
7.40239e-06
-1.09768e-05
6.73493e-06
8.28894e-07
3.48164e-07
-3.09834e-07
-4.76632e-07
-2.59312e-06
2.86374e-06
1.20939e-07
1.94574e-07
-2.5377e-07
-2.40135e-06
1.30253e-07
-2.34691e-06
1.79378e-06
1.74202e-06
5.76488e-07
-2.69237e-06
-6.93228e-07
-4.32353e-07
2.91834e-07
-2.6775e-06
-2.71722e-06
-1.64412e-07
5.06929e-08
-2.49316e-06
2.77942e-06
-2.5962e-06
-2.37704e-06
-3.32592e-06
3.63257e-06
-2.82293e-08
-1.57048e-08
-3.88148e-06
4.05808e-06
-2.22985e-08
-4.53045e-09
-4.17879e-06
4.24182e-06
-6.37751e-08
-2.63578e-08
-4.19525e-06
3.97174e-06
-3.3972e-07
-1.67702e-07
-3.59221e-06
3.09997e-06
-9.87341e-07
-6.30556e-07
-2.56868e-06
1.99575e-06
-1.94456e-06
-1.44135e-06
-1.46738e-06
9.08383e-07
-3.55615e-06
-2.6912e-06
-4.69423e-06
3.43901e-06
-4.52989e-07
-5.97382e-06
-8.76786e-06
5.20019e-06
1.26484e-06
-1.52271e-06
-4.32818e-06
-5.42991e-06
1.0809e-06
1.7097e-06
-2.03338e-06
-2.65293e-06
-3.39682e-06
2.46208e-06
-2.96329e-06
-1.49394e-06
-2.05828e-06
3.44046e-06
-3.8357e-06
-6.01322e-07
-1.0137e-06
4.0476e-06
-4.10658e-06
-1.66418e-07
-3.86529e-07
3.98095e-06
-3.77206e-06
9.18031e-08
-4.54618e-08
3.46827e-06
-3.15711e-06
1.39303e-07
1.11588e-07
1.29387e-07
-0.000391524
0.000441497
-5.97497e-06
-6.32847e-06
-0.000494596
0.000551275
-5.97e-06
-5.93172e-06
-0.000611722
0.000676728
-6.41398e-06
-6.1037e-06
-0.00074667
0.000821679
-7.62761e-06
-6.76986e-06
-0.000902225
0.000992594
-1.58392e-05
-9.87689e-06
-2.37246e-05
-0.000300135
0.000344309
-6.73777e-06
3.48972e-06
-7.2469e-06
-0.000258821
-0.000258635
-3.91499e-05
-0.000174858
-0.00168261
-0.000141701
6.39602e-05
1.31497e-06
-9.32591e-05
1.56315e-05
0.00149723
-0.00134617
3.66884e-06
-2.31577e-05
0.00121364
-0.0010963
6.16661e-06
8.70851e-06
0.000992111
-0.00090017
1.40884e-07
2.41221e-06
0.000818338
-0.000745398
-2.97168e-06
-2.6916e-06
0.000675978
-0.00061121
-6.53284e-06
-5.89233e-06
0.000550858
-0.000494361
-6.1924e-06
-6.30592e-06
0.000441333
-0.000391431
-6.12666e-06
-6.15045e-06
-6.43718e-06
-3.74292e-06
3.8653e-06
-1.85565e-07
-1.36306e-07
-3.96148e-06
4.04535e-06
-1.29059e-07
-1.63566e-07
-4.13236e-06
4.25493e-06
-2.13669e-08
-4.94379e-08
-4.33975e-06
4.45489e-06
5.58301e-08
2.73202e-08
-4.42425e-06
4.42445e-06
1.97065e-07
1.53132e-07
-4.36236e-06
4.26756e-06
1.62577e-07
2.02741e-07
-4.09676e-06
3.9067e-06
2.14783e-07
1.74874e-07
-3.68227e-06
3.43083e-06
2.98778e-07
-2.66832e-07
2.99607e-07
-3.02622e-06
2.44938e-06
3.8908e-07
3.7907e-07
8.14618e-07
-9.14245e-07
1.5568e-06
-2.08358e-06
1.71693e-06
8.06987e-07
5.55936e-07
8.04694e-07
1.36975e-06
-1.12416e-06
1.58963e-06
-1.81672e-06
8.70968e-07
9.48073e-07
6.38319e-07
-1.04883e-06
-8.46534e-07
-1.01732e-06
7.89747e-07
1.04605e-06
8.22903e-07
-4.00362e-07
1.88057e-06
-2.68219e-06
4.90746e-07
7.85893e-08
7.85782e-07
2.82918e-06
-3.04037e-06
5.8074e-07
5.96788e-07
3.31255e-06
-3.64276e-06
2.21575e-07
4.21264e-07
3.97488e-06
-4.23525e-06
-1.97155e-07
-2.58751e-09
4.44372e-06
-4.60695e-06
-3.86424e-07
-3.07658e-07
4.69346e-06
-4.70356e-06
-4.59501e-07
-4.49227e-07
4.64858e-06
-4.53068e-06
-4.25116e-07
-4.56909e-07
4.38097e-06
-4.20595e-06
-3.81235e-07
-4.03034e-07
4.01666e-06
-3.8129e-06
-3.91578e-07
-3.77344e-07
-3.77768e-07
-5.43386e-07
4.80612e-07
-2.7033e-06
-2.75064e-06
-4.07546e-07
3.2719e-07
-2.55885e-06
-2.65456e-06
-2.47436e-06
0.00147429
0.00154656
-3.42596e-05
-7.24082e-06
4.70068e-06
2.94622e-05
0.00147279
-8.72768e-05
2.57722e-06
1.01029e-06
-2.06669e-06
1.6723e-06
-2.09575e-06
1.57663e-06
2.46989e-06
1.10422e-06
-2.01671e-06
7.73345e-08
2.03142e-06
-0.00165687
-0.00154021
0.00158949
0.00167561
7.24766e-06
-6.87801e-06
7.54822e-07
-1.28591e-06
1.39152e-06
-0.000300539
0.000344639
-1.04644e-05
-0.000259263
-1.12993e-05
-6.30743e-07
5.84312e-07
-2.39266e-06
4.18455e-05
-1.1434e-05
1.4364e-05
-2.84022e-06
-8.35537e-07
2.90273e-06
-2.62251e-06
-6.65351e-07
-6.14091e-07
-2.37494e-06
-2.96673e-07
-2.83191e-06
-2.57062e-06
2.85884e-06
4.47072e-08
-2.30626e-06
5.46204e-08
0.00186835
-0.000192105
-6.77948e-06
9.59924e-06
5.95751e-06
-1.24377e-05
1.12258e-05
-1.4772e-05
-6.23137e-06
-0.00167785
0.0015757
2.28505e-06
-2.02256e-06
0.0011958
-0.00108932
-4.36425e-05
0.00131693
-6.49326e-05
-1.51386e-05
-1.25478e-05
1.32635e-05
-1.83043e-05
8.90072e-06
-1.07886e-05
-1.58635e-05
1.45161e-05
-1.60959e-05
-1.80751e-06
1.39695e-06
3.64647e-06
-1.66637e-07
3.16341e-06
-4.15381e-08
-1.8799e-06
1.39147e-06
-7.5547e-06
8.07266e-06
-0.000300459
0.000344532
-1.04922e-05
-0.000259199
-1.13034e-05
3.50335e-05
-4.01041e-05
2.61566e-05
-2.87674e-05
-0.00200898
0.000343149
0.00228643
-0.00189137
0.000450978
-1.12354e-05
9.83474e-06
5.03112e-06
-2.18957e-06
-5.15807e-06
-1.31006e-06
1.43635e-06
-9.34074e-07
1.32402e-06
9.71481e-07
1.21587e-06
-1.05813e-06
-8.64073e-07
4.05873e-07
1.10848e-06
3.89039e-07
-9.75772e-07
-1.63885e-06
1.13827e-06
4.22618e-06
-1.6653e-06
7.54006e-06
7.91943e-06
-1.0037e-05
-8.46365e-06
0.0016135
-0.000121983
9.56513e-07
2.52085e-07
-5.58841e-07
-3.44285e-07
-8.51081e-06
4.77103e-06
7.75997e-06
-3.36621e-05
2.0745e-05
2.03304e-05
-1.21753e-05
1.33814e-06
1.36218e-06
-5.00269e-07
3.98681e-07
-2.3745e-06
-2.40431e-06
-2.949e-07
1.94566e-07
-2.22306e-06
-2.31227e-06
-1.1428e-07
6.2404e-08
-2.01457e-06
-2.12645e-06
-6.30448e-08
6.89871e-08
-1.84107e-06
-1.90598e-06
1.98052e-06
-1.76652e-06
4.90266e-08
-2.13013e-06
3.10417e-06
3.68736e-07
-1.0548e-06
1.47162e-07
-3.29879e-06
3.58972e-06
-9.86499e-09
1.46611e-07
-3.84793e-06
4.02828e-06
-6.92929e-08
-3.02335e-08
-4.13056e-06
4.14639e-06
-1.6497e-07
-9.86117e-08
-4.02888e-06
3.76002e-06
-4.86968e-07
-2.87846e-07
-3.30626e-06
2.74912e-06
-1.16593e-06
-7.71089e-07
-2.12035e-06
1.47843e-06
-2.23445e-06
-1.6448e-06
-7.48619e-07
-6.06485e-08
-4.08226e-06
-3.06526e-06
1.05631e-06
-2.01413e-06
-7.14565e-06
-5.48324e-06
-9.25935e-06
-2.97383e-06
-3.65583e-06
2.14364e-06
-8.41797e-06
6.71325e-06
-1.02891e-05
-8.62676e-07
-2.26893e-07
-4.74869e-06
-6.46096e-06
9.74223e-07
-1.54335e-06
-2.74751e-06
-3.58469e-06
2.09355e-06
-2.6405e-06
-1.58859e-06
-2.10996e-06
3.17755e-06
-3.61487e-06
-7.06053e-07
-1.10818e-06
3.92669e-06
-4.02933e-06
-2.73426e-07
-4.65328e-07
3.95297e-06
-3.73639e-06
-4.75084e-08
-1.70487e-07
3.4799e-06
-3.17513e-06
5.17083e-08
2.09705e-08
4.09358e-08
-0.000391632
0.000441421
-9.2946e-06
-9.91134e-06
-0.000494457
0.00055107
-8.78166e-06
-9.03634e-06
-0.000611653
0.0006766
-8.8522e-06
-8.75684e-06
-0.000746364
0.000821757
-1.04337e-05
-9.24444e-06
-0.000903363
0.000992019
-1.91455e-05
-1.3001e-05
-2.77893e-05
1.4804e-08
-3.7387e-06
-0.000220189
3.68881e-06
-7.56444e-06
-0.000220351
-0.000220176
4.28476e-07
-1.32634e-06
7.61479e-06
-0.000220808
-1.17873e-05
-0.000220374
0.00162992
-0.00161062
-3.91596e-05
0.000122768
0.000262021
-0.000415999
0.00177637
-0.0016554
-0.000129145
-0.000219343
0.00149301
-0.00134463
-2.03567e-05
-5.46955e-05
0.00121313
-0.00109658
-5.59425e-06
-7.92498e-06
0.000995033
-0.000902667
-6.00512e-06
-4.23579e-06
0.000820563
-0.000744628
-6.19358e-06
-5.94394e-06
0.000675275
-0.000611045
-8.40576e-06
-8.07085e-06
0.000550581
-0.000494107
-8.91338e-06
-8.93294e-06
0.000441184
-0.00039146
-9.40301e-06
-9.20354e-06
-9.98228e-06
-2.84726e-06
2.84668e-06
-6.28522e-07
2.61594e-06
-2.3304e-06
-6.27639e-07
-6.45408e-07
-3.14478e-06
3.57389e-06
-2.15165e-07
-3.87734e-07
2.81556e-07
-3.7951e-06
3.93753e-06
-2.24524e-07
-2.13894e-07
-4.04772e-06
4.14867e-06
-1.57908e-07
-1.95973e-07
-4.26099e-06
4.35475e-06
-2.86033e-08
-8.3196e-08
-4.42723e-06
4.47384e-06
8.69506e-08
4.25041e-08
-4.50046e-06
4.49485e-06
2.3854e-07
1.85508e-07
-4.43985e-06
4.32045e-06
2.70604e-07
2.70855e-07
-4.15063e-06
3.95331e-06
3.39087e-07
3.047e-07
-3.74434e-06
3.45948e-06
4.20817e-07
3.98466e-07
-3.13874e-06
2.71534e-06
5.39491e-07
4.86236e-07
-2.29233e-06
1.89415e-06
8.54e-07
6.59852e-07
1.05119e-06
9.57016e-07
-9.96071e-07
-1.48499e-06
1.06573e-06
1.13128e-06
1.02099e-06
6.69661e-07
-1.12477e-06
1.22397e-06
2.69321e-07
-1.12831e-06
1.28092e-06
1.14433e-06
8.54161e-08
-9.75088e-07
9.12992e-08
-4.59312e-07
1.3512e-06
-1.18209e-06
1.34075e-06
8.11912e-07
-1.11297e-06
1.23593e-06
1.32802e-06
1.55429e-06
-1.91467e-06
1.13814e-06
1.17079e-06
2.1435e-06
-2.60263e-06
8.12341e-07
9.16379e-07
2.96368e-06
-3.22426e-06
6.10396e-07
7.62529e-07
3.51289e-06
-3.81407e-06
2.70447e-07
4.54924e-07
4.10473e-06
-4.36492e-06
-1.06953e-07
6.31943e-08
4.55666e-06
-4.67948e-06
-2.57889e-07
-2.06571e-07
4.73164e-06
-4.70954e-06
-2.85741e-07
-2.90842e-07
4.63333e-06
-4.51395e-06
-2.4782e-07
-2.71995e-07
4.3719e-06
-4.20861e-06
-2.31426e-07
-2.36277e-07
4.02621e-06
-3.82096e-06
-2.68278e-07
-2.41306e-07
3.58581e-06
-3.31446e-06
-2.30469e-07
-2.7263e-07
3.07735e-06
-3.04096e-06
2.13849e-08
-2.06128e-07
-5.62628e-07
5.10435e-07
-2.42278e-06
-8.73105e-07
-5.40328e-07
5.69874e-07
-2.41271e-06
-2.42142e-06
-5.6751e-07
5.38186e-07
-2.40413e-06
-2.41806e-06
-4.69204e-07
3.91729e-07
-2.31159e-06
-2.37484e-06
-3.11317e-07
2.34478e-07
-2.16981e-06
-2.24183e-06
-1.59155e-07
-2.05211e-06
7.67968e-08
-2.10569e-06
0.00146853
-0.00136935
-0.000342314
0.00191943
-9.58762e-08
-4.01082e-06
1.57896e-05
-2.30347e-05
-1.63136e-05
0.00144484
-8.95386e-05
-3.22439e-05
-7.63435e-05
3.24352e-05
-1.56632e-05
1.74688e-05
-2.24164e-05
9.32685e-06
-3.9583e-06
3.12647e-05
2.24875e-05
1.53407e-05
-3.34497e-05
1.7997e-05
1.772e-05
-1.73781e-05
-2.37199e-06
1.27144e-06
3.03034e-06
5.84561e-07
-2.31043e-07
-1.03777e-06
5.90061e-07
-1.01151e-06
2.79512e-06
5.75112e-07
-2.37466e-06
1.20831e-06
-8.3873e-06
9.39134e-06
7.52869e-06
-1.34311e-05
5.77509e-06
-8.45738e-07
1.9974e-07
-3.96478e-07
1.56483e-06
2.00503e-05
-2.18065e-05
1.94968e-05
-2.37908e-05
6.79426e-06
-1.81188e-05
-5.65632e-06
3.65421e-06
-1.02765e-05
-1.1737e-05
-0.000220754
-0.00194301
0.00224479
0.000142459
-0.00199841
0.000621503
-6.02089e-07
6.23938e-07
-2.05688e-06
2.32459e-06
-6.22419e-07
-1.99652e-06
2.57909e-06
-5.96072e-07
0.00134428
-1.27337e-05
1.20824e-05
4.12292e-06
-5.40324e-07
-1.94408e-06
1.196e-06
8.90811e-07
-1.11239e-06
5.97225e-09
-1.0093e-06
-2.19255e-06
1.03688e-06
3.69381e-06
-7.64185e-07
-6.79701e-06
5.70835e-06
6.75499e-06
1.08049e-07
-1.61075e-07
-1.61882e-06
5.23323e-08
-1.53745e-06
0.00177978
-0.000202597
-2.11302e-07
-4.39863e-05
-0.00156907
0.000806151
0.000133802
-4.22089e-05
0.00185009
0.00144944
-0.000954362
7.67319e-07
-1.73834e-06
1.89257e-05
1.67417e-05
-2.54293e-05
-0.00182956
-0.000122826
0.000416593
0.00219561
-9.72543e-06
8.04771e-06
0.00165006
0.000643658
-4.46994e-06
5.73695e-06
-5.28187e-06
-1.44396e-06
1.1407e-06
2.69008e-07
-1.53851e-06
4.75799e-06
-3.20304e-06
-4.78459e-06
1.11331e-07
-1.9942e-07
-1.79653e-06
-2.00641e-06
2.27056e-06
-1.4497e-08
1.60559e-08
-1.74404e-06
-1.27234e-05
8.21982e-06
-0.000184336
-0.000221356
0.000259733
-1.62394e-05
-1.77434e-05
-0.000184799
0.00158541
-0.000124632
5.3444e-07
-2.07286e-06
-5.95446e-06
4.16741e-06
8.05802e-06
-8.81574e-06
-9.98711e-06
7.49624e-06
1.91005e-05
5.81987e-07
-4.31985e-06
4.22205e-06
-4.15065e-06
-9.44214e-07
9.80151e-07
-9.67997e-07
9.23384e-07
8.72339e-06
-1.10923e-05
-8.54143e-06
-6.18166e-07
6.02227e-07
-2.10214e-06
-2.082e-06
-5.53902e-07
4.86119e-07
-2.07861e-06
-2.10111e-06
-4.08808e-07
3.29059e-07
-1.95902e-06
-2.03188e-06
-2.58757e-07
2.02903e-07
-1.78771e-06
-1.88153e-06
-1.69678e-06
1.97681e-06
-1.72093e-06
3.88566e-10
-2.31997e-06
2.85979e-06
1.24087e-07
5.26062e-08
-3.28955e-06
3.57213e-06
-1.71872e-08
3.62168e-08
-3.82695e-06
3.98415e-06
-1.23051e-07
-8.87095e-08
-4.06285e-06
4.03412e-06
-2.52248e-07
-1.71557e-07
-3.85485e-06
3.49979e-06
-6.10492e-07
-3.93846e-07
-2.97919e-06
2.34831e-06
-1.3369e-06
-9.09705e-07
-1.64339e-06
8.39475e-07
-2.44481e-06
-1.8432e-06
1.16399e-07
-1.27344e-06
-4.41138e-06
-3.34425e-06
2.87348e-06
-4.91453e-06
-7.90913e-06
-5.88019e-06
-1.0356e-05
1.99296e-05
-2.54528e-05
-1.76849e-05
1.75834e-05
-1.35837e-05
-1.759e-06
4.36185e-07
-5.35898e-06
-7.43562e-06
4.9272e-07
-1.17381e-06
-2.92044e-06
-3.8948e-06
1.75598e-06
-2.33644e-06
-1.68941e-06
-2.22238e-06
2.94304e-06
-3.45328e-06
-7.72293e-07
-1.16666e-06
3.80366e-06
-3.96496e-06
-2.81022e-07
-5.05813e-07
3.92796e-06
-3.74704e-06
-9.90613e-08
-1.93482e-07
3.47598e-06
-3.15658e-06
-5.22817e-08
-6.27546e-08
2.84519e-06
-2.54631e-06
-4.62007e-08
-5.08353e-08
-3.31961e-08
-0.000300972
0.000345023
-1.4245e-05
-1.55197e-05
-0.000391904
0.000441521
-1.25189e-05
-1.34515e-05
-0.000494405
0.000550879
-1.14551e-05
-1.19996e-05
-0.000611346
0.000676201
-1.14457e-05
-1.13189e-05
-0.000745997
0.000820969
-1.36501e-05
-1.22957e-05
-0.000902519
0.000989952
-2.21496e-05
-1.69652e-05
-0.00108792
0.00119219
-4.61639e-05
-3.33247e-05
-0.00130729
0.00143063
-8.84677e-05
-6.72883e-05
-8.10677e-06
3.954e-06
-0.00018399
-0.000221236
0.00025961
-1.62169e-05
1.26431e-05
-1.76831e-05
-0.000184688
-0.000184259
3.3423e-08
-4.06153e-06
-0.000183873
-0.000183885
-0.000184025
0.00183441
-0.00173658
-9.26622e-06
0.000228593
0.00171527
-0.00161406
-0.000101674
-0.000113936
0.00147724
-0.00133811
-3.57383e-05
-6.22115e-05
0.00120897
-0.0010941
-1.58116e-05
-2.18242e-05
0.000991958
-0.000902194
-1.08254e-05
-1.24281e-05
0.000819529
-0.000744302
-9.72737e-06
-1.09868e-05
0.000675001
-0.000610296
-1.09012e-05
-1.06878e-05
0.000550369
-0.00049403
-1.14897e-05
-1.10286e-05
0.000441259
-0.000391703
-1.26156e-05
-1.21315e-05
0.000344873
-0.000300841
-1.42973e-05
-1.35249e-05
-1.555e-05
-2.80648e-06
2.97478e-06
-5.57158e-07
-6.09787e-07
-3.24922e-06
3.5645e-06
-3.23109e-07
-4.39136e-07
-3.81449e-06
3.99623e-06
-2.70434e-07
-2.84667e-07
-4.12841e-06
4.24291e-06
-2.07102e-07
-2.34807e-07
-4.3318e-06
4.41173e-06
-5.69628e-08
-1.17392e-07
-4.4896e-06
4.51689e-06
9.12573e-08
1.02559e-08
-4.54413e-06
4.55869e-06
1.95242e-07
1.63281e-07
-4.50396e-06
4.39242e-06
2.8848e-07
2.64352e-07
-4.2295e-06
4.03128e-06
3.85261e-07
3.444e-07
-3.81731e-06
3.54144e-06
4.82659e-07
4.32495e-07
-3.22993e-06
2.85372e-06
6.09063e-07
5.41395e-07
-2.44997e-06
2.04931e-06
8.47183e-07
7.05068e-07
-1.63311e-06
1.19272e-06
1.10617e-06
9.91559e-07
-7.48463e-07
3.10282e-07
1.29771e-06
1.21249e-06
1.01819e-07
-5.03036e-07
1.42234e-06
1.37551e-06
8.84652e-07
-1.27289e-06
1.38381e-06
1.42555e-06
1.63529e-06
-1.95294e-06
1.28003e-06
1.33989e-06
2.32662e-06
-2.70715e-06
9.89107e-07
1.10031e-06
3.02913e-06
-3.36079e-06
7.04828e-07
8.64848e-07
3.67542e-06
-3.97487e-06
3.80734e-07
5.41397e-07
4.24401e-06
-4.46804e-06
8.0071e-08
2.07774e-07
4.6255e-06
-4.71016e-06
-1.58247e-08
1.29799e-08
4.73068e-06
-4.69068e-06
-2.48332e-08
-3.04617e-08
4.61043e-06
-4.50062e-06
-2.64183e-08
-2.25679e-08
4.37335e-06
-4.2259e-06
-7.81868e-08
-4.79234e-08
4.05476e-06
-3.85577e-06
-1.7159e-07
-1.17784e-07
3.62868e-06
-3.36697e-06
-2.02131e-07
-2.03618e-07
3.11495e-06
-1.12607e-08
-2.81492e-06
-1.78713e-07
-5.40465e-07
5.60318e-07
-2.07245e-06
-2.07434e-06
-5.6825e-07
5.53077e-07
-2.06963e-06
-2.07501e-06
-5.09907e-07
4.45221e-07
-2.02189e-06
-2.05894e-06
-3.70237e-07
2.85402e-07
-1.91254e-06
-1.97513e-06
-1.85222e-06
2.30584e-06
-0.00270041
0.00170178
0.00259636
-0.00179278
0.00104525
-0.0022095
-0.00127466
0.00238582
2.24172e-06
-1.93192e-06
-6.04062e-07
1.49991e-05
1.71807e-05
-1.37072e-05
1.43443e-05
1.51519e-05
1.78895e-05
3.38686e-06
1.64297e-07
-2.703e-06
1.01581e-06
5.74081e-07
-1.1091e-06
-3.12524e-07
-1.14945e-06
-2.74585e-06
7.78448e-07
3.24472e-06
-5.91186e-08
-7.46679e-06
7.53753e-06
4.02821e-07
-4.24656e-06
-1.47835e-06
-1.14332e-08
1.13052e-05
-1.38153e-05
4.21637e-05
2.3082e-05
-5.12572e-05
0.00174578
0.000887865
-0.00158643
1.03444e-05
-2.34171e-05
0.00189596
-0.00028727
2.54042e-06
-5.90138e-07
-4.43272e-05
2.05172e-06
-2.05253e-05
1.79313e-05
1.07496e-05
-1.25991e-05
-0.000222099
0.000260452
-2.121e-05
-0.000185435
-2.33173e-05
0.00179429
0.00159108
-0.00221273
0.00168793
3.54262e-07
-1.87228e-06
0.0018106
0.00137148
1.57644e-05
1.60011e-05
-1.11516e-05
1.01034e-05
0.00214692
0.000281774
-0.000468229
4.66187e-06
-1.05861e-06
-2.13713e-06
9.72794e-07
8.45085e-07
-1.5303e-06
-3.4352e-08
-1.60673e-06
-2.42609e-06
6.79492e-07
4.21869e-06
-1.67717e-06
-4.76341e-06
5.35645e-06
-6.10908e-07
6.28102e-07
-1.74981e-06
-5.98277e-07
-1.67806e-06
-1.96536e-06
2.23331e-06
-1.09479e-07
-1.70019e-06
-8.44541e-08
1.56528e-07
-2.49009e-07
-1.52577e-06
6.0847e-08
-1.4784e-06
-0.000222261
0.000260593
-2.11813e-05
-0.000185602
-2.3344e-05
-1.30132e-05
8.36574e-06
-0.000150016
-1.82313e-05
-0.000150362
-2.84925e-05
-6.882e-06
0.00170661
-0.000171009
-5.51716e-07
5.39991e-07
-1.74609e-06
-5.57849e-07
-1.74343e-06
0.00155272
-0.000111732
1.90842e-07
2.72499e-07
-2.48023e-08
-7.40462e-06
7.10093e-06
-1.24129e-07
1.57329e-06
-9.20852e-07
1.62549e-05
-4.19583e-06
5.92539e-07
-1.10471e-06
4.15611e-07
8.20055e-06
-9.69038e-06
-6.30456e-07
6.24757e-07
-1.79526e-06
-1.77005e-06
-5.95416e-07
5.52403e-07
-1.77769e-06
-1.78937e-06
-4.9357e-07
4.32001e-07
-1.68662e-06
-1.74061e-06
-3.65106e-07
3.03473e-07
-1.54281e-06
-1.62019e-06
-2.40839e-07
1.66635e-07
-1.37696e-06
-1.4603e-06
-1.01874e-07
3.56762e-08
-1.24863e-06
-1.30703e-06
1.43532e-06
-1.19527e-06
-4.36808e-08
-1.68747e-06
1.98864e-06
-8.40859e-08
-8.18952e-08
-2.36312e-06
2.81353e-06
-3.18077e-08
-6.28091e-08
-3.20362e-06
3.54121e-06
-1.08592e-07
-6.05697e-08
-3.77518e-06
3.91999e-06
-1.91407e-07
-1.53309e-07
-3.96996e-06
3.90082e-06
-3.50385e-07
-2.48024e-07
-3.66227e-06
3.23914e-06
-7.32059e-07
-5.05824e-07
-2.6313e-06
1.88968e-06
-1.43414e-06
-1.01267e-06
-1.04638e-06
1.35607e-07
-2.60012e-06
-1.94265e-06
1.025e-06
-2.52605e-06
-4.55887e-06
-3.48975e-06
4.52841e-06
-7.50455e-06
-8.11095e-06
-6.16057e-06
-1.05838e-05
-2.78035e-05
2.06625e-05
3.47274e-05
-8.36102e-06
6.08356e-06
-1.25122e-05
-1.69043e-05
-3.6266e-06
1.73373e-06
-5.80886e-06
-8.40773e-06
-4.26568e-07
-5.13934e-07
-2.97568e-06
-4.0685e-06
1.26628e-06
-1.98427e-06
-1.697e-06
-2.24519e-06
2.6429e-06
-3.24314e-06
-8.58767e-07
-1.23826e-06
3.6732e-06
-3.91005e-06
-3.13718e-07
-6.0469e-07
3.91155e-06
-3.75532e-06
-1.2296e-07
-2.24636e-07
3.46298e-06
-3.13137e-06
-1.41804e-07
-1.39285e-07
2.82105e-06
-2.51773e-06
-1.36981e-07
-1.29862e-07
-1.27339e-07
-0.000301814
0.000345811
-1.82756e-05
-2.00914e-05
-0.000392566
0.000442062
-1.59477e-05
-1.71929e-05
-0.000494851
0.0005512
-1.4645e-05
-1.52724e-05
-0.000611346
0.000675717
-1.48369e-05
-1.45328e-05
-0.000744354
0.00081849
-1.78432e-05
-1.57837e-05
-0.000898704
0.000986276
-2.64928e-05
-2.13543e-05
-0.00108015
0.0011867
-5.0613e-05
-3.50704e-05
-0.00129653
0.00141875
-8.60529e-05
-6.38363e-05
-8.21592e-06
3.96928e-06
-0.000149741
1.2876e-05
-1.81169e-05
-0.00015025
-0.000149926
6.73052e-08
-4.11413e-06
-0.000149683
-0.000149702
-0.000149784
0.00194331
-0.0017932
-2.12568e-05
0.000105288
0.00169496
-0.00158421
-7.59238e-05
-7.56114e-05
0.00145488
-0.00132328
-4.23144e-05
-5.93418e-05
0.00120013
-0.00108965
-2.27827e-05
-3.01775e-05
0.00099024
-0.000900292
-1.72622e-05
-1.87868e-05
0.000818988
-0.000744031
-1.45859e-05
-1.64089e-05
0.000675272
-0.000610742
-1.43251e-05
-1.41324e-05
0.000550649
-0.000494447
-1.45026e-05
-1.40964e-05
0.000441772
-0.00039235
-1.60254e-05
-1.53399e-05
0.000345633
-0.000301664
-1.83399e-05
-1.72707e-05
-2.01429e-05
0.00206793
-0.000512491
-2.78697e-06
3.01488e-06
-5.23094e-07
-5.72923e-07
-3.27232e-06
3.55968e-06
-3.76354e-07
-4.49041e-07
-3.82138e-06
4.03039e-06
-3.05549e-07
-3.33842e-07
-4.19215e-06
4.28857e-06
-2.28549e-07
-2.74165e-07
-4.40549e-06
4.4757e-06
-9.6288e-08
-1.88343e-07
-4.52276e-06
4.58032e-06
3.38332e-08
-1.74741e-08
-4.62357e-06
4.5936e-06
1.56828e-07
9.12282e-08
-4.54422e-06
4.43845e-06
2.41399e-07
2.03048e-07
-4.29803e-06
4.10728e-06
3.45723e-07
2.92277e-07
-3.8789e-06
3.61224e-06
4.49451e-07
3.95677e-07
-3.31056e-06
2.96372e-06
5.78068e-07
5.08704e-07
-2.58308e-06
2.18487e-06
7.5867e-07
6.56006e-07
-1.7666e-06
1.31554e-06
9.63763e-07
8.66199e-07
-8.52139e-07
3.88552e-07
1.14687e-06
1.05954e-06
6.42937e-08
-4.93027e-07
1.29413e-06
1.23408e-06
9.07298e-07
-1.31669e-06
1.32262e-06
1.3269e-06
1.70773e-06
-2.07476e-06
1.24052e-06
1.29739e-06
2.46881e-06
-2.84723e-06
1.00189e-06
1.10956e-06
3.20074e-06
-3.53644e-06
7.43235e-07
8.79448e-07
3.84422e-06
-4.11341e-06
4.85246e-07
6.1096e-07
4.353e-06
-4.53296e-06
2.73851e-07
3.69572e-07
4.65926e-06
-4.71494e-06
2.16902e-07
2.40652e-07
4.72223e-06
-4.68105e-06
1.9423e-07
2.08834e-07
4.61203e-06
-4.51976e-06
1.29477e-07
1.70539e-07
4.40986e-06
-4.27645e-06
2.06657e-09
6.99954e-08
4.10867e-06
-3.91816e-06
-1.37412e-07
-6.99122e-08
3.707e-06
-3.45267e-06
-2.27707e-07
-1.8468e-07
3.1865e-06
-2.70706e-06
-2.83196e-07
-2.21103e-07
-4.37863e-07
4.0927e-07
-5.43362e-07
5.55315e-07
-1.73632e-06
-1.74428e-06
-5.60735e-07
5.55785e-07
-1.72501e-06
-1.72934e-06
-5.2562e-07
4.79024e-07
-1.69835e-06
-1.71502e-06
-4.12036e-07
3.34975e-07
-1.62546e-06
-1.66856e-06
-1.57617e-06
3.80247e-06
6.76737e-06
-6.02309e-05
-0.000150835
-2.40063e-05
0.00162836
0.00178547
-0.00190124
0.00189506
0.00160939
-0.00192354
0.00154479
3.16388e-05
-2.92902e-05
2.75353e-05
1.45022e-05
-1.75323e-05
-2.18379e-07
-2.07004e-06
0.00178712
0.00166225
1.34501e-05
1.50461e-05
-1.24166e-05
1.18739e-05
1.24256e-05
-1.65037e-05
-0.00142882
5.88797e-05
-7.59475e-05
6.93919e-05
-6.63026e-05
0.000394235
0.00165383
3.87638e-06
-3.98433e-07
-2.98234e-06
7.27439e-07
5.30311e-07
-1.54772e-06
-2.85781e-07
-1.88176e-06
-3.10824e-06
3.2374e-07
3.69334e-06
-8.12326e-07
-5.98496e-06
6.44438e-06
-4.21622e-07
-4.2366e-06
-1.57697e-06
-6.1718e-07
8.62338e-08
-1.64604e-07
-1.00723e-06
-3.2158e-09
-9.50794e-07
-1.74108e-05
1.32028e-05
-1.44613e-05
0.00155199
-0.00187089
2.48165e-05
-3.1414e-05
-3.20342e-05
1.91707e-05
-2.47668e-05
-4.50173e-08
-1.43116e-06
-2.40766e-05
-0.00015101
-4.40022e-05
1.09371e-05
-1.93502e-05
-1.86573e-05
-0.000248358
-5.58268e-07
-1.7197e-06
-6.26108e-05
-4.1763e-05
3.14802e-05
6.17286e-05
-0.000147679
0.00167716
0.00154733
-0.000104975
3.38842e-07
-2.73494e-06
-0.0019144
0.0019192
0.00144085
1.28325e-05
1.40452e-05
-1.5427e-05
-8.55641e-06
8.31014e-06
-5.52314e-05
-4.40593e-05
4.73827e-05
5.42079e-06
-1.54958e-06
-6.61862e-06
-2.24856e-06
6.83287e-07
4.86076e-06
-2.91935e-06
-1.90884e-05
1.34903e-05
-0.000116818
-2.54681e-05
-0.000117126
0.00162537
0.00189297
-5.18996e-06
7.08277e-06
3.24693e-06
-3.66108e-05
-9.24144e-05
7.96388e-05
8.85101e-07
-3.51525e-08
-6.51508e-07
-2.12493e-06
-9.89798e-07
-0.00170839
0.00165425
0.00183413
0.00177845
1.32686e-05
-4.25467e-06
4.39752e-07
-6.71146e-05
5.08943e-05
-0.00185218
0.00167379
-0.00267615
2.97048e-07
-1.68981e-06
-1.76375e-07
7.1226e-06
5.25935e-07
-1.39885e-06
-3.41477e-07
-5.89847e-07
6.14757e-07
-1.42513e-06
-1.38833e-06
-6.35882e-07
6.34189e-07
-1.46457e-06
-1.4499e-06
-6.25116e-07
5.97411e-07
-1.45844e-06
-1.46845e-06
-5.54039e-07
5.03032e-07
-1.38936e-06
-1.42889e-06
-4.43999e-07
3.79165e-07
-1.27015e-06
-1.33456e-06
-3.0894e-07
2.40268e-07
-1.1292e-06
-1.19835e-06
-1.0607e-06
-1.12451e-06
1.37439e-06
-1.37088e-07
-9.84509e-08
-1.64765e-06
1.96562e-06
-1.80653e-07
-1.72424e-07
-2.34285e-06
2.76196e-06
-1.59463e-07
-1.76762e-07
-3.16007e-06
3.47703e-06
-2.02913e-07
-1.84033e-07
-3.69055e-06
3.81145e-06
-2.69495e-07
-2.26593e-07
-3.84016e-06
3.72779e-06
-4.606e-07
-3.47732e-07
-3.42707e-06
2.9221e-06
-8.10697e-07
-6.08007e-07
-2.25425e-06
1.42058e-06
-1.44672e-06
-1.07461e-06
-4.4788e-07
-6.77874e-07
-2.57088e-06
-1.93291e-06
2.08048e-06
-3.87762e-06
-4.6445e-06
-3.47466e-06
6.30081e-06
-9.592e-06
-8.46137e-06
-6.34637e-06
-1.14455e-05
-4.06644e-05
-2.88004e-05
-1.42984e-05
9.49129e-06
-1.26633e-05
-1.79183e-05
-5.80749e-06
3.11559e-06
-5.85935e-06
-8.60015e-06
-1.29225e-06
7.39746e-08
-2.93059e-06
-4.04952e-06
8.53745e-07
-1.63338e-06
-1.69747e-06
-2.20512e-06
2.3396e-06
-2.97736e-06
-9.98575e-07
-1.30667e-06
3.52837e-06
-3.81446e-06
-4.82328e-07
-7.34957e-07
3.89076e-06
-3.71746e-06
-2.61284e-07
-3.38482e-07
3.44913e-06
-3.12164e-06
-2.1921e-07
-2.22357e-07
2.78568e-06
-2.47702e-06
-2.22623e-07
-2.19632e-07
2.18773e-06
-1.91313e-06
-2.08984e-07
-2.19311e-07
1.64629e-06
-1.37843e-06
-1.528e-07
-1.87715e-07
-0.000222591
0.000260825
-2.68899e-05
0.000185877
-0.00015117
-3.07617e-05
-2.97574e-05
-0.000301953
0.000345774
-2.29032e-05
-2.53378e-05
-0.000392343
0.000441634
-1.99393e-05
-2.14964e-05
-0.000494159
0.000550144
-1.86398e-05
-1.92131e-05
-0.000609807
0.000673562
-1.90856e-05
-1.86751e-05
-0.000741782
0.000815138
-2.22691e-05
-2.01967e-05
-0.000894518
0.000981993
-3.0661e-05
-2.55146e-05
-0.00107789
0.00117992
-4.87622e-05
-3.76791e-05
-0.00129374
0.00141171
-7.7997e-05
-6.30557e-05
-6.01539e-05
1.45326e-05
-8.54258e-06
4.09931e-06
-0.000116644
-0.000116712
8.75375e-08
-4.26594e-06
-0.00011669
-0.000116689
8.72436e-06
-1.36739e-05
-0.000116794
-0.000116687
1.92366e-05
-2.55708e-05
-0.000117305
-0.000116937
0.00200707
-0.00183211
-5.6669e-05
-0.000178622
0.0024263
0.00170206
-0.00157465
-6.05e-05
-6.28565e-05
0.00144428
-0.00131694
-4.16172e-05
-5.23483e-05
0.0011959
-0.00108468
-2.96143e-05
-3.47685e-05
0.000984798
-0.000895973
-2.30482e-05
-2.55187e-05
0.000816353
-0.000741852
-1.99282e-05
-2.08102e-05
0.000672993
-0.000609455
-1.81089e-05
-1.89164e-05
0.000549615
-0.000493676
-1.83876e-05
-1.82456e-05
0.000441305
-0.000392083
-1.99608e-05
-1.91205e-05
0.000345549
-0.000301746
-2.29658e-05
-2.15521e-05
0.00026062
-0.000222384
-2.69326e-05
-2.53993e-05
0.000185655
-0.000150936
-3.07309e-05
-2.97679e-05
-2.13218e-06
2.46328e-06
-5.92697e-07
1.78322e-06
-6.22107e-07
-1.39938e-06
-6.01463e-07
-0.000105997
3.3927e-05
-1.6947e-06
-5.62493e-07
-5.41124e-07
5.50531e-07
-1.40393e-06
-5.33032e-07
-1.36488e-06
3.7892e-06
-2.741e-06
3.00203e-06
-5.02981e-07
-5.47132e-07
-3.26876e-06
3.54474e-06
-3.98655e-07
-4.50662e-07
-3.80856e-06
4.0409e-06
-3.29338e-07
-3.59103e-07
-4.22842e-06
4.3691e-06
-2.66738e-07
-3.02966e-07
-4.45253e-06
4.53149e-06
-1.46527e-07
-2.14406e-07
-4.59909e-06
4.63814e-06
-1.65755e-08
-7.64713e-08
-4.64709e-06
4.6327e-06
9.13252e-08
4.20907e-08
-4.58295e-06
4.47684e-06
1.77404e-07
1.27885e-07
-4.33765e-06
4.1628e-06
2.60428e-07
2.16099e-07
-3.94316e-06
3.67678e-06
3.65035e-07
3.09545e-07
-3.37218e-06
3.03663e-06
4.81799e-07
4.22297e-07
-2.66886e-06
2.27953e-06
6.17897e-07
5.46252e-07
-1.86386e-06
1.41481e-06
7.62272e-07
6.9124e-07
-9.44886e-07
4.64862e-07
9.10933e-07
8.35894e-07
7.92575e-09
-4.67004e-07
1.05082e-06
9.86868e-07
9.13155e-07
-1.35034e-06
1.11291e-06
1.09556e-06
1.76663e-06
-2.16498e-06
1.06336e-06
1.10327e-06
2.57478e-06
-2.96055e-06
8.98662e-07
9.82724e-07
3.32126e-06
-3.65413e-06
7.15454e-07
8.09139e-07
3.94918e-06
-4.19689e-06
5.44441e-07
6.27936e-07
4.39801e-06
-4.56075e-06
4.15207e-07
4.70517e-07
4.66231e-06
-4.71389e-06
3.57302e-07
3.84787e-07
4.71921e-06
-4.69411e-06
2.94889e-07
3.32074e-07
4.64428e-06
-4.57145e-06
1.7124e-07
2.41996e-07
4.47598e-06
-4.35064e-06
-2.27233e-09
8.64688e-08
4.1904e-06
-3.99368e-06
-1.63122e-07
-8.62811e-08
3.76256e-06
-3.49269e-06
-2.94632e-07
-2.2522e-07
3.18229e-06
-2.85182e-06
-3.90922e-07
-3.2111e-07
2.55686e-06
-2.29925e-06
-5.5855e-07
-4.94284e-07
1.98865e-06
-1.64541e-06
-5.68939e-07
-5.78244e-07
-5.51737e-07
5.54422e-07
-1.43035e-06
-1.42718e-06
-5.56269e-07
5.58453e-07
-1.40142e-06
-1.41917e-06
-5.59913e-07
5.53228e-07
-1.37739e-06
-1.388e-06
-5.34284e-07
4.97631e-07
-1.355e-06
-1.36784e-06
-4.44269e-07
3.77899e-07
-1.31028e-06
-1.33693e-06
-2.99753e-07
2.10262e-07
-1.23441e-06
-1.27528e-06
-1.10629e-07
5.34034e-09
-1.15396e-06
-1.19369e-06
-0.00198888
0.0010651
0.0019964
-0.00184611
0.00141858
-0.00203679
0.00205342
0.00155789
0.00148037
-0.00177335
0.00127939
0.00102652
-0.00095994
-0.00179691
1.7659e-05
-4.02175e-05
2.72732e-05
-0.000125628
0.00166708
0.00153453
-9.32655e-05
-4.33371e-08
-3.10008e-06
0.00177519
0.00184305
1.1503e-05
1.2157e-05
-9.83332e-06
9.75127e-06
1.19197e-05
1.0423e-05
-6.09735e-05
-6.04636e-05
5.33764e-05
4.0227e-07
7.37402e-07
-3.25175e-07
-4.1482e-07
6.94868e-05
-7.85136e-05
-8.07168e-05
-4.85976e-05
-6.97362e-05
6.04479e-05
-0.00020764
0.00178665
4.41722e-06
-8.87166e-07
-3.30675e-06
5.33646e-07
3.49441e-07
-2.34384e-06
1.93473e-07
-2.63701e-06
-8.44499e-07
-3.62914e-06
-9.78979e-08
4.2856e-06
-1.76591e-06
-4.26472e-06
5.74043e-06
5.91241e-06
7.22277e-06
5.68046e-07
-9.16273e-07
-6.89885e-07
6.02929e-05
-4.62853e-05
-1.05007e-07
-1.10584e-06
-3.26811e-05
-0.000117239
-0.000117023
-3.25996e-05
-0.00240101
-0.00150764
0.000844569
0.00203106
0.00160614
0.00160551
0.00190855
0.0007183
-6.18989e-06
6.77697e-06
-2.3322e-06
6.12699e-06
7.06091e-08
-2.9895e-07
-1.29581e-06
-5.281e-07
8.1037e-08
-5.8307e-08
-4.04871e-06
2.41382e-06
-2.24242e-05
1.59665e-05
-0.000403051
-3.71449e-05
6.39276e-05
0.000290302
-1.37622e-05
-0.000582162
1.48463e-05
0.000412608
-0.000587547
-2.68126e-05
0.000315239
-2.95162e-05
-0.00167568
0.00165186
0.00181706
0.00165822
-0.000109679
-9.9484e-06
-3.55084e-06
0.001875
1.11066e-05
8.2902e-06
-7.22653e-05
-4.96782e-05
-9.3417e-05
0.00209963
0.000690115
-0.00171972
0.00228034
0.000800901
-0.00113524
4.36943e-07
1.04423e-06
-7.06727e-07
-0.00144693
0.00237134
-0.00214377
0.00120461
0.000169277
-0.000141211
0.00176783
0.00177042
-0.00153396
0.00158639
5.6317e-08
-2.39881e-06
-9.14478e-07
6.37809e-06
-5.75396e-07
6.01431e-07
-1.08e-06
-1.02832e-06
-6.25354e-07
6.37751e-07
-1.12025e-06
-1.10725e-06
-6.34115e-07
6.13939e-07
-1.11446e-06
-1.12239e-06
-5.85186e-07
5.40527e-07
-1.06143e-06
-1.09614e-06
-4.85232e-07
4.20947e-07
-9.67469e-07
-1.01832e-06
-3.51558e-07
2.76589e-07
-8.5461e-07
-9.11416e-07
-2.02764e-07
1.23524e-07
-7.54707e-07
-8.00827e-07
-7.03237e-07
-1.01123e-06
1.26501e-06
-2.38182e-07
-1.99516e-07
-1.54307e-06
1.86547e-06
-2.78838e-07
-2.67826e-07
-2.23664e-06
2.64568e-06
-2.81196e-07
-2.81676e-07
-3.00783e-06
3.30349e-06
-3.0154e-07
-2.86645e-07
-3.50303e-06
3.60114e-06
-3.67376e-07
-3.20939e-07
-3.58295e-06
3.41183e-06
-5.40169e-07
-4.4072e-07
-3.05244e-06
2.47952e-06
-8.22922e-07
-6.65285e-07
-1.70585e-06
7.3581e-07
-1.33117e-06
-1.03731e-06
4.10498e-07
-1.73763e-06
-2.37441e-06
-1.7622e-06
3.50602e-06
-5.85624e-06
-4.45592e-06
-3.20726e-06
8.9773e-06
-1.27784e-05
-8.78367e-06
-6.23542e-06
1.68804e-05
-1.92436e-05
-1.75718e-05
-1.2352e-05
-2.6734e-05
-3.50845e-05
2.58983e-05
-2.27008e-05
-4.52148e-05
-3.11431e-05
-3.83461e-05
-1.87617e-05
1.28563e-05
-1.17458e-05
-1.66771e-05
-8.21615e-06
4.81227e-06
-5.43071e-06
-8.05136e-06
-2.48545e-06
9.34191e-07
-2.62864e-06
-3.70277e-06
1.71673e-07
-1.08206e-06
-1.52047e-06
-1.95648e-06
1.87205e-06
-2.58403e-06
-9.71722e-07
-1.20564e-06
3.16253e-06
-3.52289e-06
-6.06939e-07
-7.92736e-07
3.64562e-06
-3.55732e-06
-4.07335e-07
-4.87333e-07
3.32994e-06
-3.01938e-06
-3.23662e-07
-3.41683e-07
2.68425e-06
-2.36875e-06
-3.14491e-07
-3.18702e-07
2.0759e-06
-1.80561e-06
-3.01467e-07
-3.11544e-07
1.54647e-06
-1.28397e-06
-2.56196e-07
-2.83756e-07
-1.01081e-06
-2.19123e-07
0.000147678
-0.000114273
-4.00278e-05
0.00018196
-3.8151e-05
0.000218115
-3.68545e-05
0.000255897
-3.34967e-05
0.000296628
-3.14408e-05
0.000340081
-2.86292e-05
0.000386297
-2.699e-05
0.000435277
-2.51588e-05
0.000487587
-2.4396e-05
0.000543349
-2.37669e-05
0.000602841
-2.39194e-05
0.000666346
-2.4319e-05
0.000734244
-2.5259e-05
0.000807526
-2.68743e-05
0.000887387
-2.96283e-05
0.000974428
-3.32917e-05
0.00106894
-3.72833e-05
0.00117302
-4.5931e-05
0.00128402
-5.59904e-05
0.00140427
-7.09132e-05
0.00152923
-8.22063e-05
0.00165056
-9.0832e-05
0.00175252
-0.000107204
0.00182699
0.000151901
-0.000105362
0.0018608
0.000167574
-0.000107789
0.00011952
-8.65049e-05
0.00198838
-0.00186821
0.000138382
-0.000286301
2.67849e-05
-6.13967e-05
0.00238335
0.000753642
2.52372e-05
-3.16237e-05
-8.55053e-05
1.90102e-05
-8.55509e-05
1.34197e-05
-8.50029e-05
8.45463e-06
-8.4822e-05
4.03191e-06
-8.47409e-05
-1.06715e-07
-8.48317e-05
-4.24621e-06
-8.48463e-05
-8.68614e-06
-8.47861e-05
-1.36506e-05
-8.48942e-05
-1.92068e-05
-8.512e-05
-2.54039e-05
-8.57044e-05
-3.176e-05
-8.56795e-05
-3.77065e-05
-8.2566e-05
8.43183e-05
-0.000116287
-6.33259e-05
-0.0019788
-0.000125854
0.00202603
-0.00184118
-6.21608e-05
-0.0017026
-5.38042e-05
-0.00156537
-4.9743e-05
-0.0014313
-4.59944e-05
-0.00130353
-3.93231e-05
-0.00118468
-3.44644e-05
-0.00107554
-3.18262e-05
-0.000977314
-2.9062e-05
-0.000888919
-2.72956e-05
-0.000808139
-2.58918e-05
-0.000734654
-2.45666e-05
-0.000666589
-2.38639e-05
-0.000602636
-2.35348e-05
-0.000543066
-2.34021e-05
-0.000487213
-2.35175e-05
-0.000434973
-2.41977e-05
-0.000386054
-2.51152e-05
-0.000339876
-2.70123e-05
-0.000296415
-2.86926e-05
-0.000255665
-3.15032e-05
-0.000217848
-3.35545e-05
-0.000181672
-3.68922e-05
-0.000147395
-3.8132e-05
-0.000114008
-3.99609e-05
-8.23589e-05
-3.75845e-05
-0.00178468
0.00249335
0.00162665
0.00162125
0.00195959
0.00224238
0.000325911
-1.52555e-06
7.04075e-06
-7.92013e-06
5.36742e-06
3.19601e-05
-0.000218545
6.72154e-06
0.000154491
0.000158351
-0.000282486
0.000127016
9.82252e-06
8.97314e-06
-7.71849e-06
8.26686e-06
-4.32442e-06
6.72608e-06
4.93326e-05
-0.000151765
-5.20593e-05
0.000135319
-4.0758e-06
2.94703e-07
-5.14881e-06
-4.89327e-05
-0.000956601
2.96396e-06
4.49979e-07
-0.00186988
0.00176692
0.00154531
7.1061e-05
-0.000101362
-6.51262e-05
-7.42951e-05
-7.18942e-05
0.00133614
-0.00166311
8.801e-05
-8.63216e-05
-2.51797e-05
-0.000959793
-0.000398018
0.000251428
0.000137105
-0.000268201
-0.00183227
0.000280054
0.00183052
0.000215549
0.00165376
0.001674
-2.75744e-05
0.000250471
3.59662e-05
0.000659751
-2.38564e-05
-0.00122132
0.000440311
-2.23175e-05
0.000340175
-2.73596e-05
-1.64522e-05
-3.27305e-05
4.9418e-06
-1.42053e-06
-2.32025e-07
-4.19843e-06
3.1589e-07
-3.56792e-06
-4.30814e-06
-4.47889e-07
4.77375e-06
6.86281e-06
-2.96043e-06
5.08364e-06
0.00201885
0.00117019
-0.00195829
0.00215028
0.00117673
0.00226025
0.00124785
0.00228963
0.00139255
0.00222481
0.00152575
0.00207113
0.00161563
4.88009e-06
-2.56897e-05
1.58866e-05
-0.00182392
0.000821126
-0.000117224
-2.92373e-05
4.566e-05
-1.22131e-05
4.85983e-08
-1.62105e-07
-7.32507e-07
-5.96786e-08
-8.23623e-07
-1.61059e-07
-8.64233e-07
-2.50173e-07
-8.97473e-07
-3.30286e-07
-9.25863e-07
-3.96292e-07
-9.57039e-07
-4.48905e-07
-9.81799e-07
-4.93957e-07
-9.94944e-07
-5.24739e-07
-1.00928e-06
-5.4392e-07
-1.02148e-06
-5.55109e-07
-1.03298e-06
-5.60566e-07
-1.04928e-06
-5.61871e-07
-1.06955e-06
-5.62325e-07
-1.08935e-06
-5.53504e-07
-1.10688e-06
-5.39144e-07
-1.10365e-06
-5.13534e-07
-1.08378e-06
-4.79337e-07
-1.04713e-06
-4.47275e-07
-9.67986e-07
1.19595e-06
1.56859e-06
-5.24589e-07
1.93014e-06
-5.60893e-07
2.27076e-06
-5.68749e-07
2.5865e-06
-5.54604e-07
2.89694e-06
-5.1811e-07
3.2101e-06
-4.46064e-07
3.51225e-06
-3.87687e-07
3.78466e-06
-3.52353e-07
4.02147e-06
-2.7487e-07
4.22485e-06
-2.12968e-07
4.38075e-06
-1.30797e-07
4.50142e-06
-5.35689e-08
4.5883e-06
3.0932e-08
4.64648e-06
1.19481e-07
4.68036e-06
1.9894e-07
4.69068e-06
2.66069e-07
4.67093e-06
3.2163e-07
4.60833e-06
3.68686e-07
4.50892e-06
4.04692e-07
4.3692e-06
4.36861e-07
4.18384e-06
4.8515e-07
3.95303e-06
5.36878e-07
3.68063e-06
5.83621e-07
3.3589e-06
6.39164e-07
3.00236e-06
6.92286e-07
2.61373e-06
7.48013e-07
2.19373e-06
8.0493e-07
1.77035e-06
8.42765e-07
1.3294e-06
8.64743e-07
8.77207e-07
8.60139e-07
4.16859e-07
8.34703e-07
-5.37826e-08
7.92428e-07
-5.32037e-07
7.38935e-07
-1.00818e-06
6.80141e-07
-1.46892e-06
6.24717e-07
-1.906e-06
5.74477e-07
-2.31452e-06
5.28547e-07
-2.69578e-06
4.81488e-07
-3.05255e-06
4.31635e-07
-3.38255e-06
3.80494e-07
-3.67848e-06
3.28148e-07
-3.9352e-06
2.78073e-07
-4.15155e-06
2.32937e-07
-4.32658e-06
1.92748e-07
-4.45843e-06
1.50787e-07
-4.54522e-06
1.10942e-07
-4.59804e-06
6.97882e-08
-4.62844e-06
5.22821e-08
-4.60229e-06
-1.87616e-08
-4.56834e-06
-5.98601e-08
-4.51344e-06
-1.18355e-07
-4.43891e-06
-1.77804e-07
-4.32938e-06
-2.38324e-07
-4.178e-06
-2.79406e-07
-3.98239e-06
-3.05148e-07
-3.74167e-06
-3.35252e-07
-3.47729e-06
-3.65164e-07
-3.20252e-06
-4.01871e-07
-2.92578e-06
-4.4275e-07
-2.64489e-06
-4.79502e-07
-2.34761e-06
-5.15546e-07
-2.05435e-06
-5.33139e-07
-3.18885e-05
2.55207e-05
-5.44912e-05
-3.78821e-05
-5.08967e-05
-9.74297e-05
0.000126136
-4.32117e-05
-6.89406e-05
-4.01696e-05
1.21436e-06
-3.27233e-07
-7.44531e-07
-0.00169135
0.0022593
7.82151e-05
-5.10444e-05
-1.76377e-06
-5.20896e-07
-4.18411e-07
8.50518e-06
3.90247e-07
-6.63975e-07
4.3262e-07
-7.2977e-07
4.75313e-07
-7.64497e-07
5.01599e-07
-7.7242e-07
5.12649e-07
-7.69376e-07
5.13676e-07
-7.52523e-07
5.07119e-07
-7.32285e-07
4.94389e-07
-7.09562e-07
4.78096e-07
-6.91765e-07
4.53603e-07
-6.75601e-07
4.22335e-07
-6.63724e-07
3.83971e-07
-6.53015e-07
3.3455e-07
-6.42337e-07
2.7666e-07
-6.27095e-07
2.19169e-07
-6.15176e-07
-7.17869e-08
-2.26304e-08
-5.35602e-07
-1.50168e-07
-5.72929e-07
-5.95552e-07
7.79291e-07
-4.84478e-07
-2.9582e-07
1.04356e-06
-3.22299e-07
1.27676e-06
-3.30402e-07
1.50234e-06
-3.46657e-07
1.73694e-06
-3.57946e-07
1.99483e-06
-3.69821e-07
2.27579e-06
-3.79421e-07
2.55642e-06
-3.88279e-07
2.80836e-06
-4.09161e-07
2.96237e-06
-4.21345e-07
2.9638e-06
-4.63912e-07
2.77429e-06
-5.01674e-07
2.37269e-06
-5.53707e-07
1.73274e-06
-6.33071e-07
9.36989e-07
-7.40772e-07
4.60258e-09
-8.96526e-07
-1.0695e-06
-1.10902e-06
-2.43664e-06
-1.42737e-06
-4.40866e-06
-1.92798e-06
-7.3797e-06
-2.74544e-06
-1.17429e-05
-4.02626e-06
-1.77082e-05
-6.004e-06
-2.52484e-05
-8.91729e-06
-3.45197e-05
-1.30577e-05
-4.606e-05
-1.80438e-05
6.06514e-05
-3.26563e-05
-2.57658e-05
-3.7669e-05
-0.000113504
2.72773e-05
-3.55597e-05
2.46874e-05
-2.1537e-05
1.8855e-05
-1.19537e-05
1.3461e-05
-7.79156e-06
9.11037e-06
-5.18773e-06
5.93492e-06
-3.67044e-06
3.6774e-06
-2.59673e-06
1.9738e-06
-1.90038e-06
6.03626e-07
-1.40274e-06
-5.4408e-07
-1.06775e-06
-1.47027e-06
-8.66129e-07
-2.15299e-06
-7.11757e-07
-2.59908e-06
-6.15041e-07
-2.84446e-06
-5.35943e-07
-2.93595e-06
-4.68454e-07
-2.91391e-06
-4.16351e-07
-2.77461e-06
-3.83215e-07
-2.5283e-06
-3.68307e-07
-2.20262e-06
-3.60207e-07
-1.84478e-06
-3.54772e-07
-1.50766e-06
-3.50057e-07
-1.21886e-06
-3.42564e-07
-9.74375e-07
-3.30005e-07
7.52198e-07
-2.9486e-07
-5.26341e-07
-3.08201e-07
0.00291277
-0.000736921
-9.39804e-05
-2.43603e-08
-4.08517e-07
-1.07926e-07
-4.524e-07
-1.87484e-07
-4.88975e-07
-2.61788e-07
-5.23574e-07
-3.34328e-07
-5.62356e-07
-4.02583e-07
-6.03401e-07
-4.62238e-07
-6.45021e-07
-5.10128e-07
-6.82327e-07
-5.46205e-07
-7.13397e-07
-5.71825e-07
-7.37852e-07
-5.82892e-07
-7.54118e-07
-5.81791e-07
-7.606e-07
-5.62468e-07
-7.65365e-07
-5.29157e-07
-7.59351e-07
-4.86242e-07
-7.40799e-07
-4.2772e-07
-7.14046e-07
3.32404e-07
-6.06168e-07
9.29281e-07
-3.4082e-07
-6.72004e-07
-5.86991e-08
1.40533e-06
-4.87812e-07
1.76919e-06
-5.21305e-07
2.11473e-06
-5.17692e-07
2.4383e-06
-5.0377e-07
2.74992e-06
-4.83738e-07
3.04783e-06
-4.32809e-07
3.34797e-06
-4.06345e-07
3.58964e-06
-3.46358e-07
3.8231e-06
-2.99078e-07
4.01218e-06
-2.35758e-07
4.17268e-06
-1.74849e-07
4.2895e-06
-1.08687e-07
4.36396e-06
-3.49881e-08
4.40776e-06
3.64797e-08
4.42595e-06
1.07433e-07
4.41931e-06
1.7349e-07
4.38528e-06
2.33036e-07
4.32464e-06
2.81514e-07
4.22699e-06
3.27653e-07
4.08246e-06
3.76627e-07
3.91352e-06
4.13241e-07
3.70649e-06
4.56682e-07
3.45572e-06
4.89813e-07
3.16152e-06
5.23206e-07
2.82352e-06
5.55659e-07
2.44983e-06
5.87835e-07
2.0572e-06
6.12067e-07
1.64168e-06
6.34731e-07
1.21673e-06
6.41061e-07
7.80435e-07
6.34683e-07
3.38449e-07
6.1396e-07
-1.08469e-07
5.83047e-07
-5.56085e-07
5.44911e-07
-9.96378e-07
5.05384e-07
-1.41864e-06
4.68518e-07
-1.81878e-06
4.36942e-07
-2.19699e-06
4.09087e-07
-2.55205e-06
3.78964e-07
-2.88383e-06
3.44074e-07
-3.18933e-06
3.03955e-07
-3.4633e-06
2.62054e-07
-3.70052e-06
2.22244e-07
-3.89937e-06
1.86243e-07
-4.05539e-06
1.49037e-07
-4.17688e-06
1.13576e-07
-4.26107e-06
7.5586e-08
-4.31575e-06
4.26827e-08
-4.31251e-06
1.85934e-09
-4.31534e-06
-3.30344e-08
-4.28213e-06
-8.62842e-08
-4.23487e-06
-1.31942e-07
-4.1502e-06
-1.89543e-07
-4.04206e-06
-2.24401e-07
-3.88758e-06
-2.59753e-07
-3.69107e-06
-2.82947e-07
-3.466e-06
-3.09632e-07
-3.22215e-06
-3.35687e-07
-2.95396e-06
-3.77463e-07
-2.67766e-06
-4.06839e-07
-2.39127e-06
-4.30842e-07
-2.10176e-06
-4.49326e-07
-1.81974e-06
-4.45251e-07
-1.518e-06
-4.50402e-07
-3.78438e-07
1.28776e-05
-0.000119881
-5.73169e-07
1.67263e-07
6.6095e-08
5.44922e-08
-3.77467e-07
5.58608e-07
0.00151855
-0.00164957
0.00202766
-0.00231049
0.00135116
0.00196724
-0.00250611
0.00138305
-0.00258667
0.00123481
-0.00250878
0.000990215
-0.00233806
0.000802666
-0.00211452
0.000715776
-0.00174035
0.000705991
-0.00126728
0.00138821
-0.00185877
-0.00196029
0.00223283
4.74806e-06
-0.000249323
-0.0019446
-5.38142e-05
-0.00182634
-4.98557e-05
-0.00168405
-4.72e-05
-0.00154161
-4.33964e-05
-0.00140383
-4.12384e-05
-0.00127279
-3.77384e-05
-0.00115178
-3.45527e-05
-0.00104194
-3.32719e-05
-0.000941975
-3.18678e-05
-0.000851497
-3.09306e-05
-0.000769679
-2.97997e-05
-0.000695246
-2.91043e-05
-0.000626211
-2.94997e-05
-0.000562037
-2.92596e-05
-0.000502272
-2.95403e-05
-0.000446803
-2.94995e-05
-0.000395236
-3.02898e-05
-0.000347475
-3.11252e-05
-0.000302856
-3.28873e-05
-0.000261327
-3.44228e-05
-0.000223077
-3.68606e-05
-0.00018825
-3.90019e-05
0.000125844
-9.71712e-05
-4.31344e-05
0.000156001
-4.23873e-05
-4.17564e-05
6.07784e-06
-1.84205e-06
-3.91213e-06
-1.69051e-07
0.000112412
-0.000174527
0.000134225
3.96498e-05
-3.06854e-05
-2.21892e-05
0.000274907
0.00064437
1.21172e-05
-0.00113447
0.000447486
-8.82986e-06
0.000352278
-2.27619e-05
0.000291073
-1.83155e-05
2.56699e-05
9.69923e-06
4.96247e-05
0.0002666
0.0018505
2.57402e-05
-3.20666e-05
-5.46056e-05
1.94276e-05
-5.41493e-05
1.37151e-05
-5.32447e-05
8.67828e-06
-5.29336e-05
4.22794e-06
-5.28376e-05
1.09971e-07
-5.29419e-05
-3.99582e-06
-5.29299e-05
-8.42693e-06
-5.28018e-05
-1.34633e-05
-5.28755e-05
-1.91959e-05
-5.31466e-05
-5.40387e-05
-0.000507468
-7.42832e-06
-7.2095e-06
-0.000114871
0.000131225
-0.000122715
-2.55853e-05
-1.8202e-05
6.20371e-07
-3.40635e-06
-0.0026794
0.0014103
-0.00281816
0.00147561
0.00127975
-0.00151397
5.12533e-05
-5.15619e-05
-0.000228175
0.000188538
-0.00236905
0.000483042
0.00225209
0.00041497
-0.00189734
2.08949e-06
-0.00186608
-5.84468e-05
-0.00181802
-7.74756e-05
-0.00172693
-7.99193e-05
-0.00162105
-7.75448e-05
-0.00149698
-7.31667e-05
-0.00137259
-6.66056e-05
-0.00125261
-5.89334e-05
-0.00113866
-4.90043e-05
-0.00103414
-4.22359e-05
-0.00093666
-3.76311e-05
-0.000848585
-3.45337e-05
-0.000768127
-3.22554e-05
-0.000694245
-3.1022e-05
-0.000625839
-3.04591e-05
-0.000561953
-2.98991e-05
-0.000502425
-2.99201e-05
-0.000446983
-2.97666e-05
-0.000395466
-3.04332e-05
-0.00034768
-3.11674e-05
-0.000303046
-3.28731e-05
-0.000261526
-3.43846e-05
-0.000223309
-3.68166e-05
-0.000188518
-3.89685e-05
-0.000156299
-4.17352e-05
-4.24179e-05
-0.00139748
-0.00204337
-8.51112e-05
-0.000103819
-8.90776e-05
-9.40316e-05
-0.00238668
0.000188879
6.82927e-06
8.88391e-06
1.82559e-07
-1.45288e-07
-4.39471e-07
-3.80337e-05
-5.10414e-05
-6.87215e-05
-4.00794e-05
-6.22103e-06
7.50781e-06
0.0016317
0.0018015
-0.0020464
6.89257e-05
-0.00013994
0.00171562
-0.00105438
-4.05097e-05
-4.0451e-05
-4.05592e-05
-4.06747e-05
-4.75394e-07
-1.53981e-07
0.00182943
-0.000953173
-0.00198808
0.00039584
-0.000212609
4.12734e-05
6.34771e-06
-3.01093e-06
-5.78971e-06
-4.52721e-08
-0.000303564
7.7333e-06
1.72732e-07
-3.6491e-07
-4.10661e-06
4.23945e-06
3.63867e-07
0.000103655
-3.98966e-05
2.81103e-07
6.39899e-06
0.000205689
-1.86826e-05
-0.00021482
-0.000125824
-5.25061e-05
6.73383e-05
-3.33769e-05
3.97231e-05
-2.49813e-05
-3.20039e-05
-3.29607e-05
-8.46961e-05
0.00010669
-3.31727e-05
-3.36485e-05
-0.000133341
0.000164738
-3.1517e-05
-3.21904e-05
-0.000200254
0.000240114
-3.0557e-05
-3.10252e-05
-0.000284825
0.000334921
-3.04902e-05
-3.05166e-05
-0.000390647
0.000452077
-3.20245e-05
-3.1176e-05
-0.0005192
0.000592635
-3.36021e-05
-3.28474e-05
-0.000673519
0.000763286
-3.52629e-05
-3.42822e-05
-0.000862127
0.000969368
-3.79594e-05
-3.68404e-05
-0.001083
0.00120102
-4.13012e-05
-3.86434e-05
-0.00132362
0.0014459
-5.08357e-05
-4.5696e-05
-0.00156159
0.0016567
-5.8306e-05
-5.72723e-05
-0.00171501
0.0017556
-6.47006e-05
-6.77024e-05
-0.00180348
0.00192913
1.12315e-05
-2.92469e-05
-0.00212891
0.00228019
7.84891e-05
4.34315e-05
-0.00232942
0.00310856
0.000761679
-0.00193034
0.000264089
-0.00286724
0.00263765
0.000893795
0.000874201
-0.00197754
0.00125866
0.000332668
0.000832842
-0.000701022
0.000490131
-2.07891e-06
6.23607e-07
-0.000399192
0.000254964
-1.96877e-05
0.000106808
-2.32671e-05
3.4525e-05
0.000206476
-1.95839e-05
-2.87877e-05
2.19728e-05
-1.77468e-05
3.39923e-05
-4.07662e-05
-2.20753e-05
-1.74109e-05
-1.50443e-05
9.20985e-06
-1.87631e-05
-1.84022e-05
-4.26072e-06
-1.14968e-07
-1.93839e-05
-1.91541e-05
4.50941e-06
-9.48282e-06
-1.91605e-05
-1.93919e-05
1.53239e-05
-2.22363e-05
-1.84306e-05
-1.87868e-05
2.90302e-05
-3.42251e-05
-1.71511e-05
-1.77874e-05
-4.81925e-05
-1.32249e-05
-1.16526e-05
-3.10922e-05
4.09719e-05
-4.83409e-05
-1.33233e-05
-2.2138e-05
0.00184488
-2.84333e-05
-2.29581e-07
-2.25324e-07
3.24067e-05
-0.000213315
0.000154229
3.88578e-07
-3.52522e-06
2.474e-05
-1.14732e-05
-3.10277e-05
-3.94443e-05
5.22142e-05
-3.29213e-05
-3.19664e-05
-6.70466e-05
8.4419e-05
-3.36462e-05
-3.33565e-05
-0.000106456
0.000133152
-3.22089e-05
-3.31863e-05
-0.000164581
0.000200102
-3.10349e-05
-3.15353e-05
-0.000239967
0.000284725
-3.0462e-05
-3.05467e-05
-0.000334965
0.000390931
-3.10061e-05
-3.03825e-05
-0.000452851
0.000520659
-3.2458e-05
-3.17812e-05
-0.00059551
0.000677971
-3.31915e-05
-3.29501e-05
-0.000769832
0.000871926
-3.44894e-05
-3.36048e-05
-0.000984621
0.00110705
-3.2994e-05
-3.4478e-05
-0.00123725
0.0013733
-3.37465e-05
-3.23613e-05
-0.00151184
0.00164674
-4.1945e-05
-3.58335e-05
-0.00176473
0.00187159
-8.56036e-05
-4.55032e-05
-0.00010465
0.00203563
0.00217239
0.000213962
-0.00167723
-0.00250342
0.00269538
0.00034219
0.000257144
-0.00287316
0.00297478
0.000741213
0.000507241
-0.00283036
0.00182276
0.000879894
0.000897921
-0.00109336
0.00063178
4.65935e-06
-0.00078926
0.000305534
-0.000456922
0.000359444
-1.17497e-05
-7.01274e-06
-1.78421e-05
-2.49841e-07
4.02176e-07
-3.53651e-07
4.76924e-07
-3.63797e-07
-7.03693e-07
1.00484e-06
-3.26648e-07
-3.28688e-07
-1.26136e-06
1.51398e-06
-3.15108e-07
-3.24071e-07
-1.75168e-06
1.98883e-06
-3.0188e-07
-3.08862e-07
-2.22018e-06
2.43522e-06
-2.72143e-07
-2.90587e-07
-2.63396e-06
2.80543e-06
-2.24445e-07
-2.48236e-07
-2.9551e-06
3.07792e-06
-1.83866e-07
-2.03517e-07
-3.17273e-06
3.22848e-06
-1.35855e-07
-1.61725e-07
-3.26572e-06
3.27871e-06
-6.89896e-08
-1.04033e-07
-3.2828e-06
3.26565e-06
-4.74022e-09
-3.45604e-08
-3.23033e-06
3.16522e-06
5.23769e-08
2.38842e-08
-3.0739e-06
2.95346e-06
1.08665e-07
8.0381e-08
-2.80705e-06
2.63251e-06
1.61779e-07
1.35623e-07
-2.42976e-06
2.19975e-06
2.16603e-07
1.88378e-07
-1.9488e-06
1.68291e-06
2.6472e-07
2.42966e-07
-1.40631e-06
1.11638e-06
2.98393e-07
2.82044e-07
-8.09417e-07
4.86003e-07
3.361e-07
3.16046e-07
-1.51561e-07
-1.86472e-07
3.76204e-07
3.57084e-07
5.23944e-07
-8.59236e-07
3.98735e-07
3.89909e-07
1.1925e-06
-1.51691e-06
3.99779e-07
4.03692e-07
1.8296e-06
-2.11859e-06
3.74137e-07
3.88475e-07
2.3796e-06
-2.60634e-06
3.37336e-07
3.56794e-07
2.79944e-06
-2.96214e-06
2.92319e-07
3.16293e-07
3.1048e-06
-3.21289e-06
2.31184e-07
2.64834e-07
3.29246e-06
-3.34682e-06
1.57691e-07
1.93265e-07
3.38158e-06
-3.40231e-06
8.00999e-08
1.20951e-07
3.40605e-06
-3.38851e-06
-1.15718e-08
3.48124e-08
3.34272e-06
-3.26376e-06
-1.03543e-07
-5.73649e-08
3.14696e-06
-2.9987e-06
-1.86751e-07
-1.46815e-07
2.8275e-06
-2.62523e-06
-2.5989e-07
-2.25764e-07
2.4085e-06
-2.15727e-06
-3.17424e-07
-2.92092e-07
1.90229e-06
-1.63202e-06
-3.50756e-07
-3.38577e-07
1.35039e-06
-1.05668e-06
-3.71865e-07
-3.60064e-07
-3.7437e-07
-1.53155e-07
2.2948e-07
-3.87787e-07
-3.79211e-07
-2.82311e-07
3.2717e-07
-3.99254e-07
-3.89656e-07
-3.54383e-07
3.6593e-07
-3.97023e-07
-4.00195e-07
-3.67044e-07
3.56167e-07
-3.81531e-07
-3.90586e-07
-3.37106e-07
3.08679e-07
-3.53416e-07
-3.69599e-07
-2.68626e-07
2.17631e-07
-3.12136e-07
-3.34042e-07
-1.6081e-07
1.03149e-07
-2.67433e-07
-2.89022e-07
-4.57533e-08
-1.3876e-08
-2.29598e-07
-2.47102e-07
7.61812e-08
-1.41673e-07
-1.87937e-07
-2.1051e-07
-3.13244e-05
-0.000220921
-1.35517e-07
-1.84544e-07
-4.27537e-05
-1.37485e-07
2.51838e-07
-2.70563e-07
-3.36123e-08
-2.72772e-07
-3.82602e-07
5.50237e-07
-2.84418e-07
-2.77279e-07
-7.59683e-07
9.8297e-07
-2.93011e-07
-2.89055e-07
-1.17351e-06
1.27731e-06
-2.98789e-07
-2.97401e-07
-1.25896e-06
1.11839e-06
-3.13151e-07
-3.01794e-07
-8.68133e-07
4.61591e-07
-3.55181e-07
-3.32893e-07
1.59057e-07
-1.03773e-06
-3.92168e-07
-3.72143e-07
2.22883e-06
-3.67006e-06
-5.4512e-07
-4.43715e-07
5.41271e-06
-7.61743e-06
-9.68143e-07
-7.14212e-07
1.06292e-05
-1.49047e-05
-1.8653e-06
-1.31218e-06
2.08752e-05
-2.91064e-05
-4.0913e-06
-2.65473e-06
4.01483e-05
-5.63622e-05
-1.28412e-05
-6.68078e-06
8.07887e-05
-0.000102678
-2.70383e-05
3.27921e-05
-2.18696e-05
-4.68211e-05
-7.88366e-05
5.89411e-05
-1.52884e-05
-2.02931e-05
-4.4127e-05
3.25133e-05
-6.85672e-06
-9.95134e-06
-2.35581e-05
1.6672e-05
-2.87246e-06
-4.47179e-06
-1.16244e-05
8.11666e-06
-1.22638e-06
-1.85454e-06
-5.74696e-06
4.06448e-06
-6.08632e-07
-8.38403e-07
-2.7364e-06
1.59606e-06
-3.85008e-07
-4.72538e-07
-6.03209e-07
-2.03485e-07
-3.12729e-07
-3.29932e-07
7.79512e-07
-1.12445e-06
-3.22106e-07
-3.12895e-07
1.27633e-06
-1.27289e-06
-3.29952e-07
-3.30275e-07
1.19164e-06
-1.0577e-06
-3.08779e-07
-3.18988e-07
9.18723e-07
-7.93055e-07
-2.9476e-07
-3.00095e-07
6.81441e-07
-5.74142e-07
-2.89654e-07
-2.90714e-07
4.57501e-07
-2.99456e-07
-3.07386e-07
-2.85779e-07
-3.08557e-07
-1.00893e-07
4.15261e-06
-3.00588e-07
2.88928e-07
-9.64668e-08
4.61013e-08
-2.63909e-07
-2.20528e-07
-1.31317e-07
2.60645e-09
-4.83915e-08
-2.889e-07
-2.80073e-07
9.21527e-08
-1.2894e-07
-3.01797e-07
-2.9474e-07
1.6439e-07
-1.96275e-07
-3.142e-07
-3.07951e-07
2.24968e-07
-2.51024e-07
-3.31295e-07
-3.21674e-07
2.76352e-07
-2.97468e-07
-3.59015e-07
-3.43509e-07
3.14676e-07
-3.22248e-07
-3.92966e-07
-3.7585e-07
3.18663e-07
-2.9877e-07
-4.16212e-07
-4.07094e-07
2.64129e-07
-2.08321e-07
-4.08398e-07
-4.17521e-07
0.0027216
-3.92707e-07
-1.35336e-07
0.000177523
-0.000202316
-1.6613e-09
4.10708e-07
-2.31617e-08
-3.89218e-05
-1.07216e-06
-1.19751e-06
-3.89905e-05
0.0012625
-1.93065e-08
-1.72443e-08
4.51395e-07
-1.01149e-08
-1.25436e-08
-2.73657e-08
-4.80562e-08
-7.25484e-08
-9.93677e-08
-1.26009e-07
-1.4969e-07
-1.6779e-07
-1.79985e-07
-1.87606e-07
-1.92549e-07
-1.95921e-07
-1.98765e-07
-2.02357e-07
-2.10452e-07
-2.18058e-07
-2.21856e-07
-2.1252e-07
-2.61682e-07
2.77727e-07
-2.8756e-07
1.83191e-07
-4.00522e-07
-5.13291e-07
-6.33486e-07
-7.42472e-07
-8.30224e-07
-9.03065e-07
-9.80579e-07
-1.08819e-06
-1.2712e-06
-1.58102e-06
-2.07003e-06
-2.76742e-06
-3.65809e-06
-4.68023e-06
-5.7906e-06
-7.02164e-06
-8.5178e-06
-1.05699e-05
-1.35525e-05
-1.78784e-05
-2.39768e-05
-3.2426e-05
-4.43257e-05
-6.07815e-05
-8.50095e-05
-0.000117993
0.000136231
9.51347e-05
6.37835e-05
4.41054e-05
3.21177e-05
2.38858e-05
1.81009e-05
1.39466e-05
1.10321e-05
8.87292e-06
7.14149e-06
5.66097e-06
4.39884e-06
3.40033e-06
2.65333e-06
2.09286e-06
1.65531e-06
1.30636e-06
1.06757e-06
9.48254e-07
9.14367e-07
9.11121e-07
8.92826e-07
8.32249e-07
7.3553e-07
6.17557e-07
4.74837e-07
2.73752e-07
-0.00128864
0.00114407
2.41354e-07
-2.72466e-07
1.5977e-07
2.46552e-07
2.31231e-07
2.12214e-07
1.92824e-07
1.75543e-07
1.54971e-07
1.32325e-07
1.11312e-07
9.55857e-08
8.44037e-08
7.34414e-08
6.05271e-08
4.66065e-08
3.49395e-08
2.80412e-08
2.58632e-08
2.84322e-08
3.18936e-08
4.28696e-08
2.47488e-07
-1.43405e-07
3.53716e-07
4.71426e-07
5.8448e-07
6.89293e-07
7.85057e-07
8.70699e-07
9.41642e-07
9.98849e-07
1.04231e-06
1.07641e-06
1.09656e-06
1.09678e-06
1.07979e-06
1.05394e-06
1.02621e-06
1.00117e-06
9.81325e-07
9.64143e-07
9.39517e-07
9.02869e-07
8.53705e-07
7.96071e-07
7.31811e-07
6.55519e-07
5.64805e-07
4.62011e-07
3.52966e-07
2.43823e-07
1.36423e-07
3.16627e-08
-6.77435e-08
-1.59812e-07
-2.45423e-07
-3.21436e-07
-3.8744e-07
-4.46944e-07
-5.07922e-07
-5.74139e-07
-6.4155e-07
-7.02185e-07
-7.5219e-07
-7.94084e-07
-8.31147e-07
-8.63027e-07
-8.86025e-07
-8.99531e-07
-9.07506e-07
-9.16299e-07
-9.3004e-07
-9.46152e-07
-9.57259e-07
-9.57912e-07
-9.44047e-07
-9.18839e-07
-8.86009e-07
-8.44179e-07
-7.86441e-07
-7.11938e-07
-6.25889e-07
-5.37449e-07
-4.51015e-07
-3.64001e-07
-2.7199e-07
-1.81175e-07
-1.15362e-07
-8.98371e-08
-7.61572e-08
-5.69212e-08
-0.000219954
-0.000279842
-0.000363848
-0.00050209
-0.000832093
-0.00144052
-0.0032937
-0.00320988
-0.00270703
-0.00230435
-0.00185954
-0.00142003
-0.00113809
-0.00138163
0.000266646
-0.00106706
-0.00018823
-0.000987123
-0.000931916
-0.000852773
-0.000752514
-0.00063856
-0.000527883
-0.000426777
-0.000336345
-0.000256825
-0.000189003
-0.000133008
-8.66673e-05
-4.77504e-05
-1.50518e-05
1.33692e-05
3.71004e-05
5.53664e-05
6.88637e-05
7.8262e-05
8.41794e-05
8.64192e-05
8.48849e-05
7.91939e-05
7.04778e-05
6.02067e-05
4.92119e-05
3.89676e-05
2.95842e-05
1.26121e-05
5.77959e-06
-4.80255e-06
3.66837e-07
-6.27664e-06
-0.00173491
0.000193365
0.000606858
0.00158537
3.69534e-05
-2.94387e-05
3.14758e-05
2.77565e-05
2.50781e-05
1.98333e-05
1.37344e-05
8.44409e-06
3.96035e-06
1.19853e-07
-3.70207e-06
-8.15976e-06
-1.34391e-05
-1.95582e-05
-2.48237e-05
-2.75026e-05
-3.1257e-05
-3.67869e-05
-2.93516e-05
-0.000307325
0.000249319
-0.000424296
-0.000578958
-0.000974509
-0.00166319
-0.00356241
-0.00353229
-0.00287068
-0.00215881
-0.00173303
-0.00140035
-0.00116319
-0.00102556
-0.00092485
-0.000853558
-0.000842506
-0.000783478
-0.000701181
-0.000602328
-0.000502537
-0.000409398
-0.000324883
-0.000249282
-0.000183994
-0.000129849
-8.48561e-05
-4.67933e-05
-1.46281e-05
1.34857e-05
3.70409e-05
5.525e-05
6.87424e-05
7.81433e-05
8.40481e-05
8.62473e-05
8.46452e-05
7.8902e-05
7.01445e-05
5.98687e-05
4.88959e-05
3.87086e-05
2.93784e-05
1.24794e-05
6.70758e-05
-0.000100103
-4.18301e-06
-2.72013e-07
2.41591e-07
)
;

boundaryField
{
    wall
    {
        type            calculated;
        value           uniform 0;
    }
    outlet
    {
        type            calculated;
        value           nonuniform List<scalar> 
20
(
1.16661e-05
1.24428e-05
4.42007e-06
2.00142e-05
1.7505e-05
1.59661e-05
1.53678e-05
1.48192e-05
1.46258e-05
1.46306e-05
1.48e-05
1.53602e-05
1.5937e-05
1.74839e-05
2.00483e-05
4.41627e-06
1.24718e-05
1.17349e-05
5.25652e-06
5.17383e-06
)
;
    }
    frontAndBackPlanes
    {
        type            empty;
        value           nonuniform List<scalar> 0();
    }
}


// ************************************************************************* //
