/*--------------------------------*- C++ -*----------------------------------*\
| =========                 |                                                 |
| \\      /  F ield         | OpenFOAM: The Open Source CFD Toolbox           |
|  \\    /   O peration     | Version:  2212                                  |
|   \\  /    A nd           | Website:  www.openfoam.com                      |
|    \\/     M anipulation  |                                                 |
\*---------------------------------------------------------------------------*/
FoamFile
{
    version     2.0;
    format      ascii;
    arch        "LSB;label=32;scalar=64";
    class       surfaceScalarField;
    location    "0.00026";
    object      phi;
}
// * * * * * * * * * * * * * * * * * * * * * * * * * * * * * * * * * * * * * //

dimensions      [1 0 -1 0 0 0 0];

oriented        oriented;

internalField   nonuniform List<scalar> 
5190
(
-6.8836e-18
1.92746e-17
5.90764e-17
5.85587e-17
-1.90084e-17
1.39425e-17
-1.15572e-17
-5.62121e-17
3.52321e-19
1.71487e-17
3.00636e-17
3.52605e-17
7.77014e-17
-8.18245e-18
1.65605e-17
2.75143e-17
6.82983e-17
1.99142e-17
1.67907e-17
3.61179e-17
1.69204e-17
1.77192e-17
9.81847e-18
4.09939e-17
-3.19791e-18
-2.11474e-17
-4.08546e-17
-3.28053e-17
-1.09323e-17
5.86564e-18
2.0019e-17
-1.14196e-17
2.78457e-17
2.96177e-17
-1.03841e-16
1.94764e-17
6.04711e-18
-8.47001e-17
2.47466e-17
-6.91168e-17
-1.18996e-17
3.94456e-17
1.47108e-17
4.84011e-17
-1.41279e-18
2.63769e-18
-1.3132e-17
1.06676e-17
-8.99708e-18
-9.40098e-18
2.63715e-17
1.21845e-17
3.4941e-17
8.13217e-18
-1.14248e-17
4.61225e-18
1.5882e-17
-4.7678e-17
-7.48141e-17
-2.37366e-17
2.54796e-17
1.68869e-17
2.98981e-17
1.1326e-17
-4.44499e-18
-1.31185e-17
-1.38992e-17
-2.89879e-17
-3.10487e-17
-1.77165e-17
-1.61236e-17
-5.74558e-18
-2.41262e-17
1.72677e-17
-4.89973e-17
-3.14812e-17
1.67561e-17
4.263e-19
5.71917e-18
-4.02374e-17
-8.56363e-18
-1.70711e-17
5.92202e-19
-3.28936e-17
1.36943e-17
3.86789e-17
4.05041e-17
4.75265e-17
-1.40055e-17
4.35651e-17
-5.92641e-17
2.21281e-17
-3.58056e-17
7.76227e-18
6.89578e-17
-3.72184e-19
-2.50518e-17
-2.32732e-17
-3.83886e-17
1.68318e-17
-2.25166e-18
3.21131e-17
1.89076e-17
-2.50015e-17
-7.92102e-18
1.18177e-17
2.7931e-17
1.27907e-17
-1.40905e-17
-2.53367e-18
5.17524e-18
4.74066e-17
1.82447e-17
-2.54951e-17
3.19502e-19
-3.07928e-17
-2.84723e-17
1.7971e-17
8.30494e-17
-1.38249e-17
2.11655e-17
-2.98254e-18
-2.51473e-17
-4.44391e-17
5.17002e-17
3.11199e-17
-2.22593e-17
5.36544e-17
-3.20823e-17
6.35163e-17
-1.85243e-17
2.5286e-17
-4.91623e-17
-1.98538e-17
2.40023e-17
2.92286e-17
-3.72697e-17
5.19363e-17
-3.72175e-17
-1.32002e-17
-1.64535e-17
6.683e-18
2.83096e-18
1.814e-17
-6.02405e-17
3.3866e-17
-4.86107e-17
3.605e-17
-6.89251e-17
3.86368e-17
1.60877e-17
-2.17314e-17
4.28214e-17
-4.33572e-17
-4.31782e-17
4.37088e-17
-9.52725e-17
2.47232e-17
-3.4464e-18
4.17964e-17
6.44024e-17
-7.97523e-20
-4.55582e-17
-5.13337e-17
-1.25542e-17
5.89997e-18
2.36704e-17
-1.34686e-17
6.76693e-18
3.06868e-17
-2.32838e-18
5.01402e-17
4.08096e-18
2.0121e-17
-2.77558e-19
7.09623e-17
-5.18545e-17
2.05256e-17
-2.45353e-17
-1.20288e-17
-2.93147e-17
2.02817e-17
-1.51147e-17
7.68885e-18
-5.38706e-18
1.41593e-17
1.47011e-17
-6.42334e-18
3.48377e-17
9.84952e-18
4.36936e-17
-5.83066e-17
-2.10501e-17
-1.04149e-17
1.69179e-17
3.70678e-17
3.61788e-17
5.54009e-17
-2.68228e-17
-2.83324e-17
8.14761e-18
-1.55663e-17
1.85288e-17
-2.15697e-17
-1.85246e-17
-4.38084e-17
4.33415e-17
1.38684e-17
2.12406e-17
2.67637e-17
2.37507e-17
4.58617e-17
2.41089e-17
-4.17694e-17
2.12768e-17
2.74579e-17
-4.33072e-17
-3.69267e-17
-4.56978e-17
-5.52675e-17
1.08845e-17
3.31142e-17
1.47969e-17
5.22302e-17
-1.63313e-17
-3.58886e-17
-2.37718e-17
-4.37908e-17
-6.34283e-18
-2.08556e-17
4.59942e-17
3.57049e-17
3.81156e-17
6.00691e-18
-9.93434e-18
-2.44199e-17
-3.24015e-17
6.33922e-18
-4.11319e-18
1.54075e-17
1.70545e-17
-9.73276e-18
1.80389e-17
-1.0707e-18
-8.22015e-18
-1.47036e-17
3.46844e-18
8.82791e-18
-1.05058e-17
-6.69453e-18
-5.9968e-18
-1.53012e-17
1.30863e-17
2.32981e-17
3.05253e-17
-6.56371e-17
-1.69083e-18
-1.11422e-17
-3.36278e-17
-1.4263e-18
9.24707e-17
-9.16418e-17
8.77915e-18
-3.73963e-17
-2.31151e-17
1.77596e-17
3.45498e-17
4.02141e-18
-1.98248e-17
-2.48043e-17
-2.8796e-17
6.6041e-18
4.02993e-17
-2.74291e-18
1.72953e-17
-5.57407e-17
1.88614e-17
-3.41176e-17
2.95189e-17
3.28877e-17
1.21148e-17
1.59496e-17
-1.94251e-17
4.76927e-17
-4.14833e-17
1.22244e-17
-5.39584e-17
-2.0377e-17
-7.76606e-17
2.12076e-17
1.23615e-17
4.00321e-17
2.3584e-17
3.73938e-17
2.4781e-17
5.00277e-18
-5.34221e-17
-3.00831e-17
-3.56395e-17
2.04779e-17
-2.34305e-17
7.41948e-20
3.11393e-17
1.37469e-17
3.57199e-17
-2.1116e-17
-6.18335e-17
2.26598e-17
-5.34787e-18
8.4858e-19
-1.80828e-17
-8.71477e-18
2.51333e-17
-1.12614e-17
-2.87031e-17
-3.07935e-17
-1.82655e-17
2.24509e-17
1.96569e-17
-1.62123e-17
4.65581e-18
-5.66266e-17
4.05655e-17
1.34033e-17
4.81184e-17
2.06077e-17
-2.52959e-17
1.15834e-17
-9.65766e-18
1.42774e-17
-3.63397e-17
-4.13356e-18
-2.6686e-17
-1.60439e-17
-5.93601e-17
-2.53496e-17
1.76362e-17
3.84144e-17
2.58958e-17
2.14613e-17
3.95169e-17
2.25851e-17
9.67022e-18
1.39578e-17
7.12912e-17
-5.80161e-18
-6.24671e-18
-3.13436e-17
-1.61557e-17
-1.25586e-17
1.73408e-17
-2.70048e-17
1.65728e-17
-1.30996e-17
2.02462e-17
2.12209e-18
4.75971e-17
-4.33414e-19
-2.44907e-17
-7.16069e-18
1.92713e-17
-4.55845e-17
-2.85809e-18
-1.80897e-17
-9.9609e-18
-3.25887e-18
-2.13854e-17
-1.07489e-17
2.63988e-17
4.04567e-17
3.58982e-17
6.82403e-17
-8.97684e-18
-1.85779e-17
5.79458e-17
-2.88814e-17
2.84339e-17
-4.80784e-17
-3.68895e-17
8.53051e-18
3.92199e-17
-5.84118e-18
3.86073e-17
5.49392e-17
-1.88657e-17
-2.11246e-17
-1.49937e-17
3.2655e-18
-1.91381e-17
2.45747e-18
1.30692e-17
4.6809e-17
-7.38316e-17
2.74564e-17
1.71829e-17
3.47081e-17
5.46686e-17
4.79736e-17
-2.51341e-17
-2.91272e-17
1.31212e-18
1.11291e-18
-5.27101e-18
-1.80047e-17
3.27407e-17
7.74766e-18
-5.60212e-18
-1.39076e-17
-3.71734e-17
-1.47188e-17
-8.72798e-18
8.00231e-18
1.3567e-17
1.48872e-17
2.11146e-17
-1.37823e-17
2.70684e-17
-3.27941e-18
8.4001e-19
-3.55192e-17
2.76409e-17
-6.55943e-18
-6.26173e-18
-4.93993e-17
-1.45413e-17
1.26549e-17
7.34697e-18
9.6087e-18
-2.58174e-17
2.40599e-17
-3.04478e-17
-1.66475e-17
-4.39348e-17
-4.71663e-17
-1.09093e-17
-4.12108e-17
1.98569e-17
4.7889e-17
-2.43569e-17
1.66814e-17
-3.16471e-17
3.02656e-17
-2.85992e-17
7.76843e-17
2.17561e-17
-7.39872e-17
-3.17724e-18
-2.07459e-17
4.76297e-17
1.64139e-17
-2.35249e-17
4.69191e-17
3.48144e-17
-3.93589e-17
4.90273e-18
8.38508e-17
1.247e-17
1.0947e-17
-7.9723e-18
-3.47143e-18
-9.81719e-18
-3.55532e-18
6.95922e-18
-4.97817e-17
-3.92805e-17
-2.4874e-17
-2.28525e-17
-1.89853e-17
-2.44572e-17
-4.14437e-17
-4.14834e-17
-1.42534e-17
-2.27653e-17
-3.97332e-17
-1.22802e-17
-4.28363e-17
-1.02497e-17
-1.33117e-17
1.05873e-17
-3.88141e-17
-5.6404e-17
-7.55651e-18
-6.14859e-18
-1.79822e-18
-1.07605e-17
2.3708e-17
-4.37373e-17
-3.0792e-17
-3.13297e-17
-3.05433e-17
-8.90403e-18
3.62833e-17
-2.60982e-17
-1.97887e-18
1.8662e-17
2.10944e-17
1.67606e-17
-8.0876e-18
9.78923e-18
-1.25257e-17
-3.0566e-17
3.04425e-17
6.70288e-18
2.92764e-17
3.37479e-17
-4.57724e-12
-2.83032e-15
8.06658e-11
-3.76265e-15
-4.39213e-16
-5.04823e-13
-2.72021e-16
4.5807e-12
-5.05417e-13
-1.04815e-15
8.07148e-11
-7.52427e-15
4.37612e-17
-7.73919e-19
-8.35401e-18
-1.64601e-17
-8.03133e-17
-2.01667e-17
9.79777e-18
3.86664e-17
-3.56995e-17
-4.23795e-17
7.79502e-18
-7.67771e-17
-1.19272e-17
-4.71345e-17
6.96186e-18
-9.32844e-18
-1.22315e-17
4.00451e-17
8.67622e-17
1.05012e-16
1.88664e-17
7.45311e-18
9.75082e-18
3.03919e-17
-3.67825e-17
-2.04743e-17
1.22614e-17
-3.75814e-17
1.04447e-18
-6.67406e-18
5.35446e-18
-1.99434e-17
2.67703e-17
2.14338e-17
1.16e-17
9.98673e-18
4.36424e-17
1.94088e-17
4.67922e-17
1.77914e-17
-2.45173e-17
4.50451e-17
1.98694e-17
5.47646e-17
-1.56121e-17
7.28978e-17
-1.42777e-17
4.37811e-18
-1.24688e-17
-5.74983e-18
-2.93313e-17
-6.97618e-17
3.6085e-17
-4.82525e-17
-3.42327e-17
-4.49527e-17
-4.24343e-17
4.65313e-17
-1.04214e-17
2.97481e-17
3.15855e-17
-4.38627e-17
-1.41628e-17
-4.21089e-17
1.3977e-17
3.36238e-17
7.45838e-17
2.76819e-17
1.39553e-18
-1.53215e-17
1.73727e-17
3.6095e-17
3.19706e-17
-1.52398e-18
-1.8025e-17
-6.52011e-18
2.60549e-17
-3.78716e-17
3.76924e-17
-5.25065e-18
4.11183e-17
3.13962e-17
-1.9226e-18
-7.48029e-17
5.58534e-17
-3.80373e-17
2.78194e-18
-2.48723e-18
2.12258e-17
2.77813e-17
-2.79417e-17
-4.52683e-17
1.78051e-17
1.51897e-17
-4.89201e-17
2.59531e-17
-3.9778e-17
6.93624e-17
-1.83988e-17
-2.49937e-14
-2.56713e-17
3.41899e-17
-2.20373e-15
2.72523e-17
1.72875e-17
-3.55487e-17
-4.09313e-17
9.92412e-17
8.00005e-17
2.90015e-17
2.29521e-17
4.0644e-17
-2.0796e-17
1.99017e-17
-3.40771e-17
-7.77907e-18
-5.00492e-17
1.23553e-17
3.0574e-17
-3.3447e-17
4.96256e-17
9.85358e-18
-6.23154e-17
-2.80515e-17
-2.3067e-17
-6.95931e-17
-1.98191e-17
-4.23581e-17
-4.84485e-17
1.19536e-17
3.32523e-17
5.05191e-17
-3.28649e-18
-4.21728e-18
1.24136e-17
6.68027e-20
1.92545e-17
5.0822e-18
2.85792e-18
2.47426e-18
4.48562e-17
-4.21813e-18
-1.23897e-17
1.3967e-17
-6.41981e-17
-3.91507e-17
-1.06731e-17
-5.28886e-17
-6.83116e-17
-2.90303e-17
4.05288e-17
4.32732e-17
6.55527e-17
1.49078e-17
-2.22012e-15
2.50182e-14
-1.39468e-17
1.51112e-17
-3.79783e-17
-9.10753e-18
-1.99223e-17
9.70363e-18
-1.00571e-17
-3.80915e-18
-9.12199e-18
7.18829e-18
3.10398e-18
1.60894e-17
1.15167e-17
1.11751e-17
2.35283e-17
-1.73057e-17
-1.23194e-17
6.29932e-19
1.12418e-17
-1.0069e-17
-2.29717e-17
3.40364e-17
2.45764e-17
2.69017e-17
-2.38046e-17
6.00106e-17
-1.42919e-17
-4.95345e-18
3.27937e-17
7.63013e-17
-3.55486e-17
-1.62926e-17
-1.53475e-17
-2.74918e-17
3.84462e-17
3.5912e-17
2.46699e-17
-4.45789e-17
-1.84551e-17
3.74263e-17
-1.55409e-17
-2.35376e-17
2.21635e-17
3.81395e-17
5.42002e-17
4.81494e-18
2.21104e-17
1.74629e-17
-2.56278e-17
-7.70196e-18
-4.13846e-17
-7.90908e-18
-1.57259e-17
3.83672e-17
5.31665e-19
-7.4594e-18
-4.36512e-17
-2.38236e-17
1.76839e-17
5.69569e-18
8.98406e-18
1.54523e-17
-2.52189e-17
2.63173e-17
-1.77214e-17
-1.37293e-17
1.25361e-17
-9.96167e-17
1.41764e-17
-4.87215e-17
2.40824e-17
6.89994e-18
2.94215e-17
6.40789e-17
-1.64442e-18
3.93701e-17
-1.30118e-17
9.55297e-17
-1.41597e-17
-2.7506e-17
1.80889e-17
3.31527e-17
-3.56319e-18
3.3746e-18
-6.18421e-18
8.92364e-18
-1.21309e-19
-2.39445e-17
-7.30917e-18
-1.28761e-17
1.43106e-17
1.20961e-17
-3.04773e-17
1.91779e-17
5.97922e-18
-6.6289e-18
-2.74201e-17
1.27001e-17
-7.74604e-18
3.01295e-17
-9.07758e-18
5.47888e-17
-3.73248e-18
-4.33273e-17
5.61075e-18
-3.03241e-17
2.49948e-17
-6.55265e-18
-3.91852e-17
-5.34718e-18
5.66991e-17
6.30852e-17
2.16553e-17
-6.61381e-14
-1.01504e-13
5.89087e-10
-1.62369e-13
5.89494e-10
-1.21292e-17
6.67981e-19
-4.254e-17
-5.81781e-18
4.2253e-17
-6.96217e-17
-1.03578e-17
5.43414e-17
-3.07865e-17
9.12163e-18
-7.45986e-19
-5.80304e-18
5.98557e-18
1.56391e-18
1.81401e-17
-6.56634e-18
-1.05496e-17
-3.20057e-17
-2.26158e-17
2.01311e-17
-2.36091e-17
2.2016e-17
-1.3618e-17
1.10571e-17
7.12482e-18
7.19594e-18
3.09274e-17
-2.45433e-18
5.89585e-10
-8.07258e-11
-2.78817e-13
-4.29341e-13
-1.07664e-13
8.70669e-09
-1.2983e-12
8.71386e-09
3.32038e-17
-1.31875e-17
-5.72646e-17
-2.34846e-17
4.13353e-18
4.46357e-17
-7.28182e-17
1.39316e-17
-5.16073e-17
2.08987e-17
3.01583e-17
2.26683e-17
-3.50197e-17
3.77069e-17
-5.21222e-18
1.72428e-17
1.33089e-17
2.80622e-17
2.42602e-18
1.36951e-17
2.72494e-17
2.63925e-17
1.06999e-17
3.39994e-17
4.95922e-17
-3.22853e-18
4.90416e-18
2.24158e-17
1.29477e-17
-1.40159e-17
3.18439e-18
-4.47233e-18
5.7023e-18
1.92714e-17
5.16827e-17
-6.44085e-17
-3.57976e-17
-4.82019e-17
-2.19046e-17
-2.79751e-17
-1.78291e-17
-4.13929e-17
7.6771e-18
-9.18328e-19
1.30286e-17
1.14143e-18
-3.52366e-19
-4.89317e-18
-3.93681e-18
-2.17585e-17
8.54847e-19
-2.30715e-17
-3.12673e-17
2.822e-17
1.05559e-17
2.91377e-17
-3.25141e-17
7.02717e-17
-7.42529e-17
-1.76164e-18
-1.30274e-17
-1.01206e-16
-1.38793e-16
9.49454e-18
-1.0859e-16
3.85821e-17
3.99918e-18
-4.4723e-17
-1.91086e-17
1.20211e-17
-2.13071e-17
-2.18106e-17
-6.08196e-19
7.17583e-18
-1.20284e-17
3.6199e-17
3.25133e-17
3.64029e-17
1.3282e-18
-1.67654e-17
-2.25244e-17
-3.58328e-17
-2.18457e-17
4.75329e-17
-1.49087e-17
1.18301e-17
-9.30202e-18
6.98894e-18
-2.24353e-17
-5.55156e-17
4.13962e-17
-1.97923e-17
-2.87602e-18
-5.58359e-17
3.66865e-18
-1.8347e-17
3.94509e-17
-3.00469e-17
-3.87954e-17
-6.82203e-18
1.42967e-17
1.85779e-17
-2.07886e-17
-5.58588e-18
-2.11821e-17
2.4548e-17
-1.7184e-17
-2.83505e-17
-4.7064e-17
-4.52246e-19
-2.40318e-17
2.9448e-17
3.60585e-17
3.34723e-17
1.14413e-17
-3.93264e-17
3.05447e-17
-5.96516e-17
-3.29292e-18
-3.14703e-17
2.13941e-17
1.32489e-17
-5.9426e-17
3.41431e-17
2.12481e-17
-4.69569e-17
5.65705e-17
-1.87509e-17
8.67856e-17
-2.32081e-17
4.57891e-12
-5.04893e-13
-1.02761e-15
-9.69567e-15
2.49567e-14
-2.17067e-15
5.79417e-17
-9.18493e-18
7.84895e-17
2.46724e-17
6.51332e-17
4.88311e-17
2.73015e-17
-5.28955e-17
-2.0051e-17
1.3932e-17
2.49298e-17
2.36635e-18
2.19958e-17
5.06322e-17
4.39773e-17
5.90358e-10
-8.08314e-11
-2.58302e-13
5.88379e-13
-1.2549e-12
8.71896e-09
8.70805e-09
2.42611e-18
1.76068e-17
-3.80818e-17
-1.56532e-17
-2.45425e-17
-5.58126e-17
-4.46331e-17
-2.35116e-17
-4.32722e-17
-5.79947e-18
-2.18881e-17
-1.70618e-19
-9.37504e-18
-4.74424e-17
3.65376e-17
-2.07225e-17
3.01785e-17
2.46818e-17
-2.18719e-17
-6.5239e-18
1.05291e-17
5.62368e-17
-3.13173e-18
-2.73095e-17
-8.72783e-18
-1.50458e-18
-6.12e-18
-9.9817e-18
-2.18213e-15
2.50558e-14
1.83471e-18
1.85539e-17
-5.06123e-13
4.5878e-12
-1.2236e-15
-1.92571e-17
-9.19076e-15
-9.96152e-18
-1.14659e-17
1.602e-17
-2.98839e-18
-4.28147e-18
1.63161e-17
2.01728e-17
1.69366e-18
2.72957e-17
4.87733e-18
1.75519e-18
-7.42693e-18
-2.37438e-17
3.17137e-18
-2.0905e-17
2.39063e-17
-9.74436e-18
-4.1837e-17
-1.51128e-17
1.46642e-17
7.30362e-18
-4.02916e-17
2.93275e-17
8.2193e-18
-7.598e-17
2.04392e-17
-9.30928e-18
3.50326e-17
3.29368e-17
3.37924e-18
3.1465e-19
-1.14137e-17
-5.25156e-17
-2.63864e-17
-2.87789e-17
-2.90169e-17
-4.16398e-18
1.95675e-17
9.25681e-18
-8.48096e-19
7.70197e-18
-7.48795e-17
3.94967e-17
4.53198e-17
3.53858e-17
5.74601e-17
3.71628e-17
-1.05679e-18
7.05159e-18
7.89499e-17
8.5923e-18
1.84065e-18
2.53708e-17
1.87897e-17
-5.35087e-18
2.78942e-17
4.93167e-17
-3.87427e-17
3.28211e-17
2.41023e-17
4.62194e-18
3.59251e-17
2.82883e-17
-6.9801e-18
2.57016e-18
4.24888e-17
1.33905e-17
1.91804e-17
2.33532e-17
-2.27541e-17
-2.88117e-17
-7.9942e-18
7.60698e-18
3.63836e-17
3.06568e-17
3.42325e-17
6.50408e-19
7.42521e-18
2.41758e-17
2.18419e-17
1.88892e-17
1.31539e-17
-1.4601e-17
-5.63951e-17
-4.57556e-17
-1.37711e-17
-7.53785e-17
-5.17877e-17
-6.66293e-18
-2.59972e-17
-5.53338e-17
-3.82184e-17
1.03015e-16
5.01838e-18
8.55148e-17
1.55569e-17
6.46869e-17
-5.72621e-17
-1.69302e-18
-5.01775e-17
-1.50386e-17
-5.55721e-18
-1.40126e-17
-2.40565e-17
8.67548e-19
9.28335e-18
8.42967e-18
-1.97873e-17
-4.82489e-17
-4.16579e-17
-5.51229e-18
1.15801e-17
-2.72703e-18
1.79422e-17
1.82611e-17
-1.08951e-17
2.59114e-17
-7.51502e-18
-2.14607e-17
-1.22119e-17
-1.44545e-17
-3.56951e-17
-2.03446e-17
-2.21929e-17
-3.41257e-17
1.34168e-17
-1.48697e-17
-1.75902e-17
7.11045e-18
-1.84048e-18
1.79154e-19
-3.09605e-18
-1.44973e-17
-6.14626e-17
5.91217e-10
-8.08999e-11
-3.13533e-13
8.7374e-09
-1.58039e-12
8.4991e-18
-1.67585e-17
-1.68423e-17
1.55522e-18
2.12375e-17
9.46633e-18
-7.69745e-18
-6.45806e-18
2.04613e-17
5.42148e-20
3.18438e-17
4.16052e-17
1.6451e-17
5.62762e-17
1.29566e-17
-1.01225e-17
-2.49441e-17
-2.84358e-18
7.41305e-18
-6.85848e-18
-2.88944e-17
-2.23307e-17
-7.0092e-17
-6.61407e-17
-6.3414e-17
-5.31393e-17
-5.53163e-18
-2.02657e-17
2.82109e-19
-8.65687e-18
9.86311e-18
3.84981e-17
-3.77502e-17
2.50097e-17
2.70246e-17
5.87775e-17
2.15949e-17
1.97183e-17
3.88605e-17
4.23848e-17
-9.51967e-18
-2.53345e-17
-3.39749e-17
1.39208e-17
-9.7262e-18
-4.11004e-17
-1.32107e-17
-2.04506e-17
2.42113e-17
-1.14849e-17
-4.09388e-17
-1.67881e-17
2.10038e-17
-5.54254e-17
-3.51635e-17
7.24934e-18
-1.66006e-17
5.9191e-10
-8.10043e-11
-2.7009e-13
8.74391e-09
-1.32637e-12
1.53184e-17
1.57748e-17
-2.43135e-18
2.58346e-17
2.16644e-18
1.75239e-17
-1.84698e-17
-5.73391e-18
1.963e-17
1.34482e-17
1.63705e-17
-1.35071e-17
1.92787e-17
1.13172e-17
-1.19804e-17
-3.71613e-17
6.2222e-17
-1.47476e-17
3.30861e-17
-4.5073e-17
-2.15853e-18
-5.71682e-18
2.67141e-17
-5.11382e-17
4.47207e-17
2.00619e-17
1.93091e-17
7.33876e-18
-3.53582e-17
-2.33996e-17
-2.71718e-17
6.43184e-18
7.95533e-18
4.0674e-19
7.40103e-18
3.88811e-17
1.31053e-17
-2.92979e-17
-9.45569e-20
3.82313e-17
1.12448e-18
-1.69509e-17
-3.26282e-17
-1.76741e-17
4.81858e-18
1.01642e-17
-8.30338e-18
-3.09724e-17
-1.48343e-17
4.4963e-17
2.06392e-17
-6.34258e-18
-6.22487e-18
-2.4519e-17
1.76831e-17
-9.02029e-17
-9.2699e-17
-2.45638e-17
-2.12723e-17
-2.33232e-17
3.26616e-18
5.66573e-18
7.57684e-18
1.53537e-17
9.29727e-18
1.9774e-18
-3.93027e-19
-1.95498e-17
1.69093e-17
-9.08887e-19
-8.78041e-18
3.47465e-17
-3.06172e-17
4.45765e-17
1.53123e-17
5.47325e-17
1.17244e-18
-4.64283e-17
1.05807e-17
7.00544e-18
4.00196e-17
1.76452e-17
-4.56998e-17
2.22248e-17
3.83133e-17
-2.52958e-17
4.26842e-17
1.64288e-17
-2.60269e-18
3.88729e-17
-2.28291e-17
5.51955e-17
-1.00565e-17
-3.09438e-17
2.21858e-17
-1.08097e-17
3.08459e-17
7.32487e-18
-4.73091e-18
-2.82002e-17
-6.74589e-17
-1.21419e-17
1.45922e-17
3.47013e-17
2.51144e-17
-9.8965e-18
-4.34877e-17
2.30541e-17
5.40198e-17
9.24968e-18
2.25945e-17
1.26525e-17
-1.23576e-17
-2.84191e-17
-7.90034e-17
-4.17626e-17
1.52384e-17
3.84833e-17
5.48338e-17
-5.56978e-17
-1.61222e-17
-8.88771e-18
4.21085e-17
-1.29671e-17
7.27548e-17
2.43645e-17
2.1473e-17
-2.07563e-17
-2.01144e-17
3.41991e-17
-2.26385e-17
3.82729e-18
-4.24526e-17
-3.66615e-17
-4.39884e-17
1.51529e-18
7.30926e-17
1.67705e-17
1.79132e-17
1.41971e-19
1.79943e-17
4.58759e-12
-5.05656e-13
-1.46344e-15
-1.17352e-14
2.49543e-14
-2.18497e-15
7.09332e-18
-4.22337e-17
8.34633e-17
3.19156e-18
1.37433e-18
-8.81679e-18
3.48167e-17
-7.99614e-19
-8.19635e-19
-4.25959e-17
4.79217e-17
3.03506e-17
5.61074e-17
2.01244e-18
1.82958e-17
-2.54643e-12
-1.38176e-11
5.01098e-08
1.57344e-11
-2.41965e-11
5.01925e-08
5.01218e-08
-3.98035e-18
2.49398e-18
2.47876e-11
5.02984e-08
-3.41165e-11
5.01707e-08
8.11962e-18
-5.88363e-18
1.88032e-17
8.9593e-18
2.57917e-17
-1.4631e-18
-2.56115e-17
-7.69077e-18
6.27404e-18
8.55385e-18
-1.71392e-17
-9.01452e-18
-2.33861e-17
-1.83491e-19
-4.50891e-17
-5.34322e-17
-2.43191e-17
4.47058e-17
5.83278e-17
1.47245e-17
8.50392e-18
-2.48026e-18
-4.43233e-17
-3.57113e-18
-3.27507e-17
4.28652e-17
-2.43268e-18
2.54855e-17
-1.87826e-18
7.68409e-18
-2.18181e-15
2.50892e-14
3.62397e-17
7.93671e-17
-5.06828e-13
4.59776e-12
-1.00327e-15
3.10145e-17
-9.06928e-15
5.23667e-17
5.13504e-18
1.94664e-17
-2.49069e-17
-2.19523e-17
-2.49322e-17
-3.31525e-17
-2.57269e-17
-1.53045e-17
-2.82063e-17
1.31726e-17
-3.29828e-18
-2.45027e-17
-1.41901e-17
-2.91282e-17
7.28029e-18
-2.01528e-17
-2.22671e-17
-1.59448e-17
6.7888e-18
2.76336e-17
2.39746e-17
2.86368e-17
-8.78959e-18
6.8575e-18
2.99103e-17
-1.22243e-17
-1.01513e-17
1.6779e-17
-2.03694e-17
-1.60535e-17
-4.31097e-17
-2.29855e-17
-4.44248e-17
-2.68072e-17
3.43359e-17
-8.69412e-18
-1.44018e-17
-3.28721e-17
5.5679e-17
-1.92304e-17
1.43261e-17
-2.25081e-17
-2.81399e-17
-4.37271e-17
7.89418e-18
-7.68159e-17
3.73444e-18
1.28506e-17
-7.6466e-17
5.15014e-18
-1.07449e-17
2.77592e-17
7.43707e-18
3.54345e-17
2.12445e-17
5.55246e-17
8.57074e-17
7.44732e-17
-3.13515e-17
-7.82641e-17
4.93114e-17
-1.28061e-17
-2.26604e-17
3.90487e-17
-9.45088e-17
-1.79366e-17
2.44102e-17
2.63857e-17
1.99102e-17
-2.61538e-17
3.40569e-17
5.30375e-17
-5.23803e-17
-2.72366e-18
1.26007e-18
-1.59494e-18
-4.40041e-17
-3.35558e-17
-3.14404e-17
-3.24183e-17
-1.66206e-17
-1.68953e-18
-1.63598e-17
5.0453e-17
2.12881e-17
1.95957e-18
-1.49865e-18
3.05906e-17
1.19621e-17
1.58983e-17
7.99907e-18
1.96631e-17
1.21415e-17
3.07014e-17
5.8065e-17
1.99149e-17
2.08047e-19
-6.45627e-17
-1.89333e-17
-3.80207e-17
2.68825e-18
-4.02622e-17
-5.14498e-17
-2.14288e-18
1.51728e-18
-2.13242e-17
-1.13205e-18
4.77388e-17
-3.16857e-17
1.00043e-16
2.43803e-18
3.36415e-17
1.73781e-17
-3.2969e-17
1.37554e-17
-5.27164e-17
-4.15483e-17
2.35755e-17
2.20936e-18
8.5641e-17
2.03256e-17
-3.5476e-17
3.99129e-17
4.7687e-18
-2.60336e-17
-2.61292e-17
-2.41572e-17
4.56176e-17
8.91762e-17
1.34597e-18
7.25394e-17
1.47781e-18
-5.79721e-17
4.91709e-17
-9.59331e-18
1.82408e-17
3.9098e-19
1.53574e-17
-8.28829e-18
-5.38741e-18
7.67321e-19
5.05376e-18
4.39071e-18
1.10551e-17
6.81818e-18
-7.85985e-18
1.16818e-17
9.75928e-18
1.62234e-17
2.75782e-18
-4.09153e-17
6.78608e-18
-5.00133e-17
1.48842e-17
-4.56134e-17
2.85718e-17
1.26388e-17
1.2365e-17
4.18751e-18
2.36365e-17
-7.41832e-17
-1.58404e-17
1.706e-17
-7.06512e-18
3.6055e-17
1.23542e-17
-1.01155e-18
4.53145e-17
2.87103e-17
1.12346e-17
4.20498e-18
2.25779e-19
-1.88394e-17
-1.15949e-17
1.21707e-17
3.33531e-17
-2.03624e-18
2.86786e-17
-8.5391e-17
-1.60536e-17
2.71772e-17
1.26213e-17
1.63106e-17
8.17842e-18
-1.88936e-17
1.8995e-17
4.89815e-17
-1.5497e-17
4.67235e-17
-1.013e-17
9.33422e-18
1.60733e-17
-3.28035e-17
9.16134e-18
1.9058e-17
3.93266e-18
4.7947e-18
-1.03532e-18
1.13396e-17
3.66753e-17
1.68183e-17
3.91685e-18
-2.00364e-17
-1.99902e-17
-3.24755e-11
5.03208e-08
9.89334e-19
-2.10435e-17
-2.22669e-17
-2.23972e-17
-2.02577e-17
-2.05673e-17
-2.40756e-17
-5.01946e-17
2.69091e-17
1.17806e-17
-5.55875e-18
-1.71149e-17
-2.86516e-17
1.65989e-17
6.71975e-18
-1.1011e-17
4.98332e-17
-2.02712e-17
-6.35315e-18
8.7216e-18
-1.16842e-17
2.39224e-17
-3.75802e-17
-1.64131e-17
5.5416e-18
-1.05911e-17
-3.37405e-17
1.30862e-17
-1.26299e-17
3.66146e-17
4.91991e-17
-1.3187e-17
-2.03535e-17
-1.24758e-18
5.1771e-18
-8.07712e-18
-5.15515e-17
-1.75714e-17
-6.27829e-17
-8.58975e-18
-1.20168e-17
6.46229e-17
3.39664e-17
-1.81266e-17
-8.96153e-18
3.74597e-17
-2.43768e-17
-8.90325e-18
-3.20113e-17
-1.54468e-17
-2.70373e-17
5.29489e-18
1.13426e-17
-9.7893e-18
-3.36362e-18
-4.13529e-18
8.11647e-18
-3.05579e-17
5.24202e-18
-2.12855e-17
-7.70599e-18
-3.61787e-17
6.99039e-18
4.04021e-17
1.43241e-18
1.47872e-18
1.9201e-17
4.11407e-18
-2.37992e-17
-3.30056e-17
2.78683e-19
2.82772e-17
-2.98721e-18
-1.97603e-17
-2.15224e-17
-3.14712e-17
2.77019e-17
7.94142e-18
-6.69611e-11
5.29059e-11
5.81051e-07
5.04731e-08
-8.76809e-09
-3.5186e-11
-8.26002e-11
5.8253e-07
-1.48806e-17
1.18454e-17
2.15208e-17
-7.61515e-18
-2.5497e-17
-6.17716e-18
1.36589e-17
-3.11569e-18
1.67224e-17
1.09731e-17
-2.09944e-17
5.66504e-18
6.06115e-17
-2.21909e-17
-2.55512e-17
-4.79216e-17
1.21934e-17
3.10859e-17
-1.47504e-17
-2.39453e-17
-2.06076e-17
-3.72968e-17
2.72954e-17
-1.26415e-17
-8.10555e-19
-4.11395e-18
6.22137e-17
-6.23083e-17
4.4479e-17
-2.90449e-17
-3.44229e-17
8.75087e-17
5.54855e-17
5.12422e-17
-1.97938e-17
1.78346e-17
3.40177e-18
-1.41381e-17
-3.93212e-18
-1.37801e-18
3.62941e-17
1.99075e-17
-5.00978e-18
3.34203e-17
3.95734e-18
1.56919e-17
-5.05561e-18
1.54398e-18
5.85874e-17
-3.50828e-17
1.36858e-18
3.45387e-17
1.45214e-17
2.32443e-18
9.59527e-18
-6.14968e-17
-4.8466e-17
-1.47114e-17
-1.69186e-17
1.13098e-17
-1.22998e-17
-4.36303e-18
-3.44016e-17
-3.37741e-17
-1.59769e-17
1.52096e-17
2.4007e-17
-3.31514e-17
3.046e-17
4.15447e-17
-2.22545e-17
6.32533e-17
4.70952e-17
2.75144e-17
-1.84696e-17
-1.71873e-17
-4.20194e-17
1.97954e-17
-5.77291e-17
4.53826e-18
2.12888e-17
2.64582e-17
1.31425e-17
-3.39778e-17
4.73908e-17
6.20723e-18
2.7742e-17
-2.52162e-17
-6.81265e-17
1.48092e-17
1.92796e-17
3.24923e-17
-1.8813e-17
-5.25741e-17
9.2911e-18
-4.80651e-17
5.78218e-17
2.13589e-17
6.61687e-17
1.53873e-17
-3.89224e-17
3.72656e-17
-2.55502e-17
5.44781e-17
2.08254e-17
-2.24801e-17
-1.25352e-17
-5.64464e-17
-1.55167e-17
3.42207e-17
-2.63071e-18
2.74718e-17
2.5166e-17
-1.95277e-17
-5.22194e-18
-4.82904e-17
-2.06548e-17
5.93171e-10
-8.11188e-11
-3.05482e-13
-1.36568e-12
4.5994e-12
-5.06825e-13
-1.56952e-15
-1.13426e-14
2.50163e-14
-2.15069e-15
2.23617e-18
9.30975e-18
7.32379e-17
-5.05985e-17
-3.31993e-17
-5.0452e-18
2.70913e-17
3.45794e-17
6.21319e-17
1.99628e-17
-4.15384e-17
2.52484e-17
-3.10828e-17
1.35491e-18
1.44673e-17
-2.51537e-17
-1.1723e-17
-7.71951e-17
1.22997e-17
3.0378e-17
1.34576e-17
1.77939e-17
-4.70963e-11
2.86905e-11
5.79993e-07
5.04865e-08
-8.77197e-09
-3.31498e-11
6.71916e-11
-7.0019e-11
5.82545e-07
5.81016e-07
-1.45039e-11
-2.88363e-11
5.79318e-07
5.79515e-07
5.79881e-07
1.53313e-17
-1.40404e-17
8.98366e-19
4.9716e-17
-5.0962e-18
-5.05492e-17
2.29534e-17
5.21503e-17
-4.85543e-17
3.3199e-17
-3.20101e-18
8.08069e-17
-1.1952e-17
-6.63788e-17
-4.61567e-17
4.9623e-17
1.60213e-17
4.58393e-17
8.03453e-17
3.61527e-17
8.18569e-18
5.44071e-17
-7.33892e-18
-1.30981e-17
-1.01652e-18
4.64038e-17
-3.17149e-17
-9.09177e-17
-2.2047e-15
2.51091e-14
1.22532e-17
4.70433e-17
-5.07599e-13
4.60657e-12
-8.95697e-16
-8.15414e-19
-8.11949e-11
5.93632e-10
-2.44577e-13
-8.14881e-15
-1.11415e-12
-1.16733e-17
1.55216e-18
-1.67639e-17
-4.20226e-17
1.11996e-17
-4.56278e-18
-3.2886e-17
-2.23174e-17
-5.27193e-18
-2.35093e-18
-1.2026e-17
-3.89741e-18
2.44047e-18
5.50218e-18
1.14592e-17
1.39422e-17
-1.80933e-17
-2.24968e-17
-6.56583e-18
6.47117e-18
1.71169e-17
-7.6857e-18
1.14371e-17
2.31258e-17
-3.54521e-17
2.24157e-17
-1.84989e-17
9.2373e-18
3.46539e-17
-1.76854e-17
4.26248e-18
-4.71551e-17
1.54072e-17
-1.70072e-17
1.83078e-17
4.48172e-17
-3.06152e-17
2.89749e-17
2.24031e-17
-1.81062e-17
2.42795e-17
4.54614e-17
-2.73492e-17
-5.47659e-17
-6.21154e-17
1.43736e-17
-4.70002e-17
-1.77384e-18
2.31459e-17
-5.09179e-18
-1.92797e-18
-4.54832e-17
4.63064e-17
-1.41859e-17
3.24318e-17
8.66918e-18
8.39599e-17
3.56176e-17
9.54262e-17
3.39425e-17
-6.48769e-17
-3.1153e-17
-7.86044e-17
4.43852e-17
-5.32015e-17
2.16716e-17
-1.05042e-16
-2.22952e-17
3.36163e-17
-2.64683e-18
-5.12143e-17
-4.35986e-17
4.41234e-17
2.61873e-17
5.28069e-17
5.94592e-18
2.9338e-19
4.7889e-17
-1.24429e-17
1.05632e-18
-3.80588e-17
-5.72321e-17
-1.63591e-17
-5.78782e-17
2.98161e-17
-4.98064e-17
-3.74937e-17
-6.00236e-17
2.39346e-17
4.66022e-17
-4.0118e-17
-4.7528e-17
-4.50162e-18
-1.89841e-17
1.00094e-17
-1.19607e-17
4.34592e-17
3.11448e-17
7.24341e-17
6.60203e-17
-5.58909e-17
5.72942e-17
5.40085e-18
2.67071e-17
2.51981e-18
1.82009e-17
6.2335e-18
-2.1668e-17
4.47984e-18
-5.08301e-17
-3.85334e-17
-5.4389e-17
3.42622e-17
-1.43421e-17
9.91822e-17
-6.80268e-17
-2.10858e-17
2.31225e-17
1.23682e-17
2.6422e-17
2.04333e-18
2.73771e-17
-1.00045e-17
-2.35947e-17
6.10382e-18
1.26039e-18
-7.96996e-18
-2.26831e-17
-1.59159e-17
2.57934e-18
2.12316e-17
-6.41507e-17
-6.71648e-17
1.49067e-18
-3.85261e-17
-3.71492e-17
2.75025e-18
-1.17414e-17
-4.62701e-17
2.5644e-17
6.2708e-18
6.58057e-18
4.06512e-19
2.06378e-17
6.24847e-18
1.46936e-17
1.25135e-17
2.01551e-18
-1.8399e-18
4.62699e-19
4.53816e-18
8.78288e-18
1.5591e-17
-4.38671e-17
-1.25522e-17
-5.19459e-17
-3.18349e-17
1.92217e-18
3.50631e-17
3.7011e-17
1.92999e-17
7.62657e-17
-2.20432e-17
-5.84118e-18
-1.19941e-17
-2.60388e-18
6.36949e-17
4.20807e-18
4.25639e-18
-2.90845e-17
-7.32549e-18
-1.90584e-17
4.21463e-17
-3.06604e-17
3.94934e-17
2.89351e-17
3.19033e-17
-3.64307e-17
1.98447e-17
3.95451e-17
2.35106e-18
-4.62344e-19
4.62254e-17
6.98098e-18
2.4982e-17
5.06545e-08
-8.79745e-09
-2.88208e-11
5.84259e-07
-7.67268e-11
-1.92172e-17
2.4252e-17
4.40976e-17
5.52751e-18
1.94882e-17
7.87323e-18
1.42364e-18
3.22831e-17
2.55303e-17
1.82388e-17
3.28404e-18
-2.35316e-17
7.02178e-17
6.43894e-17
-2.44153e-17
5.28061e-17
4.19973e-17
-8.26175e-19
-2.12102e-17
1.92419e-17
2.52766e-17
-1.79285e-17
1.74147e-17
-1.55988e-17
2.29842e-17
-1.01086e-18
1.12561e-17
-4.0703e-17
2.36229e-17
7.09582e-18
1.33201e-17
4.76835e-18
3.92915e-17
1.50635e-17
3.79618e-17
-2.34082e-17
-3.60099e-18
-1.75505e-17
-8.30103e-18
1.14312e-17
1.43782e-17
-3.42938e-18
-6.57298e-18
1.25701e-17
5.06503e-08
-8.79514e-09
-2.87993e-11
5.84301e-07
-7.27062e-11
-1.56836e-09
1.09541e-09
2.59226e-06
-1.76742e-09
2.59912e-06
-2.64859e-17
-2.15483e-17
-2.22939e-17
-6.31555e-18
4.6115e-18
2.20068e-17
1.24402e-17
1.17809e-17
1.244e-17
-2.65291e-17
-2.30528e-17
3.6387e-18
1.08351e-17
-4.39532e-18
2.56669e-17
-1.29274e-17
-1.24236e-17
1.77157e-17
-4.95078e-18
-4.49673e-17
-3.94828e-17
-5.72147e-18
7.0192e-17
1.63949e-17
-2.19173e-17
1.76589e-17
3.64435e-17
-2.68732e-17
4.04099e-17
-2.20083e-17
-1.18562e-17
-2.31648e-17
4.1804e-17
3.6887e-17
-2.8076e-17
1.17154e-17
3.73439e-17
7.6139e-17
-3.28196e-17
-6.51877e-18
-2.06436e-17
-2.37128e-18
-1.91423e-17
-1.28547e-17
-2.30643e-19
1.72368e-17
-1.46978e-17
1.63975e-18
-2.4259e-17
1.33231e-17
-1.11131e-17
-1.55174e-17
-2.29721e-18
-2.64367e-18
3.28207e-18
1.15181e-17
2.23408e-17
2.47417e-17
1.67949e-17
2.93307e-17
-8.01722e-18
-5.80332e-17
-2.8026e-17
-3.25281e-18
-1.19745e-17
-1.05673e-18
-1.10325e-17
7.06807e-18
1.89789e-17
5.81268e-17
-1.60727e-17
2.06649e-17
1.15059e-17
-4.68242e-17
3.00633e-17
-3.31316e-17
2.79177e-17
-1.72151e-17
7.89792e-18
-3.52745e-17
-1.54173e-17
2.58222e-17
-1.82553e-17
6.53767e-18
-5.5243e-17
-2.07594e-17
1.50625e-17
4.46074e-17
2.79381e-17
6.38373e-17
-3.1052e-17
5.43635e-17
1.41018e-17
4.67411e-17
6.76138e-17
-5.74762e-17
-4.26981e-17
2.20249e-18
4.22629e-18
5.02219e-17
3.23272e-17
2.03279e-18
5.07051e-17
8.73404e-17
3.90881e-17
-2.35136e-17
-2.70406e-17
-5.64521e-17
-7.13776e-18
-4.5513e-17
-2.05339e-17
-3.15623e-17
2.05998e-17
3.07941e-17
5.88094e-18
1.39439e-17
-1.6671e-18
5.7152e-17
2.60923e-18
4.85904e-17
-1.07238e-17
-5.57355e-17
2.05208e-17
-6.90412e-18
3.46811e-17
5.31119e-17
1.49266e-17
4.18464e-17
6.81005e-20
-1.17091e-17
-2.11955e-17
3.32554e-17
-6.81294e-17
6.77066e-18
5.9507e-10
-8.13352e-11
-2.51986e-13
-1.1626e-12
4.61182e-12
-5.07874e-13
-1.32632e-15
-9.83558e-15
2.50784e-14
-2.21842e-15
-4.89558e-17
-2.47636e-17
1.15617e-16
2.30529e-17
-1.58454e-17
-4.53716e-17
-4.33144e-17
-3.11643e-17
-3.97297e-17
2.56617e-17
8.37684e-17
-1.11943e-17
2.73289e-17
-5.6826e-17
-2.93614e-17
7.0975e-17
2.55601e-17
-5.36685e-18
-2.89074e-17
-5.64938e-17
-9.29705e-17
-1.95974e-17
-1.19481e-09
4.65286e-10
2.58762e-06
1.48262e-09
-1.61783e-09
2.59908e-06
2.59258e-06
-2.36951e-11
-3.57771e-10
2.58563e-06
2.58561e-06
2.58732e-06
1.12976e-17
2.77612e-17
-1.46382e-17
1.3131e-17
-7.05422e-18
8.05552e-18
-1.7828e-18
6.064e-18
3.00051e-17
1.05428e-17
1.53415e-17
-1.90279e-17
3.05218e-17
1.69805e-17
3.37007e-17
-2.37101e-17
7.83594e-18
-2.97487e-17
5.89471e-17
-6.30131e-17
6.54032e-17
-3.15219e-17
3.73238e-17
-3.18055e-17
-8.34845e-17
1.21648e-16
-3.13297e-17
-1.46913e-17
-2.18503e-15
2.51103e-14
3.23229e-17
-4.86277e-17
-5.08312e-13
4.61454e-12
-1.03481e-15
-3.07677e-17
-8.13785e-11
5.95232e-10
-2.29969e-13
-8.20542e-15
-1.09177e-12
1.74285e-17
8.19893e-18
-3.4193e-17
-4.75357e-18
-7.77648e-18
2.19676e-17
9.24695e-18
2.30846e-17
-6.44177e-18
1.23023e-17
-7.67073e-18
2.66972e-17
-9.03319e-18
-1.48522e-17
-1.40804e-17
-8.97346e-18
-2.08519e-17
-1.08304e-17
1.11027e-17
1.25482e-17
-2.01503e-17
-3.32124e-17
3.13866e-17
-7.9675e-18
4.0509e-18
-2.48956e-17
-3.55045e-18
-6.01785e-18
-1.79771e-17
2.56953e-17
-6.08914e-17
-4.74603e-19
-2.37845e-17
-1.19316e-17
6.55397e-17
-5.75033e-17
2.81399e-17
-2.94365e-17
-2.69833e-17
-2.96801e-17
5.43863e-17
3.57314e-17
-1.21911e-17
6.47267e-17
4.37271e-17
-2.13416e-18
-2.01044e-18
-3.03903e-17
-9.55491e-18
-4.01014e-17
-5.51663e-17
3.72115e-17
-5.41052e-17
-1.45033e-18
2.1983e-17
2.43127e-17
-2.30393e-17
-4.13767e-17
2.14811e-17
-4.28617e-17
4.75074e-18
-3.68224e-17
8.64717e-17
-2.93487e-17
2.43541e-17
-2.85939e-17
-3.70913e-17
4.31857e-17
-3.87868e-17
-1.64809e-17
-4.06576e-19
5.3727e-17
5.81805e-18
-6.11069e-17
-1.17449e-17
-3.57016e-17
2.51392e-19
-2.33046e-17
4.74392e-17
-2.1224e-17
4.26331e-17
2.00155e-17
-9.63188e-18
-3.9207e-17
-7.85529e-18
-6.31462e-18
-2.53471e-17
-5.03666e-17
-9.59822e-17
3.70247e-17
4.8748e-18
6.34295e-17
-1.04121e-17
-1.81091e-17
-1.85015e-17
4.88915e-17
-9.8272e-18
-5.5928e-17
-2.49604e-17
-7.07459e-18
-1.75718e-17
3.47913e-17
2.86154e-17
2.53984e-17
3.79609e-17
1.27893e-17
-6.12574e-18
-3.96974e-17
-1.61079e-17
-8.00556e-17
-3.03785e-18
2.94613e-18
-3.1756e-17
-5.7518e-18
-3.24473e-17
4.15789e-17
-4.46154e-17
-7.74853e-17
-4.32608e-17
-1.2461e-17
1.20017e-17
1.43223e-18
6.99584e-17
6.33385e-17
-3.33366e-17
1.68321e-17
3.39364e-19
4.27741e-17
-1.49758e-17
6.09922e-18
1.33014e-17
1.94661e-17
-2.29969e-17
-8.00124e-18
-2.40703e-17
-2.07736e-17
2.60638e-06
-1.80904e-09
2.33908e-17
1.36708e-17
1.51376e-17
-1.70751e-17
2.57181e-18
-2.52724e-17
-7.59952e-18
1.26992e-17
3.7951e-18
1.36745e-17
4.86806e-17
-4.66885e-18
2.18866e-17
-1.64814e-17
-2.10622e-17
-1.73179e-17
-8.86335e-18
-3.76751e-18
-1.50229e-17
-2.40772e-17
-8.6513e-18
-2.10079e-17
2.75294e-17
-6.25187e-18
2.41476e-18
-4.71246e-20
-3.09956e-17
5.57567e-17
4.50885e-17
1.80517e-18
-1.63049e-17
-2.17899e-17
-4.25103e-17
3.7424e-17
-5.0051e-17
2.81979e-17
3.96296e-17
-4.78163e-18
-2.67189e-17
-3.34827e-17
2.17419e-18
-1.29533e-17
2.29354e-17
-2.22708e-17
-3.88825e-18
-3.61927e-17
5.7599e-19
7.42624e-18
3.647e-17
4.15362e-18
2.54306e-17
-5.41046e-19
-7.88792e-18
2.40473e-17
3.79451e-17
-1.23684e-17
-7.77779e-18
-1.11002e-17
5.13195e-18
-1.35496e-17
-5.25502e-17
-6.26721e-17
-1.60738e-17
-1.00972e-17
-1.593e-09
2.60657e-06
8.47237e-18
3.88782e-17
5.23283e-18
-1.86379e-17
8.54934e-18
2.58068e-17
-5.38755e-18
-5.53746e-18
1.46766e-17
2.3325e-17
3.86964e-17
-2.00066e-17
-3.01997e-17
-2.38854e-17
1.18442e-17
-2.18618e-18
-3.04779e-17
-9.67074e-18
-1.77527e-17
-2.63675e-17
-5.69682e-18
2.76214e-18
-1.4086e-17
5.6243e-18
-2.98086e-17
-4.56347e-17
-3.83051e-17
-3.22646e-18
9.43023e-18
-2.42706e-17
-4.52066e-17
-1.28772e-17
-4.56984e-17
-5.76475e-18
-2.58155e-17
-8.61766e-10
9.08338e-10
2.04632e-05
-1.56929e-09
2.05038e-05
1.36067e-17
4.21721e-18
2.39449e-18
1.50135e-17
4.63303e-17
-3.18568e-17
-2.1959e-17
-1.56768e-17
7.73578e-18
-1.17905e-17
-1.81383e-17
-3.35514e-17
-1.88513e-17
1.36168e-17
3.59056e-17
4.66868e-17
1.60835e-17
-1.10531e-17
-1.90663e-17
-6.63666e-17
-2.18487e-17
1.13811e-17
-1.2491e-17
-3.31316e-17
1.17648e-17
1.82958e-17
-1.5693e-17
4.44445e-17
2.11681e-18
-1.73566e-18
-1.16974e-17
1.62099e-17
3.78875e-18
-1.47291e-17
1.17104e-17
2.40165e-17
-2.37394e-17
-1.61629e-17
6.96616e-18
3.06841e-17
-9.46365e-18
4.40054e-17
6.84259e-17
4.20046e-17
3.89669e-18
-4.23236e-17
-8.37002e-17
-3.51894e-17
-6.46621e-18
3.69399e-17
1.01896e-17
1.07808e-17
-3.59452e-18
-1.30568e-17
-3.2582e-17
-3.23516e-17
-3.17195e-17
4.18774e-18
2.06944e-17
-5.42778e-18
1.34517e-17
2.59662e-17
-1.3566e-17
2.67662e-18
-3.41454e-17
-1.8848e-18
-2.06672e-17
-1.92956e-18
1.05038e-18
-3.89384e-17
8.10691e-18
4.43319e-17
1.94561e-17
4.26725e-18
1.65959e-17
2.66988e-17
3.64602e-19
3.29107e-17
-3.34327e-17
-3.18663e-18
-2.71052e-17
1.95512e-17
3.38359e-17
1.08513e-17
1.18922e-17
1.56971e-18
-4.26905e-19
-2.53161e-18
-2.07292e-17
-3.46551e-17
-8.17679e-18
-3.94857e-17
-3.04823e-17
-3.53424e-17
2.74992e-17
-1.81188e-17
4.92633e-17
2.84811e-17
-2.07475e-17
2.96667e-17
-4.47759e-17
-4.46098e-18
-5.86603e-18
-8.40578e-17
2.03142e-18
-1.03311e-18
2.58699e-17
1.56621e-17
1.1904e-18
-5.32147e-17
1.05898e-17
2.4826e-17
-8.70878e-18
2.75045e-18
-9.249e-18
5.98791e-17
-3.21714e-17
5.29573e-18
2.12618e-17
4.06861e-17
2.67068e-17
2.6546e-17
3.64941e-17
-3.49399e-17
-1.17981e-17
-2.07804e-17
-1.6399e-17
-3.68562e-17
-1.12406e-17
2.08059e-17
-5.15422e-17
4.81677e-17
1.1774e-17
-5.93769e-17
-3.85889e-17
-3.33244e-17
-4.20312e-17
-1.65471e-17
-8.02956e-18
3.14547e-17
-4.19121e-19
1.50159e-17
9.93146e-18
-4.7377e-18
1.30375e-17
7.68476e-18
7.52119e-18
1.05707e-17
5.07808e-08
-8.8158e-09
-3.13958e-11
-5.85687e-07
2.61242e-06
-2.06463e-09
-1.91624e-10
5.96445e-10
-8.15095e-11
-2.61302e-13
-2.06761e-12
4.62085e-12
-5.08756e-13
-1.44642e-15
-1.42121e-14
2.5158e-14
-2.20464e-15
5.25217e-18
-8.44823e-17
6.23891e-17
4.84638e-17
2.07602e-17
-3.70043e-17
3.20928e-17
-5.30315e-17
-8.02788e-17
-2.45098e-17
-1.50369e-17
2.31773e-18
1.54229e-17
-2.96071e-18
-5.90958e-17
-2.16501e-17
-1.90548e-17
5.17299e-17
5.39655e-17
5.70634e-17
3.56385e-18
-5.63251e-17
-1.25376e-17
3.90162e-17
-1.06501e-09
4.1295e-10
2.04052e-05
2.04291e-05
8.39074e-11
-1.06192e-10
2.03979e-05
2.03964e-05
7.52883e-10
-1.04049e-09
2.04283e-05
2.04054e-05
1.14406e-09
-1.64234e-09
2.05006e-05
2.04634e-05
3.7967e-17
9.50096e-18
-2.79204e-18
-4.54882e-17
-7.61809e-17
-2.3041e-17
-2.19186e-17
-1.88975e-17
3.76854e-17
-1.24795e-17
1.45958e-17
-9.19471e-18
-3.69245e-17
1.34571e-17
-4.6416e-17
1.40415e-17
-3.86247e-17
-5.4781e-17
-4.57129e-17
-4.50063e-18
-1.2665e-17
2.40431e-17
-2.75931e-17
1.89469e-17
3.68099e-17
-2.5574e-17
1.04185e-16
-1.78253e-17
2.69833e-17
-2.23506e-15
2.51526e-14
-8.05701e-18
-1.62812e-17
-5.09034e-13
4.6228e-12
-1.5114e-15
-4.68866e-17
-8.15471e-11
5.96656e-10
-2.79326e-13
-1.45138e-14
-8.81954e-09
5.08014e-08
-3.3439e-11
-2.1282e-12
-5.8584e-07
2.61319e-06
-2.43331e-09
-2.00968e-10
8.90401e-18
-4.78757e-17
-7.98112e-18
-5.11742e-18
-3.37601e-17
-2.86434e-17
-1.47843e-17
3.99976e-17
2.69018e-17
3.01869e-18
-1.93532e-18
2.0149e-17
1.68523e-17
2.80252e-17
-9.8987e-18
-4.59266e-18
2.47379e-17
-5.36438e-21
1.74601e-17
3.4831e-17
3.78475e-17
2.07324e-17
1.60284e-17
3.75297e-17
1.72957e-17
-1.09645e-17
8.43761e-18
-5.70578e-18
-5.41457e-19
-7.6195e-18
-2.27641e-17
-2.46544e-17
5.76518e-18
-1.23283e-17
1.83591e-17
-1.3618e-17
-2.7511e-18
-7.92688e-18
-7.56026e-18
-2.63716e-17
-2.78398e-17
6.06594e-17
-9.03753e-18
4.04825e-17
-2.61909e-17
-2.3049e-18
3.20243e-17
2.31263e-17
4.19597e-17
-4.4113e-17
-2.2307e-17
-2.56694e-17
4.86464e-18
-3.01138e-17
-4.12541e-17
6.04443e-18
6.06479e-17
-1.95137e-18
3.42875e-18
1.75574e-17
7.39308e-18
-2.19404e-17
-2.30122e-17
2.75058e-17
-5.39389e-17
2.73629e-17
3.12651e-17
2.35559e-17
-1.63106e-17
-7.60271e-18
-1.25767e-17
-2.32966e-17
2.73554e-17
8.36183e-18
-4.24191e-17
-7.36533e-18
1.18312e-17
-4.26862e-18
-5.61544e-17
3.55212e-17
4.65669e-17
1.07728e-17
2.376e-17
8.48667e-17
1.82275e-17
-4.88224e-17
6.5946e-17
2.61593e-17
4.45996e-17
-1.54061e-17
8.54979e-18
-4.64227e-17
-6.68665e-17
1.77877e-17
-1.99127e-17
4.52447e-18
7.88929e-18
-4.6634e-17
-6.57182e-17
-8.03151e-17
-1.68076e-17
1.12338e-16
-2.64688e-17
-3.51035e-17
-2.13636e-17
-1.14715e-17
5.20956e-17
-2.24717e-18
6.23123e-17
-5.89884e-17
6.34934e-17
1.59476e-17
-7.62071e-19
6.22801e-17
3.05827e-17
6.20095e-17
-1.72501e-17
-2.78245e-17
-5.22314e-17
2.15419e-18
3.10845e-17
-5.66463e-18
-2.49327e-18
2.76946e-17
-5.00823e-18
2.296e-17
2.91439e-18
2.39481e-17
2.33783e-17
-2.98325e-17
1.40022e-17
4.94032e-19
1.67579e-17
1.95289e-17
7.73537e-19
9.38646e-18
-2.94801e-18
3.41859e-17
-6.58501e-18
2.25359e-17
-4.17685e-18
-5.90216e-17
7.22898e-17
-4.48599e-17
-3.72007e-18
1.20776e-17
-1.82304e-17
1.46706e-17
-2.39831e-17
4.53887e-17
8.46784e-18
7.77855e-18
-3.7896e-17
8.1589e-19
-3.18222e-17
-6.97748e-18
2.70829e-17
-2.62795e-18
2.5477e-17
2.40325e-17
9.6231e-18
1.51242e-17
2.1143e-18
2.03813e-18
-1.84962e-18
2.57148e-17
-7.64815e-19
2.32578e-17
-2.41925e-18
1.7382e-17
-1.00063e-17
7.27002e-18
-2.05497e-17
7.52335e-18
-1.73712e-17
1.4888e-18
2.15155e-17
4.684e-17
2.64673e-18
2.6183e-17
1.46728e-17
1.52591e-18
2.00682e-17
3.18484e-18
-7.38632e-18
-3.84485e-17
-6.79921e-18
-4.7822e-17
1.36825e-17
-2.99164e-17
-4.08455e-17
-8.58621e-18
-3.10231e-18
-2.47994e-17
-6.94963e-18
-5.37875e-18
-1.02799e-18
2.13332e-18
2.99217e-17
-2.06599e-17
-4.6005e-18
1.2142e-17
-2.19724e-17
-4.63904e-17
-4.6815e-18
-1.92067e-17
-3.86986e-17
1.95021e-17
1.33403e-18
6.10631e-18
3.83692e-18
6.61203e-18
-5.19683e-18
2.74082e-17
-3.85808e-17
6.14525e-17
9.18816e-18
-2.50545e-17
-8.55492e-18
6.48682e-18
2.8554e-17
-1.8051e-17
3.61985e-18
-1.94825e-17
5.15405e-18
2.57683e-17
-4.51479e-18
2.88768e-17
1.55648e-17
1.88239e-17
1.78184e-17
1.9001e-17
5.22386e-18
2.35483e-19
-1.28221e-17
-1.14712e-08
2.05307e-05
2.05408e-05
-1.19119e-08
-1.73893e-17
-7.89694e-18
7.08723e-18
3.0622e-17
-1.89957e-17
6.47255e-17
5.78327e-18
-5.4876e-17
1.42081e-17
2.05414e-17
5.28003e-18
4.2738e-17
-3.02706e-18
-2.97783e-17
-5.5145e-18
-9.54003e-18
-3.16938e-18
-3.85968e-18
-1.63766e-17
2.76943e-17
1.97365e-17
-4.27372e-17
5.70323e-18
-1.01335e-16
-1.38992e-17
-5.51492e-17
-7.99919e-17
-1.4016e-17
3.122e-18
-2.83829e-17
2.60367e-17
-8.73308e-18
2.0392e-17
3.63982e-20
-2.33647e-17
-3.36865e-17
-2.8849e-17
-4.97923e-17
-1.59372e-17
-2.19538e-17
-2.33114e-17
-1.41813e-17
1.93832e-17
-8.19375e-18
4.86007e-18
4.29099e-17
1.79991e-17
-8.79182e-18
-3.5922e-18
-2.42456e-17
1.45874e-17
2.50015e-17
7.59667e-18
1.72099e-17
1.51918e-17
7.45492e-18
1.23185e-17
1.41463e-17
2.84831e-17
-4.54004e-18
1.4249e-17
1.64601e-17
-1.82952e-17
-2.85949e-17
1.74938e-17
-1.71877e-17
-2.02315e-17
-5.81272e-17
-3.19014e-18
-3.38816e-17
2.30339e-18
1.31527e-17
6.30217e-18
-1.64721e-17
1.02591e-17
4.12796e-17
1.67832e-17
-1.77661e-17
1.05433e-17
-1.10073e-16
-4.75785e-18
-6.4191e-17
3.51557e-17
4.34905e-17
-3.83133e-17
1.52865e-17
-3.56813e-17
-7.17063e-18
5.47325e-17
7.39395e-17
-1.53026e-17
-1.78683e-18
-9.1285e-18
1.13928e-17
-2.46796e-17
-1.55901e-18
-2.84196e-17
7.46743e-18
-9.45827e-18
1.72794e-17
-5.96311e-18
6.27392e-18
-5.4909e-19
-7.93922e-18
-9.64862e-18
1.63587e-17
-3.10137e-17
2.73619e-18
1.76048e-17
1.60261e-17
-1.05361e-17
-6.80753e-17
-2.22775e-17
-1.37171e-18
2.47088e-17
-4.93391e-18
-3.22507e-17
-3.40667e-17
8.51311e-19
3.014e-17
-3.05238e-17
-4.20933e-17
-6.21812e-17
1.24887e-17
2.31564e-17
3.70231e-17
1.36164e-17
-1.02915e-17
-4.84874e-17
-4.45586e-17
-1.15175e-17
-9.29691e-18
8.70258e-17
4.64282e-17
4.16809e-17
1.19618e-18
-2.56969e-17
-6.04143e-17
-4.6671e-17
-2.90762e-17
-1.48487e-17
9.54103e-18
-2.49193e-17
6.03319e-19
-3.80386e-17
9.94525e-19
-3.62582e-17
5.4734e-18
-3.30578e-18
2.59048e-17
-1.11336e-17
4.95525e-17
5.17125e-17
-4.43612e-18
-3.14022e-17
-4.35537e-18
-3.33832e-17
-2.21415e-18
-9.16937e-18
-1.0059e-18
-2.76331e-17
4.50984e-21
2.76655e-17
4.67845e-17
3.78827e-17
-1.05834e-18
-6.13683e-18
-5.10238e-17
-2.77344e-17
-7.10673e-17
3.49685e-18
-2.21805e-17
5.0819e-18
-1.50339e-17
-1.31706e-17
2.41632e-17
-1.68617e-18
2.11336e-17
4.7742e-17
8.25747e-18
2.18929e-17
-6.64669e-18
3.34363e-17
9.6063e-18
1.6983e-17
-2.97792e-17
-4.815e-17
-1.16518e-17
-2.80202e-17
5.20415e-17
-1.80688e-17
2.05325e-17
-3.68143e-17
-3.15578e-17
2.44489e-17
-6.84406e-18
-2.01909e-18
-1.28014e-17
-6.05621e-18
1.88651e-17
-2.61542e-06
2.0546e-05
-4.27844e-08
-5.8645e-07
-4.5156e-09
-5.08537e-08
-6.4561e-10
-8.82867e-09
-5.91753e-11
-5.97236e-10
-6.07154e-12
-8.1619e-11
-4.76951e-13
-4.62631e-12
-3.93857e-14
-5.09412e-13
-2.78036e-15
-2.51689e-14
-1.90806e-16
-2.19346e-15
-1.70824e-17
-4.946e-17
-1.45914e-17
-8.972e-18
-5.19697e-17
-6.03226e-17
-4.02038e-17
3.41794e-17
-1.79301e-17
2.865e-17
-2.02539e-17
7.7926e-18
8.65322e-18
-3.27835e-17
5.25838e-18
-4.36336e-17
-9.85379e-18
-6.93325e-18
1.68791e-17
4.27727e-17
6.84694e-17
1.58447e-17
-1.00137e-17
-5.14816e-19
-1.56534e-17
9.46972e-18
1.727e-17
-3.1919e-17
-4.78815e-17
-3.10196e-20
-8.34825e-18
1.06445e-17
-1.21034e-17
-2.07085e-17
5.8818e-18
-2.53452e-19
-9.63735e-18
-9.55315e-18
-2.17481e-17
-7.84311e-18
-5.36237e-17
6.98197e-18
-2.88256e-18
3.41512e-08
-7.84132e-08
6.8372e-05
2.97084e-08
6.82694e-05
2.65874e-08
6.8142e-05
1.98965e-08
6.8035e-05
1.29265e-08
6.79597e-05
2.38051e-09
6.79263e-05
-9.9245e-09
6.79215e-05
-1.97733e-08
6.79529e-05
-2.48867e-08
6.80331e-05
-2.75254e-08
6.81407e-05
-3.21692e-08
6.8256e-05
-7.08973e-08
6.83358e-05
-1.8851e-07
6.83584e-05
-3.06483e-17
-3.61938e-17
1.08557e-17
1.1288e-17
1.02419e-18
-2.79072e-17
5.45082e-17
2.84947e-17
-3.39489e-17
-3.17722e-17
-4.82063e-17
-1.08738e-17
2.1725e-17
-8.20196e-19
2.33134e-18
-9.04534e-18
1.34983e-17
1.80991e-17
-4.37203e-17
-4.30766e-17
4.73384e-17
6.13856e-17
-2.12841e-18
-5.23216e-18
-3.93167e-17
1.90486e-17
-4.22837e-17
3.44317e-17
3.9777e-18
6.10928e-20
1.11571e-16
3.28139e-17
2.23147e-15
-4.30062e-18
2.51689e-14
-2.62912e-17
5.09789e-13
-1.9863e-16
4.63044e-12
-2.81306e-15
8.16819e-11
-3.95891e-14
5.97771e-10
-4.80428e-13
8.83588e-09
-6.10764e-12
5.09032e-08
-5.97726e-11
5.86941e-07
-6.45685e-10
2.61813e-06
-4.59966e-09
2.05666e-05
-4.26852e-08
6.84228e-05
-1.9031e-07
-4.65938e-17
9.73839e-18
2.21623e-17
-1.66016e-17
-3.97015e-17
-1.83092e-20
-3.98587e-17
3.98139e-18
-3.26682e-18
-1.55833e-17
-4.49441e-17
2.06248e-17
2.57761e-17
6.54169e-18
2.2676e-17
-1.23341e-17
-1.76149e-17
-9.86963e-18
1.03496e-17
-3.13115e-18
4.92217e-17
1.92767e-17
7.78122e-18
4.49222e-17
1.50267e-18
-3.21463e-17
-5.50183e-17
1.1582e-17
-5.55421e-18
-4.70139e-17
5.29742e-17
2.07835e-17
5.86274e-17
1.73676e-17
4.65531e-17
-5.9717e-20
2.50663e-17
-3.14834e-17
-2.7095e-17
-2.4294e-18
3.06821e-17
-3.69905e-17
-1.95973e-17
5.77133e-17
4.34696e-17
2.28765e-17
-5.71466e-18
7.5355e-18
-4.47295e-17
2.59045e-17
-2.07933e-17
-6.6495e-17
-1.82383e-17
1.62101e-17
-4.8925e-18
1.47448e-17
-5.88673e-18
1.9806e-17
-1.67009e-17
-1.11508e-17
2.76166e-17
6.14838e-17
-2.81706e-17
4.09529e-17
6.54574e-18
-3.11768e-17
4.04502e-18
2.32105e-17
5.20689e-17
-9.4261e-18
-1.46122e-17
-4.13035e-19
1.86572e-17
-6.89476e-17
-8.25738e-18
2.19615e-17
5.4615e-17
3.46128e-17
3.22275e-17
-7.20187e-17
-1.49144e-17
-4.98054e-17
-6.8844e-18
1.25248e-17
1.21256e-17
1.86877e-17
1.60844e-17
2.56868e-17
-3.43262e-17
-1.24754e-17
-1.20382e-17
1.91943e-17
3.10705e-17
3.83007e-17
-3.86991e-18
2.65416e-18
2.47785e-17
2.45163e-17
3.10314e-17
-1.58916e-17
2.84727e-17
-1.51694e-17
1.11266e-17
-1.7634e-17
3.20359e-17
-3.17932e-18
9.86084e-18
5.19365e-18
2.9585e-17
1.47697e-18
1.37143e-17
-2.81945e-17
-1.33766e-17
-5.32313e-17
-1.17335e-17
1.43451e-17
1.82424e-17
1.07522e-17
9.74708e-18
-1.72341e-17
-4.79167e-17
1.01652e-17
-6.34289e-18
5.32217e-17
4.68186e-17
1.22628e-17
-5.57303e-17
-4.89558e-17
-1.91771e-17
2.39836e-18
3.14394e-18
1.81604e-17
4.51307e-17
-1.01643e-17
-9.25929e-18
-3.62987e-17
1.33859e-17
3.79249e-17
8.29596e-18
2.28886e-19
-1.14903e-17
-2.09101e-17
6.11687e-18
6.59628e-18
-2.17384e-17
1.57211e-17
8.45499e-18
7.15603e-18
-1.29902e-17
-8.91795e-18
4.40402e-18
-1.10993e-17
-1.13502e-17
2.65095e-17
5.3899e-17
2.16033e-17
-1.68525e-17
-7.20777e-18
-3.2442e-17
-6.1474e-17
2.2782e-17
5.32071e-17
9.06326e-17
4.536e-17
-9.48044e-18
-1.42256e-17
-3.56434e-17
-5.29721e-17
2.51471e-17
-4.70433e-17
1.54854e-17
-6.17832e-17
2.61509e-17
-2.55145e-17
8.09745e-17
2.4128e-17
2.51348e-17
-1.98432e-17
6.4685e-17
3.45585e-17
3.58938e-17
-1.08881e-17
-3.34291e-18
3.94866e-17
3.16228e-17
7.7717e-17
3.50506e-17
2.91648e-17
-2.16861e-17
-6.24693e-17
-7.15623e-19
-1.99552e-18
1.57374e-17
1.66853e-17
-3.64969e-17
-1.44474e-18
-2.16107e-17
-1.04857e-17
8.32639e-17
-4.13228e-17
2.5216e-17
5.77674e-17
2.46111e-17
2.8352e-17
1.63967e-18
8.53811e-18
8.97856e-18
1.41757e-17
-4.33003e-17
-4.67698e-17
-7.88283e-17
3.13737e-17
3.45115e-17
-2.35007e-17
-2.18203e-18
-2.48545e-17
-1.06435e-17
1.6576e-17
-3.49787e-17
-5.11064e-17
-8.93791e-18
1.35119e-17
7.48107e-18
5.50233e-18
-2.70643e-17
7.06764e-17
4.45337e-17
-2.24971e-17
-6.14268e-17
-4.28128e-17
-3.54129e-17
3.89905e-17
2.69082e-17
4.3436e-17
-1.3695e-17
-3.58337e-17
-4.21299e-17
1.63923e-18
4.3139e-17
-5.01121e-17
-2.56607e-17
-3.51912e-17
-6.28925e-17
1.55858e-17
-8.43242e-19
2.38794e-18
-2.367e-17
-8.40257e-19
-6.7692e-18
-5.31626e-18
6.54836e-18
2.70753e-17
3.79195e-17
-1.07144e-17
-9.51313e-18
9.6271e-18
-1.09731e-17
1.84179e-17
-3.88879e-17
9.27451e-19
-8.01383e-18
1.68046e-18
4.41547e-18
-8.25466e-19
1.87436e-17
-1.39594e-17
-1.28542e-17
-5.25987e-18
-3.53316e-18
-3.96069e-07
2.69262e-10
0.000291775
-1.50651e-06
0.000291709
2.01658e-05
-2.57083e-06
-2.48727e-07
6.68084e-05
-8.79409e-07
3.57916e-17
1.4838e-17
2.12554e-17
-1.62925e-17
-4.95409e-18
4.74229e-17
3.52361e-17
-1.21425e-17
4.42429e-18
-6.24318e-18
4.8737e-18
-1.15981e-17
1.97971e-17
1.24781e-17
-1.98513e-18
2.0397e-17
-1.99116e-17
-5.83843e-17
-1.62045e-17
-3.58061e-17
-1.55536e-17
6.0417e-17
2.123e-17
4.76516e-17
1.62628e-17
-4.30559e-17
-3.2236e-17
2.52211e-18
5.16924e-17
5.95377e-17
7.3631e-18
-1.27684e-17
-1.66455e-17
-4.51032e-17
1.44569e-17
5.92339e-18
3.56387e-18
5.49165e-18
-7.04695e-18
-5.92135e-17
-1.97363e-17
-2.31185e-17
2.51437e-17
4.91397e-17
1.56681e-18
4.14087e-17
3.44938e-18
2.12212e-17
-1.82315e-18
1.85331e-17
-1.77127e-17
-1.62882e-17
-6.93388e-19
-2.2368e-17
-4.47567e-17
-3.73343e-17
-1.81414e-17
-1.27736e-17
5.33024e-17
-6.11138e-18
3.18386e-17
1.09267e-17
-1.91783e-17
-3.079e-17
-5.03692e-17
-1.90119e-17
9.74412e-18
5.05058e-17
4.47421e-17
5.55967e-17
-1.60066e-17
-2.42572e-17
9.30818e-18
-4.70356e-18
8.82746e-18
1.71425e-17
-2.93544e-17
-2.06817e-17
1.41115e-17
6.35652e-17
-2.69893e-17
-2.50587e-17
3.83631e-17
7.31456e-18
8.36662e-18
1.83894e-17
-1.19254e-17
-1.28378e-17
-1.45061e-17
-4.37792e-17
-6.44041e-18
5.71462e-17
-3.17299e-17
2.40045e-18
6.22949e-18
7.56353e-17
7.47268e-17
1.00673e-16
-2.63152e-17
1.11242e-17
6.71641e-17
3.3593e-17
1.54322e-17
-7.05409e-18
-2.76026e-17
-2.02807e-17
1.45439e-17
4.37414e-17
-1.1e-17
-4.41054e-17
-1.76866e-17
-3.39723e-17
-5.94763e-17
3.70902e-17
2.17046e-17
2.89463e-17
-4.16839e-17
-2.68579e-17
2.83445e-18
-5.29668e-17
-3.5505e-18
-2.3798e-18
-2.59348e-17
2.39518e-17
2.73028e-17
-2.95664e-18
5.23292e-17
-3.6561e-17
7.44952e-18
1.20918e-18
1.58909e-17
6.20998e-17
2.1655e-17
3.91421e-17
-2.7394e-17
3.01166e-17
-2.49455e-17
-5.21353e-17
-7.5527e-17
-9.54373e-18
2.77196e-17
-1.5743e-17
-1.92504e-17
5.94361e-18
-2.85794e-17
-2.595e-17
-5.48592e-18
3.58198e-17
9.96131e-18
-1.85271e-17
-3.80285e-17
-4.01557e-17
1.49078e-18
-5.83724e-17
-2.87336e-18
-5.71101e-17
-1.48789e-17
-2.04715e-17
-2.79859e-17
-7.38726e-19
2.18877e-17
1.8981e-17
1.04357e-17
4.41878e-17
3.6212e-17
4.07067e-18
4.27845e-17
-3.91987e-17
-2.05323e-17
1.03085e-18
-9.58575e-17
-1.29121e-17
7.5596e-17
1.69744e-17
5.37234e-17
-7.76573e-17
-5.9356e-17
-1.18794e-16
2.83019e-17
-7.7601e-18
-1.6951e-17
-5.17207e-17
7.14031e-18
-7.41121e-18
-3.54138e-19
1.10936e-17
2.21453e-17
-1.20898e-17
1.77008e-19
-7.88875e-18
-1.37111e-17
-1.05772e-17
-1.34862e-17
-1.28886e-17
8.34564e-18
1.36533e-17
1.54364e-17
-8.16636e-18
-8.048e-18
2.60223e-18
2.30985e-17
4.0016e-17
-3.32295e-17
3.26108e-17
-5.20563e-18
2.14578e-17
6.59608e-17
-2.3307e-17
3.59012e-17
3.82118e-17
-1.87702e-17
-1.11132e-17
-2.24559e-17
-6.43677e-17
4.07874e-17
-6.27621e-17
3.05902e-19
-3.22685e-17
-5.73064e-17
-5.79635e-17
-3.14159e-17
4.93375e-17
-5.44083e-17
4.15827e-17
8.44747e-18
7.37332e-18
-5.90307e-17
2.01788e-17
2.70541e-17
8.36386e-17
5.77813e-17
5.11224e-17
-2.35076e-18
6.83654e-17
2.10792e-17
5.02539e-17
3.74864e-17
2.37235e-17
-5.41511e-17
-2.57155e-17
-5.46995e-17
5.6727e-17
2.75927e-17
3.53394e-17
8.97343e-17
8.73777e-18
-2.09461e-17
1.34777e-17
-4.88493e-17
-3.7843e-17
3.29804e-17
-3.44235e-17
-8.00954e-18
-3.82728e-17
-5.78151e-17
-2.12775e-18
8.60576e-18
4.84502e-17
7.07578e-17
-2.88262e-17
1.6656e-17
-2.1901e-17
-4.53869e-17
-3.4667e-17
-3.80687e-17
-4.97233e-17
3.31628e-17
2.21107e-17
-4.28669e-17
-8.33614e-19
-8.64653e-18
1.80928e-17
2.53297e-17
4.67968e-17
-1.11673e-17
3.70661e-17
3.3922e-17
2.78098e-17
3.58191e-17
-5.31465e-17
-7.47421e-17
-1.37152e-17
-1.27256e-17
6.40762e-17
7.03367e-17
3.02673e-17
-3.99386e-17
-6.08887e-17
-2.79763e-17
9.75639e-18
4.42232e-17
-5.65669e-17
-2.06823e-17
-8.75163e-17
9.48677e-20
-5.77646e-17
1.43448e-17
1.82119e-17
3.92479e-17
2.74141e-17
-4.12509e-17
-2.67272e-17
-4.39452e-17
1.56164e-17
-1.0988e-17
4.09443e-17
5.11744e-17
6.21712e-18
2.58643e-17
-1.82003e-17
1.21603e-17
1.9897e-17
-2.70494e-17
-1.65132e-17
2.03646e-17
1.08192e-17
1.23641e-17
-2.01299e-17
-3.57221e-17
-3.75071e-17
-1.4053e-17
1.19637e-17
-4.02228e-17
1.72239e-17
6.80337e-18
-1.869e-17
1.513e-17
-9.15083e-18
1.64581e-17
3.20957e-17
-1.60322e-17
-2.7106e-17
1.028e-17
-8.59208e-18
-1.13861e-17
-1.30899e-17
-4.34545e-17
-2.25017e-17
-2.41635e-17
-1.3414e-17
-2.67038e-17
1.567e-17
1.59445e-17
-2.66544e-17
-3.63699e-17
-1.51327e-17
-2.08602e-17
1.7751e-17
2.93602e-18
-1.27619e-17
2.39127e-17
1.23912e-17
1.12213e-17
-1.55053e-17
-5.79533e-18
-1.55766e-17
2.11768e-17
8.08202e-18
-1.61607e-17
-6.42857e-17
-4.33953e-17
-1.80315e-17
1.78481e-17
-2.96403e-17
2.32829e-17
-5.40332e-17
-2.84603e-17
-4.63837e-17
2.3012e-17
-2.19822e-17
3.55613e-17
-4.81844e-18
-2.14808e-17
-5.34444e-17
-2.01528e-17
3.91264e-17
-5.58772e-17
1.01454e-17
1.52191e-17
1.79229e-17
9.07542e-17
4.02477e-17
2.22888e-15
-2.32975e-18
2.4961e-14
-7.41138e-17
5.05011e-13
-1.14465e-15
4.58143e-12
-1.39027e-14
8.08016e-11
-2.52987e-13
5.9054e-10
-2.32606e-12
8.72551e-09
-3.88542e-11
5.01881e-08
-2.69235e-10
-2.57403e-06
2.01883e-05
-2.48545e-07
-5.78258e-07
-1.98871e-08
-4.00878e-09
6.1063e-17
1.81222e-17
9.9871e-18
-2.38253e-17
4.7832e-18
-1.31163e-17
-5.70558e-17
2.61103e-17
-9.88166e-18
1.35158e-17
4.67615e-17
-3.72075e-17
-1.21746e-18
-5.07787e-18
1.08501e-17
4.27351e-17
-2.56806e-17
-2.0891e-17
1.20822e-17
2.51651e-17
-2.42392e-17
-8.03956e-19
-2.85464e-18
4.24109e-18
9.16028e-18
7.84953e-09
-3.99566e-07
0.000291677
-2.34045e-08
0.000291559
-2.42527e-08
0.000291265
-1.45819e-08
0.000291007
-4.80067e-09
0.000290818
-2.32551e-09
0.000290752
2.37464e-09
0.000290756
1.47176e-08
0.000290822
2.32319e-08
0.000291003
2.74059e-08
0.000291258
0.000291589
-3.3021e-17
-7.4384e-17
-2.30792e-17
-1.93575e-17
8.19384e-17
-1.42535e-17
-1.25035e-17
8.17644e-18
-1.76248e-17
-9.2711e-17
2.75225e-17
1.59912e-17
-4.07936e-18
-3.06416e-17
-5.88386e-18
7.38378e-17
-1.66654e-17
3.43101e-17
5.50796e-17
4.08386e-17
-1.12325e-18
-3.31151e-17
-5.93038e-17
-2.60753e-18
-1.38193e-18
4.60651e-17
-1.23168e-17
-3.52466e-18
2.98681e-17
2.44035e-17
5.66729e-18
-2.56516e-18
-2.35022e-17
2.43949e-17
1.64844e-18
2.84174e-17
1.54855e-17
4.74499e-17
7.95565e-18
3.90868e-17
1.55372e-17
-3.94577e-18
-2.23755e-17
-5.57698e-17
3.33391e-18
3.45997e-17
-6.7559e-17
-2.83857e-17
-2.47953e-18
7.05007e-19
3.88149e-17
1.14923e-17
-2.39332e-17
-3.49182e-17
8.24199e-17
-1.34672e-17
2.22073e-15
3.72266e-17
2.49486e-14
-5.89756e-17
5.04655e-13
-1.12375e-15
4.57704e-12
-1.39434e-14
8.07328e-11
-2.53369e-13
5.89904e-10
-2.33731e-12
8.71722e-09
-3.89136e-11
5.01314e-08
-2.71028e-10
5.77624e-07
-4.0165e-09
-2.00355e-08
3.91509e-17
-2.04778e-17
7.93995e-17
-2.52768e-18
3.41012e-17
2.76262e-18
-1.61003e-17
1.72654e-17
-4.79256e-17
-4.09507e-17
6.72954e-17
1.03781e-17
2.12792e-18
-1.5073e-06
0.000291534
6.68808e-05
-8.74653e-07
-2.70779e-17
2.07399e-17
-6.83641e-17
5.28718e-18
-3.48965e-17
-1.14288e-17
-1.39665e-18
-4.88171e-17
-5.15797e-17
0.000284802
-7.75561e-06
-7.75261e-06
0.000284587
2.80553e-17
5.77338e-18
1.34331e-17
3.46131e-17
-1.92143e-17
2.92277e-17
3.87545e-18
2.78774e-17
-5.43343e-17
-3.89296e-17
2.9732e-19
1.26554e-17
-5.47729e-18
1.98233e-17
7.61424e-18
3.41929e-17
9.71762e-17
-6.74334e-18
4.81749e-17
5.86244e-17
-1.49719e-17
2.01074e-17
1.70229e-17
3.95512e-17
3.52427e-17
-1.89269e-18
-6.36814e-18
2.50947e-06
-5.64966e-07
-4.40484e-08
-1.96716e-05
6.4886e-05
-1.88053e-06
-5.67522e-07
4.8995e-08
-8.53598e-09
-6.14591e-10
-9.65393e-09
5.76662e-10
-7.90931e-11
-5.47426e-12
-9.77109e-11
4.4739e-12
-4.94526e-13
-3.35525e-14
-6.50598e-13
2.43342e-14
-2.12939e-15
-2.28896e-16
-3.16596e-15
1.16173e-16
-1.91633e-17
-2.34678e-18
-3.01763e-17
1.24681e-17
3.64564e-17
9.42981e-17
1.10794e-17
-4.36051e-17
2.37101e-17
1.34712e-17
-3.28649e-17
6.63605e-17
4.19592e-17
4.68376e-17
-4.02849e-17
-6.4793e-17
-8.1434e-18
-1.89471e-17
-1.73713e-17
2.80467e-17
9.35848e-18
5.22593e-17
1.77296e-17
2.85681e-17
-1.97148e-17
-1.16472e-17
-6.30734e-18
6.13633e-18
2.61749e-17
9.46114e-18
4.50728e-18
3.55323e-17
-2.33046e-17
5.32165e-18
1.37912e-17
-1.33577e-17
-2.2132e-17
9.57949e-18
-1.79639e-17
4.39133e-17
2.96587e-17
2.87652e-17
1.20094e-16
1.34395e-17
-1.65722e-17
2.06954e-17
2.602e-17
-5.09343e-18
-8.37842e-18
-2.25796e-17
2.08099e-17
9.15488e-18
-2.90105e-17
-4.37485e-17
-1.22909e-17
3.43449e-17
-5.43711e-18
5.716e-17
2.7305e-17
6.14073e-17
2.62475e-17
-3.49351e-17
1.63789e-17
-1.7847e-17
-1.63544e-07
7.87331e-08
0.000621394
1.17429e-06
-3.88657e-06
0.000621132
0.00062155
-4.38987e-08
4.05247e-08
0.00062044
0.000620867
-8.00871e-09
4.66952e-09
0.00062007
0.000620164
-1.78349e-10
-3.70679e-08
0.000620163
0.000620065
4.76418e-08
-6.90466e-08
0.000620893
0.000620457
1.49026e-07
-1.1683e-06
0.0006214
0.000621364
-1.75678e-05
0.000605803
0.000275786
-1.68556e-05
3.86865e-06
-1.75594e-05
0.000605495
0.000620864
-1.52428e-17
3.50585e-17
-6.09969e-18
-1.10207e-17
-2.5263e-17
5.6448e-17
-5.98133e-18
3.20581e-17
-2.04516e-17
-6.4932e-05
0.000275929
-1.68659e-05
1.96854e-05
-2.5116e-06
-5.67632e-07
-1.87742e-06
5.65447e-07
-4.90326e-08
-9.64667e-09
-4.37638e-08
8.54202e-09
-5.77081e-10
-9.76552e-11
-6.11495e-10
7.91413e-11
-4.47673e-12
-6.50143e-13
-5.44575e-12
4.94825e-13
-2.4365e-14
-3.16609e-15
-3.34408e-14
2.10824e-15
-4.67023e-17
2.51173e-17
-1.66824e-16
3.95589e-17
5.51325e-17
7.68153e-17
-2.59617e-17
-3.2472e-17
-4.80167e-17
1.64934e-17
-2.42179e-17
8.21348e-18
-2.5655e-17
-5.73408e-17
-8.193e-18
-6.23394e-19
-3.21729e-17
-5.41624e-17
3.42879e-17
1.62883e-17
1.96134e-17
2.62432e-17
-2.63664e-17
2.20471e-18
6.31561e-17
6.74813e-17
4.74329e-17
2.39476e-17
-1.08115e-17
4.81619e-17
-4.95665e-17
8.34872e-17
2.73217e-17
1.5815e-17
1.29152e-17
2.41846e-17
-2.33869e-17
-1.87162e-17
4.7013e-17
-2.43403e-17
1.44744e-17
5.44467e-18
3.06122e-18
-1.24803e-17
-3.32251e-17
6.54535e-18
-6.88778e-17
-4.3713e-18
1.80084e-17
-3.75959e-17
-3.65919e-17
-2.11556e-17
-3.76952e-17
5.23889e-17
2.07491e-17
4.75011e-17
2.04015e-17
3.20854e-17
4.60757e-18
-2.5419e-18
1.23904e-17
-6.73421e-18
9.8469e-18
1.55202e-17
-7.06549e-18
2.66879e-17
6.66013e-18
-6.7811e-18
3.07394e-17
3.01909e-17
9.46709e-18
-1.03856e-17
2.61965e-17
1.54998e-17
-2.23275e-18
4.32756e-17
-2.95753e-17
-1.41163e-17
-2.16536e-17
-4.25985e-17
-2.29209e-18
-7.92218e-18
9.22529e-18
5.67984e-18
2.37327e-17
-2.26726e-17
2.94345e-17
4.27354e-17
-7.78481e-17
-2.76845e-17
-5.38689e-17
4.1229e-17
1.96784e-18
-6.77132e-17
-5.95156e-17
-8.56391e-17
3.16158e-17
1.2699e-17
1.31297e-17
-5.17828e-17
9.36658e-18
-1.97857e-17
-6.53004e-17
6.46587e-17
-3.17404e-17
2.96047e-17
2.45902e-17
-6.82234e-17
8.999e-18
-1.74487e-17
-2.76878e-17
3.83128e-17
-3.6822e-17
6.1542e-17
-2.13385e-17
-2.57365e-17
-5.80449e-17
7.45472e-19
5.4061e-17
1.49616e-17
6.63258e-17
2.51671e-17
8.5638e-17
1.80521e-17
-4.35035e-17
-3.27631e-17
-6.73829e-17
-2.88127e-17
-1.84309e-18
8.76646e-17
4.98328e-17
5.648e-17
-3.67747e-17
5.8756e-17
7.05406e-17
-6.09733e-17
8.21908e-17
3.82006e-17
9.47341e-18
3.50458e-17
-2.63176e-17
-2.61994e-17
2.28285e-17
-5.88951e-17
-5.70438e-18
1.92457e-17
7.82885e-17
-1.52404e-17
2.25523e-17
7.02703e-18
8.05667e-18
4.84496e-18
-1.13972e-17
1.1296e-17
-6.45438e-17
3.02004e-17
-3.1149e-17
-1.40612e-17
-4.03488e-17
4.52511e-17
6.80419e-17
-9.77024e-18
5.62146e-17
-3.27992e-17
-5.69948e-17
5.14232e-17
6.62755e-17
1.4853e-18
-2.69842e-17
5.12625e-17
2.2713e-17
-1.8336e-17
5.3817e-17
-1.36338e-17
2.34322e-17
-5.41221e-17
-6.46584e-17
2.48424e-17
-6.52584e-18
4.66326e-18
5.60084e-17
1.17842e-16
-6.98617e-17
1.5995e-17
-2.55628e-17
5.37057e-17
-3.61466e-17
2.06129e-17
1.13295e-17
-1.87006e-18
-4.11871e-17
-4.05073e-18
2.55111e-17
1.39321e-18
1.03454e-17
-3.13513e-17
-2.87146e-17
-2.52799e-17
-3.11182e-17
-9.72125e-18
4.44918e-17
-2.88285e-17
-5.23406e-18
-4.59114e-17
4.60559e-17
-1.65177e-17
-2.70872e-17
3.8118e-17
-3.68894e-17
1.17453e-16
1.1044e-18
-3.88487e-17
-8.50528e-18
-6.09404e-17
-4.01328e-17
-8.12428e-17
-3.76567e-18
2.63544e-17
3.12531e-17
-7.05283e-17
1.79382e-17
-1.66197e-17
-4.48618e-18
5.2012e-17
2.69698e-17
-5.50233e-18
3.78728e-17
-1.45216e-18
3.84041e-18
-1.31824e-17
2.20483e-17
3.14175e-17
-1.99384e-18
-1.72133e-17
6.58915e-18
5.26714e-17
1.29021e-17
4.85778e-18
-1.32737e-17
-3.9782e-17
-4.95031e-17
-1.96703e-17
-2.84178e-17
4.60895e-17
1.12826e-17
2.0829e-17
2.13103e-17
-9.96111e-18
-2.51407e-17
-5.22585e-17
3.03736e-17
-4.95849e-18
3.78993e-17
-6.99302e-17
-5.3136e-18
2.57469e-17
-1.71674e-17
3.06466e-17
-4.9133e-17
-4.92831e-17
-3.41406e-17
-3.24075e-17
6.283e-17
3.27688e-17
4.36156e-18
-1.12076e-17
-3.11421e-17
-4.32697e-17
-3.75538e-17
3.02938e-18
1.1932e-18
2.09111e-18
8.52677e-17
6.17248e-17
-5.24776e-17
-1.07315e-17
-3.78203e-17
-3.49035e-17
-1.02791e-17
-3.68292e-17
7.48166e-18
-2.19823e-17
-4.80114e-18
2.16695e-17
5.91051e-17
-2.64443e-17
4.22021e-17
3.17959e-17
-3.48909e-17
-2.10661e-17
-6.8763e-17
-6.43549e-17
3.451e-17
-4.70436e-17
-3.67333e-17
-3.47583e-17
6.15201e-19
-4.9117e-17
-7.64342e-18
-4.63634e-17
-2.20474e-18
-2.64274e-18
3.0423e-17
-4.3727e-17
3.61602e-17
3.51734e-17
9.10179e-17
5.64206e-17
-2.00953e-17
-5.01235e-18
5.30006e-17
-6.64628e-18
-2.47462e-18
-1.84046e-17
-4.22712e-17
-6.64691e-17
-2.6081e-17
2.85038e-17
-5.20088e-17
-4.08537e-17
3.09334e-17
-5.17593e-17
3.30953e-17
-4.82248e-17
3.01444e-17
1.84187e-17
3.57041e-17
-1.35662e-17
5.2974e-17
-2.12571e-19
7.85052e-17
7.07837e-17
-4.08857e-17
-2.70686e-18
-1.31237e-17
9.39935e-17
-4.10642e-17
3.41789e-17
1.75211e-17
3.78364e-17
-3.17011e-17
-2.64153e-17
-3.74697e-17
-8.72153e-18
6.3684e-19
-3.93174e-17
-1.74577e-17
-1.03454e-18
-2.02507e-19
-3.26797e-18
4.56903e-17
1.25364e-17
6.25951e-18
2.99908e-17
-1.63652e-17
9.6686e-18
-3.1268e-17
2.83422e-17
-4.20775e-17
-1.63989e-17
-8.70156e-18
8.12935e-18
2.66391e-17
-7.37828e-18
2.31975e-17
-2.30641e-17
6.39655e-17
3.36508e-17
8.69164e-17
9.06528e-17
6.58736e-18
-8.44573e-18
-3.31631e-17
-9.94062e-18
-3.99991e-17
-2.66234e-17
-5.36792e-17
-1.96677e-17
-8.36862e-18
4.68453e-17
4.48304e-17
1.41341e-17
2.38589e-17
-2.64185e-17
1.96069e-17
3.54394e-17
4.45325e-17
3.13925e-17
1.21701e-17
1.37401e-17
-3.60185e-05
0.000584253
0.000584031
-3.60147e-05
-6.53692e-17
3.47821e-17
-3.3623e-17
-2.56138e-17
1.57587e-17
-3.02399e-17
-3.65352e-17
-3.21987e-17
-6.70908e-18
6.94775e-17
1.03825e-16
3.42652e-17
-7.87944e-17
-2.63968e-17
2.55721e-17
-3.41518e-17
-2.71949e-17
2.70721e-17
-1.55759e-17
3.89578e-17
-1.31474e-17
-3.53274e-17
-2.53214e-17
3.66976e-18
2.87737e-17
2.78718e-17
1.92627e-18
-7.23851e-18
-2.14674e-17
5.9423e-17
3.07711e-18
2.91538e-17
-5.18888e-17
-4.66142e-17
2.96522e-17
-4.34961e-17
-2.22429e-17
-1.53785e-17
1.0628e-17
4.98707e-18
7.4693e-17
-6.31393e-19
3.33558e-17
3.66004e-17
-3.84758e-17
-6.77837e-17
3.17818e-17
-3.25887e-17
5.13345e-18
6.74536e-18
-2.77031e-18
-9.8488e-18
-2.35438e-18
6.78079e-20
-1.45691e-17
-2.93963e-18
-4.71953e-17
2.32665e-18
-1.48155e-17
7.97211e-17
3.72987e-18
-6.55211e-17
-1.76418e-17
-3.0614e-17
2.69987e-17
1.52225e-17
-3.49339e-17
-9.99425e-19
5.22185e-17
9.77101e-18
-5.56735e-17
1.36486e-17
3.73749e-18
2.07244e-17
-2.13974e-17
-1.92612e-17
1.5929e-17
6.32863e-17
-4.04456e-17
-3.15499e-17
3.86781e-17
-5.71921e-17
-9.37604e-18
-5.31359e-18
2.39495e-17
-3.5212e-17
1.93536e-17
-2.90239e-17
8.18672e-18
5.38882e-17
-4.00709e-17
-8.47871e-17
3.3981e-17
-2.41636e-17
-6.4754e-17
-1.37014e-17
4.31995e-17
6.77978e-17
-1.01924e-17
-2.03815e-17
3.22784e-17
7.82737e-18
1.15496e-17
-6.63778e-18
6.04716e-18
-1.49479e-17
-2.18324e-17
-1.81536e-17
4.25134e-18
7.01053e-17
8.8481e-18
1.08114e-17
-8.59969e-17
6.79313e-17
-3.58123e-17
-4.74338e-17
3.18348e-17
5.87368e-17
-8.38914e-18
4.06493e-17
-2.80555e-17
-9.29578e-17
3.35285e-17
-4.65734e-17
8.49823e-18
4.62911e-17
-2.68175e-17
3.67012e-17
1.91426e-17
2.82772e-17
-2.73363e-17
-4.48183e-17
6.28299e-17
-4.05911e-17
-6.74112e-17
8.06775e-17
7.09333e-17
-1.81064e-17
-7.3089e-17
-5.29904e-17
-1.89192e-17
4.05221e-17
6.75049e-17
-6.35631e-18
-1.57753e-17
1.66423e-17
-4.14031e-17
-3.18077e-17
-2.86497e-17
8.05022e-17
1.48396e-17
-6.67463e-17
-5.13761e-17
2.69298e-17
-7.54762e-17
-7.4178e-17
4.77845e-17
6.1636e-17
2.88082e-17
2.794e-17
4.01229e-17
-3.18622e-17
-2.89872e-17
2.29419e-17
3.31702e-17
7.54529e-18
-1.75462e-17
-1.66095e-19
-1.39868e-17
-4.54074e-18
-9.68797e-18
7.70396e-18
8.00331e-18
2.1779e-17
-3.30133e-17
2.89311e-17
1.04083e-17
1.08778e-17
-1.33921e-17
-3.5821e-18
-8.16924e-18
2.42759e-17
-1.19527e-17
4.84147e-18
3.74516e-17
-5.98963e-17
1.98709e-17
3.31331e-17
-2.24033e-17
-6.1161e-17
7.57314e-17
2.31131e-17
-2.49676e-17
-6.19874e-17
4.68562e-17
9.56098e-19
-7.07671e-17
-5.86964e-17
5.86776e-18
5.17165e-17
-2.74167e-17
4.83287e-17
6.03764e-17
-2.76879e-17
1.8834e-18
-2.71325e-17
3.92351e-17
1.13533e-15
1.135e-14
2.7431e-13
2.1927e-12
4.52445e-11
2.97461e-10
5.03705e-09
2.67958e-08
3.44703e-07
1.47258e-06
1.24779e-05
3.98104e-05
0.000182624
0.000395417
-2.21852e-17
-6.98497e-17
-1.83092e-17
-4.24478e-17
5.4196e-18
1.91079e-17
3.46218e-17
1.1085e-17
9.87561e-05
-0.000202834
2.28425e-05
6.49269e-06
4.27471e-07
-1.80164e-07
-2.9016e-07
-1.97051e-07
-8.61958e-08
-1.00757e-09
8.40091e-08
1.91795e-07
3.03074e-07
2.25111e-07
-3.67114e-07
-6.43627e-06
-2.28254e-05
-9.87824e-05
-0.000202898
1.70627e-17
9.12191e-18
1.56515e-17
-1.18043e-17
6.00424e-18
-2.11925e-17
-1.3488e-17
-4.2661e-17
2.01567e-17
1.99254e-17
-7.13269e-18
-3.43441e-17
4.51722e-17
4.43972e-17
-2.50449e-17
-7.55553e-18
1.64681e-18
3.34523e-17
3.95416e-17
-1.44303e-17
-3.09314e-17
-4.3149e-17
1.81076e-17
1.33771e-17
-2.94835e-17
-2.57227e-17
5.00695e-17
-2.7268e-17
-3.22144e-17
4.55236e-17
1.12191e-15
1.13955e-14
2.74362e-13
2.19386e-12
4.52449e-11
2.97582e-10
5.03667e-09
2.68019e-08
3.44646e-07
1.47245e-06
1.24751e-05
3.98052e-05
0.000182599
0.000395357
7.49431e-18
2.99216e-17
-3.30145e-17
1.45263e-17
3.17507e-17
)
;

boundaryField
{
    wall
    {
        type            calculated;
        value           uniform 0;
    }
    outlet
    {
        type            calculated;
        value           nonuniform List<scalar> 
20
(
0.00135801
0.00139796
0.0014229
0.0014228
0.00142223
0.00142114
0.00142018
0.00141953
0.00141928
0.0014193
0.00141954
0.00142015
0.00142112
0.00142233
0.00142314
0.00142351
0.00139866
0.00135852
0.000958106
0.000957932
)
;
    }
    frontAndBackPlanes
    {
        type            empty;
        value           nonuniform List<scalar> 0();
    }
}


// ************************************************************************* //
