/*--------------------------------*- C++ -*----------------------------------*\
| =========                 |                                                 |
| \\      /  F ield         | OpenFOAM: The Open Source CFD Toolbox           |
|  \\    /   O peration     | Version:  2212                                  |
|   \\  /    A nd           | Website:  www.openfoam.com                      |
|    \\/     M anipulation  |                                                 |
\*---------------------------------------------------------------------------*/
FoamFile
{
    version     2.0;
    format      ascii;
    arch        "LSB;label=32;scalar=64";
    class       volScalarField;
    location    "0.00086";
    object      nut;
}
// * * * * * * * * * * * * * * * * * * * * * * * * * * * * * * * * * * * * * //

dimensions      [0 2 -1 0 0 0 0];

internalField   nonuniform List<scalar> 
3450
(
0.000716176
0.00809292
0.0275927
0.0577044
0.0936412
0.130614
0.163778
0.19155
0.212725
0.227763
0.237178
0.241358
0.241779
0.236405
0.226251
0.210904
0.190009
0.163246
0.131361
0.0943345
0.0554487
0.0189158
0.00111949
0.00165072
0.00091765
0.00131477
0.0040284
0.0109411
0.0224591
0.0372607
0.0533915
0.068777
0.0816365
0.0906433
0.0949664
0.0942865
0.0886584
0.0787197
0.0655317
0.0505503
0.0354449
0.0218981
0.0111606
0.00424629
0.00163411
0.00199169
0.00147521
0.000932239
0.000909727
0.0014895
0.00309345
0.00640908
0.0118429
0.0190061
0.0268114
0.0339319
0.0391849
0.0416878
0.0410451
0.0373937
0.0313889
0.0240894
0.0167425
0.010479
0.00597744
0.00324478
0.00186066
0.00139569
0.00189698
0.00121751
0.000854948
0.000788739
0.00104392
0.00183007
0.00345986
0.00619193
0.00997295
0.0143031
0.0184139
0.0214954
0.0229306
0.0224516
0.0201787
0.0165989
0.0124487
0.00851186
0.00537719
0.00326282
0.00202232
0.0013993
0.00126154
0.00163561
0.00103573
0.00075802
0.000704835
0.000873951
0.00138854
0.00245902
0.00426989
0.00672238
0.00952498
0.0121861
0.0141859
0.0151134
0.0147811
0.013282
0.0109463
0.00826021
0.00572958
0.00372363
0.00235267
0.0015456
0.00117428
0.00111474
0.00141153
0.000894835
0.000670175
0.000637296
0.000778933
0.00119461
0.00200213
0.00332583
0.00514915
0.0071804
0.00908978
0.0105178
0.0111864
0.0109622
0.00990648
0.0082447
0.00631117
0.00445634
0.00296031
0.00194685
0.00133541
0.00103772
0.000982044
0.00121438
0.000791156
0.00059914
0.000581356
0.000716404
0.00107291
0.00174696
0.00281511
0.00422525
0.00580987
0.00727718
0.00836815
0.0088872
0.00873754
0.00795726
0.00670473
0.00521255
0.00376292
0.00256606
0.00172272
0.00120214
0.000933505
0.000868239
0.00105376
0.000720924
0.00054515
0.000530511
0.000661861
0.000982134
0.00157018
0.00247339
0.00363919
0.00491234
0.00608589
0.00695794
0.00738011
0.00728048
0.00668102
0.00569516
0.00450724
0.00331758
0.00230646
0.00156944
0.00109895
0.000844892
0.000771233
0.000937482
0.000674834
0.000506028
0.00048838
0.000609592
0.00090428
0.00142788
0.00221325
0.0032056
0.00427052
0.00523961
0.00595718
0.00631062
0.00624466
0.00577153
0.00497557
0.00399266
0.00298517
0.00210471
0.00144343
0.00100938
0.000765274
0.000695258
0.000855719
0.000645212
0.000474772
0.000449567
0.000557381
0.000825144
0.00129998
0.00199468
0.00285808
0.00377144
0.00459413
0.00520122
0.0055043
0.00546005
0.00507488
0.00441227
0.00357752
0.00270327
0.00192064
0.00131685
0.000907088
0.000678121
0.000629783
0.000804811
0.000627737
0.000457346
0.000419683
0.000505441
0.000742917
0.00117174
0.00179637
0.0025606
0.0033609
0.004076
0.00460193
0.00486682
0.00483558
0.00451156
0.00394332
0.00321592
0.00244119
0.00173373
0.00117622
0.000805951
0.00061216
0.000593581
0.000772185
0.000615384
0.000443834
0.000397826
0.000462479
0.000665861
0.00104529
0.00160818
0.00229461
0.00300843
0.00364285
0.00410791
0.00434287
0.00431832
0.00403606
0.00353407
0.00288432
0.0021842
0.00153832
0.00104123
0.000717232
0.000560913
0.000562495
0.000747833
0.000607376
0.000433276
0.000379264
0.000426168
0.000597766
0.000928324
0.00142939
0.00205215
0.00269705
0.00326924
0.00368743
0.00389786
0.00387645
0.00362146
0.0031662
0.00257455
0.0019333
0.00135349
0.000914088
0.000638108
0.000517233
0.000537153
0.000729825
0.000602829
0.000425325
0.000363619
0.000395712
0.000537972
0.000823316
0.00126575
0.00182661
0.0024172
0.00293955
0.0033208
0.00351137
0.00348795
0.00325118
0.00283027
0.00228213
0.00170031
0.00118249
0.000799944
0.000569327
0.000479288
0.000516533
0.000716034
0.000601036
0.000419555
0.000350535
0.000368991
0.000484748
0.000729208
0.00111814
0.00162102
0.00216119
0.00264309
0.00299439
0.00316767
0.00314076
0.00291514
0.00251927
0.00201513
0.00148748
0.00102832
0.000700086
0.000512289
0.000447597
0.000499777
0.000705163
0.000601375
0.000415584
0.000339646
0.000345481
0.000437577
0.000645507
0.000985597
0.00143562
0.00192742
0.00237494
0.00270014
0.00285801
0.00282684
0.00260951
0.00223698
0.00176995
0.00129266
0.000890072
0.000612751
0.000462507
0.000420962
0.000486002
0.000696208
0.000603423
0.000413079
0.000330767
0.000325478
0.000397685
0.000572472
0.000867761
0.00126895
0.00171656
0.00212872
0.00243191
0.00257611
0.00254029
0.00232959
0.00197729
0.00154567
0.00111718
0.00076806
0.000536617
0.000419954
0.000398592
0.000474504
0.000688441
0.000606871
0.000411821
0.000323646
0.000308711
0.000364038
0.000509283
0.000763865
0.00112016
0.00152723
0.00190751
0.00218793
0.00231845
0.0022777
0.00207274
0.0017398
0.00134309
0.000962045
0.000662906
0.000472624
0.000384283
0.000379863
0.000464757
0.000681395
0.000611481
0.000411613
0.00031801
0.000294581
0.000334919
0.000454454
0.00067251
0.000987115
0.00135547
0.00170542
0.00196451
0.00208201
0.00203667
0.00183761
0.00152431
0.00116251
0.000827218
0.000574106
0.000420448
0.000354787
0.000364201
0.000456366
0.000674791
0.000617064
0.000412297
0.000313641
0.000282693
0.000309892
0.00040651
0.000592765
0.000868553
0.00119989
0.00152062
0.00175948
0.00186489
0.0018157
0.00162331
0.00133046
0.00100338
0.000711259
0.000499165
0.000376383
0.000330159
0.000351002
0.000449023
0.000668468
0.000623456
0.000413742
0.000310372
0.000272797
0.000288759
0.000366312
0.000523615
0.00076379
0.00105995
0.00135238
0.00157175
0.00166585
0.00161373
0.00142914
0.00115758
0.000864541
0.000612252
0.000435859
0.00033943
0.000309506
0.000339782
0.000442498
0.000662342
0.000630546
0.00041584
0.00030806
0.000264646
0.000271051
0.000332771
0.000464384
0.000672009
0.000934947
0.00119999
0.00140048
0.001484
0.00142999
0.00125439
0.00100474
0.000744542
0.00052846
0.000382896
0.000308575
0.000292141
0.000330171
0.000436627
0.000656371
0.000638267
0.000418509
0.00030657
0.000257967
0.000256101
0.000303932
0.000413457
0.000591923
0.000823919
0.00106269
0.00124493
0.00131862
0.00126373
0.00109821
0.00087078
0.000641795
0.000458337
0.000339617
0.000282977
0.00027752
0.00032188
0.00043129
0.000650539
0.000646576
0.000421685
0.000305791
0.000252535
0.000243465
0.000279248
0.000369482
0.000522206
0.000725778
0.000939621
0.00110434
0.00116894
0.00111417
0.000959589
0.000754202
0.000554318
0.000399702
0.000303737
0.000261634
0.000265146
0.000314676
0.0004264
0.000644848
0.000655428
0.000425318
0.00030563
0.000248174
0.00023281
0.000258192
0.000331634
0.000461769
0.000639467
0.000829882
0.000977924
0.00103421
0.000980393
0.000837306
0.000653303
0.000480028
0.000350476
0.000273547
0.000243675
0.000254593
0.000308365
0.000421891
0.000639308
0.0006648
0.000429366
0.000306013
0.000244742
0.000223883
0.000240417
0.000300028
0.000409881
0.000564039
0.000732574
0.000864851
0.000913547
0.000861393
0.000730022
0.000566334
0.000416942
0.000308722
0.000248105
0.000228471
0.000245529
0.000302794
0.000417717
0.000633933
0.000674653
0.000433794
0.00030688
0.000242116
0.000216431
0.000225365
0.000273065
0.000365187
0.000498489
0.000646721
0.000764213
0.000806042
0.000756098
0.0006364
0.000491766
0.000363752
0.000274066
0.000226749
0.000215558
0.000237697
0.000297844
0.00041384
0.000628738
0.000684947
0.000438578
0.000308176
0.000240186
0.000210225
0.000212571
0.000249921
0.000326885
0.000441203
0.000571125
0.000675001
0.000710699
0.00066338
0.000555088
0.000428099
0.000319095
0.00024551
0.000208833
0.00020455
0.00023089
0.000293421
0.000410235
0.000623737
0.000695787
0.000443715
0.000309857
0.000238857
0.000205079
0.000201679
0.00023003
0.000293531
0.000391447
0.000504819
0.000596235
0.000626498
0.000582075
0.000484698
0.000373774
0.00028135
0.000221231
0.000193641
0.000195103
0.000224938
0.000289449
0.000406882
0.000618945
0.000707191
0.0004492
0.00031189
0.000238053
0.000200842
0.000192421
0.000213023
0.000265042
0.000348445
0.0004469
0.000526963
0.000552421
0.000511022
0.000423896
0.000327387
0.000249244
0.000200589
0.000180675
0.00018694
0.000219699
0.000285868
0.000403767
0.000614377
0.000719156
0.000455031
0.000314248
0.000237711
0.00019739
0.000184573
0.000198559
0.000241108
0.000311489
0.000396503
0.000466262
0.000487476
0.000449118
0.000371487
0.000287804
0.000221921
0.00018302
0.000169555
0.000179844
0.000215061
0.000282627
0.000400881
0.000610048
0.000731718
0.00046121
0.000316908
0.000237778
0.000194617
0.000177921
0.000186173
0.000220371
0.000279567
0.00035269
0.000413205
0.000430704
0.00039534
0.000326445
0.000254199
0.000199105
0.000168097
0.000159984
0.00017364
0.000210933
0.000279688
0.000398218
0.000605975
0.000744913
0.000467745
0.000319856
0.000238209
0.000192429
0.000172284
0.000175536
0.000202443
0.000251887
0.000314598
0.000366908
0.000381189
0.000348718
0.000287771
0.000225607
0.000179762
0.000155357
0.000151705
0.000168186
0.00020724
0.000277021
0.000395775
0.000602174
0.000758791
0.000474647
0.000323076
0.000238963
0.000190746
0.000167514
0.000166389
0.000186947
0.000227789
0.000281485
0.000326566
0.000338073
0.000308342
0.000254539
0.000201158
0.000163141
0.000144395
0.000144498
0.000163363
0.000203922
0.0002746
0.000393553
0.000598662
0.000773401
0.000481932
0.00032656
0.000240007
0.000189501
0.000163495
0.000158532
0.000173623
0.000207285
0.000252862
0.000291496
0.000300583
0.000273391
0.00022593
0.000180101
0.000148835
0.000134911
0.000138184
0.000159071
0.000200927
0.000272407
0.000391554
0.000595457
0.000788823
0.00048962
0.000330298
0.000241309
0.000188637
0.000160131
0.000151783
0.000162158
0.000189723
0.000228128
0.000261042
0.000268021
0.000243158
0.000201325
0.000162046
0.00013651
0.000126665
0.000132619
0.000155227
0.000198213
0.000270428
0.000389784
0.000592562
0.00080512
0.000497738
0.000334284
0.000242839
0.000188092
0.000157294
0.00014596
0.000152231
0.000174412
0.000206651
0.000234577
0.000239751
0.000217035
0.000180236
0.000146814
0.00012589
0.00011946
0.000127679
0.000151762
0.000195745
0.000268654
0.000388258
0.000590024
0.000822419
0.000506316
0.000338512
0.000244568
0.000187815
0.000154904
0.000140916
0.000143598
0.000161062
0.00018787
0.000211534
0.000215191
0.000194429
0.000162042
0.000133566
0.000116643
0.000113116
0.000123261
0.000148615
0.000193492
0.00026708
0.000387006
0.000587952
0.000840813
0.000515394
0.000342975
0.000246465
0.000187754
0.000152886
0.000136526
0.000136065
0.000149429
0.000171563
0.000191489
0.00019384
0.000174826
0.000146279
0.00012203
0.00010854
0.000107484
0.000119274
0.000145734
0.000191431
0.000265711
0.000386056
0.000586368
0.000860517
0.00052502
0.000347663
0.000248494
0.000187859
0.000151165
0.000132679
0.000129463
0.000139298
0.000157618
0.000174096
0.000175268
0.000157786
0.000132526
0.000111946
0.000101419
0.00010244
0.000115642
0.000143073
0.000189542
0.000264552
0.000385443
0.000585343
0.000881658
0.000535254
0.000352565
0.000250614
0.000188074
0.000149673
0.000129274
0.00012362
0.000130383
0.000145329
0.000158906
0.000159085
0.000142988
0.000120678
0.000103115
9.51183e-05
9.79021e-05
0.000112298
0.000140591
0.000187805
0.000263611
0.000385211
0.000584941
0.000904587
0.000546162
0.00035766
0.00025278
0.000188345
0.000148342
0.000126224
0.000118441
0.000122517
0.000134494
0.000145565
0.00014494
0.000130088
0.000110344
9.53789e-05
8.95023e-05
9.37711e-05
0.000109179
0.000138246
0.000186201
0.000262899
0.000385432
0.000585363
0.000929513
0.000557809
0.000362918
0.000254939
0.000188615
0.00014711
0.000123456
0.000113816
0.000115561
0.00012491
0.00013386
0.000132545
0.000118784
0.000101215
8.8532e-05
8.44467e-05
8.99585e-05
0.000106223
0.000135998
0.000184727
0.000262439
0.000386196
0.000586705
0.00095724
0.000570281
0.000368294
0.000257035
0.000188836
0.000145931
0.000120909
0.00010965
0.000109374
0.000116445
0.000123632
0.000121662
0.000108842
9.31602e-05
8.24252e-05
7.98442e-05
8.63855e-05
0.000103365
0.0001338
0.000183418
0.000262248
0.000387641
0.000589442
0.000987963
0.000583644
0.000373749
0.000259037
0.000188989
0.000144782
0.000118544
0.000105873
0.000103845
0.000108942
0.000114509
0.000112055
0.000100097
8.60323e-05
7.69393e-05
7.56067e-05
8.29828e-05
0.000100536
0.000131543
0.000182057
0.000262328
0.000389918
0.000593657
0.00102359
0.000597946
0.000379244
0.000260954
0.000189108
0.000143691
0.000116365
0.000102445
9.88858e-05
0.000102262
0.000106409
0.00010354
9.23339e-05
7.96836e-05
7.1976e-05
7.16703e-05
7.97108e-05
9.77067e-05
0.000129185
0.000180603
0.000262679
0.000393262
0.000600551
0.00106325
0.000613129
0.000384831
0.00026291
0.000189327
0.000142767
0.000114422
9.93547e-05
9.44336e-05
9.62908e-05
9.91912e-05
9.59595e-05
8.54244e-05
7.39982e-05
6.74648e-05
6.80094e-05
7.65855e-05
9.49239e-05
0.000126772
0.000179083
0.000263344
0.000397853
0.000609986
0.00111102
0.000629163
0.000390748
0.000265245
0.000189939
0.000142229
0.000112792
9.66153e-05
9.04401e-05
9.09251e-05
9.27116e-05
8.91612e-05
7.92251e-05
6.88733e-05
6.33648e-05
6.46619e-05
7.37083e-05
9.23689e-05
0.000124548
0.000177741
0.000264484
0.000403926
0.000625385
0.00115877
0.000645809
0.000397766
0.000268752
0.000191531
0.000142381
0.000111581
9.42884e-05
8.68854e-05
8.60723e-05
8.68311e-05
8.29901e-05
7.35956e-05
6.42246e-05
5.96855e-05
6.17306e-05
7.13074e-05
9.04436e-05
0.000123201
0.000177663
0.000266702
0.000411396
0.00064318
0.00121321
0.000663257
0.000407092
0.000274565
0.000194917
0.000143401
0.000111175
9.25655e-05
8.38073e-05
8.16562e-05
8.14081e-05
7.72759e-05
6.83735e-05
5.99606e-05
5.64428e-05
5.93365e-05
6.96213e-05
8.95117e-05
0.000123583
0.00017951
0.000270768
0.000420602
0.000674051
0.00130505
0.000724452
0.000447854
0.00030317
0.000213653
0.000154878
0.000116936
9.38693e-05
8.16423e-05
7.69129e-05
7.51536e-05
7.05075e-05
6.19665e-05
5.48632e-05
5.31789e-05
5.81838e-05
7.09905e-05
9.40728e-05
0.000132234
0.000194383
0.000296153
0.000458832
0.000723567
0.00131348
0.000792893
0.000506825
0.000341702
0.000239065
0.000171194
0.000126402
9.81227e-05
8.18742e-05
7.40932e-05
7.04006e-05
6.51306e-05
5.71655e-05
5.15716e-05
5.18902e-05
5.9286e-05
7.51397e-05
0.000102486
0.000147567
0.000217627
0.000318592
0.000471129
0.000706087
0.00130846
0.000811561
0.000545174
0.000379072
0.000265833
0.000188557
0.00013745
0.00010423
8.40935e-05
7.3268e-05
6.75072e-05
6.155e-05
5.42286e-05
5.00787e-05
5.22193e-05
6.18025e-05
8.07427e-05
0.000112441
0.000159835
0.000227366
0.000327697
0.00047595
0.000696668
0.00130215
0.000823289
0.000561496
0.000403532
0.000290199
0.000206958
0.00014916
0.000111463
8.77184e-05
7.40115e-05
6.6219e-05
5.95449e-05
5.28021e-05
4.99117e-05
5.36335e-05
6.542e-05
8.68784e-05
0.000119592
0.000166566
0.000235118
0.000334878
0.000480585
0.000697544
0.00129932
0.000831777
0.000574222
0.000417311
0.000307264
0.000223384
0.000161565
0.000119271
9.22873e-05
7.59341e-05
6.62311e-05
5.88306e-05
5.25486e-05
5.07083e-05
5.58457e-05
6.92221e-05
9.14956e-05
0.000124544
0.000172575
0.000241794
0.000341436
0.00048669
0.000704434
0.00130086
0.000839054
0.000584735
0.000428978
0.000319595
0.000236323
0.000173149
0.000127583
9.74789e-05
7.87349e-05
6.72696e-05
5.91361e-05
5.31685e-05
5.21167e-05
5.83819e-05
7.24653e-05
9.53591e-05
0.000129193
0.000178096
0.000247944
0.000348067
0.000494441
0.000715474
0.00130549
0.00084615
0.000593913
0.000439069
0.000329537
0.000246655
0.000183088
0.000135912
0.000103105
8.21928e-05
6.91123e-05
6.02489e-05
5.44537e-05
5.39975e-05
6.08131e-05
7.5438e-05
9.89288e-05
0.000133636
0.000183337
0.000253931
0.000355069
0.000503519
0.000728973
0.00131244
0.000853487
0.000602299
0.000448119
0.000338657
0.000255528
0.000191631
0.000143552
0.000108893
8.60576e-05
7.15575e-05
6.19775e-05
5.62002e-05
5.60882e-05
6.3269e-05
7.83741e-05
0.00010251
0.00013798
0.000188465
0.000259964
0.000362482
0.000513483
0.000743838
0.00132067
0.000861127
0.000610251
0.000456449
0.000347028
0.000263393
0.000199236
0.000150499
0.000114845
9.02761e-05
7.44727e-05
6.41765e-05
5.8277e-05
5.83554e-05
6.57954e-05
8.13418e-05
0.000106105
0.000142294
0.000193595
0.000266119
0.000370226
0.00052401
0.000759398
0.00132953
0.00086899
0.000617967
0.000464286
0.000354861
0.000270916
0.000206335
0.000156986
0.000120483
9.47114e-05
7.77383e-05
6.67559e-05
6.06817e-05
6.08103e-05
6.84652e-05
8.44027e-05
0.000109737
0.000146625
0.000198767
0.000272409
0.000378221
0.00053483
0.000775171
0.00133847
0.000876934
0.000625529
0.00047177
0.000362279
0.000278072
0.000212955
0.000163116
0.000125889
9.92321e-05
8.12208e-05
6.96174e-05
6.33134e-05
6.34384e-05
7.12735e-05
8.75705e-05
0.000113435
0.000151009
0.000204017
0.000278828
0.000386365
0.000545722
0.000790808
0.00134718
0.000884807
0.000632943
0.000478984
0.000369362
0.000284901
0.000219259
0.000168967
0.00013111
0.00010371
8.49449e-05
7.27073e-05
6.61204e-05
6.62136e-05
7.42091e-05
9.08438e-05
0.000117215
0.000155471
0.000209358
0.000285342
0.00039456
0.00055653
0.000806122
0.00135541
0.000892477
0.00064018
0.000485964
0.000376166
0.000291459
0.000225399
0.000174634
0.000136205
0.000108169
8.87144e-05
7.59556e-05
6.90909e-05
6.91201e-05
7.72597e-05
9.4218e-05
0.000121079
0.000160011
0.000214774
0.000291905
0.000402721
0.000567144
0.000820986
0.00136306
0.000899842
0.000647202
0.000492724
0.000382728
0.000297777
0.000231326
0.000179978
0.000141143
0.0001126
9.25374e-05
7.9323e-05
7.21945e-05
7.21515e-05
8.04103e-05
9.76622e-05
0.000125019
0.000164621
0.000220237
0.000298467
0.000410781
0.000577486
0.000835317
0.00137003
0.000906824
0.000653963
0.000499257
0.000389063
0.000303874
0.000237071
0.000185232
0.000145972
0.000116925
9.63829e-05
8.27713e-05
7.54042e-05
7.52897e-05
8.36518e-05
0.000101174
0.000129024
0.000169285
0.000225719
0.000304979
0.000418683
0.000587498
0.000849055
0.00137631
0.000913376
0.00066043
0.000505554
0.000395181
0.000309768
0.000242644
0.000190371
0.000150615
0.000121178
0.000100229
8.62788e-05
7.87056e-05
7.85356e-05
8.69749e-05
0.00010477
0.000133091
0.000173983
0.000231195
0.000311408
0.000426386
0.000597142
0.000862174
0.00138186
0.000919463
0.000666585
0.000511611
0.000401095
0.000315482
0.000248059
0.000195378
0.000155094
0.000125349
0.000104068
8.98324e-05
8.20795e-05
8.18544e-05
9.03686e-05
0.000108437
0.000137211
0.000178701
0.000236643
0.000317733
0.000433859
0.000606393
0.000874651
0.00138665
0.00092506
0.000672411
0.000517429
0.000406822
0.000321037
0.000253341
0.000200283
0.00015958
0.000129493
0.000107911
9.34261e-05
8.55149e-05
8.52412e-05
9.38421e-05
0.00011217
0.000141377
0.00018343
0.000242046
0.000323931
0.000441089
0.000615229
0.000886471
0.00139062
0.000930143
0.000677894
0.000523005
0.000412369
0.000326449
0.000258506
0.000205075
0.000164023
0.000133553
0.000111766
9.70546e-05
8.90002e-05
8.86769e-05
9.73341e-05
0.000115954
0.00014558
0.000188161
0.000247391
0.000329985
0.000448058
0.000623638
0.000897619
0.00139377
0.000934691
0.000683018
0.00052833
0.000417733
0.000331725
0.00026357
0.000209831
0.000168441
0.000137622
0.000115634
0.000100711
9.25296e-05
9.21681e-05
0.000100897
0.000119784
0.000149807
0.000192879
0.000252664
0.000335882
0.000454752
0.000631606
0.000908076
0.00139611
0.000938697
0.000687766
0.00053339
0.000422904
0.000336859
0.00026852
0.000214531
0.000172834
0.0001417
0.000119462
0.000104376
9.60938e-05
9.57109e-05
0.00010452
0.000123636
0.000154048
0.000197573
0.000257853
0.000341609
0.000461159
0.000639122
0.000917824
0.00139764
0.000942161
0.000692134
0.000538176
0.000427878
0.000341845
0.00027333
0.000219159
0.000177193
0.000145762
0.000123235
0.000108039
9.96761e-05
9.92538e-05
0.000108192
0.000127544
0.000158302
0.000202234
0.000262947
0.000347157
0.000467272
0.000646174
0.000926842
0.0013984
0.000945089
0.000696119
0.000542686
0.000432653
0.000346694
0.000278087
0.000223737
0.000181525
0.000149827
0.000127059
0.000111727
0.000103302
0.000102847
0.000111914
0.000131493
0.000162562
0.000206855
0.000267936
0.000352516
0.00047308
0.000652756
0.000935119
0.0013984
0.000947487
0.000699721
0.000546916
0.000437224
0.000351396
0.000282766
0.000228269
0.000185838
0.000153902
0.000130931
0.000115442
0.000106924
0.000106498
0.000115685
0.00013547
0.000166812
0.000211424
0.000272812
0.000357677
0.000478576
0.000658861
0.000942651
0.00139765
0.000949369
0.000702945
0.000550864
0.000441581
0.000355901
0.000287343
0.000232749
0.000190135
0.000157991
0.000134846
0.000119202
0.000110626
0.000110207
0.000119499
0.000139459
0.000171018
0.00021593
0.000277565
0.000362632
0.000483757
0.000664487
0.000949435
0.00139618
0.000950751
0.000705798
0.000554534
0.000445734
0.000360278
0.00029183
0.000237182
0.000194417
0.000162099
0.000138774
0.000122996
0.000114369
0.000113967
0.000123353
0.000143469
0.000175227
0.000220371
0.000282189
0.000367378
0.000488618
0.000669633
0.000955471
0.00139405
0.000951654
0.00070829
0.00055793
0.000449691
0.000364556
0.000296242
0.000241573
0.000198692
0.000166241
0.000142725
0.000126824
0.000118154
0.000117778
0.000127246
0.000147498
0.000179429
0.000224744
0.00028668
0.000371911
0.000493162
0.000674307
0.000960774
0.00139136
0.0009521
0.000710428
0.000561055
0.00045345
0.000368711
0.000300575
0.000245921
0.000202954
0.000170365
0.000146689
0.000130682
0.000121985
0.000121658
0.000131177
0.000151542
0.00018361
0.000229041
0.000291034
0.000376231
0.000497392
0.000678515
0.000965358
0.00138791
0.000952076
0.000712217
0.000563909
0.000456996
0.000372726
0.000304824
0.000250229
0.000207231
0.000174487
0.000150666
0.000134565
0.000125848
0.000125561
0.000135134
0.000155589
0.000187757
0.00023325
0.000295245
0.000380337
0.000501312
0.000682271
0.000969246
0.00138381
0.000951612
0.00071367
0.000566488
0.000460267
0.000376574
0.000308975
0.000254486
0.000211482
0.000178603
0.000154652
0.000138469
0.000129738
0.000129484
0.000139108
0.000159629
0.00019185
0.000237323
0.000299305
0.000384229
0.000504928
0.000685588
0.000972465
0.00137917
0.000950741
0.000714809
0.000568822
0.000463385
0.000380287
0.000313036
0.000258696
0.000215682
0.000182703
0.000158641
0.000142388
0.000133648
0.000133428
0.000143101
0.000163664
0.000195908
0.00024135
0.000303225
0.000387912
0.000508248
0.000688483
0.000975049
0.00137402
0.00094949
0.000715651
0.000570929
0.000466366
0.000383885
0.000317022
0.000262911
0.000219858
0.000186789
0.000162629
0.000146318
0.000137578
0.000137399
0.000147139
0.000167696
0.00019993
0.000245303
0.000307007
0.000391388
0.00051128
0.000690971
0.00097703
0.00136826
0.000947877
0.000716217
0.000572819
0.000469194
0.000387368
0.00032092
0.000267023
0.000223987
0.000190854
0.000166613
0.000150255
0.000141521
0.000141382
0.000151163
0.000171713
0.000203911
0.000249175
0.00031065
0.000394666
0.000514039
0.000693063
0.000978337
0.00136226
0.000946004
0.000716548
0.000574511
0.000471868
0.000390737
0.000324744
0.000271056
0.000228067
0.000194892
0.000170587
0.000154193
0.00014547
0.000145366
0.000155173
0.00017571
0.000207843
0.000252959
0.000314157
0.000397758
0.000516556
0.000694839
0.000979221
0.00135635
0.000943922
0.000716653
0.000576011
0.000474389
0.000393999
0.000328548
0.000275032
0.000232099
0.0001989
0.000174546
0.000158126
0.000149419
0.000149349
0.000159171
0.000179686
0.000211723
0.000256651
0.000317528
0.000400662
0.000518834
0.000696352
0.000979956
0.00135019
0.000941632
0.000716552
0.000577322
0.000476753
0.000397129
0.00033219
0.000278919
0.000236072
0.000202869
0.000178481
0.000162046
0.000153361
0.000153325
0.000163163
0.000183671
0.000215552
0.000260247
0.000320757
0.000403385
0.000520889
0.000697587
0.000980254
0.00134381
0.00093917
0.000716279
0.000578468
0.000478967
0.000400132
0.000335706
0.000282716
0.000239983
0.000206798
0.00018239
0.00016595
0.000157292
0.00015729
0.000167133
0.000187597
0.000219315
0.000263743
0.000323846
0.000405939
0.000522745
0.000698569
0.000980171
0.00133747
0.00093659
0.000715844
0.000579447
0.000481037
0.000403026
0.000339117
0.000286429
0.000243835
0.000210686
0.000186274
0.000169838
0.000161211
0.000161239
0.000171075
0.000191463
0.000222998
0.000267121
0.000326759
0.000408322
0.000524411
0.000699356
0.000979922
0.00133132
0.000933952
0.000715264
0.000580221
0.000482957
0.000405856
0.000342433
0.000290057
0.00024762
0.000214526
0.000190123
0.000173701
0.000165108
0.000165163
0.000174976
0.000195267
0.000226606
0.000270403
0.000329578
0.000410551
0.000525912
0.0007
0.000979622
0.00132547
0.000931309
0.000714579
0.000580882
0.000484726
0.00040848
0.000345617
0.000293582
0.000251326
0.000218306
0.000193928
0.000177529
0.000168973
0.00016905
0.000178832
0.000199013
0.00023015
0.000273593
0.000332284
0.000412639
0.000527272
0.000700544
0.000979332
0.00132002
0.000928718
0.000713821
0.000581457
0.000486363
0.000410944
0.000348666
0.000297001
0.000254947
0.00022202
0.000197682
0.000181315
0.0001728
0.000172898
0.000182642
0.000202708
0.000233653
0.000276691
0.000334874
0.000414594
0.000528511
0.000701032
0.000979142
0.0013151
0.000926232
0.000713013
0.000581936
0.000487875
0.000413267
0.000351584
0.000300309
0.00025848
0.000225664
0.000201379
0.000185054
0.000176582
0.000176699
0.000186397
0.000206331
0.000237035
0.000279679
0.00033734
0.000416423
0.000529651
0.000701508
0.000979134
0.00131079
0.0009239
0.000712178
0.000582322
0.000489265
0.000415457
0.000354376
0.000303507
0.00026192
0.000229233
0.000205015
0.00018874
0.000180315
0.000180447
0.00019009
0.000209873
0.00024031
0.000282553
0.000339683
0.000418131
0.000530711
0.000702008
0.000979378
0.00130718
0.000921765
0.000711338
0.000582622
0.000490538
0.000417518
0.000357043
0.000306594
0.000265266
0.000232723
0.000208584
0.000192368
0.000183993
0.000184137
0.000193714
0.000213328
0.000243478
0.00028531
0.000341902
0.000419728
0.000531709
0.000702567
0.000979931
0.00130433
0.000919869
0.000710516
0.000582847
0.000491698
0.000419455
0.000359588
0.000309568
0.000268514
0.00023613
0.000212083
0.000195932
0.000187609
0.000187761
0.000197264
0.000216694
0.000246539
0.000287947
0.000343997
0.00042122
0.000532661
0.000703213
0.000980833
0.00130229
0.000918245
0.000709731
0.000583009
0.000492753
0.000421271
0.000362012
0.000312431
0.000271663
0.00023945
0.000215506
0.000199428
0.000191158
0.000191314
0.000200733
0.000219966
0.000249492
0.000290464
0.000345973
0.000422616
0.000533583
0.000703969
0.000982115
0.0013011
0.000916922
0.000709005
0.000583121
0.000493716
0.000422973
0.000364318
0.000315181
0.00027471
0.000242681
0.00021885
0.00020285
0.000194634
0.000194792
0.000204117
0.000223142
0.000252334
0.00029286
0.00034783
0.000423921
0.000534487
0.000704852
0.000983791
0.00130075
0.000915923
0.000708354
0.000583196
0.000494612
0.000424571
0.000366511
0.000317821
0.000277656
0.000245821
0.000222111
0.000206196
0.000198034
0.000198188
0.000207414
0.000226218
0.000255064
0.000295138
0.000349573
0.000425145
0.000535384
0.000705872
0.000985855
0.0013013
0.000915274
0.000707793
0.000583232
0.000495382
0.00042605
0.000368588
0.000320351
0.000280499
0.000248867
0.000225287
0.00020946
0.000201354
0.000201501
0.000210618
0.000229192
0.000257684
0.000297301
0.000351207
0.000426295
0.000536283
0.000707031
0.000988284
0.00130284
0.000914991
0.000707332
0.000583237
0.000496054
0.000427413
0.000370549
0.00032277
0.00028324
0.000251819
0.000228375
0.000212642
0.00020459
0.000204727
0.00021373
0.000232066
0.000260196
0.000299356
0.000352738
0.000427377
0.000537191
0.000708326
0.000991039
0.00130477
0.000914983
0.000706965
0.000583218
0.000496639
0.000428666
0.000372396
0.000325079
0.000285877
0.000254675
0.000231374
0.000215737
0.000207741
0.000207863
0.000216746
0.000234836
0.000262597
0.000301302
0.000354166
0.000428398
0.000538111
0.000709745
0.000994063
0.00130731
0.000915277
0.000706703
0.000583187
0.000497151
0.000429818
0.000374133
0.000327281
0.000288413
0.000257436
0.000234284
0.000218746
0.000210803
0.000210907
0.000219664
0.000237498
0.000264879
0.000303115
0.000355493
0.000429362
0.000539044
0.00071127
0.000997282
0.00131028
0.000915848
0.000706553
0.000583154
0.0004976
0.000430876
0.000375766
0.000329378
0.000290848
0.000260103
0.000237104
0.000221667
0.000213777
0.000213859
0.000222481
0.000240052
0.000267044
0.000304808
0.000356722
0.000430273
0.000539988
0.000712874
0.00100061
0.00131356
0.000916664
0.000706517
0.000583127
0.000497996
0.00043185
0.000377303
0.000331377
0.000293188
0.000262677
0.000239834
0.0002245
0.000216661
0.000216716
0.000225198
0.000242497
0.000269094
0.00030639
0.000357862
0.000431138
0.000540939
0.000714524
0.00100393
0.00131702
0.000917693
0.000706593
0.000583092
0.000498345
0.000432746
0.000378747
0.000333278
0.000295431
0.000265158
0.000242475
0.000227243
0.000219455
0.000219478
0.000227814
0.000244834
0.000271033
0.000307868
0.000358919
0.000431961
0.000541891
0.000716183
0.00100715
0.00132053
0.000918904
0.000706788
0.0005831
0.000498662
0.000433573
0.000380103
0.000335085
0.00029758
0.000267547
0.000245025
0.000229896
0.000222157
0.000222144
0.000230329
0.000247066
0.000272868
0.000309249
0.000359903
0.000432747
0.000542836
0.000717806
0.00101014
0.00132389
0.000920248
0.000707102
0.000583171
0.000498973
0.000434346
0.000381382
0.000336806
0.00029964
0.000269847
0.000247488
0.00023246
0.000224768
0.000224716
0.000232744
0.000249195
0.000274601
0.000310541
0.00036082
0.000433501
0.000543763
0.000719345
0.00101276
0.00132684
0.000921662
0.000707525
0.000583302
0.000499286
0.000435074
0.000382594
0.00033845
0.000301619
0.000272065
0.000249865
0.000234941
0.000227291
0.000227195
0.000235063
0.000251226
0.000276241
0.000311751
0.00036168
0.000434225
0.000544658
0.000720748
0.00101487
0.00132913
0.000923079
0.000708046
0.000583498
0.000499605
0.000435769
0.000383747
0.000340021
0.000303519
0.000274201
0.000252159
0.000237338
0.000229728
0.000229585
0.000237289
0.000253165
0.000277794
0.000312889
0.000362492
0.000434921
0.000545506
0.000721961
0.00101636
0.00133057
0.000924434
0.000708661
0.000583768
0.000499942
0.00043644
0.000384849
0.000341527
0.000305347
0.000276261
0.000254375
0.000239656
0.000232082
0.000231887
0.000239426
0.000255014
0.000279264
0.000313961
0.000363261
0.000435591
0.000546293
0.000722938
0.00101709
0.00133097
0.000925673
0.000709365
0.00058412
0.000500307
0.000437094
0.000385906
0.000342973
0.000307107
0.000278249
0.000256516
0.000241896
0.000234354
0.000234104
0.000241475
0.000256776
0.000280654
0.000314973
0.000363993
0.000436237
0.000547008
0.000723632
0.00101698
0.00133023
0.00092675
0.000710154
0.000584566
0.000500713
0.000437743
0.000386925
0.000344363
0.000308802
0.000280165
0.000258586
0.00024406
0.000236547
0.000236237
0.000243437
0.000258453
0.000281969
0.000315928
0.000364692
0.00043686
0.000547638
0.000724003
0.00101594
0.00132853
0.000927644
0.000711019
0.00058511
0.00050117
0.000438396
0.000387915
0.000345704
0.000310436
0.000282014
0.000260587
0.00024615
0.00023866
0.000238287
0.000245313
0.000260048
0.000283213
0.000316833
0.000365365
0.000437459
0.000548165
0.000724011
0.00101392
0.00132526
0.000928245
0.000711928
0.000585749
0.000501684
0.000439061
0.000388881
0.000346998
0.000312011
0.000283797
0.000262517
0.000248166
0.000240695
0.000240253
0.000247105
0.000261562
0.00028439
0.000317694
0.000366013
0.000438027
0.00054857
0.000723629
0.00101096
0.0013209
0.000928557
0.000712861
0.000586473
0.000502257
0.000439741
0.000389824
0.000348247
0.000313528
0.000285514
0.000264377
0.000250107
0.000242649
0.000242135
0.000248813
0.000262998
0.000285503
0.000318513
0.000366636
0.000438551
0.000548827
0.000722856
0.00100719
0.0013158
0.000928617
0.000713802
0.000587268
0.000502886
0.000440434
0.000390743
0.000349448
0.000314983
0.000287162
0.000266163
0.00025197
0.000244521
0.000243931
0.000250435
0.000264357
0.000286554
0.000319293
0.00036723
0.000439016
0.000548919
0.000721731
0.00100289
0.00131038
0.000928467
0.000714729
0.000588079
0.00050357
0.000441135
0.000391634
0.000350596
0.000316371
0.000288739
0.000267873
0.000253751
0.000246306
0.000245639
0.00025197
0.000265636
0.000287543
0.000320031
0.000367788
0.000439404
0.000548838
0.000720297
0.000998288
0.00130512
0.000928164
0.000715622
0.000588918
0.000504297
0.000441838
0.00039249
0.000351685
0.000317688
0.000290238
0.000269499
0.000255445
0.000248001
0.000247254
0.000253414
0.000266834
0.000288467
0.00032072
0.000368302
0.000439705
0.000548575
0.000718574
0.000993467
0.00130058
0.000927805
0.000716476
0.000589783
0.000505019
0.000442519
0.000393296
0.000352704
0.000318925
0.000291652
0.000271037
0.000257046
0.000249599
0.000248769
0.000254762
0.000267946
0.000289324
0.00032136
0.000368764
0.000439906
0.000548125
0.000716614
0.0009887
0.00129739
0.000927496
0.000717291
0.00059065
0.000505721
0.000443158
0.000394033
0.000353637
0.000320067
0.000292969
0.000272476
0.000258545
0.000251091
0.000250179
0.00025601
0.000268974
0.000290116
0.00032195
0.000369165
0.000439994
0.000547486
0.000714492
0.000984298
0.00129612
0.00092736
0.00071806
0.000591494
0.000506397
0.000443749
0.000394695
0.000354474
0.000321102
0.000294177
0.000273803
0.000259932
0.000252472
0.00025148
0.000257159
0.000269918
0.000290846
0.000322486
0.000369494
0.000439952
0.000546661
0.00071229
0.000980571
0.00129721
0.000927506
0.000718776
0.000592282
0.000507025
0.000444285
0.000395284
0.000355218
0.000322031
0.000295274
0.000275018
0.000261204
0.000253737
0.00025267
0.000258206
0.000270776
0.000291504
0.000322956
0.000369737
0.000439767
0.000545658
0.000710107
0.000977933
0.00130087
0.000928028
0.000719438
0.000592988
0.00050757
0.00044474
0.000395787
0.000355865
0.000322855
0.000296259
0.000276117
0.000262358
0.000254884
0.000253745
0.000259147
0.000271542
0.000292086
0.000323354
0.000369886
0.00043943
0.000544482
0.000707991
0.000976396
0.00130735
0.000929018
0.000720054
0.000593596
0.000508027
0.000445114
0.000396206
0.000356422
0.00032358
0.000297141
0.000277107
0.000263398
0.000255914
0.000254704
0.00025998
0.000272217
0.000292593
0.000323678
0.000369934
0.000438936
0.000543139
0.000706009
0.000976237
0.00131591
0.000930458
0.000720606
0.00059407
0.000508372
0.000445394
0.000396536
0.000356887
0.000324206
0.000297922
0.00027799
0.000264327
0.000256832
0.000255554
0.000260714
0.000272807
0.00029303
0.000323933
0.000369882
0.000438284
0.000541642
0.000704209
0.00097758
0.00132621
0.000932312
0.000721073
0.000594388
0.000508582
0.000445568
0.000396772
0.000357255
0.000324733
0.000298595
0.000278759
0.000265137
0.000257628
0.000256284
0.000261337
0.000273302
0.000293391
0.00032411
0.000369719
0.000437467
0.000539989
0.000702645
0.000980714
0.00133752
0.000934551
0.000721468
0.000594548
0.000508661
0.000445648
0.000396929
0.000357539
0.000325175
0.000299167
0.000279413
0.000265823
0.000258295
0.000256887
0.000261843
0.000273695
0.000293664
0.000324201
0.000369442
0.000436477
0.000538179
0.000701355
0.000985817
0.0013488
0.000937078
0.000721792
0.00059455
0.000508624
0.000445659
0.000397039
0.000357781
0.000325559
0.000299658
0.000279969
0.000266397
0.000258843
0.000257369
0.000262232
0.000273986
0.00029385
0.000324209
0.000369059
0.000435326
0.000536225
0.000700353
0.000992836
0.00135883
0.000939749
0.000722041
0.000594402
0.000508493
0.000445638
0.000397151
0.00035803
0.000325922
0.000300099
0.000280449
0.000266877
0.000259284
0.000257739
0.000262514
0.000274181
0.000293956
0.000324146
0.000368583
0.000434029
0.000534128
0.000699584
0.00100141
0.00136614
0.000942382
0.000722215
0.000594105
0.000508288
0.000445626
0.00039732
0.000358336
0.000326306
0.000300525
0.000280883
0.000267286
0.000259637
0.000258011
0.000262697
0.000274285
0.000293986
0.000324017
0.000368023
0.000432598
0.000531881
0.000698946
0.00101098
0.00136938
0.000944744
0.000722295
0.000593659
0.000508008
0.000445637
0.000397569
0.000358727
0.000326747
0.000300966
0.000281297
0.000267647
0.000259922
0.000258201
0.000262792
0.000274305
0.000293943
0.000323827
0.000367392
0.000431049
0.000529475
0.000698293
0.00102082
0.00136792
0.000946662
0.000722305
0.000593124
0.000507719
0.000445729
0.000397932
0.000359211
0.000327245
0.000301424
0.0002817
0.000267977
0.000260154
0.000258322
0.000262806
0.000274244
0.000293828
0.000323579
0.0003667
0.000429404
0.000526902
0.000697432
0.00102994
0.00136132
0.000947945
0.00072222
0.000592507
0.000507463
0.000445959
0.000398474
0.000359852
0.000327848
0.000301929
0.000282093
0.000268263
0.000260329
0.000258376
0.000262745
0.000274099
0.000293634
0.00032327
0.000365958
0.000427686
0.000524153
0.000696137
0.00103724
0.00134968
0.000948349
0.000721956
0.000591779
0.000507228
0.000446335
0.000399215
0.000360678
0.000328588
0.000302517
0.00028252
0.000268537
0.000260457
0.000258357
0.000262595
0.000273864
0.000293351
0.000322887
0.000365171
0.000425922
0.000521226
0.000694168
0.00104165
0.00133466
0.000947765
0.000721403
0.000590893
0.000506981
0.00044682
0.000400119
0.000361659
0.000329448
0.000303187
0.000282996
0.000268829
0.000260565
0.000258286
0.000262364
0.000273517
0.000292956
0.000322418
0.000364341
0.000424142
0.000518129
0.00069128
0.00104206
0.00131825
0.00094616
0.000720442
0.000589808
0.00050668
0.000447367
0.000401129
0.000362736
0.000330371
0.00030389
0.000283486
0.00026912
0.000260658
0.000258174
0.000262056
0.000273062
0.000292426
0.000321825
0.000363462
0.000422384
0.000514887
0.000687275
0.00103778
0.0013024
0.00094359
0.000718963
0.000588489
0.0005063
0.000447936
0.000402186
0.000363836
0.000331284
0.000304562
0.000283936
0.000269371
0.000260706
0.000258002
0.00026166
0.000272484
0.000291743
0.000321087
0.000362508
0.00042064
0.00051151
0.000682055
0.00102893
0.00128854
0.000940193
0.000716912
0.000586935
0.000505837
0.000448502
0.000403243
0.000364897
0.00033212
0.000305137
0.00028429
0.000269534
0.000260672
0.00025774
0.000261148
0.000271745
0.000290862
0.000320153
0.00036144
0.000418916
0.000508021
0.000675624
0.00101674
0.00127736
0.000936151
0.000714248
0.000585204
0.000505332
0.000449076
0.000404278
0.000365878
0.000332831
0.000305569
0.000284503
0.00026957
0.000260521
0.000257355
0.000260482
0.000270797
0.00028971
0.000318927
0.000360183
0.000417148
0.000504434
0.000668331
0.00100455
0.00126903
0.000931621
0.000711052
0.000583464
0.000504871
0.000449689
0.000405295
0.000366768
0.000333401
0.000305839
0.000284556
0.000269456
0.000260226
0.000256813
0.000259616
0.000269571
0.000288188
0.000317276
0.000358562
0.000415205
0.000500736
0.000660846
0.000998795
0.00126319
0.00092676
0.000707572
0.000581591
0.000504515
0.000450393
0.000406312
0.000367576
0.00033384
0.000305957
0.00028445
0.000269183
0.000259768
0.000256085
0.000258507
0.000268012
0.000286214
0.00031508
0.0003564
0.000412888
0.000496833
0.000654191
0.00100752
0.00125887
0.000921685
0.000703895
0.000579692
0.000504292
0.000451192
0.000407326
0.000368309
0.000334169
0.000305955
0.000284222
0.000268786
0.000259174
0.000255189
0.000257157
0.000266084
0.000283701
0.000312169
0.000353433
0.000409825
0.000492516
0.000649483
0.00103838
0.00125492
0.000916551
0.000700252
0.000577923
0.000504229
0.000452067
0.000408314
0.000368962
0.000334402
0.000305845
0.000283872
0.000268245
0.000258401
0.000254049
0.000255454
0.000263633
0.000280445
0.000308292
0.000349337
0.000405648
0.00048735
0.000647654
0.00109882
0.00125009
0.000911734
0.000697137
0.00057653
0.000504375
0.000452978
0.000409228
0.000369515
0.00033454
0.00030564
0.000283406
0.000267545
0.000257402
0.000252586
0.000253285
0.000260532
0.000276329
0.00030335
0.000344044
0.000400271
0.000480858
0.000648967
0.00118823
0.001243
0.000908274
0.000695696
0.000576224
0.00050502
0.000454
0.000410081
0.000369975
0.000334597
0.000305356
0.000282835
0.000266683
0.000256162
0.00025078
0.000250664
0.000256863
0.000271545
0.000297691
0.000338035
0.000393922
0.00047232
0.000651346
0.00127627
0.00123243
0.000909059
0.00069838
0.000579962
0.000507429
0.000455617
0.000411055
0.000370418
0.000334612
0.000305021
0.000282189
0.000265706
0.00025476
0.000248785
0.000247855
0.000253076
0.000266806
0.000292339
0.000332653
0.00038761
0.000462073
0.00065584
0.00133453
0.0012151
0.000921314
0.000711785
0.000590785
0.000515073
0.000459529
0.000412897
0.000371163
0.000334738
0.000304747
0.000281592
0.000264787
0.000253464
0.000247008
0.00024549
0.000250111
0.000263457
0.000289126
0.000330593
0.000382696
0.000448529
0.000665827
0.00135194
0.00119902
0.00095522
0.000753574
0.000617035
0.000528817
0.000469997
0.000417624
0.000372992
0.000335271
0.000304677
0.000281188
0.000264143
0.000252629
0.00024601
0.000244434
0.00024932
0.000263818
0.000291704
0.000340781
0.000422215
0.000515718
0.000726664
0.00135208
0.00118769
0.00114156
0.000935951
0.000743276
0.000599957
0.000496271
0.000430482
0.000377788
0.000336962
0.000305207
0.000281318
0.000264221
0.000252885
0.000246715
0.000246096
0.000253564
0.000273686
0.000333429
0.000497898
0.000824105
0.00104204
0.00106715
0.00136482
0.00127311
0.001325
0.00116547
0.000925802
0.000709196
0.000552426
0.000449467
0.00038483
0.000339157
0.00030562
0.000281162
0.000264105
0.000253274
0.000248175
0.000249936
0.000264341
0.000318994
0.000524971
0.00127098
0.00275523
0.00322712
0.00216575
0.00138704
)
;

boundaryField
{
    inlet
    {
        type            calculated;
        value           uniform 0.338346;
    }
    outlet
    {
        type            calculated;
        value           nonuniform List<scalar> 
23
(
0.00127311
0.001325
0.00116547
0.000925802
0.000709196
0.000552426
0.000449467
0.00038483
0.000339157
0.00030562
0.000281162
0.000264105
0.000253274
0.000248175
0.000249936
0.000264341
0.000318994
0.000524971
0.00127098
0.00275523
0.00322712
0.00216575
0.00138704
)
;
    }
    wall
    {
        type            nutkWallFunction;
        blending        stepwise;
        value           uniform 0;
    }
    frontAndBackPlanes
    {
        type            empty;
    }
}


// ************************************************************************* //
