/*--------------------------------*- C++ -*----------------------------------*\
| =========                 |                                                 |
| \\      /  F ield         | OpenFOAM: The Open Source CFD Toolbox           |
|  \\    /   O peration     | Version:  2212                                  |
|   \\  /    A nd           | Website:  www.openfoam.com                      |
|    \\/     M anipulation  |                                                 |
\*---------------------------------------------------------------------------*/
FoamFile
{
    version     2.0;
    format      ascii;
    arch        "LSB;label=32;scalar=64";
    class       surfaceScalarField;
    location    "0.0453";
    object      phi;
}
// * * * * * * * * * * * * * * * * * * * * * * * * * * * * * * * * * * * * * //

dimensions      [1 0 -1 0 0 0 0];

oriented        oriented;

internalField   nonuniform List<scalar> 
4475
(
3.92352e-05
-3.67728e-05
2.48489e-05
-2.17297e-05
1.13706e-05
-8.06616e-05
-5.71836e-07
7.84782e-05
4.84824e-05
-6.108e-05
1.37252e-05
-6.15788e-06
-6.81904e-06
0.000130587
-8.16712e-07
-0.000130929
-8.86442e-05
5.85789e-05
9.53659e-05
-5.47168e-05
0.000100994
-4.38173e-05
-0.000109455
5.87162e-05
6.44541e-06
-7.8696e-06
0.00012006
-0.000111558
-7.01682e-05
-6.37443e-05
8.58552e-05
5.55201e-05
5.64961e-05
-8.16523e-05
-5.26179e-05
-6.52967e-05
-3.27078e-05
3.53027e-05
5.62961e-05
-4.82677e-05
3.79365e-05
-5.94053e-05
-8.9838e-05
-2.57189e-05
2.22009e-05
8.92353e-05
-9.3529e-05
-3.28978e-05
3.05601e-05
-0.00010013
-3.55204e-05
3.415e-05
-0.000107344
-3.75195e-05
3.58026e-05
-0.000113817
-3.81268e-05
3.63275e-05
-3.6812e-05
-0.000115633
3.23793e-05
0.000109541
2.80486e-05
-0.000112047
-2.83761e-05
0.000110468
-4.28243e-05
0.000106054
-4.10707e-05
9.95401e-05
-3.95404e-05
9.29997e-05
-3.71855e-05
8.78502e-05
-3.46008e-05
8.90659e-05
-3.2452e-05
7.30352e-05
-3.74854e-05
6.71009e-05
-3.34555e-05
7.61246e-05
-2.53531e-05
3.91871e-06
5.55776e-05
2.92074e-05
-3.03635e-05
0.00012679
-0.000124797
1.32368e-05
-0.000117248
2.57719e-05
3.56033e-05
2.10957e-05
-2.91935e-05
1.49574e-05
1.20498e-05
-2.37809e-05
-4.14766e-06
2.95384e-06
-1.60169e-05
-1.83374e-05
-5.49283e-06
-8.16564e-06
-2.46093e-05
-1.11217e-05
-1.758e-06
-2.15339e-05
-1.19825e-05
9.94545e-07
-1.09679e-05
-8.3785e-06
-6.64995e-07
3.65932e-06
-1.28784e-06
-6.28798e-06
2.04213e-05
7.20577e-06
-1.55823e-05
3.80484e-05
1.61554e-05
-2.55039e-05
5.63253e-05
2.39072e-05
-3.53089e-05
7.56671e-05
2.9451e-05
-4.34513e-05
9.64652e-05
3.18013e-05
-4.8707e-05
0.000119163
3.03084e-05
-5.04005e-05
2.47114e-05
0.000143262
-4.81127e-05
-0.000114102
0.000134097
-8.66774e-07
-9.52343e-05
7.44327e-06
-7.78528e-05
1.16993e-05
-6.21266e-05
1.28848e-05
-4.63251e-05
1.07255e-05
-3.00961e-05
5.87097e-06
-1.35488e-05
-5.07379e-07
3.11057e-06
-7.11413e-06
1.69848e-05
-1.42338e-05
2.51807e-05
-1.88116e-05
2.41739e-05
-2.00939e-05
1.31745e-05
-1.65795e-05
-4.81472e-06
-8.71723e-06
-2.62342e-05
1.16154e-06
-4.65729e-05
1.12632e-05
-6.28348e-05
2.15416e-05
-5.67349e-05
3.53609e-05
-5.57662e-05
-6.74955e-05
3.7733e-05
-7.03137e-05
3.58245e-05
-7.76768e-05
3.25218e-05
-2.83258e-05
-8.75424e-05
2.87311e-05
-9.30202e-05
3.05891e-05
-9.99258e-05
3.33237e-05
-0.000107897
3.46003e-05
-0.000114183
3.37219e-05
-0.000120508
3.15372e-05
1.62151e-05
-4.10962e-05
0.000166013
-1.17954e-05
0.000155426
0.000105689
-5.87168e-05
-9.37789e-05
0.000104382
-4.6111e-05
9.92381e-05
-4.22845e-05
9.3066e-05
-3.93113e-05
8.7794e-05
-3.69055e-05
8.44883e-05
-3.56105e-05
7.72636e-05
-3.62742e-05
7.24274e-05
-3.6137e-05
6.99366e-05
-3.43684e-05
5.84263e-05
-3.6564e-05
4.22224e-05
-3.72444e-05
2.31347e-05
-3.4779e-05
4.08327e-06
-2.95893e-05
-1.16895e-05
-2.30405e-05
-2.16099e-05
-1.69105e-05
-2.38202e-05
-1.30702e-05
-1.81517e-05
-1.30397e-05
-6.33548e-06
-1.71549e-05
9.19576e-06
-2.47605e-05
2.74975e-05
-3.48805e-05
4.78953e-05
-4.56104e-05
7.02558e-05
-5.56935e-05
9.49393e-05
-6.38356e-05
0.000121605
-6.88146e-05
0.000148718
-6.96297e-05
2.23768e-05
-0.000112556
-2.29825e-05
-6.538e-05
0.000174555
1.2429e-05
-0.000108865
-0.000123298
2.37875e-05
-0.000124105
0.000143972
-4.35356e-05
-0.000106189
-2.9508e-05
-8.99598e-05
-1.87026e-05
-7.63968e-05
-1.02523e-05
-6.36946e-05
-5.47372e-06
-5.11252e-05
-3.80505e-06
-3.70524e-05
-4.7092e-06
-2.10388e-05
-7.657e-06
-3.73701e-06
-1.2153e-05
1.19478e-05
-1.76936e-05
2.37888e-05
-2.23721e-05
2.80088e-05
-2.50501e-05
2.16833e-05
-2.39217e-05
5.80589e-06
-1.78922e-05
-1.50626e-05
-7.96794e-06
-3.67899e-05
3.05152e-06
-5.45174e-05
1.47243e-05
-6.20757e-05
2.58782e-05
-6.71993e-05
3.23652e-05
-7.2957e-05
3.51564e-05
-7.82059e-05
3.37387e-05
-8.45044e-05
3.17635e-05
-9.11146e-05
3.21013e-05
-9.86941e-05
3.34744e-05
-0.00010783
3.45076e-05
-0.000116426
3.29317e-05
-0.000122202
2.94688e-05
-7.85847e-05
9.06279e-05
-7.35624e-05
3.62199e-05
-0.000114395
-1.48009e-05
9.68218e-05
-5.24103e-05
-8.29011e-05
6.16318e-05
7.66844e-05
8.83974e-05
0.000128285
-3.35607e-05
2.5575e-05
-0.00012064
0.000111477
-4.47924e-05
0.000106169
-4.55927e-05
0.000100204
-4.31843e-05
9.40055e-05
-4.10938e-05
8.82296e-05
-3.92605e-05
8.31544e-05
-3.82789e-05
7.78267e-05
-3.84473e-05
7.21184e-05
-3.8868e-05
6.67853e-05
-4.00446e-05
5.7728e-05
-4.2962e-05
4.45767e-05
-4.49531e-05
2.83834e-05
-4.47483e-05
1.07632e-05
-4.2115e-05
-5.46198e-06
-3.75773e-05
-1.80196e-05
-3.24961e-05
-2.44297e-05
-2.86365e-05
-2.3313e-05
-2.7415e-05
-1.4976e-05
-2.97139e-05
-1.41126e-06
-3.55194e-05
1.6293e-05
-4.44172e-05
3.78262e-05
-5.55327e-05
6.25607e-05
-6.74131e-05
9.04515e-05
-7.87653e-05
0.000120867
-8.79025e-05
0.000151636
-9.23582e-05
0.000179514
-9.0263e-05
5.42986e-05
0.000202059
-8.01114e-05
2.99831e-05
0.000195244
4.58796e-06
0.000185874
-2.38148e-05
0.000175651
-7.61208e-05
8.3764e-05
-6.19352e-05
0.000164835
-5.62989e-05
-6.03781e-05
-7.81577e-05
6.95146e-05
-3.61851e-05
8.91941e-05
2.61632e-05
-7.36256e-05
8.6385e-06
-0.000121755
5.40443e-05
-4.24628e-05
8.10011e-05
-8.29168e-05
9.80604e-05
5.85502e-05
-8.7796e-05
-0.000139456
-3.8415e-05
6.60438e-05
-0.0001282
2.42611e-05
3.97259e-05
-6.26969e-05
0.000215662
1.6493e-05
0.000209594
-8.05573e-06
0.000201383
-3.61254e-05
0.000193875
-6.81231e-05
0.000186356
-0.000156177
-0.000103372
0.000183128
-0.000131225
-9.35887e-05
-0.000111508
-7.76645e-05
-9.44631e-05
-6.14555e-05
-8.13879e-05
-4.60497e-05
-7.04168e-05
-3.36819e-05
-6.09679e-05
-2.42872e-05
-5.11183e-05
-1.81717e-05
-3.93695e-05
-1.4885e-05
-2.50722e-05
-1.4417e-05
-9.16758e-06
-1.64073e-05
7.44089e-06
-2.00058e-05
2.11058e-05
-2.39276e-05
2.94275e-05
-2.69591e-05
2.84494e-05
-2.75208e-05
1.66333e-05
-2.35073e-05
-2.61588e-06
-1.48574e-05
-2.47798e-05
-3.31481e-06
-4.44651e-05
8.89033e-06
-5.79725e-05
2.02402e-05
-6.71077e-05
2.8856e-05
-7.2462e-05
3.25982e-05
-7.77745e-05
3.40493e-05
-8.30335e-05
3.35458e-05
-8.90796e-05
3.33853e-05
-9.70406e-05
3.44207e-05
-0.00010653
3.48798e-05
-0.000116987
3.36876e-05
2.92271e-05
-0.00012502
-2.5962e-05
2.78759e-05
-0.000117296
0.000119786
3.72318e-05
-2.99214e-05
2.93196e-05
-3.07887e-05
6.4032e-05
-5.92355e-05
0.000100353
8.78989e-05
-1.84423e-05
2.85048e-05
0.000102348
-7.48847e-06
-5.04204e-07
0.000110805
-9.43857e-06
0.000114749
-1.56079e-05
1.796e-05
0.000116613
-2.27165e-05
0.000118082
-2.85335e-05
3.04416e-05
0.00011939
-3.36998e-05
0.000113163
-3.98318e-05
0.000107105
-4.28636e-05
0.000100999
-4.23902e-05
9.48239e-05
-4.21695e-05
8.83326e-05
-4.12336e-05
8.21782e-05
-4.10836e-05
7.57413e-05
-4.12369e-05
6.98245e-05
-4.27303e-05
6.38281e-05
-4.53372e-05
5.56743e-05
-4.88061e-05
4.46325e-05
-5.17807e-05
3.07869e-05
-5.31944e-05
1.50462e-05
-5.24345e-05
-9.09842e-07
-4.97719e-05
-1.45251e-05
-4.61137e-05
-2.36267e-05
-4.29294e-05
-2.61474e-05
-4.14284e-05
-2.12505e-05
-4.2625e-05
-1.03932e-05
-4.70191e-05
5.90694e-06
-5.52473e-05
2.72318e-05
-6.6979e-05
5.30535e-05
-8.10195e-05
8.29115e-05
-9.63094e-05
0.00011569
-0.000109944
0.000149326
-0.000118709
0.000180092
-0.000119135
0.000203839
-0.000108399
-8.76504e-05
0.000218549
3.18582e-06
6.67564e-05
-5.70475e-05
-1.89936e-05
-7.37803e-05
7.76767e-05
-3.2502e-05
4.14814e-05
6.6053e-06
-5.72347e-06
-4.8441e-05
9.59826e-05
4.0657e-05
-0.000101037
-3.35365e-05
1.82756e-06
1.00211e-06
2.72324e-05
-5.11046e-05
-5.61546e-05
1.16509e-05
-0.000134287
-0.000116619
2.13465e-05
0.000126732
-0.000148903
0.00018397
-0.000140997
-0.00011962
-0.000130523
-9.63131e-05
-0.000114356
-8.02914e-05
-9.34751e-05
-6.82979e-05
-7.39853e-05
-5.9992e-05
-5.65062e-05
-5.34922e-05
-4.21846e-05
-4.66886e-05
-3.14555e-05
-3.79221e-05
-2.42547e-05
-2.60582e-05
-2.06277e-05
-1.19694e-05
-1.99699e-05
4.23602e-06
-2.15988e-05
1.85188e-05
-2.43777e-05
2.92743e-05
-2.70491e-05
3.30515e-05
-2.82208e-05
2.63849e-05
-2.61039e-05
9.48532e-06
-1.8983e-05
-1.21251e-05
-7.94613e-06
-3.3705e-05
4.51181e-06
-5.10208e-05
1.63088e-05
-6.30108e-05
2.58116e-05
-7.0754e-05
3.07663e-05
-7.67665e-05
3.40053e-05
-8.18564e-05
3.47079e-05
-8.75211e-05
3.45575e-05
-9.50055e-05
3.53847e-05
-0.00010461
3.57385e-05
-0.000114947
3.43458e-05
-0.000126571
3.22464e-05
2.48986e-05
-0.000131665
-6.23161e-05
-4.64133e-05
7.59011e-05
-4.58301e-05
-6.0941e-05
6.76628e-05
4.33815e-05
9.0663e-05
-8.03454e-06
-9.37854e-05
9.85913e-05
-8.64621e-06
0.000105312
-9.30301e-06
0.000109473
-1.33638e-05
0.000112285
-1.99563e-05
0.000113947
-2.59307e-05
0.000114084
-3.13765e-05
0.000110898
-3.63906e-05
0.00010581
-3.98084e-05
0.000100773
-4.15001e-05
9.46114e-05
-4.20582e-05
8.8089e-05
-4.29935e-05
8.08646e-05
-4.37816e-05
7.36101e-05
-4.48309e-05
6.66198e-05
-4.70248e-05
5.97669e-05
-5.02863e-05
5.21637e-05
-5.41762e-05
4.28464e-05
-5.76144e-05
3.11082e-05
-5.97113e-05
1.70778e-05
-5.99318e-05
2.12003e-06
-5.83986e-05
-1.17801e-05
-5.57877e-05
-2.2456e-05
-5.32312e-05
-2.74493e-05
-5.19208e-05
-2.55968e-05
-5.27884e-05
-1.71579e-05
-5.75283e-05
-2.90762e-06
-6.65097e-05
1.6658e-05
-8.00295e-05
4.13991e-05
-9.80554e-05
7.09797e-05
-0.00011826
0.000104405
-0.000137447
0.000139336
-0.000151226
0.000171423
-0.000153747
0.000196456
-0.000141276
0.000211462
-0.000114364
5.33871e-05
-6.90664e-05
0.000215598
3.73091e-05
0.000222543
2.00746e-05
0.000220156
1.16121e-06
0.000215974
-2.1025e-05
0.000211806
-4.5737e-05
0.000207393
-7.41115e-05
0.000206222
-0.000104687
0.000211077
0.000221374
-0.00013879
-2.86741e-05
-6.45541e-06
9.40441e-06
-4.75349e-06
5.51031e-06
-4.55292e-05
3.9978e-05
-2.54915e-05
1.95539e-05
-2.02756e-05
2.5184e-05
-6.41186e-05
-5.21662e-05
4.80629e-05
3.09518e-05
-3.28779e-05
-1.16041e-05
1.77084e-05
2.59316e-05
-0.000133727
2.56805e-05
1.53519e-05
-0.000138703
-5.0977e-05
-4.67405e-05
4.36055e-05
-4.80598e-05
-4.36571e-05
3.56676e-05
-3.9104e-05
3.27458e-05
-3.78665e-05
5.14377e-05
0.00010018
7.12431e-05
8.77988e-05
-8.19085e-05
-8.32368e-06
9.24387e-05
-7.27943e-06
9.86181e-05
-9.05554e-06
0.000103486
-1.18913e-05
0.000106907
-1.75257e-05
0.000108907
-2.30186e-05
0.000109139
-2.81331e-05
0.000107296
-3.29994e-05
0.000103745
-3.69808e-05
9.89554e-05
-3.99078e-05
9.36261e-05
-4.20822e-05
8.67485e-05
-4.42101e-05
7.88203e-05
-4.63907e-05
7.05731e-05
-4.86176e-05
6.25649e-05
-5.15798e-05
5.5135e-05
-5.52431e-05
4.78129e-05
-5.90421e-05
3.97628e-05
-6.22683e-05
2.98546e-05
-6.41141e-05
1.77307e-05
-6.42972e-05
3.97143e-06
-6.2819e-05
-9.85518e-06
-6.03824e-05
-2.14678e-05
-5.79233e-05
-2.83018e-05
-5.6621e-05
-2.86034e-05
-5.81253e-05
-2.27081e-05
-6.40776e-05
-1.15218e-05
-7.51855e-05
4.55391e-06
-9.26026e-05
2.66762e-05
-0.000116329
5.38034e-05
-0.000143738
8.57122e-05
-0.000170557
0.000119772
-0.000190041
0.00015188
-0.000194963
0.000177136
-0.000179492
0.000192642
-0.000144425
0.000196293
-8.56442e-05
2.13635e-05
-2.64577e-05
0.00019254
1.61126e-05
0.000212524
1.01406e-05
0.000218911
-1.10106e-06
0.000219469
-1.37333e-05
0.000216172
-2.98821e-05
0.00021448
-5.03337e-05
0.000216394
-7.37157e-05
0.000223351
-9.66895e-05
0.000236394
-0.000123179
0.000256231
-0.000233847
0.000278548
-0.000155736
-0.000187777
-0.00017861
-0.000145316
-0.000183299
-0.000108786
-0.000171711
-8.16356e-05
-0.000150309
-6.26437e-05
-0.000125208
-5.13828e-05
-9.97855e-05
-4.52079e-05
-7.68149e-05
-4.16534e-05
-5.78378e-05
-3.82218e-05
-4.29405e-05
-3.26838e-05
-3.24495e-05
-2.39473e-05
-2.59576e-05
-1.22157e-05
-2.29484e-05
2.72696e-06
-2.25893e-05
1.69146e-05
-2.3928e-05
2.87891e-05
-2.58405e-05
3.58852e-05
-2.70398e-05
3.43102e-05
-2.60712e-05
2.14098e-05
-2.05584e-05
7.43109e-07
-1.06414e-05
-2.21815e-05
1.53417e-06
-4.25552e-05
1.34682e-05
-5.78527e-05
2.3497e-05
-6.83431e-05
2.93795e-05
-7.54519e-05
3.36828e-05
-8.04048e-05
3.50627e-05
-8.56917e-05
3.55373e-05
-9.25961e-05
3.63683e-05
-0.000102008
3.70375e-05
-0.00011403
3.69026e-05
3.39284e-05
-0.000124495
-6.10288e-05
-4.65344e-05
7.21614e-05
1.81326e-05
-0.000140089
-0.000150643
1.34262e-05
-1.958e-06
2.68644e-05
-4.5728e-05
-4.57447e-05
4.84679e-05
-4.25558e-05
-4.27213e-05
4.73907e-05
-4.48461e-05
-4.6204e-05
4.2219e-05
-4.27209e-05
-4.76727e-05
4.88769e-05
-7.91181e-06
2.08229e-05
7.85595e-05
-1.09557e-05
-7.13462e-05
8.21926e-05
-7.10133e-06
8.71488e-05
-6.74873e-06
9.22275e-05
-8.1578e-06
9.74666e-05
-1.10395e-05
0.000101062
-1.52348e-05
0.000103408
-2.01171e-05
0.000103756
-2.43731e-05
0.000102708
-2.94841e-05
0.000100042
-3.39634e-05
9.59225e-05
-3.79976e-05
9.08127e-05
-4.16589e-05
8.39756e-05
-4.50327e-05
7.55213e-05
-4.87448e-05
6.65586e-05
-5.23116e-05
5.80259e-05
-5.62241e-05
5.03649e-05
-5.99851e-05
4.35774e-05
-6.32965e-05
3.67422e-05
-6.56244e-05
2.85242e-05
-6.64471e-05
1.80617e-05
-6.54862e-05
5.36913e-06
-6.31663e-05
-8.17956e-06
-5.98845e-05
-2.04405e-05
-5.67916e-05
-2.84301e-05
-5.51846e-05
-3.10821e-05
-5.71301e-05
-2.8732e-05
-6.41044e-05
-2.16139e-05
-7.8214e-05
-1.0022e-05
-0.00010076
6.44777e-06
-0.000130989
2.91383e-05
-0.000167026
5.7833e-05
-0.000204035
8.96999e-05
-0.000231381
0.000119842
-0.000238664
0.000143509
-0.000220187
0.000157742
-0.000176223
0.000160696
-0.000103569
0.000156297
-3.297e-05
-5.93843e-05
0.000142656
7.02673e-05
-4.41689e-05
0.00017812
-3.16826e-05
0.000200534
-2.49859e-05
0.000209144
-2.24885e-05
0.000209274
-2.6081e-05
0.000208499
-3.47624e-05
0.000210651
-4.77777e-05
0.000219251
-6.29993e-05
0.000234979
-7.81036e-05
0.000257985
-9.34904e-05
0.00028475
-0.000113758
0.00031598
-0.000295259
0.000340106
-0.000142007
-0.000242848
-0.000195578
-0.000189155
-0.000224628
-0.000138861
-0.000230112
-9.65287e-05
-0.000215212
-6.43613e-05
-0.000186817
-4.31251e-05
-0.000153906
-3.16819e-05
-0.000121736
-2.72324e-05
-9.33019e-05
-2.66002e-05
-7.01079e-05
-2.64717e-05
-5.21669e-05
-2.45238e-05
-3.8953e-05
-1.92327e-05
-3.01789e-05
-1.02556e-05
-2.51387e-05
2.90371e-06
-2.28972e-05
1.64134e-05
-2.27466e-05
2.87116e-05
-2.36646e-05
3.82533e-05
-2.4651e-05
4.07059e-05
-2.40705e-05
3.22858e-05
-2.01389e-05
1.34531e-05
-1.17089e-05
-1.00809e-05
-3.68872e-07
-3.29372e-05
1.13261e-05
-5.1225e-05
2.1444e-05
-6.44715e-05
2.82734e-05
-7.30439e-05
3.30177e-05
-7.87204e-05
3.51585e-05
-8.34599e-05
3.59949e-05
-8.95327e-05
3.71527e-05
-9.80834e-05
3.8263e-05
-0.000109176
3.89383e-05
3.75905e-05
-0.000121754
-0.000133528
2.80497e-05
-5.13979e-05
-4.65783e-05
-4.49861e-05
-5.99476e-05
7.0513e-05
1.5195e-05
2.66e-05
-3.14259e-05
-9.84664e-06
-0.000139439
2.00696e-05
-4.51493e-05
-4.16006e-05
2.96742e-05
-4.33978e-05
-4.36968e-05
-3.95039e-05
-4.34704e-05
2.60816e-05
-7.45387e-05
-0.000100541
-1.89532e-05
-8.65612e-05
4.29495e-05
-0.000143622
1.62296e-05
-4.17395e-05
-3.99157e-05
-3.29983e-05
-4.32403e-05
-8.01075e-05
8.20543e-05
0.000148925
-7.60915e-05
0.000187842
-6.85857e-05
0.000204995
-5.85546e-05
0.000204374
-4.67463e-05
0.000195122
-3.47889e-05
0.000188651
-2.87481e-05
0.000194521
-2.81567e-05
0.000211501
-3.55185e-05
0.000242244
-4.28979e-05
0.000275811
-4.75639e-05
0.000307557
-5.43703e-05
0.000344111
-6.97967e-05
0.000375769
-0.000345596
-9.59996e-05
0.000389123
-0.000293014
-0.000180464
-0.000235265
-0.000242646
-0.000177601
-0.000275259
-0.000124253
-0.000279078
-7.85498e-05
-0.000258329
-4.42619e-05
-0.000221136
-2.1533e-05
-0.00017869
-1.03687e-05
-0.000138698
-7.64961e-06
-0.000105232
-9.63984e-06
-7.85578e-05
-1.28198e-05
-5.83016e-05
-1.43133e-05
-4.34004e-05
-1.23306e-05
-3.29726e-05
-6.13809e-06
-2.63576e-05
4.78254e-06
-2.22657e-05
1.71703e-05
-2.08281e-05
2.9504e-05
-2.08071e-05
4.01925e-05
-2.11896e-05
4.6009e-05
-2.09421e-05
4.20048e-05
-1.82236e-05
2.58898e-05
-1.15443e-05
2.17366e-06
-1.41957e-06
-2.24339e-05
9.60573e-06
-4.36306e-05
1.95543e-05
-5.92663e-05
2.68496e-05
-6.97245e-05
3.22117e-05
-7.5983e-05
3.45239e-05
-8.07611e-05
3.62514e-05
-8.58684e-05
3.74736e-05
-9.33565e-05
3.9159e-05
-0.00010404
4.09972e-05
4.21254e-05
-0.000117902
3.18734e-05
-0.000132717
0.000100568
-5.15456e-05
-9.76124e-05
-4.30404e-05
-4.54598e-05
0.000113671
-7.77308e-07
5.0182e-06
-0.00012367
3.5576e-05
7.09439e-06
-3.87926e-05
-7.05524e-06
7.64155e-05
-7.86249e-06
-7.08939e-05
8.20263e-05
-7.18918e-06
8.73001e-05
-7.92937e-06
9.19164e-05
-9.92628e-06
9.52452e-05
-1.29061e-05
9.73599e-05
-1.70374e-05
9.79752e-05
-2.07048e-05
9.72421e-05
-2.58221e-05
9.50426e-05
-3.07399e-05
9.12826e-05
-3.57156e-05
8.62106e-05
-4.06305e-05
7.95564e-05
-4.55539e-05
7.10129e-05
-5.06876e-05
6.18779e-05
-5.55814e-05
5.31477e-05
-6.0152e-05
4.58737e-05
-6.39341e-05
4.00615e-05
-6.65082e-05
3.46933e-05
-6.75303e-05
2.821e-05
-6.66644e-05
1.9196e-05
-6.40974e-05
7.6261e-06
-6.011e-05
-5.54611e-06
-5.52797e-05
-1.83148e-05
-5.07554e-05
-2.79133e-05
-4.7985e-05
-3.36494e-05
-4.94219e-05
-3.52647e-05
-5.73543e-05
-3.36091e-05
-7.37775e-05
-2.8704e-05
-0.00010064
-1.94905e-05
-0.000137488
-3.77431e-06
-0.000182972
1.89006e-05
-0.000230866
4.51875e-05
-0.000268754
7.10637e-05
-0.000280274
9.22608e-05
-0.000260516
0.00010447
-0.000207096
0.000107328
-0.000122336
0.000102508
-4.0765e-05
9.70996e-05
6.82518e-05
9.02907e-05
8.82328e-05
-4.20429e-05
-5.81558e-05
6.80458e-05
-5.09337e-05
-4.45796e-05
5.81468e-05
1.73254e-06
-9.2908e-07
-6.38437e-05
-0.000127888
1.20183e-05
-1.98342e-05
-0.000138647
1.43191e-05
-0.000321049
0.000376234
-0.000136851
-0.000260868
-0.000229532
-0.000199737
-0.000295681
-0.000143119
-0.000325962
-9.22618e-05
-0.000325229
-4.9402e-05
-0.000296427
-1.768e-05
-0.000248994
2.56859e-06
-0.000196546
1.18817e-05
-0.00014964
1.22484e-05
-0.000111591
7.36353e-06
-8.26995e-05
1.05296e-06
-6.11996e-05
-3.10915e-06
-4.53345e-05
-4.0441e-06
-3.39482e-05
8.97114e-08
-2.6242e-05
8.25186e-06
-2.07621e-05
1.91523e-05
-1.82246e-05
3.10057e-05
-1.73825e-05
4.24092e-05
-1.73113e-05
5.05392e-05
-1.70908e-05
5.03372e-05
-1.54091e-05
3.76243e-05
-1.04375e-05
1.4722e-05
-1.85389e-06
-1.13884e-05
8.14723e-06
-3.5159e-05
1.76873e-05
-5.34896e-05
2.51872e-05
-6.54165e-05
3.05645e-05
-7.28848e-05
3.34895e-05
-7.76934e-05
3.59046e-05
-8.1961e-05
3.71785e-05
-8.78665e-05
3.89824e-05
-9.72105e-05
4.2056e-05
-0.000110792
4.58749e-05
3.79289e-05
-0.000131964
6.51222e-05
-5.13931e-05
9.62226e-05
-4.1501e-05
-3.45463e-05
-0.000195704
0.000196769
8.20419e-05
-0.000176384
0.000131841
-0.000147118
0.000167489
-0.000116522
0.000183486
-9.14191e-05
0.000183776
-7.02311e-05
0.000172327
-5.24788e-05
0.00016483
-3.76701e-05
0.000173358
-2.6174e-05
0.000196903
-1.79888e-05
0.000237649
-9.36051e-06
0.000280995
-3.3692e-06
0.000324333
3.43701e-06
0.000363025
1.06847e-05
0.000393993
1.08787e-05
0.000410127
-5.96248e-07
0.00040435
0.000111366
-4.91941e-05
-0.000102107
3.3708e-05
-4.04158e-05
3.61187e-05
-4.11589e-05
3.80874e-05
-4.16518e-05
-4.25286e-05
-6.4805e-05
0.000101663
7.08012e-05
-1.7969e-05
-0.000133822
-2.5659e-05
3.07406e-05
-1.61482e-05
1.60765e-05
-1.49208e-05
-0.000124532
0.000123628
7.26821e-05
-8.25537e-06
-6.8072e-05
7.79355e-05
-7.77094e-06
8.28592e-05
-7.83785e-06
8.69019e-05
-8.76436e-06
8.98957e-05
-1.07796e-05
9.12957e-05
-1.37021e-05
9.19754e-05
-1.74028e-05
9.11104e-05
-2.20819e-05
8.89129e-05
-2.73048e-05
8.5213e-05
-3.30631e-05
8.0133e-05
-3.90053e-05
7.34194e-05
-4.54657e-05
6.51489e-05
-5.19437e-05
5.62666e-05
-5.7764e-05
4.8218e-05
-6.27885e-05
4.20725e-05
-6.6343e-05
3.77937e-05
-6.79791e-05
3.423e-05
-6.75111e-05
2.94455e-05
-6.4952e-05
2.20424e-05
-6.06033e-05
1.16836e-05
-5.47724e-05
-8.165e-07
-4.80912e-05
-1.40879e-05
-4.15594e-05
-2.55164e-05
-3.69661e-05
-3.45168e-05
-3.68803e-05
-4.14371e-05
-4.40965e-05
-4.68187e-05
-6.13008e-05
-5.06189e-05
-9.06167e-05
-5.09161e-05
-0.000132825
-4.55783e-05
-0.000186742
-3.29738e-05
-0.000246131
-1.53959e-05
-0.000293678
2.24163e-06
-0.000308748
2.05525e-05
-0.00029348
2.91838e-05
-0.000231159
3.46271e-05
-0.000142287
1.6288e-05
-3.6117e-05
3.43277e-05
3.91061e-05
-2.93547e-06
0.000115855
2.44266e-05
0.000150656
-1.28942e-06
5.48882e-05
-2.98069e-07
1.91982e-05
-0.000136345
-5.98772e-05
2.29681e-05
-3.78831e-05
-5.65244e-05
6.55307e-05
-4.15929e-05
-4.49305e-05
-4.07459e-05
-5.02324e-05
-6.32086e-05
-4.1652e-06
6.28467e-05
5.65488e-05
-1.95442e-06
-5.70601e-05
8.29904e-05
1.36463e-05
-0.000138625
5.65473e-05
-0.000139279
7.40181e-05
9.54435e-05
-9.19331e-05
-7.35082e-06
-2.74852e-05
1.0534e-05
8.2783e-05
-0.000109846
-7.56759e-05
0.000101171
-2.6944e-06
-5.88695e-05
-3.36701e-06
5.72872e-05
-0.000340724
0.000388683
-3.38992e-05
-0.000268952
-0.000195462
-0.000196983
-0.00029214
-0.000134036
-0.000351815
-7.98679e-05
-0.000373606
-3.6558e-05
-0.000361564
-4.18662e-06
-0.000321783
1.84514e-05
-0.000265139
3.14344e-05
-0.000204684
3.52664e-05
-0.000151898
3.19971e-05
-0.000111097
2.41312e-05
-8.12338e-05
1.54023e-05
-5.97174e-05
8.39482e-06
-4.43224e-05
4.82597e-06
-3.29947e-05
6.48585e-06
-2.43764e-05
1.27749e-05
-1.85788e-05
2.21701e-05
-1.52609e-05
3.3285e-05
-1.37553e-05
4.4758e-05
-1.32678e-05
5.44553e-05
-1.31372e-05
5.72757e-05
-1.2142e-05
4.82078e-05
-8.70734e-06
2.6607e-05
-1.89359e-06
-2.32659e-07
6.96068e-06
-2.6054e-05
1.57378e-05
-4.65903e-05
2.30868e-05
-6.06355e-05
2.86119e-05
-6.92872e-05
3.17231e-05
-7.4158e-05
3.45132e-05
-7.80345e-05
3.62661e-05
-8.33087e-05
3.82974e-05
-9.04557e-05
4.09754e-05
-9.82591e-05
4.34986e-05
4.78604e-05
-9.98833e-05
0.000113061
-4.36101e-05
-2.56748e-05
2.35648e-05
-2.96663e-05
3.36866e-05
-2.60267e-05
-2.89023e-05
-0.000166999
0.000208361
-2.15506e-05
-0.000130899
4.84902e-05
-0.000120986
0.000136315
-0.000129217
0.000196145
-0.000135877
0.000210185
-0.00013045
0.000192291
-8.91325e-05
0.000139901
-2.8192e-05
0.000109735
2.97456e-05
0.000122387
7.22842e-05
0.000163493
8.04305e-05
0.000241745
7.83173e-05
0.000301751
8.12124e-05
0.000347423
9.09427e-05
0.000383803
0.000106192
0.000409078
0.000118922
0.000421626
0.000131695
0.000407621
0.000119431
0.000408226
-4.93639e-05
2.71763e-05
-3.7662e-05
2.8179e-05
-3.76601e-05
2.82185e-05
-3.76709e-05
2.5343e-05
-3.58979e-05
-3.97916e-05
2.17127e-05
-6.70173e-06
5.28142e-06
3.9503e-05
-3.40654e-05
6.62252e-05
-8.59328e-06
-6.06277e-05
6.73887e-06
7.04845e-05
-8.30121e-06
7.51071e-05
-7.9696e-06
7.93979e-05
-7.56657e-06
8.29219e-05
-7.72287e-06
8.5221e-05
-8.72735e-06
8.61842e-05
-1.07841e-05
8.60149e-05
-1.40115e-05
8.45282e-05
-1.83174e-05
8.1906e-05
-2.37472e-05
7.78279e-05
-2.99017e-05
7.27643e-05
-3.70208e-05
6.61669e-05
-4.46253e-05
5.82296e-05
-5.18777e-05
5.02291e-05
-5.8301e-05
4.355e-05
-6.33509e-05
3.91874e-05
-6.63979e-05
3.6938e-05
-6.70378e-05
3.5403e-05
-6.52368e-05
3.25277e-05
-6.13093e-05
2.69101e-05
-5.55628e-05
1.79973e-05
-4.82759e-05
6.25992e-06
-3.99826e-05
-6.97689e-06
-3.15019e-05
-2.01613e-05
-2.46982e-05
-3.28099e-05
-2.20702e-05
-4.54094e-05
-2.68178e-05
-5.87356e-05
-4.22407e-05
-7.23649e-05
-7.11517e-05
-8.48578e-05
-0.000115392
-9.41772e-05
-0.000174845
-9.6755e-05
-0.000244389
-9.16998e-05
-0.000302279
-8.36598e-05
-0.000322687
-7.31183e-05
-0.000311898
-6.46945e-05
-0.000249468
-6.18532e-05
-0.000156351
-6.7718e-05
-4.28331e-05
-5.8826e-05
1.68648e-05
-7.25042e-05
0.00011503
-4.2358e-05
9.45639e-05
-5.90001e-05
0.000209422
0.000109044
-4.61354e-05
-9.98031e-05
1.87169e-05
-0.000136729
3.48427e-05
-1.752e-05
-7.09763e-05
8.07413e-05
-3.59095e-05
4.03223e-05
-6.14643e-05
-3.43256e-05
3.86622e-05
-3.3015e-05
-5.32002e-05
-0.000137801
1.41738e-05
-4.23948e-05
-4.86504e-05
-3.65019e-05
-4.06433e-05
-4.38173e-05
4.83936e-05
-5.29564e-05
-4.32807e-06
4.47426e-05
-1.82841e-05
1.7898e-05
-3.37258e-05
-4.20263e-05
3.46768e-05
5.17022e-06
7.39893e-05
-8.42909e-05
0.000103363
-3.13446e-05
-3.25168e-05
0.000118824
3.4214e-05
6.0809e-05
-6.32432e-05
-3.0241e-06
-2.30502e-06
5.68555e-05
9.47715e-05
4.56524e-05
8.50786e-05
4.26099e-05
7.82949e-05
3.93293e-05
7.38823e-05
3.64789e-05
7.051e-05
3.41533e-05
6.52123e-05
3.20726e-05
5.51431e-05
2.94266e-05
3.95394e-05
2.57654e-05
1.68232e-05
2.05828e-05
-1.05884e-05
1.37641e-05
-3.76485e-05
6.0174e-06
-5.73097e-05
-1.54027e-06
-6.2954e-05
-6.72571e-06
-5.76816e-05
-8.91825e-06
-4.72196e-05
-9.37044e-06
-3.60003e-05
-9.5343e-06
-2.58427e-05
-1.02765e-05
-1.79962e-05
-1.21591e-05
-1.37264e-05
-1.5754e-05
-1.37305e-05
-2.15076e-05
-1.87953e-05
-2.97116e-05
-2.7493e-05
-4.02941e-05
-3.8172e-05
-5.44603e-05
-4.87523e-05
-7.4322e-05
-5.67436e-05
-0.000102734
-6.13981e-05
-0.000143393
-6.11124e-05
-0.000197999
-5.46586e-05
-0.000262642
-3.95193e-05
-0.000327514
-1.03057e-05
-0.000382229
3.8511e-05
-0.000414946
0.000106327
-0.000412115
0.000190369
-0.000366373
0.000277415
-0.000268857
0.000359508
-0.000102057
0.000431786
4.88698e-05
-5.98285e-07
5.22048e-05
-1.94609e-06
-0.000249849
0.000188033
-2.23952e-05
-0.000286944
-6.75633e-06
-0.000291552
3.77507e-05
-0.000264604
9.63118e-05
-0.000221755
0.000146877
-0.000179778
0.000158907
-0.000142192
0.000141332
-0.000116264
9.53161e-05
-7.87444e-05
5.91361e-05
-4.17483e-05
6.07619e-05
-2.24865e-05
0.000133289
1.9059e-06
0.000215372
3.49503e-05
0.000280946
7.68915e-05
0.000330135
0.000126146
0.000368336
0.00016905
0.000401478
0.000205587
0.000413303
0.000287231
0.000343443
0.000342225
0.000354228
0.000290143
0.000465056
0.000116783
-4.0695e-05
8.65863e-06
-0.000136129
-3.72687e-05
9.01351e-05
4.17958e-05
1.32009e-05
6.8434e-05
-5.66492e-05
-3.09867e-05
6.21839e-06
-6.15236e-05
1.10803e-06
-6.33473e-05
-1.71222e-06
-6.4315e-05
6.27067e-05
-3.92264e-06
-6.36039e-05
5.99154e-05
-4.03391e-06
5.67213e-05
-3.51964e-06
3.59464e-07
9.36582e-07
5.08617e-05
0.000126021
-3.67878e-05
2.82786e-07
4.61572e-05
-4.96909e-05
-2.13477e-06
1.73752e-05
5.22293e-05
-1.37735e-05
8.29425e-06
3.99114e-05
-3.51293e-05
-3.36843e-06
4.25866e-05
-6.58684e-05
-3.1242e-05
7.52011e-05
-5.69689e-05
-2.97042e-05
-2.80868e-05
-4.92005e-05
1.10257e-05
-0.000134006
0.000103354
-4.17134e-05
-9.49777e-05
1.98983e-06
-1.49414e-06
2.22664e-05
-3.13903e-05
2.19597e-05
-3.26172e-05
2.11743e-05
-3.24345e-05
2.25978e-05
-3.29889e-05
-3.24323e-05
1.97678e-05
-4.6046e-05
6.65741e-05
5.91918e-06
3.35498e-05
-2.43107e-05
-1.99626e-05
1.48583e-05
6.078e-05
-5.24399e-06
6.41146e-06
-5.73202e-05
6.48176e-05
-8.0725e-06
6.92681e-05
-8.14787e-06
7.34574e-05
-7.75579e-06
7.71868e-05
-7.03975e-06
7.9925e-05
-6.59486e-06
8.13932e-05
-6.8709e-06
8.14994e-05
-8.20698e-06
8.0246e-05
-1.07794e-05
7.78593e-05
-1.47781e-05
7.41206e-05
-1.98832e-05
6.98093e-05
-2.66869e-05
6.44694e-05
-3.44163e-05
5.783e-05
-4.24242e-05
5.0625e-05
-5.00917e-05
4.40337e-05
-5.66203e-05
3.93564e-05
-6.12938e-05
3.73146e-05
-6.35891e-05
3.74459e-05
-6.32699e-05
3.80978e-05
-6.05475e-05
3.73157e-05
-5.58808e-05
3.36129e-05
-4.93125e-05
2.63787e-05
-4.12532e-05
1.59774e-05
-3.20675e-05
3.29395e-06
-2.2337e-05
-1.09899e-05
-1.35586e-05
-2.69117e-05
-8.17146e-06
-4.51645e-05
-9.18706e-06
-6.63506e-05
-2.02247e-05
-8.99827e-05
-4.49722e-05
-0.000115609
-8.64185e-05
-0.000141874
-0.000146509
-0.000165652
-0.000220664
-0.000179791
-0.000289952
-0.000184487
-0.000321785
-0.00018321
-0.000319091
-0.000176147
-0.000263997
-0.000171777
-0.000170093
-0.000157422
-6.83189e-05
-0.00015499
1.40774e-06
-0.00013392
7.82853e-05
-0.000113472
4.9058e-05
-0.000103349
0.000182779
-2.45524e-05
8.61517e-05
4.94671e-05
2.06148e-05
-4.18171e-05
5.6794e-05
2.16672e-05
-1.71222e-05
2.27947e-05
6.28524e-05
-3.43168e-05
4.9661e-06
3.18176e-05
-4.79795e-06
5.60761e-05
-1.03769e-05
1.22085e-05
-0.000136928
-9.52078e-06
4.4154e-05
9.10275e-06
2.2548e-05
5.95188e-05
-1.61197e-05
5.89883e-06
4.45713e-05
-1.04717e-05
-4.61406e-05
-4.29657e-05
-3.54249e-05
-3.77722e-05
-3.18627e-05
-4.57959e-05
2.63623e-05
-5.47878e-05
6.25948e-05
6.02555e-05
-2.47452e-05
-5.24076e-05
6.88046e-05
5.14762e-05
-4.7171e-05
4.17336e-05
5.38892e-06
-4.14526e-06
-5.91341e-05
9.44856e-07
5.44142e-05
3.65297e-05
-2.34952e-05
-3.78351e-05
-4.85486e-05
-7.60283e-06
5.65653e-05
-8.80595e-06
-6.17793e-05
-4.85638e-06
-6.38358e-05
-5.13388e-06
-6.40417e-05
-6.14021e-06
8.7937e-05
4.05752e-05
8.00338e-05
3.87427e-05
7.39337e-05
3.62079e-05
7.00216e-05
3.34628e-05
6.66044e-05
3.10296e-05
6.07231e-05
2.8607e-05
4.97507e-05
2.60949e-05
3.23148e-05
2.24025e-05
7.79083e-06
1.77796e-05
-2.06545e-05
1.18185e-05
-4.74594e-05
5.21766e-06
-6.47445e-05
-8.34432e-07
-6.75135e-05
-4.65818e-06
-6.04726e-05
-5.93598e-06
-4.97057e-05
-6.11725e-06
-3.90285e-05
-6.33411e-06
-2.98451e-05
-7.20169e-06
-2.34576e-05
-9.15904e-06
-2.07997e-05
-1.26058e-05
-2.21526e-05
-1.77347e-05
-2.77193e-05
-2.48087e-05
-3.68265e-05
-3.39011e-05
-4.83556e-05
-4.58127e-05
-6.10686e-05
-6.24825e-05
-7.38263e-05
-8.69571e-05
-8.81581e-05
-0.000123448
-0.000103039
-0.000174525
-0.000116771
-0.000238488
-0.000125095
-0.000309274
-0.000119405
-0.000378915
-8.79468e-05
-0.000438466
-3.33369e-05
-0.000458702
5.33776e-05
-0.000442797
0.000158772
-0.000359871
0.000285994
-0.000213846
0.000402994
-6.57576e-05
0.000511434
0.000155768
-1.92597e-05
-2.81549e-05
2.02391e-05
-1.84774e-05
-2.83781e-05
-1.74715e-05
-2.81205e-05
-1.75945e-05
-2.71793e-05
-1.80345e-05
-2.58085e-05
-1.90577e-05
-2.3993e-05
-1.11258e-05
1.55071e-05
-6.10023e-06
-2.83307e-05
0.000121479
-0.000134212
0.000135005
-3.24423e-05
8.42175e-05
2.76842e-05
7.0384e-05
2.93311e-06
4.76716e-05
-4.29233e-06
-1.10265e-06
4.80005e-05
1.77907e-05
-3.83638e-05
-1.20902e-05
-2.30348e-05
-4.55576e-05
0.000148268
-1.97021e-05
-9.73994e-06
-0.000116388
-1.20586e-06
-1.23816e-05
-8.37949e-06
-6.23414e-05
0.000116067
-4.17608e-05
1.11283e-05
-6.94282e-06
-6.10302e-05
5.24121e-05
-5.85994e-05
-2.58503e-06
5.08229e-05
-2.15157e-05
-1.988e-05
-0.000332419
0.000304798
-2.19907e-05
-0.000333701
-3.64127e-05
-0.000311898
-4.07085e-05
-0.000254277
-3.20416e-05
-0.000201416
2.11871e-05
-0.000230495
0.000140307
-0.000277415
0.000161366
-0.000279876
0.000102483
-0.000151611
-4.19246e-05
-1.64001e-05
-8.23566e-05
0.000119101
-5.65644e-05
0.000217724
4.82382e-05
0.000219297
0.000224713
0.000200869
0.000315157
0.000193156
0.000361819
0.000215152
0.000380692
0.000240268
0.000413379
0.000242477
0.000443217
0.000455698
0.000142607
0.000579409
0.000216794
0.000466772
0.000529673
0.000209648
0.000711664
1.11009e-05
-6.12384e-05
6.85154e-06
-6.17388e-05
2.17604e-06
-6.25723e-05
-1.47995e-06
-6.38443e-05
-4.10133e-06
-6.34472e-05
-6.17643e-06
-6.37896e-05
-5.89443e-05
-5.73851e-06
8.27417e-06
-0.00013503
-3.82374e-05
0.000100013
2.67076e-05
7.01611e-05
-3.03924e-05
6.94849e-05
3.08479e-05
-0.000126718
0.000137286
6.7757e-05
1.03054e-05
4.6451e-05
-4.814e-05
9.06815e-07
4.56657e-05
-3.86594e-05
-3.29703e-05
-5.02613e-05
9.40819e-06
-3.53042e-05
4.16783e-05
-2.69947e-05
-4.25218e-05
4.17104e-05
3.23436e-06
-0.00013295
7.86978e-06
1.10832e-05
-8.61832e-06
-6.26886e-05
-6.0764e-06
-3.0808e-05
-3.98141e-05
4.36386e-05
-2.6097e-06
-4.3301e-06
-3.25604e-05
5.17777e-05
-5.34284e-06
2.13738e-06
5.85368e-05
-6.71705e-06
6.37436e-05
-7.98288e-06
6.83707e-05
-7.89337e-06
7.26291e-05
-7.36335e-06
7.58739e-05
-6.30644e-06
7.79374e-05
-5.53359e-06
7.84868e-05
-5.27484e-06
7.74791e-05
-6.00759e-06
7.50442e-05
-7.99773e-06
7.10188e-05
-1.12038e-05
6.64622e-05
-1.63849e-05
6.12641e-05
-2.31243e-05
5.54048e-05
-3.07939e-05
4.91134e-05
-3.87772e-05
4.30172e-05
-4.62218e-05
3.8252e-05
-5.23056e-05
3.59401e-05
-5.62781e-05
3.64722e-05
-5.77382e-05
3.90706e-05
-5.67122e-05
4.19477e-05
-5.36869e-05
4.31738e-05
-4.86482e-05
4.1348e-05
-4.20537e-05
3.60785e-05
-3.40147e-05
2.75108e-05
-2.46986e-05
1.61278e-05
-1.46814e-05
2.01697e-06
-4.98888e-06
-1.58824e-05
2.00551e-06
-3.85045e-05
5.19162e-06
-6.61677e-05
-7.03308e-08
-9.87473e-05
-1.71126e-05
-0.000136614
-5.07659e-05
-0.000180043
-0.000104181
-0.000226299
-0.000175174
-0.000265798
-0.000250547
-0.000288097
-0.000300371
-0.000300064
-0.000309711
-0.000297423
-0.00027112
-0.000279385
-0.000195209
-0.000249224
-0.000106962
-0.000229782
-2.91926e-05
-0.000185002
2.05097e-05
-0.000155667
1.56125e-06
-0.000127994
0.000142489
-4.67433e-05
-1.2692e-05
0.000282905
-4.84767e-05
5.84424e-05
-3.26034e-05
6.95882e-06
-3.50457e-05
2.32012e-05
6.70364e-06
-2.33135e-05
-4.41795e-06
1.10645e-05
3.69288e-05
7.74243e-05
4.80067e-05
-4.16431e-05
-4.06923e-06
7.20046e-06
-5.39723e-06
9.79792e-05
-9.10303e-05
0.000103154
0.000140631
-4.20051e-05
-9.7594e-06
-2.00764e-05
2.39027e-05
2.67063e-05
-2.43895e-05
-1.69804e-05
-2.46906e-05
-1.45749e-05
-2.41652e-05
-1.30821e-05
-2.31833e-05
-1.21405e-05
-2.19918e-05
-1.17029e-05
-2.05332e-05
-1.17478e-05
-1.89599e-05
-1.21687e-05
-1.73531e-05
-1.88837e-05
2.09716e-05
-1.9999e-05
-1.2993e-05
-1.61447e-05
-0.000112505
1.12579e-05
-2.62362e-05
-2.75399e-05
5.21812e-05
-4.47326e-05
2.53092e-05
0.000103914
-9.70917e-06
4.47969e-05
0.000107907
2.27469e-05
-1.78561e-05
9.54478e-05
3.819e-05
8.44512e-05
3.6159e-05
7.56529e-05
3.40615e-05
6.97075e-05
3.16711e-05
6.60669e-05
2.91042e-05
6.26233e-05
2.6651e-05
5.58982e-05
2.438e-05
4.41034e-05
2.18358e-05
2.51574e-05
1.86567e-05
-6.81119e-07
1.47269e-05
-2.98311e-05
9.95584e-06
-5.64571e-05
4.67467e-06
-7.10663e-05
-3.60119e-08
-7.14658e-05
-2.57373e-06
-6.32072e-05
-3.2692e-06
-5.25115e-05
-3.41228e-06
-4.24185e-05
-3.75617e-06
-3.41046e-05
-4.64779e-06
-2.89463e-05
-6.45971e-06
-2.73798e-05
-9.44446e-06
-2.95066e-05
-1.35909e-05
-3.50729e-05
-1.90917e-05
-4.35645e-05
-2.60505e-05
-5.45137e-05
-3.49804e-05
-6.76396e-05
-4.72818e-05
-8.3809e-05
-6.55718e-05
-0.00010627
-9.39541e-05
-0.000135627
-0.000135512
-0.000171919
-0.000190965
-0.000211031
-0.000258942
-0.00024408
-0.000335737
-0.000256601
-0.000416762
-0.000235859
-0.000469707
-0.000186677
-0.000480138
-0.000103314
-0.000427689
3.0314e-05
-0.000329448
0.000175724
-0.000197667
0.000372084
-4.94458e-05
0.000630889
-9.61579e-05
-6.08898e-05
-6.23729e-06
-6.18039e-05
-6.6246e-06
-6.30896e-05
-6.556e-06
-6.28807e-05
-7.57659e-06
-5.33131e-05
1.24425e-05
4.48195e-05
-5.61162e-05
-1.05658e-05
4.94801e-05
-4.58429e-05
-6.16078e-06
-4.58675e-06
2.6282e-05
-6.22665e-06
-3.02028e-05
-2.6234e-06
-4.00474e-06
-1.60361e-05
4.28377e-05
-2.07202e-05
-9.66665e-07
-0.000123632
4.55294e-06
-0.000133984
-3.42314e-05
9.355e-05
3.05677e-05
7.89122e-05
-3.78886e-05
8.33187e-05
3.50259e-05
-0.000101838
1.86668e-05
0.000100478
5.89065e-06
4.70168e-05
-2.3971e-06
4.56243e-05
2.02329e-05
-2.54105e-05
-2.90719e-05
0.000152228
-9.59068e-05
3.76825e-05
3.85928e-06
-1.3541e-05
0.000120452
3.88148e-05
-3.63837e-06
7.14305e-07
2.96325e-05
1.30425e-05
-3.37831e-06
1.64902e-05
-3.69741e-05
-2.21326e-05
-3.96597e-05
3.96982e-05
1.85399e-06
-7.20983e-06
-0.000125251
2.76679e-06
0.000117345
4.90473e-06
2.61522e-05
-0.000107379
2.54907e-05
-1.76369e-05
0.000101885
7.24462e-05
-4.69067e-05
-2.56053e-05
2.06211e-05
1.02192e-05
-7.89383e-06
5.99516e-06
-2.56457e-07
3.76418e-05
7.12621e-06
-3.16129e-05
1.40503e-05
-1.91062e-05
-6.17679e-05
1.11986e-05
-6.23524e-05
8.24598e-06
-6.23697e-05
4.75059e-06
-6.20332e-05
1.21831e-06
-6.21492e-05
-2.67875e-06
-6.24342e-05
-5.41044e-06
-6.25777e-05
-7.87122e-06
-6.26062e-05
-9.61846e-06
-6.18873e-05
0.000109906
-3.91254e-05
-0.000131869
5.16459e-06
-3.70558e-05
-2.62499e-05
-2.84939e-05
-3.55647e-05
4.3216e-05
7.18515e-06
7.89181e-06
2.10564e-05
-7.2416e-06
-2.26515e-05
2.28764e-05
-9.241e-05
0.000112887
-4.01242e-05
4.12248e-05
-9.4746e-06
5.02792e-05
-8.37174e-06
5.73667e-05
-7.52689e-06
6.26036e-05
-7.08303e-06
6.78695e-05
-7.40493e-06
7.21257e-05
-6.67008e-06
7.526e-05
-5.6333e-06
7.67426e-05
-4.61461e-06
7.63426e-05
-4.0209e-06
7.41249e-05
-4.33822e-06
7.01713e-05
-5.6524e-06
6.48569e-05
-8.34601e-06
5.88722e-05
-1.29888e-05
5.26032e-05
-1.91169e-05
4.63963e-05
-2.6151e-05
4.06198e-05
-3.34349e-05
3.58997e-05
-4.00488e-05
3.32008e-05
-4.52169e-05
3.3355e-05
-4.82696e-05
3.64246e-05
-4.9e-05
4.12523e-05
-4.77521e-05
4.61237e-05
-4.46413e-05
4.91534e-05
-3.99484e-05
4.92962e-05
-3.39716e-05
4.60556e-05
-2.66446e-05
3.96845e-05
-1.80866e-05
3.02974e-05
-8.67283e-06
1.74293e-05
7.19256e-07
-5.5784e-07
9.39833e-06
-2.4983e-05
1.54484e-05
-5.64069e-05
1.60869e-05
-9.44599e-05
6.83624e-06
-0.000141248
-1.55943e-05
-0.00019759
-5.6197e-05
-0.000262052
-0.000115632
-0.000329279
-0.000186352
-0.000382325
-0.000248201
-0.000415074
-0.000277863
-0.000421395
-0.000266782
-0.000404436
-0.000216244
-0.000368126
-0.000148251
-0.0003273
-7.57653e-05
-0.000277064
-3.59748e-05
-0.000262008
-2.11811e-05
-0.000199143
7.29072e-05
-0.000185221
-3.4782e-05
-0.000162386
0.000244196
-0.000300023
1.56281e-05
0.000129026
-0.000390235
3.61613e-05
-0.000435175
1.68757e-05
-0.000453173
-1.73614e-05
-0.000462227
-2.52075e-05
-0.0004554
-2.66652e-05
-0.000432436
1.13575e-05
-0.000366006
7.86576e-05
-0.000301185
9.44987e-05
-0.000257201
5.10574e-05
-0.000243442
-7.03019e-05
-0.000160315
-0.000175321
-0.000118699
-0.000111284
-0.000197267
9.48436e-05
-0.000189647
0.000224856
-0.000114534
0.000248615
-5.06178e-06
0.0002862
0.000118495
0.000309874
0.000224135
0.000367058
0.000299026
0.000435696
0.00052204
-5.16247e-06
0.000661004
3.79773e-05
0.00063466
0.00048096
0.000375488
0.000886454
0.00100994
-3.24423e-05
3.18213e-05
8.04533e-05
3.38661e-07
4.31958e-05
1.75407e-05
-1.54395e-05
-1.51753e-05
1.87427e-05
-2.11856e-05
-3.1471e-05
1.29172e-05
-2.45332e-05
2.70399e-05
-1.49819e-05
6.53967e-05
-5.56864e-05
-3.30834e-05
4.43494e-05
-4.86951e-05
-2.2819e-06
7.89928e-05
-0.000108516
0.000110285
-0.000122674
-1.51279e-05
-1.70932e-05
-2.3192e-05
-1.34833e-05
-2.01368e-05
-1.05883e-05
-1.8996e-05
-8.07143e-06
-1.79846e-05
-6.06339e-06
-1.67837e-05
-4.59101e-06
-1.54208e-05
-3.67425e-06
-1.41739e-05
-3.62443e-06
-1.323e-05
-4.85672e-06
-1.27939e-05
-7.47929e-06
-1.28376e-05
1.03345e-05
1.41777e-05
-1.5137e-05
-1.14547e-05
-1.49544e-05
-1.81112e-05
1.62923e-05
-1.36463e-05
-0.000131639
8.67634e-05
3.23527e-05
-3.87291e-05
4.59881e-05
-3.02369e-05
8.02679e-06
4.60061e-05
3.53386e-05
1.44239e-05
1.12159e-05
-3.76425e-05
-1.3805e-07
3.79842e-05
-3.44955e-06
1.51285e-07
3.12408e-05
8.1359e-06
-0.000105012
-1.64576e-05
1.94382e-05
2.54134e-05
-2.184e-05
-2.01995e-06
2.99946e-05
5.21302e-08
3.55745e-05
-4.63268e-07
4.21772e-05
-1.99454e-06
4.93475e-05
-3.43284e-06
5.33608e-05
-4.89602e-06
-3.68089e-06
7.48304e-05
-6.81418e-06
8.39915e-05
-1.52923e-05
-7.4312e-05
1.47125e-05
-3.08846e-06
1.65018e-05
-5.50938e-05
-7.22656e-06
-5.63445e-05
-7.43849e-06
-5.77418e-05
-6.88187e-06
-5.84529e-05
-6.90003e-06
-5.88636e-05
-7.79203e-06
-5.87465e-05
-1.00288e-05
0.000117972
-3.85732e-05
-0.000125864
-2.87323e-07
4.44499e-06
-3.51059e-06
6.79293e-06
-2.54947e-05
-3.20439e-05
1.467e-05
-6.10128e-05
-7.71912e-06
5.08296e-05
1.66171e-05
-6.11571e-05
1.35715e-05
-6.24361e-05
1.01515e-05
-6.25443e-05
6.59171e-06
-6.21956e-05
3.28766e-06
-6.17158e-05
-1.07012e-07
-6.11184e-05
-3.56741e-06
-6.08438e-05
-6.88157e-06
-6.0596e-05
-9.94471e-06
-6.03858e-05
-1.22915e-05
-5.99632e-05
-1.37971e-05
-5.73004e-05
1.56083e-05
-4.59969e-06
1.14971e-05
3.88532e-05
6.3864e-06
-0.000112252
2.95414e-05
9.894e-05
1.75868e-05
-7.69121e-06
8.26563e-05
-5.38572e-05
3.17348e-05
-1.36367e-05
3.99895e-05
-1.05695e-05
4.76277e-05
-8.59906e-06
5.48395e-05
-7.33541e-06
6.16398e-05
-6.81915e-06
6.73599e-05
-6.59153e-06
7.18513e-05
-5.81095e-06
7.49198e-05
-4.96755e-06
7.60101e-05
-3.98833e-06
7.47997e-05
-3.3068e-06
7.13583e-05
-3.30356e-06
6.62047e-05
-4.03504e-06
5.9266e-05
-6.10916e-06
5.19129e-05
-9.75822e-06
4.46239e-05
-1.46613e-05
3.81842e-05
-2.04419e-05
3.30636e-05
-2.63458e-05
2.98475e-05
-3.15862e-05
2.9216e-05
-3.54861e-05
3.1659e-05
-3.75858e-05
3.68911e-05
-3.78723e-05
4.35716e-05
-3.66099e-05
5.01208e-05
-3.38316e-05
5.48461e-05
-2.99723e-05
5.67007e-05
-2.5128e-05
5.55041e-05
-1.92296e-05
5.1393e-05
-1.2237e-05
4.42742e-05
-4.27754e-06
3.34007e-05
3.86414e-06
1.7041e-05
1.25176e-05
-6.54316e-06
1.97971e-05
-3.80328e-05
2.40615e-05
-7.7623e-05
2.27871e-05
-0.000126453
1.19799e-05
-0.000187185
-1.26856e-05
-0.000261796
-5.38497e-05
-0.000346531
-0.000109553
-0.000429144
-0.000169902
-0.000491681
-0.000216841
-0.000529453
-0.000229886
-0.000537746
-0.000208523
-0.000511084
-0.000174522
-0.000449764
-0.000136617
-0.000379535
-0.000106456
-0.000333781
-7.00401e-05
-0.000248593
-1.41155e-05
-0.000228874
-6.60079e-05
-0.00022879
0.000247455
-6.19169e-05
-0.000131775
-0.000477086
-0.00026696
0.000762942
-0.000600819
0.000253727
-0.000696075
0.000114267
-0.000818834
0.000104597
-0.000781966
-4.29017e-05
-0.000737305
-4.09353e-05
-0.000694394
-3.88838e-05
-0.000667297
1.50915e-06
-0.000611569
3.09241e-05
-0.000588286
5.95513e-05
-0.000606415
5.31746e-05
-0.000644485
-5.83107e-05
-0.000450428
-0.000349805
-0.000216096
-0.000284796
-0.00014965
1.6567e-05
-8.41351e-05
7.92598e-05
-1.16295e-05
0.000182108
0.000101894
0.00017439
0.000225771
0.000204191
0.000103834
0.000560606
9.9234e-05
0.000505481
0.000796135
-0.000598236
0.00182189
-0.00110789
0.00112793
0.00091658
0.000559977
0.00131813
6.27843e-05
0.00150041
-0.000234105
0.000581475
-0.000292369
-8.87606e-05
-0.000193019
2.19336e-05
-0.00023906
0.000239231
-0.000263298
0.000387769
-0.000310827
0.00047773
-0.000385186
0.000509239
-0.000437674
0.000493389
-0.000449273
0.000441395
-0.000405226
0.000360381
-0.000324601
0.000277517
-0.000241545
0.000205688
-0.000175142
0.000150974
-0.000124454
0.000112244
-8.64548e-05
8.61624e-05
-5.97685e-05
6.95812e-05
-4.21721e-05
5.81441e-05
-3.10536e-05
4.90529e-05
-2.36091e-05
4.18737e-05
-1.79069e-05
3.67649e-05
-1.32598e-05
3.43691e-05
-9.45461e-06
3.5251e-05
-6.40538e-06
3.94716e-05
-4.07703e-06
4.70245e-05
-2.52566e-06
5.65948e-05
-1.66045e-06
6.70315e-05
-1.15834e-06
7.58408e-05
-8.57849e-07
7.71454e-05
-4.39829e-07
6.46636e-05
1.08602e-06
3.85544e-05
4.25423e-06
8.72632e-06
8.31121e-06
-1.8151e-05
1.16825e-05
-3.82382e-05
1.46229e-05
-5.09574e-05
1.7059e-05
-5.81278e-05
1.92146e-05
-6.18362e-05
2.12419e-05
-6.55292e-05
2.35133e-05
-7.13729e-05
2.55044e-05
-8.02083e-05
2.74622e-05
-9.07817e-05
2.87733e-05
-9.913e-05
2.84438e-05
-0.000120086
2.63158e-05
-0.000106701
3.64314e-05
-6.28664e-05
-0.000121537
3.04572e-05
3.78773e-05
-9.86566e-05
-6.08276e-06
-1.82733e-05
-0.000104333
-9.75438e-05
1.84043e-06
1.72687e-05
8.38936e-05
0.000119703
-6.81674e-05
-1.7552e-05
-3.35127e-05
-2.44955e-05
1.7273e-06
-3.81427e-06
3.39702e-06
-0.000132094
-6.24165e-06
-0.000142592
2.37369e-05
3.33715e-05
8.92226e-05
-3.58849e-05
0.000102821
-0.000102535
2.43752e-05
9.22136e-05
3.42853e-05
-2.33546e-06
4.28242e-05
5.13172e-06
4.35798e-05
1.97297e-05
-2.59238e-05
2.69781e-05
1.08873e-05
-2.38651e-05
1.73024e-05
-3.03082e-05
1.44463e-05
3.11326e-05
1.43294e-05
-3.16085e-05
-2.20384e-05
-3.47066e-05
1.75621e-05
-3.40192e-05
4.05723e-05
-7.22781e-08
-3.63117e-05
3.57863e-05
4.85492e-06
-5.90861e-06
1.4379e-05
-1.27513e-06
-7.53875e-06
-0.000117273
1.07842e-06
-3.37917e-05
1.49769e-05
1.47589e-05
-2.02491e-05
2.41311e-05
-3.00327e-05
2.83222e-05
-2.96046e-05
4.3159e-05
3.22107e-05
9.6476e-05
-0.000135012
-2.36403e-06
-1.10857e-05
-5.07446e-06
-9.92899e-06
-6.11527e-06
-9.37703e-06
-5.50741e-06
-9.08876e-06
-3.55167e-06
-9.51808e-06
-7.0247e-07
-1.0435e-05
2.34505e-06
-1.15529e-05
5.89881e-06
-1.24491e-05
9.38741e-06
-1.30154e-05
1.20906e-05
-1.33068e-05
-1.28128e-05
1.13001e-05
-2.87443e-05
-1.3918e-05
-2.0076e-06
0.00011205
-6.3118e-05
-9.62982e-06
1.45048e-05
-5.22034e-05
-4.833e-06
-4.44447e-05
-3.10074e-06
-3.70347e-05
-1.67719e-06
-2.99206e-05
-6.11285e-07
-2.32936e-05
6.00034e-07
-1.75377e-05
8.61435e-07
2.54334e-09
-7.41346e-05
0.000112785
8.80305e-05
-3.05341e-05
-2.32786e-06
2.83682e-05
-3.55489e-05
-3.52787e-06
-4.10732e-05
-3.95968e-06
-5.88846e-06
9.15365e-05
9.4964e-07
9.41561e-07
2.84455e-07
0.000112958
-3.744e-05
3.34029e-05
1.73754e-05
-0.000108243
2.04335e-05
3.50988e-05
7.09015e-06
-1.77421e-07
0.000123485
-4.15789e-05
-6.81234e-06
-4.42043e-05
-6.41728e-06
-4.61391e-05
-5.90591e-06
-4.77494e-05
-5.805e-06
-4.94443e-05
-6.26016e-06
-5.10875e-05
-8.26714e-06
-5.16592e-05
-1.29891e-05
-4.45654e-05
9.25381e-05
-6.72723e-05
8.57597e-05
1.41896e-05
-7.79552e-05
0.000114635
1.8547e-05
-4.51976e-05
0.000105603
7.89265e-06
0.000109431
1.47196e-05
-2.30729e-05
0.000116475
2.2319e-05
0.000112769
2.2137e-05
0.000111491
2.24022e-05
9.87348e-05
1.98439e-05
8.66395e-05
1.95429e-05
7.52977e-05
1.97661e-05
6.61658e-05
1.92554e-05
5.98646e-05
1.82468e-05
5.60262e-05
1.67939e-05
5.19242e-05
1.51085e-05
4.42439e-05
1.35768e-05
3.06498e-05
1.22125e-05
9.50034e-06
1.06815e-05
-1.83895e-05
9.12533e-06
-4.91643e-05
6.80073e-06
-7.48998e-05
4.42878e-06
-8.58148e-05
2.71151e-06
-8.3668e-05
1.93122e-06
-7.48682e-05
1.46856e-06
-6.47838e-05
8.24565e-07
-5.56791e-05
1.58603e-07
-4.86965e-05
-6.61058e-07
-4.5135e-05
-1.91539e-06
-4.4553e-05
-3.56257e-06
-4.68974e-05
-5.49532e-06
-5.12737e-05
-7.77953e-06
-5.67365e-05
-1.03572e-05
-6.305e-05
-1.32251e-05
-7.07785e-05
-1.65493e-05
-8.37253e-05
-2.1275e-05
-0.000105956
-2.85329e-05
-0.000141939
-3.97874e-05
-0.000197682
-5.6865e-05
-0.000278226
-8.2409e-05
-0.00038544
-0.000122287
-0.000511829
-0.000185196
-0.00063526
-0.000265357
-0.000735901
-0.000325678
-0.000804051
-0.000333346
-0.00083235
-0.000292794
-0.000861691
-0.000210206
-0.00100368
-5.69869e-05
-0.00131571
8.97736e-05
-0.00172235
0.000194858
-0.00111365
-0.00028679
-3.25824e-05
1.86046e-05
-2.28339e-05
-3.0157e-05
-0.00121835
0.000948287
1.53854e-05
-0.000964298
-4.55619e-05
-0.000852765
-1.24871e-05
-0.000717566
-2.62644e-05
-0.000735226
-1.4808e-05
-0.000765207
-1.59787e-05
-0.000778239
-4.154e-06
-0.00075257
-2.13609e-05
-0.000692886
-1.14348e-05
-0.000591277
9.97306e-06
-0.000500634
-7.81031e-07
-0.000491831
1.28396e-05
-0.000803689
1.72112e-05
-0.00109581
2.88437e-05
-0.00108047
-1.70951e-06
-0.000926216
3.16915e-06
-0.000674032
-4.86419e-05
-0.000398526
5.39559e-05
-7.44545e-05
2.76711e-05
0.000560685
-8.86792e-05
0.00112109
5.15543e-05
0.000378194
-0.000141306
-2.26599e-06
-0.000225989
0.000955143
-3.68267e-05
0.000638101
0.00152046
0.00101274
0.00111509
0.000832107
-0.000103173
-0.000105739
-0.000256698
-2.0883e-06
-3.55596e-07
1.4916e-05
-1.40762e-05
-6.48822e-05
1.43646e-05
-6.36141e-05
1.18803e-05
-6.29819e-05
8.73854e-06
-6.23032e-05
5.44548e-06
-6.15903e-05
2.28603e-06
-6.07296e-05
-7.49275e-07
-5.98352e-05
-4.02832e-06
-5.88735e-05
-7.55211e-06
-5.79586e-05
-1.11345e-05
-5.73277e-05
-1.51244e-05
-5.61792e-05
-1.71532e-05
-5.51967e-05
-1.73562e-05
-5.11403e-05
-5.95092e-05
2.67387e-06
-5.06587e-05
2.80791e-06
-1.60917e-05
-5.74689e-05
-4.54926e-06
-9.66968e-06
-6.52989e-05
2.72677e-05
-8.32964e-06
-2.46694e-05
3.20251e-05
-9.51112e-06
3.84903e-05
-8.23692e-06
4.58467e-05
-7.17455e-06
5.34132e-05
-6.25471e-06
6.05378e-05
-5.80476e-06
6.65434e-05
-5.24723e-06
7.15199e-05
-4.95417e-06
7.46717e-05
-4.35025e-06
7.55206e-05
-3.65488e-06
7.36662e-05
-3.06859e-06
6.9292e-05
-2.83902e-06
6.30227e-05
-3.08425e-06
5.46412e-05
-4.30888e-06
4.59828e-05
-6.58918e-06
3.79493e-05
-9.87427e-06
3.14533e-05
-1.37859e-05
2.70766e-05
-1.77513e-05
2.53169e-05
-2.12131e-05
2.64965e-05
-2.37067e-05
3.0828e-05
-2.49711e-05
3.76888e-05
-2.49672e-05
4.59677e-05
-2.38023e-05
5.38692e-05
-2.17416e-05
5.99324e-05
-1.9055e-05
6.33048e-05
-1.57472e-05
6.39435e-05
-1.17799e-05
6.19917e-05
-6.98564e-06
5.72209e-05
-1.30109e-06
4.86465e-05
4.95455e-06
3.46924e-05
1.16718e-05
1.36895e-05
1.81784e-05
-1.47233e-05
2.3499e-05
-5.04822e-05
2.63972e-05
-9.46485e-05
2.43987e-05
-0.0001499
1.50424e-05
-0.000219317
-5.0134e-06
-0.000307112
-3.68155e-05
-0.000406495
-8.01003e-05
-0.00050058
-0.00012631
-0.000571854
-0.000158164
-0.000618932
-0.00015897
-0.000644762
-0.00014406
-0.000650377
-0.000125623
-0.000651111
-0.00010175
-0.000661204
-6.38022e-05
-0.000657772
-2.49974e-05
-0.00077814
4.64216e-05
-0.000725472
0.000230954
-0.00113973
0.000327278
-0.0011401
0.000689701
-7.2943e-05
-0.000115811
3.16871e-05
1.02525e-05
1.82031e-05
-2.83034e-05
-2.03816e-06
3.97507e-05
4.29636e-06
4.02208e-05
-0.000104542
2.77589e-05
3.55286e-05
9.88591e-05
-5.07168e-06
-0.00012479
1.1994e-05
-0.000123511
2.46016e-05
-1.96785e-05
-3.38619e-05
-2.56429e-05
-2.54206e-05
-1.14041e-05
1.65979e-05
-5.99679e-06
9.57862e-06
-2.66016e-05
-5.79802e-05
-7.56539e-06
5.69943e-05
-5.31993e-05
-4.91779e-06
-4.52187e-05
-3.13707e-06
-3.69705e-05
-2.20955e-06
-2.87254e-05
-1.38372e-06
-2.06574e-05
-6.58642e-07
-1.27527e-05
-1.35166e-08
-5.83515e-06
2.03538e-07
2.02998e-07
2.20866e-05
-3.32155e-06
-2.97755e-05
-0.000121557
0.000123176
-8.5163e-06
-1.81157e-06
-1.01839e-05
-3.10413e-06
-1.51615e-05
-2.2766e-06
-1.71068e-06
-7.92348e-06
-6.54018e-06
-1.47838e-05
-3.8553e-06
-1.92865e-05
-4.99518e-06
-2.03405e-05
-5.44712e-06
-1.85508e-05
-5.57823e-06
-1.50159e-05
-5.62664e-06
-1.05077e-05
-5.95708e-06
-5.64213e-06
-6.33059e-06
-7.44648e-07
-6.66873e-06
3.74773e-06
-6.82734e-06
-6.78178e-06
-0.000125956
0.000105444
3.57742e-05
4.00141e-05
-3.19446e-05
1.5107e-05
1.88566e-05
-3.16155e-05
6.98204e-05
6.4906e-07
-6.37355e-05
7.70663e-05
1.11154e-06
-3.19556e-06
8.94853e-05
5.36215e-06
0.000102851
6.60108e-06
0.000103735
4.99279e-06
0.000105876
6.68633e-06
0.000108552
9.42832e-06
0.00010665
1.02677e-05
0.000101491
1.04151e-05
9.02872e-05
1.00355e-05
7.67964e-05
1.00425e-05
6.38659e-05
1.04713e-05
5.34663e-05
1.07212e-05
4.62434e-05
1.05161e-05
4.15722e-05
9.81043e-06
3.69894e-05
8.62348e-06
2.87184e-05
8.07776e-06
1.42179e-05
7.79144e-06
-8.04718e-06
7.34674e-06
-3.66584e-05
6.57361e-06
-6.791e-05
5.92363e-06
-9.3719e-05
5.12535e-06
-0.000103594
4.37536e-06
-0.000100441
3.75169e-06
-9.10256e-05
2.91249e-06
-8.01179e-05
1.88881e-06
-7.02796e-05
1.06386e-06
-6.29627e-05
2.88228e-07
-5.91237e-05
-5.92491e-07
-5.79464e-05
-1.50209e-06
-5.94373e-05
-2.42861e-06
-6.24568e-05
-3.40233e-06
-6.57259e-05
-4.32212e-06
-6.8534e-05
-5.1652e-06
-7.12791e-05
-5.94404e-06
-7.7074e-05
-6.71206e-06
-8.84253e-05
-7.66978e-06
-0.000108247
-9.19945e-06
-0.000141838
-1.16479e-05
-0.000195909
-1.63467e-05
-0.000279762
-2.61463e-05
-0.000405413
-4.5704e-05
-0.00057378
-7.92274e-05
-0.000747809
-0.000127912
-0.000882399
-0.000160959
-0.000959005
-0.000148267
-0.000950683
-0.000108137
-0.000926991
3.13697e-05
-0.000911507
0.000180206
-0.00102338
0.000400374
-0.000856149
-0.000170687
-0.000307556
-0.000610973
-1.64196e-05
-5.50522e-06
-2.10247e-05
-3.8263e-06
-2.52228e-05
-3.15934e-06
-2.84547e-05
-3.09759e-06
-3.1452e-05
-2.89511e-06
-3.45998e-05
-2.91032e-06
-3.82129e-05
-4.22556e-06
-4.24512e-05
-8.22082e-06
-4.41472e-05
-0.000111722
1.3036e-05
3.75573e-05
4.70828e-06
-2.50361e-05
-2.57983e-05
3.69569e-05
6.7054e-06
-1.42539e-06
3.83193e-05
-0.000105101
2.73115e-05
-1.45939e-05
-3.82493e-05
1.88885e-06
3.41153e-05
-4.01282e-05
3.08594e-07
-4.66206e-05
-1.92177e-06
-1.33479e-06
-4.90916e-05
2.02744e-05
2.20199e-05
-5.59075e-05
-3.36319e-05
1.62705e-05
-6.11976e-05
1.26123e-05
-6.19883e-05
9.62058e-06
-6.20291e-05
7.05604e-06
-6.17099e-05
4.7725e-06
-6.10745e-05
2.5522e-06
-5.99753e-05
2.17572e-07
-5.86951e-05
-2.34722e-06
-5.7154e-05
-5.36579e-06
-5.55163e-05
-9.17875e-06
-5.38583e-05
-1.32073e-05
-5.2271e-05
-1.78987e-05
-5.04009e-05
-2.0353e-05
-4.83879e-05
-4.65595e-05
-1.75277e-05
1.7891e-05
-1.4252e-05
1.41583e-05
3.23843e-05
-0.000135838
3.96016e-05
-6.91486e-06
6.67649e-05
-1.82838e-05
-4.13561e-05
-2.29135e-05
-2.03542e-06
-2.98781e-05
-1.97419e-05
-2.71575e-05
-2.48557e-05
-2.16472e-05
-2.29104e-05
-2.43182e-05
-6.62546e-07
-2.71755e-05
-2.01818e-05
-2.09816e-05
-1.6633e-05
-2.11528e-05
1.3422e-05
-3.18311e-05
1.07236e-05
-3.80654e-05
2.76045e-05
-3.47632e-05
1.46628e-05
-3.29121e-05
3.06186e-05
-3.83061e-05
7.63079e-06
-4.73248e-05
2.48052e-05
-4.87763e-05
-4.82295e-05
-4.42498e-05
7.00346e-05
-2.84941e-05
2.89067e-05
1.64008e-05
-0.00015176
4.67242e-05
4.26359e-05
-2.20655e-06
-0.000107709
-7.78635e-05
-0.000158464
-0.000108197
-3.28009e-06
6.15359e-05
0.00135024
0.000103882
0.00107332
1.68071e-05
-1.45272e-05
-0.000139943
-0.000114022
-0.000375818
-9.38873e-05
2.29464e-05
-5.23476e-06
2.84975e-05
-5.07461e-06
3.50356e-05
-4.70373e-06
4.22839e-05
-4.44922e-06
4.98656e-05
-4.09384e-06
5.69871e-05
-3.71636e-06
6.3439e-05
-3.73853e-06
6.84954e-05
-3.62942e-06
7.15845e-05
-3.49701e-06
7.20768e-05
-3.1717e-06
6.95266e-05
-2.77687e-06
6.42621e-05
-2.36803e-06
5.69066e-05
-2.26485e-06
4.72854e-05
-2.62377e-06
3.74709e-05
-3.42824e-06
2.87603e-05
-4.69024e-06
2.22744e-05
-6.39338e-06
1.86406e-05
-8.3157e-06
1.822e-05
-9.96241e-06
2.11517e-05
-1.10751e-05
2.75e-05
-1.16619e-05
3.63344e-05
-1.15142e-05
4.64774e-05
-1.07262e-05
5.6112e-05
-9.64889e-06
6.38958e-05
-8.38971e-06
6.92217e-05
-6.86448e-06
7.20449e-05
-4.98253e-06
7.24942e-05
-2.65052e-06
7.01338e-05
2.32207e-07
6.4058e-05
3.53078e-06
5.29275e-05
7.32743e-06
3.53319e-05
1.13043e-05
1.11094e-05
1.51859e-05
-1.86207e-05
1.84658e-05
-5.28106e-05
2.02799e-05
-9.27251e-05
1.90183e-05
-0.000142922
1.46587e-05
-0.000207145
5.87755e-06
-0.000292042
-8.39687e-06
-0.000397754
-2.75278e-05
-0.000503847
-5.21611e-05
-0.000589461
-6.8467e-05
-0.000653942
-7.3504e-05
-0.000703244
-6.68795e-05
-0.000746398
-4.84748e-05
-0.000786106
-1.71012e-05
-0.000826774
1.8015e-05
-0.000878296
9.68696e-05
-0.000888137
0.000245337
-0.00110229
0.000540962
-0.00112382
0.00074606
-0.00026499
-0.000966055
-0.000382758
-4.39607e-05
-3.40712e-05
1.75352e-05
3.86024e-05
-0.000122556
-0.000802356
0.000481749
-0.000797978
2.61291e-05
7.17727e-05
2.22013e-05
0.00374479
-0.00308876
-0.00255864
0.00132653
0.00123324
0.000631375
-0.000282233
-4.46739e-05
-0.000152395
0.000133081
0.000110903
-0.000359439
0.000387269
-0.000344298
0.000183854
-1.84376e-05
-0.000130038
0.000217033
-0.000271635
0.000298775
-0.000299129
0.000283547
-0.000334098
0.000248953
-0.000385815
0.000162136
-9.25521e-05
-6.27661e-05
0.000302973
-0.000457858
0.000818796
-0.00127721
0.000247173
0.000366156
-0.000491592
0.000504871
4.55829e-05
-0.000292341
0.000390458
-0.000416949
0.000413407
-0.000378794
0.000324089
-0.000259056
0.000195786
-0.000142168
0.000104718
-7.74688e-05
5.59772e-05
-3.53623e-05
1.45419e-05
7.8731e-06
-3.01172e-05
4.96306e-05
-6.36143e-05
7.17566e-05
-7.52144e-05
7.50303e-05
-7.19603e-05
6.64046e-05
-5.82665e-05
4.74772e-05
-3.46842e-05
2.14529e-05
-9.56424e-06
1.26991e-08
6.20343e-06
-8.55865e-06
6.89631e-06
-1.33754e-06
-6.73124e-06
1.73269e-05
-2.85807e-05
3.80903e-05
-4.56994e-05
5.08253e-05
-5.29168e-05
5.22073e-05
-4.91326e-05
4.42219e-05
-3.81167e-05
3.1601e-05
-2.50757e-05
1.87452e-05
-1.28386e-05
7.11117e-06
-2.06692e-06
-2.79762e-06
7.93867e-06
-1.3163e-05
1.83371e-05
-2.3162e-05
2.71872e-05
-2.98281e-05
3.04805e-05
-2.88621e-05
2.50696e-05
-2.01644e-05
9.56262e-06
-2.20993e-06
-2.82196e-06
6.68382e-06
-9.94366e-06
1.27022e-05
-1.52696e-05
1.89954e-05
8.39937e-06
9.7077e-06
-1.1342e-05
6.9696e-06
-3.97959e-06
1.66368e-06
8.20311e-08
-1.24304e-06
2.07693e-06
-2.69167e-06
3.13374e-06
-3.63491e-06
4.28921e-06
-5.43986e-06
7.47194e-06
-1.06105e-05
2.31796e-05
3.23012e-05
-4.01849e-05
-1.41393e-05
-6.69713e-06
-2.07033e-05
2.5776e-05
3.27268e-06
-2.14879e-05
1.59808e-05
-1.21079e-05
8.80796e-06
-5.23119e-08
-6.18871e-06
1.16307e-05
-1.64717e-05
1.82473e-05
-1.67365e-05
1.30264e-05
-8.09979e-06
2.1085e-06
4.49635e-06
-1.13847e-05
1.83183e-05
-2.50583e-05
3.1404e-05
-3.59947e-05
3.69666e-05
-4.08937e-05
4.81649e-05
3.40106e-06
-5.49018e-05
6.41009e-05
-7.18308e-05
7.42288e-05
-7.42833e-05
7.26992e-05
-6.80115e-05
6.01669e-05
-4.80892e-05
3.4104e-05
-2.13484e-05
1.20893e-05
-6.74789e-06
4.2113e-06
-1.68993e-06
-4.03804e-06
1.54767e-05
-3.39791e-05
5.83302e-05
-8.37078e-05
0.000103208
-0.000107762
0.000100194
-8.69706e-05
7.30818e-05
-6.12861e-05
5.2633e-05
-4.77251e-05
4.59258e-05
-4.67422e-05
4.85628e-05
-4.98726e-05
4.93589e-05
-4.70142e-05
4.44429e-05
-4.23378e-05
4.07096e-05
-4.09595e-05
4.58352e-05
-6.02343e-05
9.21043e-05
-0.000153146
0.000257385
-0.000384078
0.000467078
-0.00045605
0.000252371
0.000156462
-9.59642e-06
-4.54523e-06
-3.59866e-06
-3.04791e-07
4.16995e-05
-2.48364e-05
-2.60448e-05
-6.00404e-05
-2.59059e-06
4.5248e-06
-5.12743e-07
-7.02712e-07
-1.05643e-07
-7.40927e-08
-3.82985e-05
9.49673e-06
4.19287e-05
3.19033e-05
-0.00012448
8.21486e-05
-4.74295e-05
-9.09273e-05
-4.98232e-05
-4.94734e-05
8.12047e-05
-4.56402e-05
-9.15701e-05
-4.79324e-05
-4.70767e-05
7.88271e-05
-4.31153e-05
-8.90238e-05
-4.56234e-05
-4.38011e-05
7.47683e-05
-8.51641e-05
2.16562e-05
4.43833e-06
)
;

boundaryField
{
    wall
    {
        type            calculated;
        value           uniform 0;
    }
    outlet
    {
        type            calculated;
        value           nonuniform List<scalar> 
33
(
2.8001e-09
2.4065e-09
2.77142e-09
2.11867e-09
2.34914e-09
2.62459e-09
2.23835e-09
2.02053e-09
2.37372e-09
1.96252e-09
1.9044e-09
2.26545e-09
2.10362e-09
2.45524e-09
2.3823e-09
2.59108e-09
2.51446e-09
2.72197e-09
2.67598e-09
2.69179e-09
2.71997e-09
2.66663e-09
2.66639e-09
2.72704e-09
2.69322e-09
2.74592e-09
2.74257e-09
2.66502e-09
2.71661e-09
2.23865e-09
2.53922e-09
1.3233e-09
1.30669e-09
)
;
    }
    inlet
    {
        type            calculated;
        value           nonuniform List<scalar> 
30
(
-3.19104e-05
-2.83362e-05
-3.74187e-05
-4.68745e-05
-7.82415e-06
-2.14203e-05
-4.3921e-05
-4.00623e-05
-5.00656e-05
-4.73643e-05
-5.45898e-05
-5.22882e-05
-5.85198e-05
-5.66136e-05
-6.12981e-05
-6.01171e-05
-6.17328e-05
-6.18528e-05
-5.8931e-05
-6.0823e-05
-5.49077e-05
-1.85007e-05
-1.36511e-05
-5.5122e-06
-2.06755e-06
-2.84671e-06
-6.03316e-07
-4.37064e-07
-7.39297e-08
-1.06686e-07
)
;
    }
    frontAndBackPlanes
    {
        type            empty;
        value           nonuniform List<scalar> 0();
    }
}


// ************************************************************************* //
