/*--------------------------------*- C++ -*----------------------------------*\
| =========                 |                                                 |
| \\      /  F ield         | OpenFOAM: The Open Source CFD Toolbox           |
|  \\    /   O peration     | Version:  2212                                  |
|   \\  /    A nd           | Website:  www.openfoam.com                      |
|    \\/     M anipulation  |                                                 |
\*---------------------------------------------------------------------------*/
FoamFile
{
    version     2.0;
    format      ascii;
    arch        "LSB;label=32;scalar=64";
    class       surfaceScalarField;
    location    "0.0161";
    object      phi;
}
// * * * * * * * * * * * * * * * * * * * * * * * * * * * * * * * * * * * * * //

dimensions      [1 0 -1 0 0 0 0];

oriented        oriented;

internalField   nonuniform List<scalar> 
4475
(
0.000122868
-0.000136186
0.000131075
-0.000131431
-1.2755e-05
-1.28978e-05
1.07052e-05
5.37571e-06
0.000227774
-0.000255277
4.41319e-05
-1.41151e-05
-1.65814e-05
4.63846e-05
1.56158e-05
-4.32971e-05
-4.76134e-05
4.35432e-05
4.84427e-05
-4.37814e-05
4.83623e-05
-2.96792e-05
-5.3814e-05
3.54737e-05
-7.13996e-06
9.41179e-06
5.45168e-05
-5.00911e-05
-2.6082e-05
-4.80861e-05
3.72413e-05
3.93214e-05
4.86509e-05
-4.87886e-05
-4.85172e-05
-6.33168e-05
1.18799e-06
4.43018e-06
5.3241e-05
-9.90854e-06
7.7748e-06
-6.3809e-05
-7.15104e-05
8.43986e-06
-3.42172e-06
6.63608e-05
-7.22299e-05
-1.62803e-06
3.29707e-06
-7.16676e-05
-6.18066e-06
7.32114e-06
-6.99776e-05
-9.40535e-06
9.67974e-06
-6.76201e-05
-1.13888e-05
1.08683e-05
-1.20205e-05
-6.34433e-05
9.44512e-06
6.12608e-05
8.23969e-06
-5.86926e-05
-8.08102e-06
6.78768e-05
-1.55818e-05
7.1872e-05
-1.21956e-05
7.42644e-05
-8.97069e-06
7.53581e-05
-5.40633e-06
7.55144e-05
-1.47204e-06
8.05643e-05
1.54167e-06
6.73197e-05
-1.42126e-06
5.829e-05
3.31733e-06
6.48161e-05
9.06421e-06
-2.5943e-05
5.06429e-05
-1.62648e-06
1.43892e-06
6.08147e-05
-5.87963e-05
-3.27653e-06
-6.05814e-05
6.74668e-06
3.84599e-05
9.48638e-07
-3.34464e-06
2.78588e-05
4.49093e-06
-6.91142e-06
1.96038e-05
8.13923e-06
-9.76226e-06
1.41645e-05
1.08313e-05
-1.15e-05
1.10833e-05
1.20856e-05
-1.18383e-05
9.82653e-06
1.1804e-05
-1.12062e-05
9.97189e-06
1.02673e-05
-9.84314e-06
1.1552e-05
7.74499e-06
-7.84894e-06
1.48412e-05
4.45838e-06
-5.12944e-06
1.99471e-05
5.7115e-07
-1.54483e-06
2.63674e-05
-3.73599e-06
2.61163e-06
3.31877e-05
-8.06906e-06
6.87824e-06
3.93345e-05
-1.14782e-05
1.01556e-05
4.42353e-05
-1.3247e-05
1.14665e-05
-1.27671e-05
4.7906e-05
1.01851e-05
-4.5217e-05
5.09784e-05
-1.4468e-05
-3.7915e-05
-1.40899e-05
-2.96639e-05
-1.20472e-05
-2.18288e-05
-8.53238e-06
-1.5238e-05
-4.41022e-06
-1.05607e-05
-1.3524e-07
-7.96505e-06
3.87635e-06
-7.24079e-06
7.52089e-06
-8.12368e-06
1.02491e-05
-1.07688e-05
1.16879e-05
-1.54932e-05
1.14506e-05
-2.25244e-05
9.40716e-06
-3.16802e-05
6.05732e-06
-4.2152e-05
2.26042e-06
-5.32869e-05
-4.06963e-07
-6.61017e-05
2.9794e-07
-5.64747e-05
8.11057e-06
-2.42771e-05
-6.19919e-05
6.72648e-06
-6.13169e-05
5.77965e-06
-6.34789e-05
4.19794e-06
-2.19097e-06
-6.89324e-05
2.49126e-06
-6.97687e-05
5.0957e-06
-6.9395e-05
8.10395e-06
-6.82852e-05
9.37731e-06
-6.62321e-05
9.16619e-06
-6.4987e-05
8.18251e-06
-1.00572e-05
7.13323e-06
4.98069e-05
-1.31309e-05
5.50571e-05
6.83895e-05
-2.09653e-05
-5.7907e-05
7.35463e-05
-1.27505e-05
7.67694e-05
-8.70441e-06
7.83429e-05
-5.20473e-06
7.89566e-05
-2.67959e-06
7.7964e-05
-1.03187e-06
7.08273e-05
-9.53214e-07
6.37131e-05
3.81815e-07
5.82607e-05
1.02275e-06
4.70791e-05
-2.86142e-06
3.50558e-05
-6.59816e-06
2.49888e-05
-9.42615e-06
1.7977e-05
-1.10855e-05
1.37777e-05
-1.15908e-05
1.18001e-05
-1.11794e-05
1.13028e-05
-1.03514e-05
1.21126e-05
-9.35441e-06
1.44857e-05
-7.96136e-06
1.86841e-05
-5.83587e-06
2.44177e-05
-2.73914e-06
3.07513e-05
9.63941e-07
3.64244e-05
4.84913e-06
4.04639e-05
7.71287e-06
4.27454e-05
8.67207e-06
4.38413e-05
7.23364e-06
6.44609e-06
-5.66663e-05
-5.65352e-06
4.13479e-06
4.41152e-05
1.16688e-06
-5.39427e-05
-6.2951e-05
4.63083e-06
-5.29975e-05
5.91462e-05
-1.58983e-05
-4.51181e-05
-1.56013e-05
-3.56604e-05
-1.44692e-05
-2.61407e-05
-1.18178e-05
-1.74394e-05
-8.5116e-06
-1.06772e-05
-4.61052e-06
-6.21151e-06
-3.8657e-07
-4.13551e-06
3.45589e-06
-4.27837e-06
7.00185e-06
-6.57736e-06
9.52537e-06
-1.10673e-05
1.05168e-05
-1.77015e-05
9.65586e-06
-2.61947e-05
7.13324e-06
-3.58029e-05
3.70342e-06
-4.56649e-05
4.89936e-07
-5.45841e-05
-1.22752e-06
-6.10035e-05
-3.90393e-07
-6.03454e-05
3.18362e-06
-6.06563e-05
5.08083e-06
-6.16403e-05
6.33547e-06
-6.3095e-05
5.9345e-06
-6.5716e-05
5.64794e-06
-6.70289e-05
6.96716e-06
-6.71588e-05
8.18871e-06
-6.70946e-05
8.67339e-06
-6.64811e-05
7.38119e-06
-6.51815e-05
5.39727e-06
-2.63604e-05
5.9353e-05
-5.85108e-05
2.41272e-05
-5.70781e-05
-1.38188e-05
4.64866e-05
-3.0962e-05
-3.71816e-05
3.44421e-05
3.34796e-05
4.13025e-05
7.47441e-05
-5.58201e-06
3.20664e-06
-6.36662e-05
7.25396e-05
-1.07612e-05
7.60316e-05
-1.01902e-05
7.88654e-05
-7.55913e-06
8.05988e-05
-5.52326e-06
8.04521e-05
-4.21278e-06
7.806e-05
-3.66916e-06
7.22653e-05
-3.74142e-06
6.40489e-05
-3.89133e-06
5.4913e-05
-4.99719e-06
4.34782e-05
-7.78259e-06
3.22332e-05
-1.04267e-05
2.3376e-05
-1.19926e-05
1.75503e-05
-1.22935e-05
1.42287e-05
-1.16351e-05
1.26904e-05
-1.06588e-05
1.242e-05
-9.81587e-06
1.36202e-05
-9.13924e-06
1.67562e-05
-8.23893e-06
2.19371e-05
-6.65552e-06
2.84483e-05
-4.21695e-06
3.46495e-05
-1.00035e-06
3.9068e-05
2.11493e-06
4.10578e-05
4.3084e-06
4.11022e-05
4.9683e-06
4.01306e-05
3.89259e-06
3.88049e-05
1.35979e-06
1.20002e-06
3.67907e-05
-2.87246e-06
-1.14731e-06
4.27799e-05
-4.40938e-06
4.99087e-05
-8.74544e-06
5.73311e-05
-3.44093e-05
3.72277e-05
-4.94797e-05
6.35625e-05
-1.32365e-05
-6.47195e-05
-3.47693e-05
6.87754e-05
-6.29805e-05
5.5582e-05
5.74671e-05
-5.83231e-05
-2.08425e-06
-5.97816e-05
6.71329e-05
-5.3378e-05
5.03993e-05
-7.16712e-05
4.61627e-05
4.17041e-05
-4.28094e-05
-6.81502e-05
-1.35245e-05
2.83389e-05
-6.51068e-05
2.89665e-06
6.45803e-06
-7.20229e-06
3.40239e-05
4.38996e-06
4.02736e-05
7.79707e-07
4.83796e-05
-4.37374e-06
5.76463e-05
-1.02873e-05
6.63977e-05
-6.78753e-05
-1.52664e-05
7.30394e-05
-6.11573e-05
-1.71465e-05
-5.3584e-05
-1.75005e-05
-4.37432e-05
-1.64472e-05
-3.32505e-05
-1.41025e-05
-2.26422e-05
-1.12864e-05
-1.33913e-05
-7.93466e-06
-6.42771e-06
-4.27872e-06
-2.07978e-06
-3.10225e-07
-5.14086e-07
3.13768e-06
-1.69269e-06
6.12665e-06
-5.5698e-06
7.88816e-06
-1.19652e-05
8.13977e-06
-2.03757e-05
6.79409e-06
-2.98527e-05
4.23064e-06
-3.92718e-05
1.31784e-06
-4.77957e-05
-7.94948e-07
-5.44952e-05
-1.61459e-06
-5.88611e-05
-4.30807e-07
-6.01059e-05
2.12272e-06
-6.08448e-05
5.07496e-06
-6.07615e-05
6.31292e-06
-6.19728e-05
7.3219e-06
-6.374e-05
7.4115e-06
-6.48294e-05
7.41404e-06
-6.56851e-05
7.73199e-06
-6.6107e-05
7.09752e-06
-6.65269e-05
5.37986e-06
2.54584e-06
-6.63206e-05
-1.18235e-06
5.76764e-06
-5.52805e-05
5.90388e-05
0.000143567
-0.000156831
0.000137244
-0.000137999
4.18667e-05
-4.20287e-05
4.98051e-05
4.36967e-05
1.95378e-05
-7.11864e-07
4.5506e-05
1.80188e-05
-1.41634e-05
4.90116e-05
1.40429e-05
5.31761e-05
9.40525e-06
-3.92525e-06
5.79194e-05
4.55449e-06
6.39351e-05
8.18839e-07
3.99029e-06
7.08671e-05
-2.22871e-06
7.44353e-05
-5.19229e-06
7.7878e-05
-6.67549e-06
8.06326e-05
-6.06094e-06
8.20068e-05
-5.8757e-06
8.11122e-05
-5.88938e-06
7.79837e-05
-6.78368e-06
7.16737e-05
-7.48177e-06
6.29114e-05
-8.82604e-06
5.2567e-05
-1.06209e-05
4.12015e-05
-1.27346e-05
3.08868e-05
-1.41945e-05
2.31953e-05
-1.44438e-05
1.82617e-05
-1.36012e-05
1.5286e-05
-1.20471e-05
1.35999e-05
-1.07694e-05
1.31312e-05
-9.95681e-06
1.45665e-05
-9.51685e-06
1.83993e-05
-8.91585e-06
2.45814e-05
-7.82592e-06
3.16553e-05
-5.85435e-06
3.76924e-05
-3.33721e-06
4.12063e-05
-1.077e-06
4.14938e-05
4.40084e-07
3.96957e-05
1.08349e-06
3.72019e-05
4.74912e-07
3.50255e-05
-1.34627e-06
3.25004e-05
-3.81504e-06
-7.08019e-06
3.01958e-05
8.88593e-07
0.000242926
-0.000191407
-5.009e-05
-4.2672e-05
3.7461e-05
-0.000161763
0.000155052
6.16255e-05
-6.08007e-05
3.06953e-06
4.14211e-05
-2.36357e-06
-3.7985e-05
-0.000202804
-1.41098e-05
5.07397e-05
0.000176425
-7.44209e-05
-3.40479e-05
-2.28296e-06
-6.63028e-05
-5.55845e-05
5.75387e-06
6.15254e-05
-6.97408e-05
7.71099e-05
-1.79962e-05
-6.19041e-05
-1.85947e-05
-5.23119e-05
-1.84409e-05
-4.1825e-05
-1.61361e-05
-3.02927e-05
-1.35666e-05
-1.92583e-05
-1.03772e-05
-9.74078e-06
-6.96112e-06
-2.57984e-06
-3.38895e-06
1.54124e-06
-8.19008e-09
2.40425e-06
2.65541e-06
-1.71612e-08
4.60634e-06
-5.32183e-06
5.31327e-06
-1.33484e-05
4.75711e-06
-2.30235e-05
3.22831e-06
-3.28515e-05
1.1508e-06
-4.17833e-05
-6.3576e-07
-4.88097e-05
-1.63409e-06
-5.39475e-05
-1.29902e-06
-5.71873e-05
1.78015e-07
-5.87595e-05
2.66313e-06
-5.9464e-05
5.52726e-06
-5.99427e-05
6.54887e-06
-6.12299e-05
8.0159e-06
-6.28079e-05
7.72357e-06
-6.41141e-05
6.76703e-06
-6.50847e-05
6.172e-06
-6.57428e-05
4.83831e-06
-6.6087e-05
2.55779e-06
-6.72102e-05
4.70088e-07
5.38508e-07
-6.66025e-05
-5.11837e-05
-6.16161e-05
5.18355e-05
7.54657e-06
-8.97297e-05
7.04531e-05
-2.04444e-06
4.1377e-05
2.72824e-05
-4.5811e-05
4.22293e-05
2.40877e-05
4.53619e-05
2.0386e-05
4.99448e-05
1.60739e-05
5.57118e-05
1.09955e-05
6.22161e-05
6.63333e-06
6.87747e-05
2.8205e-06
7.3998e-05
-5.14089e-07
7.78522e-05
-3.12711e-06
8.09914e-05
-4.8779e-06
8.18475e-05
-6.06638e-06
8.07533e-05
-7.958e-06
7.6956e-05
-9.9351e-06
7.03686e-05
-1.1671e-05
6.12222e-05
-1.37686e-05
5.06197e-05
-1.58011e-05
3.99533e-05
-1.73726e-05
3.09239e-05
-1.78311e-05
2.43464e-05
-1.69699e-05
1.98254e-05
-1.51289e-05
1.6718e-05
-1.31455e-05
1.443e-05
-1.16871e-05
1.35888e-05
-1.09622e-05
1.51641e-05
-1.06022e-05
1.96417e-05
-1.02e-05
2.65277e-05
-9.26107e-06
3.40506e-05
-7.65786e-06
4.00308e-05
-5.89374e-06
4.27144e-05
-4.32745e-06
4.16559e-05
-3.12667e-06
3.88984e-05
-2.62557e-06
3.55396e-05
-2.80378e-06
3.26865e-05
-3.51473e-06
3.01364e-05
-4.23703e-06
2.81682e-05
-6.13055e-06
8.66869e-06
-3.34388e-06
2.32688e-05
1.30215e-05
2.45547e-05
1.57262e-05
2.77759e-05
1.57649e-05
3.47345e-05
1.24622e-05
4.5001e-05
6.56314e-06
5.70072e-05
-1.23358e-06
6.94178e-05
-8.65288e-06
7.93028e-05
8.55822e-05
-1.34155e-05
-0.000175598
-6.97574e-05
8.05146e-05
-2.0535e-05
2.5046e-05
-0.000234642
0.000233152
-6.53048e-05
4.92534e-05
-5.45133e-05
7.19099e-05
-9.27016e-05
-3.88962e-05
0.000121416
0.000120441
-0.000137871
-3.45911e-05
4.69186e-05
9.47043e-05
-6.73166e-05
-2.22298e-06
-2.72737e-06
-6.8362e-05
-5.16626e-05
-7.33758e-05
6.28114e-05
-8.07686e-05
-4.05457e-05
1.35761e-05
-0.000142759
8.57885e-05
-0.00011571
0.000155289
4.67041e-05
4.31468e-05
3.92243e-05
-4.25789e-05
3.38575e-05
3.86891e-05
3.19023e-05
4.13442e-05
2.79288e-05
4.62463e-05
2.33513e-05
5.25116e-05
1.7972e-05
5.93671e-05
1.29087e-05
6.61108e-05
8.26289e-06
7.19822e-05
3.85314e-06
7.65888e-05
-1.47266e-07
7.95292e-05
-3.58734e-06
8.05816e-05
-6.68603e-06
7.90947e-05
-9.85897e-06
7.50303e-05
-1.29846e-05
6.82998e-05
-1.57304e-05
5.92742e-05
-1.83484e-05
4.92365e-05
-2.04417e-05
3.96899e-05
-2.15116e-05
3.19551e-05
-2.11938e-05
2.61831e-05
-1.94712e-05
2.18205e-05
-1.70953e-05
1.81247e-05
-1.49071e-05
1.51426e-05
-1.34749e-05
1.39235e-05
-1.27473e-05
1.56521e-05
-1.23948e-05
2.05362e-05
-1.19222e-05
2.79959e-05
-1.09194e-05
3.59036e-05
-9.59358e-06
4.16405e-05
-8.15424e-06
4.34928e-05
-6.82291e-06
4.18412e-05
-6.0179e-06
3.88354e-05
-5.70213e-06
3.5032e-05
-5.25209e-06
3.21013e-05
-5.25587e-06
2.99874e-05
-4.69835e-06
2.84621e-05
-5.18765e-06
2.56948e-05
-5.05054e-08
1.08977e-05
-9.02918e-06
2.34104e-05
1.31662e-05
1.99344e-05
1.49362e-05
1.98317e-05
1.55848e-05
2.1879e-05
1.47755e-05
2.85436e-05
1.28824e-05
3.91762e-05
8.74327e-06
5.39927e-05
2.10314e-06
7.08776e-05
-4.64704e-06
8.45673e-05
-9.33064e-06
9.34665e-05
-9.023e-05
9.96665e-05
-1.12809e-05
-8.05197e-05
-1.42585e-05
-7.14033e-05
-1.74835e-05
-6.14206e-05
-1.81577e-05
-5.08247e-05
-1.75364e-05
-3.89375e-05
-1.54317e-05
-2.70045e-05
-1.24239e-05
-1.58032e-05
-9.03835e-06
-6.25614e-06
-5.5974e-06
6.53403e-07
-2.26514e-06
4.29837e-06
2.29755e-07
4.29882e-06
1.85337e-06
5.21089e-07
2.37768e-06
-5.88648e-06
1.90543e-06
-1.4967e-05
7.99018e-07
-2.50667e-05
-5.22331e-07
-3.46211e-05
-1.63125e-06
-4.26774e-05
-2.02381e-06
-4.86747e-05
-1.64998e-06
-5.27696e-05
-3.40934e-07
-5.54829e-05
1.45285e-06
-5.71638e-05
3.79699e-06
-5.85442e-05
6.27626e-06
-5.97892e-05
6.58912e-06
-6.13909e-05
7.71536e-06
-6.2894e-05
6.46367e-06
-6.42916e-05
4.932e-06
-6.51664e-05
3.67225e-06
-6.57285e-05
1.99422e-06
-6.64171e-05
7.4183e-08
-2.35882e-06
-6.64169e-05
-6.02979e-05
-6.76058e-05
5.68788e-05
-4.44334e-06
-6.81716e-05
-7.45689e-05
-2.39897e-06
6.81867e-06
3.29216e-06
-6.06763e-05
-8.65804e-05
9.47021e-05
-9.43047e-05
-5.9555e-05
8.45818e-05
-4.62163e-05
-3.3297e-05
7.01346e-05
-9.69122e-05
-1.03381e-05
9.41499e-05
3.34899e-05
-2.2535e-05
4.38791e-05
3.8508e-05
-5.19616e-05
3.68113e-05
4.31551e-05
3.47102e-05
4.09903e-05
3.67774e-05
3.62011e-05
4.17348e-05
3.06625e-05
4.81556e-05
2.48411e-05
5.53023e-05
1.89276e-05
6.21819e-05
1.34485e-05
6.8436e-05
7.71569e-06
7.33448e-05
2.37193e-06
7.65039e-05
-2.63654e-06
7.75827e-05
-7.31431e-06
7.61679e-05
-1.16099e-05
7.21679e-05
-1.57075e-05
6.56006e-05
-1.92314e-05
5.72218e-05
-2.23118e-05
4.82647e-05
-2.43473e-05
4.00879e-05
-2.49611e-05
3.35881e-05
-2.41264e-05
2.84294e-05
-2.19478e-05
2.38574e-05
-1.93804e-05
1.94215e-05
-1.7207e-05
1.57308e-05
-1.5811e-05
1.42394e-05
-1.50433e-05
1.60158e-05
-1.45437e-05
2.13128e-05
-1.38496e-05
2.94045e-05
-1.27065e-05
3.73322e-05
-1.11784e-05
4.25083e-05
-9.55204e-06
4.38796e-05
-8.38771e-06
4.2113e-05
-7.92457e-06
3.8984e-05
-7.45987e-06
3.55156e-05
-7.11449e-06
3.28406e-05
-6.78392e-06
3.12978e-05
-5.75053e-06
3.06382e-05
-5.74361e-06
3.09895e-05
-9.33279e-07
3.01154e-05
-9.30179e-06
-1.3456e-05
2.62052e-05
1.5277e-05
-3.31703e-06
1.24084e-05
9.89122e-06
5.35225e-06
2.09827e-05
5.28277e-06
3.06254e-05
6.26644e-06
3.79493e-05
1.35907e-05
4.20243e-05
2.73339e-05
3.73561e-05
5.2018e-05
2.43009e-05
7.95521e-05
9.53948e-06
9.83864e-05
-1.32978e-06
0.000107265
-7.63611e-06
0.000111068
-0.000101481
0.000106213
-8.25973e-06
-9.32332e-05
-1.04774e-05
-8.33624e-05
-1.16759e-05
-7.24311e-05
-1.44663e-05
-6.06618e-05
-1.56335e-05
-4.84461e-05
-1.54432e-05
-3.59155e-05
-1.35878e-05
-2.36265e-05
-1.07019e-05
-1.24118e-05
-7.37304e-06
-3.07662e-06
-4.11295e-06
3.2624e-06
-1.4319e-06
5.94616e-06
1.62025e-08
4.82852e-06
2.70473e-07
2.17641e-07
-3.83587e-07
-6.95546e-06
-1.69782e-06
-1.62481e-05
-3.01131e-06
-2.60355e-05
-3.78636e-06
-3.5021e-05
-3.64607e-06
-4.22185e-05
-2.71526e-06
-4.74584e-05
-1.05628e-06
-5.11027e-05
8.41777e-07
-5.36971e-05
2.93702e-06
-5.57972e-05
4.89487e-06
-5.76224e-05
6.39357e-06
-6.00229e-05
6.37817e-06
-6.20191e-05
6.07389e-06
-6.39974e-05
4.30515e-06
-6.51981e-05
1.96447e-06
-6.57322e-05
4.43795e-07
-6.56928e-05
-1.11989e-06
-6.54158e-05
-2.70863e-06
-4.42085e-06
-6.54125e-05
-6.65562e-05
-4.69299e-06
-6.57169e-05
-8.13233e-05
-7.30336e-05
-7.11507e-05
6.54558e-05
4.90066e-05
0.000106064
-0.000117775
-3.89451e-05
-6.66118e-05
-6.69777e-06
-8.65461e-05
-1.22824e-05
-6.63795e-06
-9.84086e-05
-3.84661e-05
-0.000102778
-6.12202e-05
4.89275e-06
-3.0425e-05
-5.01017e-05
-1.98993e-05
-3.9854e-05
1.41631e-05
-6.8419e-05
-4.16197e-06
-7.66538e-05
-9.54178e-05
-9.92596e-05
-8.33208e-05
1.15273e-05
-1.56231e-05
2.90061e-05
1.05879e-05
1.40283e-05
1.23893e-05
4.38263e-06
1.89587e-05
-1.56694e-06
2.55078e-05
-3.12882e-06
2.63025e-05
7.04042e-06
2.44893e-05
2.3366e-05
2.07261e-05
5.07243e-05
1.47698e-05
8.2773e-05
7.42779e-06
0.000105928
-1.23271e-06
0.000117896
-9.20407e-06
0.000120928
-1.36053e-05
0.000109154
-0.000101962
-1.46222e-05
9.73342e-05
-0.000102478
-6.99703e-06
-9.6432e-05
-9.46268e-06
-8.65566e-05
-8.7738e-06
-7.4098e-05
-1.07895e-05
-6.04917e-05
-1.21042e-05
-4.66177e-05
-1.24737e-05
-3.29888e-05
-1.11099e-05
-2.02068e-05
-8.67611e-06
-9.04591e-06
-5.70677e-06
-3.20114e-07
-2.99296e-06
4.9158e-06
-1.21876e-06
6.35392e-06
-7.6983e-07
4.22078e-06
-1.55391e-06
-8.04788e-07
-3.22092e-06
-8.06824e-06
-4.95303e-06
-1.67981e-05
-6.05452e-06
-2.57417e-05
-6.04148e-06
-3.37751e-05
-4.8269e-06
-4.03696e-05
-2.63836e-06
-4.53225e-05
-1.09688e-07
-4.90197e-05
2.21812e-06
-5.20141e-05
4.17422e-06
-5.48034e-05
5.42954e-06
-5.7535e-05
5.85268e-06
-6.03325e-05
4.68404e-06
-6.34474e-05
4.10987e-06
-6.52832e-05
9.94404e-07
-6.67553e-05
-9.90293e-07
-6.64644e-05
-3.14099e-06
-6.55456e-05
-4.33637e-06
-6.44449e-05
-5.16729e-06
-5.86478e-06
-6.37221e-05
-6.63626e-06
-6.52285e-05
5.29765e-05
-4.00709e-05
-5.42712e-05
-7.15269e-05
-9.70176e-05
2.62749e-05
-3.43877e-08
6.04633e-06
-3.31458e-05
0.000188815
1.96245e-05
-0.000182642
-1.79667e-05
3.2184e-05
5.54824e-05
-4.46638e-05
2.93268e-05
4.96028e-05
3.14125e-05
4.35328e-05
3.62655e-05
3.72123e-05
4.26317e-05
3.08098e-05
4.97697e-05
2.40774e-05
5.68133e-05
1.76754e-05
6.32465e-05
1.08272e-05
6.84292e-05
4.26307e-06
7.18206e-05
-1.98093e-06
7.30556e-05
-7.80887e-06
7.2082e-05
-1.3138e-05
6.84603e-05
-1.79021e-05
6.24979e-05
-2.20035e-05
5.50509e-05
-2.52986e-05
4.74569e-05
-2.72884e-05
4.08671e-05
-2.76782e-05
3.54455e-05
-2.6468e-05
3.06542e-05
-2.41905e-05
2.56815e-05
-2.167e-05
2.04789e-05
-1.95887e-05
1.61604e-05
-1.82052e-05
1.44318e-05
-1.737e-05
1.6369e-05
-1.66918e-05
2.23285e-05
-1.56831e-05
3.06745e-05
-1.39591e-05
3.83507e-05
-1.20639e-05
4.30627e-05
-1.01439e-05
4.40587e-05
-8.99363e-06
4.19698e-05
-8.38733e-06
3.9219e-05
-8.2421e-06
3.60465e-05
-8.31596e-06
3.36859e-05
-8.38066e-06
3.29182e-05
-8.17633e-06
3.37958e-05
-9.10855e-06
3.71828e-05
-6.68699e-06
3.86729e-05
-1.33923e-05
4.40583e-05
5.74187e-06
4.73965e-05
-2.29743e-05
-7.76741e-05
-8.33063e-05
7.54859e-05
-7.9739e-05
-8.78722e-05
0.000206898
-1.32432e-05
1.75828e-05
-0.000212531
-5.95896e-05
-5.3541e-06
-7.4099e-05
-6.56644e-05
-7.03197e-06
-0.000113537
0.000115609
-2.44163e-05
-0.000109015
-1.54998e-05
-0.000100765
-1.54132e-05
-8.9906e-05
-9.94367e-06
-7.60724e-05
-9.3398e-06
-6.08203e-05
-9.26704e-06
-4.51816e-05
-9.57802e-06
-3.0172e-05
-8.74856e-06
-1.68958e-05
-6.89349e-06
-5.93744e-06
-4.66044e-06
1.85484e-06
-2.65589e-06
5.76642e-06
-1.80834e-06
5.97116e-06
-2.20481e-06
3.04834e-06
-3.73784e-06
-1.99741e-06
-5.73974e-06
-8.67352e-06
-7.34968e-06
-1.62358e-05
-7.92597e-06
-2.39428e-05
-7.08495e-06
-3.11503e-05
-4.96263e-06
-3.72949e-05
-2.04286e-06
-4.24339e-05
9.39891e-07
-4.67079e-05
3.36395e-06
-5.05551e-05
4.84674e-06
-5.43246e-05
5.20935e-06
-5.81044e-05
4.50305e-06
-6.21882e-05
2.82191e-06
-6.48706e-05
7.39339e-07
-6.68471e-05
-2.33598e-06
-6.75898e-05
-4.22635e-06
-6.69732e-05
-6.24913e-06
-6.49916e-05
-7.35737e-06
-6.24704e-05
-7.48562e-06
-6.10991e-05
-6.30658e-06
-7.48392e-06
-6.33795e-05
4.28393e-05
-3.61271e-05
4.69635e-05
-0.000109474
-7.36138e-05
-4.93241e-05
4.77405e-05
3.76362e-05
-3.07901e-05
1.55666e-06
-1.00267e-05
-1.50469e-05
8.15876e-06
-1.84159e-05
2.27013e-05
-2.06376e-05
3.50357e-05
-2.09698e-05
5.19413e-05
-1.54789e-05
7.72924e-05
-8.10006e-06
8.64789e-05
3.81653e-05
6.72657e-05
0.000101225
3.83635e-05
0.000136025
8.91944e-06
0.000148564
-1.50287e-05
0.000143299
-1.92708e-05
0.000106609
6.37978e-07
6.62736e-05
3.05375e-06
0.000103212
6.46853e-05
-4.10829e-05
-6.35008e-05
0.000116425
-9.81773e-05
0.000109595
-7.33705e-05
0.000101281
-4.89515e-05
-2.6721e-05
-3.97999e-05
4.73207e-05
4.04391e-05
-1.5053e-05
-7.15514e-05
-6.62758e-05
5.31984e-05
1.85588e-05
-1.44357e-05
-1.09168e-05
-3.4863e-05
3.11604e-05
2.35333e-05
5.58226e-05
-2.71584e-05
2.26862e-05
5.33771e-05
2.51177e-05
4.84203e-05
2.98378e-05
4.21644e-05
3.60629e-05
3.52293e-05
4.28618e-05
2.80262e-05
4.99689e-05
2.05749e-05
5.64922e-05
1.2986e-05
6.19199e-05
5.52008e-06
6.56513e-05
-1.596e-06
6.73918e-05
-8.18072e-06
6.6844e-05
-1.41154e-05
6.38359e-05
-1.94074e-05
5.87823e-05
-2.38359e-05
5.26734e-05
-2.72325e-05
4.66393e-05
-2.91277e-05
4.14912e-05
-2.93386e-05
3.70801e-05
-2.8065e-05
3.24831e-05
-2.58909e-05
2.70252e-05
-2.35365e-05
2.10881e-05
-2.1585e-05
1.62753e-05
-2.02405e-05
1.44341e-05
-1.92917e-05
1.67058e-05
-1.83329e-05
2.33124e-05
-1.68282e-05
3.19099e-05
-1.46408e-05
3.92563e-05
-1.21869e-05
4.34105e-05
-9.97953e-06
4.36697e-05
-8.46583e-06
4.14292e-05
-7.90676e-06
3.85971e-05
-8.0745e-06
3.53121e-05
-8.86904e-06
3.34685e-05
-1.05771e-05
3.35682e-05
-1.22928e-05
3.62459e-05
-1.55672e-05
4.24868e-05
-1.67513e-05
4.89141e-05
-2.38218e-05
6.47874e-05
-1.56456e-05
7.39647e-05
-3.76296e-05
9.44872e-05
1.75695e-05
1.42195e-05
0.000209125
-1.75487e-05
-9.64112e-06
-6.38523e-05
-3.58582e-05
1.68643e-05
-8.09924e-05
-9.79694e-05
8.79478e-05
-8.58404e-05
-0.000108688
-9.19212e-05
-9.53629e-05
-0.000217648
-3.60758e-05
0.000239831
0.000216105
-1.31415e-05
-0.000199599
4.60246e-05
-5.11611e-06
-6.75243e-05
-2.2926e-06
-6.50395e-05
4.03392e-05
4.21349e-05
-4.02821e-05
-7.3964e-05
-0.000189459
8.67088e-05
2.191e-05
-3.80512e-05
-1.35018e-05
2.61834e-05
-1.7386e-05
-0.000236544
-3.97889e-07
0.000257096
-0.000147939
0.000178869
-2.65097e-05
-0.000126531
-4.88202e-05
-0.000110724
-3.66759e-05
-9.97186e-05
-2.85888e-05
-8.90988e-05
-1.68041e-05
-7.6144e-05
-1.10312e-05
-6.03087e-05
-8.48127e-06
-4.34711e-05
-7.74419e-06
-2.74773e-05
-7.16891e-06
-1.37083e-05
-6.06378e-06
-3.06485e-06
-4.58982e-06
3.71614e-06
-3.28029e-06
6.36261e-06
-3.15962e-06
5.5326e-06
-4.04313e-06
2.21868e-06
-5.67781e-06
-2.51876e-06
-7.43448e-06
-8.13073e-06
-8.56725e-06
-1.42718e-05
-8.47527e-06
-2.06903e-05
-6.95831e-06
-2.71122e-05
-4.28786e-06
-3.3227e-05
-1.09255e-06
-3.89276e-05
1.9189e-06
-4.42187e-05
4.03009e-06
-4.92798e-05
4.85326e-06
-5.42324e-05
4.2978e-06
-5.89588e-05
2.6074e-06
-6.3309e-05
2.53778e-07
-6.6698e-05
-2.08215e-06
-6.84471e-05
-5.41743e-06
-6.8514e-05
-7.1309e-06
-6.69799e-05
-8.89674e-06
-6.4201e-05
-9.52466e-06
-6.09524e-05
-8.7933e-06
-5.77726e-05
-6.82496e-06
-2.07845e-06
-5.51717e-05
6.19326e-05
-3.29402e-05
-0.00017806
0.000154083
-0.000119019
0.000157146
-0.000125988
-0.000214341
2.0624e-05
-2.92553e-05
0.000101544
7.61916e-06
4.72913e-05
-1.20429e-05
1.63334e-05
-2.17249e-05
-7.01847e-06
-1.39944e-05
-2.72092e-05
1.27437e-05
-4.53756e-05
4.52984e-05
-5.03013e-05
5.42955e-05
-2.18462e-05
3.92963e-05
6.8725e-06
2.11921e-05
5.40997e-05
1.39771e-05
0.000107655
8.73837e-06
0.000141946
3.26405e-08
0.00015699
-1.21736e-05
0.000151678
-2.57041e-05
0.000110731
-2.93851e-05
5.74104e-05
-2.49427e-05
8.98009e-05
-3.53319e-05
0.000193478
-3.72912e-05
0.000126286
-0.000107837
0.000117916
-7.99483e-05
0.000109066
-5.61163e-05
9.93276e-05
-3.36095e-05
-2.73663e-05
9.67894e-05
-1.70575e-05
1.23997e-05
0.000127443
-0.000142227
2.49343e-05
5.56411e-05
-3.63614e-05
-5.54127e-05
1.8535e-05
5.60194e-05
1.66587e-05
5.46299e-05
1.84076e-05
5.06655e-05
2.26612e-05
4.47577e-05
2.8308e-05
3.77394e-05
3.4827e-05
3.01537e-05
4.16765e-05
2.21841e-05
4.82589e-05
1.40798e-05
5.39713e-05
6.13442e-06
5.81682e-05
-1.39686e-06
6.05285e-05
-8.31913e-06
6.0608e-05
-1.45756e-05
5.83754e-05
-2.00769e-05
5.4442e-05
-2.46026e-05
4.9754e-05
-2.79243e-05
4.53304e-05
-2.97112e-05
4.15994e-05
-2.98442e-05
3.80227e-05
-2.86428e-05
3.34991e-05
-2.66671e-05
2.75876e-05
-2.45521e-05
2.10219e-05
-2.27512e-05
1.58119e-05
-2.14203e-05
1.40385e-05
-2.03162e-05
1.6872e-05
-1.90344e-05
2.4138e-05
-1.70687e-05
3.28082e-05
-1.44654e-05
3.97948e-05
-1.15597e-05
4.31892e-05
-9.0364e-06
4.27567e-05
-7.29883e-06
3.97513e-05
-6.67534e-06
3.6094e-05
-7.161e-06
3.25151e-05
-9.29573e-06
3.04242e-05
-1.28116e-05
3.08532e-05
-1.71446e-05
3.45566e-05
-2.3509e-05
4.29055e-05
-2.92495e-05
5.49456e-05
-4.03419e-05
7.85209e-05
-4.46691e-05
0.000100781
-6.49855e-05
0.000148297
-3.58976e-05
0.000169639
-4.91041e-05
6.91988e-05
-4.10411e-05
-6.9557e-05
-1.22135e-05
-6.13313e-05
0.000132748
-0.000118601
-9.03096e-05
8.41723e-05
-5.74203e-05
5.67394e-05
-9.86096e-05
-6.92133e-05
6.71808e-05
-8.27483e-05
-0.000110504
-6.33469e-05
-8.98513e-06
-0.000126625
-0.0001108
-9.53674e-05
-0.000111974
-0.000110561
0.000230709
-0.000224139
-2.03717e-05
0.000115275
-8.51896e-05
6.64401e-05
-0.000104076
-0.000224852
0.000210192
7.47074e-06
4.114e-05
-3.74284e-05
4.56875e-05
7.17086e-06
-2.44016e-05
6.2234e-05
2.44267e-05
0.000211494
-0.000206473
1.07546e-05
1.04383e-05
0.000213693
5.28266e-05
-5.22826e-06
5.77588e-05
-7.63742e-06
6.23801e-05
-9.72114e-06
6.60054e-05
-1.06918e-05
6.83852e-05
-1.06909e-05
6.90988e-05
-9.36988e-06
6.73393e-05
-7.3238e-06
6.45389e-05
-4.95082e-06
5.97705e-05
-2.04778e-06
5.40205e-05
6.91888e-07
4.78325e-05
2.99013e-06
4.13577e-05
4.27739e-06
3.47383e-05
4.15362e-06
2.81218e-05
2.59055e-06
2.1783e-05
-8.81094e-08
1.58893e-05
-3.11429e-06
1.06309e-05
-5.94128e-06
5.94799e-06
-7.82824e-06
1.55241e-06
-8.46171e-06
-2.62363e-06
-7.93619e-06
-6.01961e-06
-6.9173e-06
-7.56455e-06
-5.76642e-06
-5.88656e-06
-5.03629e-06
1.12394e-07
-4.90736e-06
1.03635e-05
-5.34861e-06
2.44642e-05
-6.24992e-06
4.10211e-05
-6.83081e-06
5.79017e-05
-7.52277e-06
7.19454e-05
-9.69801e-06
8.13432e-05
-1.53217e-05
8.94069e-05
-2.59069e-05
0.000100344
-4.30483e-05
0.000123452
-5.87537e-05
0.000161376
-7.57033e-05
0.000218227
-6.88978e-05
0.000267664
-6.972e-05
1.41524e-05
0.000215631
-2.14639e-05
-0.000144555
0.000103609
0.000216803
-0.000138633
9.46966e-05
-9.28498e-05
-6.26399e-06
-5.52415e-05
-3.48461e-05
-2.72365e-05
-4.86075e-05
-7.2127e-06
-5.7886e-05
3.60479e-06
-6.54764e-05
1.1707e-05
-6.68695e-05
3.38808e-05
-5.13849e-05
7.7177e-05
-3.9194e-05
0.000119472
1.29724e-05
9.60424e-05
0.000135659
5.85931e-05
0.000183839
1.96172e-05
0.000197382
-2.15373e-05
0.000188376
-3.60584e-05
0.000114067
2.88534e-05
-1.95124e-05
9.69557e-05
1.29922e-05
7.05627e-05
0.000220743
2.99713e-06
0.000343177
6.86316e-05
-3.21145e-05
-1.97457e-05
-5.65954e-05
-4.68906e-05
7.94866e-05
4.78365e-05
6.44122e-05
0.000238787
-0.000181422
-0.000121425
4.19844e-05
-0.000195773
2.59427e-05
-0.000197746
1.68301e-05
-0.000199171
0.000204288
8.33731e-06
-0.000197959
0.00020714
5.89432e-06
0.000211324
4.65165e-06
-1.55989e-05
1.8759e-05
0.000207218
2.61516e-05
-9.50505e-06
1.282e-05
0.000212596
-0.000206277
-1.90569e-05
5.05663e-05
0.000105841
-4.85342e-05
5.68323e-05
0.000110758
-0.000131151
-4.09216e-05
0.000120147
-9.94973e-05
-5.73002e-05
9.16215e-05
-0.000109212
-7.02749e-05
-8.34432e-05
-0.000121766
-7.26729e-06
-6.24724e-05
7.14469e-05
-3.94786e-05
-7.40882e-05
2.47941e-05
-1.63203e-05
0.000136492
-9.8308e-05
0.000125104
-7.76809e-05
0.000115063
-5.64402e-05
0.000110778
-4.14253e-05
-3.29588e-05
0.000102622
-4.77142e-05
5.8312e-05
6.70657e-05
3.0931e-05
-1.39921e-05
-8.60644e-05
6.11059e-05
3.26607e-05
5.17384e-05
-5.60492e-05
-4.49097e-05
2.16247e-05
5.26637e-05
1.40716e-05
5.38402e-05
1.07876e-05
5.31576e-05
1.11318e-05
5.01739e-05
1.43096e-05
4.48331e-05
1.93013e-05
3.79396e-05
2.53107e-05
3.03304e-05
3.19391e-05
2.22759e-05
3.86124e-05
1.411e-05
4.46295e-05
6.15642e-06
4.93989e-05
-1.31294e-06
5.24027e-05
-8.22475e-06
5.32027e-05
-1.44088e-05
5.18911e-05
-1.97857e-05
4.9127e-05
-2.41631e-05
4.59203e-05
-2.73121e-05
4.30751e-05
-2.89522e-05
4.06343e-05
-2.90334e-05
3.77528e-05
-2.79652e-05
3.32871e-05
-2.62408e-05
2.69661e-05
-2.43668e-05
1.98901e-05
-2.27267e-05
1.4456e-05
-2.13586e-05
1.29035e-05
-2.00756e-05
1.64936e-05
-1.85426e-05
2.42756e-05
-1.62498e-05
3.29474e-05
-1.31913e-05
3.96045e-05
-1.02378e-05
4.21793e-05
-7.56653e-06
4.06526e-05
-5.73751e-06
3.63115e-05
-5.08352e-06
3.14242e-05
-6.11909e-06
2.65301e-05
-9.2382e-06
2.35824e-05
-1.44827e-05
2.35001e-05
-2.1184e-05
2.70944e-05
-3.06779e-05
3.55276e-05
-4.10563e-05
4.95534e-05
-5.80576e-05
7.56931e-05
-7.50919e-05
0.000109834
-0.000102665
0.000172896
-0.000100982
0.000216531
-8.88064e-05
0.000287849
4.15411e-05
0.000115808
6.8023e-05
-0.000125542
0.000104807
5.36037e-05
-3.49186e-05
4.04685e-05
9.24077e-05
-0.000213136
2.2346e-05
0.000220121
-2.52524e-05
8.86454e-05
-2.4217e-05
-1.11369e-05
-5.98917e-05
-3.10357e-05
0.000233494
2.85759e-05
2.9681e-05
7.69333e-05
-2.35906e-05
3.14534e-05
0.000226856
-5.35047e-05
-0.000203432
-0.000128593
-0.00011203
-0.000127556
-9.7398e-05
-0.000124246
5.61258e-05
-0.000113301
0.000102479
0.000107133
-6.91226e-05
-0.000118823
9.76967e-05
0.000211126
-0.000124064
0.000225688
2.81669e-05
-1.91235e-05
-0.00022004
2.06318e-05
0.000217652
0.000169814
-0.000131587
-0.000207241
-0.000104425
-1.78379e-05
9.13705e-05
-3.94402e-05
-0.000215044
-1.62592e-06
-0.000210455
-6.01061e-07
-0.000202535
-1.91652e-06
4.70544e-05
-5.7119e-06
5.31578e-05
-8.1864e-06
5.87209e-05
-9.99369e-06
6.33765e-05
-1.10851e-05
6.63867e-05
-1.12822e-05
6.77541e-05
-1.05472e-05
6.69235e-05
-8.63488e-06
6.41189e-05
-6.70817e-06
5.91104e-05
-3.70971e-06
5.26803e-05
-8.82126e-07
4.53382e-05
1.71413e-06
3.74787e-05
3.37479e-06
2.94593e-05
3.85517e-06
2.17693e-05
2.9177e-06
1.49521e-05
8.38744e-07
9.3626e-06
-1.75848e-06
5.09744e-06
-4.30236e-06
1.58823e-06
-6.11859e-06
-1.72479e-06
-7.09937e-06
-5.25874e-06
-7.40905e-06
-8.65727e-06
-7.21803e-06
-1.05585e-05
-6.94356e-06
-9.50475e-06
-6.75572e-06
-4.12658e-06
-6.76354e-06
6.03984e-06
-6.78734e-06
2.03859e-05
-7.016e-06
3.67263e-05
-7.29228e-06
5.19464e-05
-8.26807e-06
6.2128e-05
-1.16319e-05
6.66893e-05
-1.92649e-05
6.97709e-05
-3.28858e-05
7.92396e-05
-5.29526e-05
0.000105974
-7.42201e-05
0.000147433
-9.7352e-05
0.000206654
-0.000107202
0.000264556
-0.000111148
0.000337576
-6.43789e-05
-0.000114056
-3.20058e-05
0.000104844
-0.000121732
-4.05013e-05
-0.000129167
-5.32279e-05
-0.000140805
-6.82565e-05
-0.000155678
-8.42756e-05
-0.000175486
-9.84677e-05
-0.000129868
0.000114417
8.137e-05
-2.15624e-05
6.59607e-05
-4.91103e-05
4.6855e-05
-4.53385e-05
8.51261e-05
4.34272e-05
9.29303e-05
-3.38675e-06
0.000213527
-3.4776e-06
9.70721e-06
0.000218371
7.61649e-05
-0.000144862
-6.48131e-05
-8.14895e-05
-0.000132924
7.13595e-05
-1.26642e-05
-3.32593e-07
-5.69523e-05
-3.87496e-06
-0.000122116
-9.68529e-06
-5.71081e-05
7.24021e-05
-3.32238e-05
5.12531e-05
-3.5575e-05
-0.000185552
0.000171012
-0.000227994
5.82777e-06
0.000222196
-0.000103973
-0.000194764
-6.53558e-05
8.94026e-05
0.00027222
-5.01248e-05
0.000205044
-6.09478e-05
0.000104407
-8.2829e-05
1.2588e-05
-9.10153e-05
-3.25204e-05
-8.13271e-05
-6.8868e-05
-5.73758e-05
-8.78351e-05
-3.18145e-05
-9.21877e-05
8.76902e-06
-0.000104263
3.44532e-05
-7.06225e-05
-2.41372e-06
2.60686e-06
-4.60211e-05
5.95809e-05
-3.57915e-05
0.000126464
-1.20487e-05
0.000158723
1.1995e-05
0.000167742
2.85489e-05
0.00016029
6.85541e-06
0.000119077
-4.42657e-05
1.40526e-05
-3.73276e-05
-1.5059e-06
2.55914e-06
0.000182227
8.43583e-06
0.000341147
-3.58256e-06
0.000344821
5.40965e-05
-0.000183769
4.23059e-05
-0.00018426
2.94803e-05
-0.000185901
1.86793e-05
-0.000190016
9.5713e-06
-0.000191003
2.91982e-07
-0.000195666
-0.000224878
-9.12363e-06
-1.24788e-05
-5.51844e-05
-3.79448e-05
7.60646e-05
3.22515e-05
8.40445e-05
-2.8308e-05
7.35658e-05
2.57926e-05
-2.09958e-05
2.41078e-05
1.55041e-05
3.3129e-05
0.000226211
-0.000214477
1.26209e-05
0.000231927
-0.000147156
-0.000125755
-0.00023802
6.11261e-05
-0.000178224
0.000172008
-9.7378e-05
-0.000136458
0.000238885
1.48043e-05
-5.93094e-05
-8.74114e-06
2.46527e-05
-1.97606e-05
-0.00019447
-3.04701e-05
-0.000113051
-0.00013959
4.5772e-05
-5.13707e-05
3.82532e-05
-4.32974e-05
3.97183e-05
4.21435e-05
-5.11914e-05
2.96501e-05
4.47536e-05
1.83417e-05
4.74297e-05
9.82081e-06
4.88969e-05
4.54045e-06
4.92082e-05
3.03749e-06
4.68517e-05
4.74399e-06
4.21605e-05
8.69725e-06
3.58573e-05
1.42062e-05
2.8516e-05
2.06244e-05
2.08477e-05
2.74018e-05
1.31468e-05
3.38169e-05
5.67336e-06
3.91255e-05
-1.3121e-06
4.27591e-05
-7.76815e-06
4.43493e-05
-1.35163e-05
4.39979e-05
-1.846e-05
4.24151e-05
-2.24404e-05
4.06196e-05
-2.52925e-05
3.92231e-05
-2.67389e-05
3.79471e-05
-2.67852e-05
3.56566e-05
-2.58658e-05
3.12435e-05
-2.43798e-05
2.4628e-05
-2.27433e-05
1.71861e-05
-2.12221e-05
1.17085e-05
-1.98106e-05
1.05083e-05
-1.84292e-05
1.49863e-05
-1.6776e-05
2.29613e-05
-1.4063e-05
3.17304e-05
-1.11702e-05
3.80229e-05
-8.38078e-06
3.98574e-05
-5.87854e-06
3.69796e-05
-4.03262e-06
3.08804e-05
-3.41307e-06
2.38883e-05
-4.74414e-06
1.70894e-05
-8.37438e-06
1.24441e-05
-1.46091e-05
1.08938e-05
-2.2912e-05
1.25807e-05
-3.44162e-05
1.80025e-05
-4.84106e-05
2.86287e-05
-7.10486e-05
5.07032e-05
-0.000100092
8.61191e-05
-0.000139999
0.000152418
-0.000166849
0.000225254
-0.00015643
0.000324566
-4.87387e-05
0.000104853
0.000315352
0.000166547
-8.8201e-05
1.90948e-05
-9.48622e-05
0.000163638
5.93183e-05
-0.000172639
-4.87765e-05
2.40717e-05
9.36037e-05
8.98592e-05
0.000216905
-0.000139806
-2.1224e-05
-1.65203e-05
1.39065e-05
3.15388e-05
-3.69527e-05
4.46478e-05
8.02219e-05
-2.95621e-05
5.67306e-05
-0.000101381
8.88137e-05
2.46725e-05
-1.89483e-05
-0.000110546
-2.75627e-05
-0.000117706
-3.51504e-05
-0.00012496
-4.45384e-05
-0.000133743
-5.52659e-05
-0.000144819
-6.68293e-05
-0.000158431
-7.66691e-05
-0.000170505
-8.21506e-05
-9.83173e-05
0.000106397
-0.000198314
-0.000172883
-8.55643e-05
-2.26874e-05
1.18158e-05
-1.50205e-05
-2.90755e-05
5.93094e-05
-6.51507e-05
6.21104e-06
1.6639e-05
-7.70131e-05
4.48163e-05
2.72514e-05
-3.40648e-06
5.5154e-06
3.32371e-05
-3.43241e-06
3.96634e-05
-5.87834e-06
4.6237e-05
-7.92126e-06
5.24876e-05
-9.49747e-06
5.78848e-05
-1.05597e-05
6.17318e-05
-1.09136e-05
6.34809e-05
-1.03012e-05
6.33536e-05
-8.96429e-06
6.07171e-05
-7.18536e-06
5.58955e-05
-4.61946e-06
4.90246e-05
-1.89515e-06
4.07812e-05
6.90805e-07
3.15759e-05
2.55472e-06
2.21693e-05
3.40512e-06
1.33718e-05
3.01391e-06
5.99506e-06
1.56936e-06
6.21616e-07
-4.44543e-07
-2.90697e-06
-2.38458e-06
-5.49877e-06
-4.01936e-06
-8.04061e-06
-5.16351e-06
-1.1151e-05
-5.97704e-06
-1.4517e-05
-6.54822e-06
-1.66849e-05
-7.03179e-06
-1.58543e-05
-7.51623e-06
-1.05736e-05
-7.82792e-06
-2.05723e-07
-7.87009e-06
1.39704e-05
-7.7244e-06
2.93099e-05
-7.78157e-06
4.178e-05
-8.87359e-06
4.72135e-05
-1.25113e-05
4.58565e-05
-2.0445e-05
4.31566e-05
-3.47456e-05
4.94406e-05
-5.51411e-05
7.29688e-05
-7.95929e-05
0.000108274
-0.000108138
0.000155416
-0.000132421
0.000201263
-0.00014693
0.000246208
-0.000116003
0.00026576
-3.8647e-05
-0.000217181
-9.92939e-06
-0.000209589
-9.79574e-06
-0.000205909
-7.88545e-06
-0.000199368
-8.61406e-06
-0.000227875
2.60517e-05
0.000113203
-8.33162e-05
-7.36749e-06
5.46672e-05
-9.33558e-05
-1.4885e-05
-2.77668e-05
0.000156724
-6.6492e-05
-0.000145047
-4.98467e-05
-5.90729e-05
-1.26029e-05
2.48894e-05
9.77604e-07
8.78093e-06
-3.73489e-05
-1.09213e-05
-5.01956e-05
-3.59977e-05
8.02474e-05
3.43252e-05
8.56519e-05
-2.0478e-05
6.9686e-05
1.75841e-05
-6.47352e-05
-5.45245e-06
4.57531e-05
1.4228e-05
0.000232498
-4.70597e-07
0.000231668
9.37035e-05
-0.000203902
-0.000133996
7.29058e-05
-4.44305e-05
0.000242879
1.57238e-05
-1.41882e-05
6.1295e-05
0.000272706
-2.21292e-05
-4.48622e-06
0.000213458
8.60937e-05
-2.49952e-05
8.24235e-05
-0.000173801
-9.40241e-05
-0.000149255
0.00025272
3.84583e-06
6.02861e-06
-5.90419e-05
-7.14768e-06
6.03973e-05
9.82628e-06
9.55772e-06
-4.22907e-05
7.80973e-07
6.91955e-06
3.01479e-05
6.53363e-05
-3.43015e-05
-0.000178145
0.000166846
4.71514e-05
-2.93861e-05
1.12098e-05
2.753e-05
0.000224765
2.10811e-05
-3.51474e-05
5.21414e-05
-6.5126e-05
-0.000179205
4.6419e-05
-0.000178226
4.1115e-05
-0.00017752
3.38022e-05
-0.00017678
2.57387e-05
-0.000178435
1.56136e-05
-0.000181244
7.11407e-06
-0.000184446
-2.42995e-06
-0.000188457
-1.18475e-05
-0.000192358
7.28776e-05
-3.10266e-05
-5.60986e-05
-8.44367e-06
-0.000151627
-0.000112435
-0.000124097
-0.000155892
0.000233871
2.27486e-05
5.24876e-05
0.000181238
-5.30719e-05
-0.000174224
-1.12865e-05
-2.27371e-05
1.82774e-05
8.50434e-06
4.82518e-05
3.13962e-05
3.93569e-05
3.47672e-05
2.69253e-05
3.82638e-05
1.48557e-05
4.03309e-05
4.24707e-06
4.23412e-05
-2.69947e-06
4.23082e-05
-6.21088e-06
4.04951e-05
-6.27923e-06
3.69229e-05
-3.57442e-06
3.15992e-05
1.17923e-06
2.52022e-05
7.31419e-06
1.82723e-05
1.41813e-05
1.14259e-05
2.09344e-05
4.88404e-06
2.67588e-05
-1.23043e-06
3.098e-05
-6.84623e-06
3.32748e-05
-1.18214e-05
3.38558e-05
-1.60918e-05
3.34468e-05
-1.94695e-05
3.29766e-05
-2.18455e-05
3.28631e-05
-2.30317e-05
3.25889e-05
-2.30584e-05
3.08042e-05
-2.22626e-05
2.64812e-05
-2.09979e-05
1.96514e-05
-1.95547e-05
1.20406e-05
-1.81763e-05
6.67311e-06
-1.68047e-05
6.19894e-06
-1.56705e-05
1.09349e-05
-1.33624e-05
1.92865e-05
-1.0955e-05
2.80752e-05
-8.57544e-06
3.41454e-05
-6.30743e-06
3.53304e-05
-4.18716e-06
3.11743e-05
-2.47641e-06
2.31131e-05
-1.79458e-06
1.37391e-05
-3.02759e-06
4.65742e-06
-6.59268e-06
-1.99419e-06
-1.31038e-05
-6.26487e-06
-2.09118e-05
-8.71425e-06
-3.22567e-05
-1.04583e-05
-4.69523e-05
-1.04283e-05
-7.24549e-05
-5.24702e-06
-0.000105913
1.47749e-05
-0.000160659
5.38343e-05
-0.000204713
0.000119747
-0.000217797
0.000196014
-0.000119431
0.000246372
5.94175e-05
-0.000396253
0.000365978
0.000274338
-0.000356356
0.000279938
-0.000299117
0.000227356
-0.000272024
0.000194898
-0.00019808
4.46892e-05
-0.000166672
-7.45735e-06
-0.000125734
-6.76429e-05
-9.0875e-05
-0.000103189
-8.5533e-05
-9.95824e-05
-9.76058e-05
-8.83943e-05
-0.000109811
-9.93843e-05
-9.58443e-05
-8.89447e-05
-6.50092e-05
-2.75163e-05
-1.44656e-05
1.46275e-05
-9.85293e-06
0.000131388
7.16212e-07
0.000156337
3.43355e-05
0.00013879
5.1042e-05
0.000141923
7.3969e-05
8.80142e-05
0.000129881
-5.62574e-05
0.000213055
-0.000104532
0.000230117
0.000140774
0.000174077
0.00037117
0.00016593
0.000311873
0.00024785
0.000126454
2.56407e-05
7.88105e-05
4.21607e-06
0.000243313
0.000100774
-8.82913e-05
-0.000175196
0.000107902
-0.000200223
-0.000189514
8.67121e-05
-8.5745e-05
6.39651e-05
1.31754e-05
0.000208398
-0.000163023
-0.00010759
0.000186705
-0.000186587
-1.01146e-05
4.30005e-05
-4.88217e-05
4.91274e-05
-5.96953e-05
2.36959e-06
-9.11026e-05
-1.96263e-05
-9.94506e-05
-2.1394e-05
-0.000105938
-2.67103e-05
-0.000111218
-3.32064e-05
-0.000116563
-4.05084e-05
-0.000122885
-4.84048e-05
-0.000130002
-5.53773e-05
-0.000135644
-6.10339e-05
-0.000139629
-6.59881e-05
-0.000140682
-7.26389e-05
0.000135136
8.53708e-05
-9.80632e-05
-0.000113792
-8.96775e-05
-0.00017492
9.8561e-05
-8.28128e-05
-4.49056e-05
8.4022e-05
5.88612e-06
-9.03095e-06
0.00023051
-0.000207536
3.14568e-05
0.000262016
0.000255142
8.45254e-05
8.37453e-05
-0.000161883
-1.06742e-05
0.000260479
-6.66848e-06
7.4057e-06
0.000210327
3.10295e-05
-5.2955e-05
7.39892e-06
-2.19955e-06
0.0001215
-0.000128963
-5.05817e-05
0.000107385
-3.66401e-05
9.13314e-05
-2.76918e-05
7.71458e-05
-1.79544e-05
6.45816e-05
-8.24123e-06
5.06938e-05
-1.49473e-07
6.61071e-06
5.30809e-05
-1.72727e-05
2.60398e-05
9.70569e-06
-3.60626e-05
-7.89506e-06
-1.8424e-05
-5.07795e-05
-0.000217024
-1.73101e-05
-0.000209042
-1.71253e-05
-0.000205439
-1.39797e-05
-0.000201567
-1.31373e-05
-0.000197509
-1.46397e-05
-0.000192394
-1.92025e-05
6.81755e-05
-2.57022e-05
-5.75026e-05
-6.725e-06
1.02273e-05
-8.5058e-06
1.80502e-05
-0.000126997
-0.000161018
4.4015e-05
-0.00017116
-2.43468e-05
0.000154206
5.11102e-05
-0.00016732
4.40352e-05
-0.000169563
3.78576e-05
-0.000170039
3.1856e-05
-0.000170172
2.64178e-05
-0.000170796
1.97914e-05
-0.000172109
1.21591e-05
-0.00017473
3.42006e-06
-0.000177373
-6.39473e-06
-0.000180742
-1.66586e-05
-0.000184404
-2.7303e-05
-0.000184057
0.000139451
-5.46176e-05
0.000102942
0.000235087
2.32445e-05
-4.66296e-05
5.2612e-06
5.1294e-05
6.42117e-05
-2.44725e-05
4.35921e-05
-5.31981e-05
5.2813e-05
1.80885e-05
4.52295e-05
2.44788e-05
3.40763e-05
2.79994e-05
2.12901e-05
3.03737e-05
8.21854e-06
3.19096e-05
-3.58697e-06
3.33445e-05
-1.27413e-05
3.30956e-05
-1.84811e-05
3.22019e-05
-2.04737e-05
2.95907e-05
-1.9072e-05
2.54545e-05
-1.49622e-05
2.03544e-05
-9.08494e-06
1.47664e-05
-2.20023e-06
9.23659e-06
4.84631e-06
3.8957e-06
1.11513e-05
-9.97545e-07
1.59183e-05
-5.46911e-06
1.883e-05
-9.35365e-06
2.02143e-05
-1.2746e-05
2.0847e-05
-1.53502e-05
2.15443e-05
-1.70941e-05
2.25463e-05
-1.79609e-05
2.31202e-05
-1.79408e-05
2.18112e-05
-1.72927e-05
1.76466e-05
-1.62505e-05
1.07167e-05
-1.50015e-05
3.17274e-06
-1.38514e-05
-1.74383e-06
-1.27719e-05
-1.95635e-06
-1.11873e-05
3.23846e-06
-9.29297e-06
1.18001e-05
-7.34597e-06
2.08119e-05
-5.7703e-06
2.70284e-05
-4.34342e-06
2.79437e-05
-2.77749e-06
2.27612e-05
-1.18528e-06
1.29149e-05
-4.19136e-07
1.41418e-06
-1.24193e-06
-1.04031e-05
-4.40051e-06
-1.96763e-05
-9.12786e-06
-2.63325e-05
-1.50997e-05
-3.39984e-05
-2.39357e-05
-4.49092e-05
-3.49174e-05
-6.24608e-05
-5.41962e-05
-8.56674e-05
-8.22385e-05
-0.000113986
-0.000131765
-0.000125563
-0.000191584
-0.000103655
-0.000236833
-7.48944e-05
-0.000146953
4.12794e-05
-6.02116e-05
5.21749e-05
0.000340778
-0.000267306
1.89322e-05
0.000398415
-0.000245272
0.000284785
-0.000230437
0.000291505
-0.000206178
0.00020334
-0.000180914
0.000173529
-0.000153989
2.38784e-05
-3.14536e-05
-0.000121588
-4.19707e-05
-5.41246e-05
-0.000117292
-2.91501e-05
-0.000168647
-4.9159e-05
-0.000174676
-8.1919e-05
-0.00020727
-6.60141e-05
-0.000252455
-4.0274e-05
-0.000250994
-2.29851e-05
-0.000234377
1.79349e-06
-0.000188719
8.44409e-05
-0.000134203
9.51799e-05
-6.44056e-05
5.69688e-05
2.58806e-05
3.34004e-05
5.90889e-05
3.38002e-05
1.40707e-05
-2.71968e-05
-7.80592e-05
-1.34302e-05
-6.30175e-05
0.000143219
-5.60366e-06
0.000362707
4.72182e-05
0.000312811
-2.92798e-05
0.000350913
2.33163e-05
0.000104208
-8.09642e-05
-1.72083e-05
0.000120405
-1.52199e-05
-5.86307e-05
-2.05961e-05
-0.000132942
-2.86244e-05
-0.000138295
-3.09473e-05
-0.000111806
-2.0684e-05
-9.01892e-05
-1.06685e-05
-6.56004e-05
-1.13146e-05
-4.72923e-05
-2.01588e-05
-2.9907e-05
-2.7933e-05
-1.77858e-05
-2.71566e-05
-1.13492e-05
-1.76035e-05
-8.25472e-06
-3.36049e-06
-7.55453e-06
1.05909e-05
-7.35415e-06
2.10541e-05
-7.63934e-06
2.66206e-05
-7.53774e-06
2.74404e-05
-6.88223e-06
2.52237e-05
-5.98739e-06
2.19545e-05
-5.06238e-06
1.91406e-05
-4.08559e-06
1.70229e-05
-3.04974e-06
1.50538e-05
-1.96141e-06
1.19279e-05
-6.54631e-07
6.61015e-06
7.47243e-07
-1.35596e-06
2.09276e-06
-1.11189e-05
2.92023e-06
-2.17188e-05
2.96227e-06
-3.19675e-05
1.95364e-06
-4.0918e-05
1.59712e-07
-4.80755e-05
-2.0917e-06
-5.27952e-05
-4.48495e-06
-5.5096e-05
-6.51875e-06
-5.48348e-05
-8.05255e-06
-5.23776e-05
-9.0611e-06
-4.79492e-05
-9.50328e-06
-4.1945e-05
-9.22462e-06
-3.50339e-05
-8.46986e-06
-2.79429e-05
-7.20216e-06
-2.13432e-05
-5.58073e-06
-1.59648e-05
-3.54234e-06
-1.47453e-05
-8.81589e-07
-7.7894e-06
1.74388e-06
-7.39772e-06
-7.40238e-06
4.63712e-06
6.59793e-06
-1.79582e-06
-7.55466e-05
-0.00011745
-3.3005e-05
-1.84244e-05
-1.46911e-05
1.63759e-05
9.09743e-06
6.14631e-05
-2.12919e-05
8.30817e-06
-0.000177467
-0.000125158
0.000100203
-7.20119e-05
-6.42101e-06
-5.27758e-05
2.37215e-06
-4.95391e-05
8.06927e-06
2.66966e-05
8.01819e-05
-2.86774e-05
7.58644e-05
-6.47628e-05
3.76838e-07
7.31916e-05
1.76517e-05
-6.93153e-06
0.000243234
1.73311e-05
0.000238938
0.000118374
-0.00021429
0.000205134
5.80005e-05
-0.000203767
0.00010798
-0.000205118
9.9092e-05
0.000222582
9.22539e-05
-0.000228896
-0.000108342
-0.000165586
9.86455e-05
-0.000192948
0.000253511
-5.37753e-06
-0.000252138
0.000268911
1.4346e-05
-3.17268e-05
0.000113562
-4.4932e-05
-7.02754e-06
-5.80641e-05
-8.64426e-06
-0.000181223
9.98343e-05
9.16225e-05
-0.000127324
0.000146591
-0.000205354
0.000179476
-0.000220167
0.000241315
8.40076e-06
7.8799e-05
-4.974e-05
0.000104467
-7.11365e-05
0.000102656
-5.21196e-05
0.000100165
-4.3729e-05
9.78245e-05
-3.87889e-05
9.5642e-05
-3.46847e-05
9.39638e-05
-3.04539e-05
9.23904e-05
-2.57213e-05
8.9883e-05
-2.13031e-05
8.50569e-05
-1.6867e-05
7.69202e-05
-1.29261e-05
-1.06771e-05
6.34966e-05
-0.000172633
1.32424e-05
-8.67246e-06
5.57269e-05
-3.05725e-05
7.19405e-06
-6.76616e-06
-3.74566e-05
5.4074e-06
-4.64646e-05
2.07351e-06
-5.72735e-05
-2.61504e-06
-6.95928e-05
-8.80647e-06
-8.32809e-05
-1.51893e-05
-9.68658e-05
-2.21439e-05
-3.10237e-05
-3.99387e-05
5.77642e-05
4.89027e-05
-0.000195084
-4.42162e-08
0.000197116
-0.00019654
-1.25577e-05
-0.000195533
-1.69711e-05
-2.63711e-05
5.03235e-05
-0.000106407
8.36604e-05
-1.67782e-05
7.15382e-05
-2.32878e-05
0.000240193
0.000118738
-5.47785e-05
1.59258e-06
0.000236262
3.36246e-05
1.17384e-05
1.20353e-05
-0.000179446
-1.58248e-05
-0.000179679
-1.45954e-05
-0.000180352
-1.26966e-05
-0.000181126
-1.31027e-05
-0.00018227
-1.49985e-05
-0.000181958
-2.14071e-05
-0.000177752
-3.35433e-05
-2.24856e-05
5.18948e-05
-3.59851e-05
-4.87174e-06
7.30153e-06
6.47865e-06
-5.20049e-06
7.39813e-06
-1.46279e-05
-8.06262e-06
8.17613e-06
-9.95439e-06
5.93016e-06
-8.33805e-06
-9.30432e-06
3.12886e-06
-7.26063e-06
1.6578e-06
-4.23448e-06
1.57406e-07
-4.26303e-08
-1.23635e-06
5.10074e-06
-2.63013e-06
1.13307e-05
-4.24858e-06
1.83617e-05
-5.64136e-06
2.53984e-05
-6.58333e-06
3.17839e-05
-7.14326e-06
3.66713e-05
-7.2202e-06
3.96384e-05
-6.89276e-06
4.02659e-05
-6.10576e-06
3.82822e-05
-4.88805e-06
3.36066e-05
-3.32262e-06
2.63701e-05
-1.54827e-06
1.68807e-05
2.64076e-07
5.82555e-06
1.76205e-06
-5.73737e-06
2.6778e-06
-1.63812e-05
2.88409e-06
-2.47729e-05
2.48979e-06
-3.02242e-05
1.77423e-06
-3.30915e-05
8.20924e-07
-3.4598e-05
-2.75411e-07
-3.64005e-05
-1.25015e-06
-3.90053e-05
-2.19706e-06
-4.20894e-05
-3.16063e-06
-4.4168e-05
-4.09223e-06
-4.29847e-05
-5.03577e-06
-3.68107e-05
-5.6983e-06
-2.57413e-05
-5.83372e-06
-1.167e-05
-5.65856e-06
7.60271e-07
-5.47623e-06
8.61435e-06
-6.63984e-06
6.11651e-06
-8.29611e-06
-5.89324e-06
-1.18714e-05
-2.06255e-05
-1.91133e-05
-2.7208e-05
-2.83419e-05
-2.83054e-05
-3.77452e-05
-4.05136e-05
-4.92112e-05
-8.04661e-05
-5.79478e-05
-0.000164415
-6.31346e-05
-0.000292732
-3.51129e-05
-0.000435776
5.04072e-05
-0.000451936
0.000155334
-0.000443109
0.000187991
-0.000212478
0.000112998
-0.000126807
-0.000175683
-0.000919138
0.000854602
5.05182e-07
-0.000682914
-5.65532e-06
-0.000439311
6.79885e-06
-0.000243146
3.95921e-06
-7.78987e-05
3.60336e-06
-6.37707e-05
-1.21974e-05
-0.000177059
-1.63023e-05
-0.000218296
-1.26167e-05
-0.000233822
-5.94424e-06
-0.000271728
-3.33223e-06
-0.000348891
-4.45767e-06
-0.000415898
-3.9686e-06
-0.000455073
-4.24001e-06
-0.000471347
-1.94061e-06
-0.000459285
-1.00192e-06
-0.000362608
1.86253e-06
-0.000253362
2.31795e-06
-0.000178195
-1.63981e-06
-0.000125249
-3.95252e-06
-8.19575e-05
-2.84003e-06
-0.000119181
-1.31496e-06
-0.000154226
-5.06379e-06
-4.20471e-05
1.07714e-06
0.000234366
9.06314e-05
0.000451156
8.69285e-05
0.000714298
0.000100328
0.000714562
-4.27522e-05
0.00048422
-4.78269e-05
-0.000133655
-2.067e-05
4.02258e-05
-3.85829e-05
-0.00016957
4.03675e-05
-0.000164381
3.65287e-05
-0.000162944
3.1773e-05
-0.000162843
2.71845e-05
-0.000163803
2.25804e-05
-0.000165257
1.74152e-05
-0.000167002
1.0494e-05
-0.000168678
1.78104e-06
-0.000170135
-8.85724e-06
-0.000172014
-2.30308e-05
-0.000172272
-3.45808e-05
-0.000174492
-4.45325e-05
-0.000169707
-0.000207365
5.85678e-06
-0.000163112
6.76938e-06
-4.78225e-05
-0.000168708
-1.58425e-05
-2.66318e-05
-0.000177289
5.35109e-05
1.02332e-05
-6.02248e-05
4.51992e-05
1.32036e-05
3.57342e-05
1.71968e-05
2.46511e-05
1.94033e-05
1.11593e-05
2.11187e-05
-3.11898e-06
2.21524e-05
-1.63813e-05
2.25568e-05
-2.76678e-05
2.29924e-05
-3.5521e-05
2.24074e-05
-3.93154e-05
2.06999e-05
-3.92855e-05
1.7962e-05
-3.59275e-05
1.44535e-05
-3.02238e-05
1.05128e-05
-2.32059e-05
6.60019e-06
-1.59748e-05
2.91756e-06
-9.43268e-06
-5.66117e-07
-4.26415e-06
-3.60129e-06
-7.31062e-07
-6.48013e-06
1.47443e-06
-8.72368e-06
3.05961e-06
-1.03592e-05
4.79394e-06
-1.14129e-05
6.76836e-06
-1.19073e-05
8.09366e-06
-1.18453e-05
7.24863e-06
-1.13251e-05
3.32342e-06
-1.04964e-05
-3.42554e-06
-9.53402e-06
-1.08815e-05
-8.56697e-06
-1.53563e-05
-7.60425e-06
-1.45739e-05
-6.4136e-06
-8.42977e-06
-5.26386e-06
2.32454e-07
-4.14498e-06
9.40217e-06
-3.12806e-06
1.64936e-05
-2.63648e-06
1.79075e-05
-1.88601e-06
1.22741e-05
-6.17946e-07
1.52609e-06
8.71851e-08
-1.19772e-05
-1.47199e-07
-2.51763e-05
-1.55255e-06
-3.5701e-05
-4.46184e-06
-4.36737e-05
-7.93706e-06
-5.32573e-05
-1.26663e-05
-6.84311e-05
-1.7757e-05
-9.44324e-05
-2.59291e-05
-0.000136897
-3.76437e-05
-0.000204649
-6.18917e-05
-0.000298377
-9.44655e-05
-0.000408952
-0.000118794
-0.00045063
-9.9193e-05
-0.000470523
-3.4434e-05
-0.000336942
0.000203331
-7.80891e-05
0.000311867
0.000157664
0.000608553
0.000236488
6.15168e-05
0.000123005
-0.000227228
-1.3196e-05
0.000251303
1.98912e-05
0.000244215
-6.42372e-05
5.61362e-06
2.00649e-05
7.35373e-05
-5.27866e-06
-5.55543e-05
2.9182e-06
-5.03043e-05
0.000169978
-0.000142221
-0.000238607
-0.000153735
-0.00014251
-5.68376e-05
5.01861e-05
1.4422e-06
-4.49373e-07
-0.000165008
-5.44109e-06
6.11447e-06
-1.45193e-06
-1.24741e-05
5.47558e-06
-1.9435e-05
4.3179e-06
-2.66102e-05
2.60911e-06
-3.49481e-05
7.82368e-07
-4.46286e-05
-1.74808e-06
-5.56009e-05
-4.82867e-06
-6.82032e-05
-7.95263e-06
-1.19365e-05
0.000147093
-2.19524e-05
-0.000147012
-6.13671e-05
6.41721e-05
-0.000160499
-1.88315e-05
-0.000146048
-7.44333e-06
-0.000145682
-7.05484e-06
-1.04186e-05
-6.61722e-05
-3.8115e-06
6.94217e-05
-3.86573e-05
6.73723e-05
-2.76007e-05
6.63518e-05
-2.01463e-05
6.72192e-05
-1.70667e-05
6.92615e-05
-1.5313e-05
7.1649e-05
-1.35895e-05
7.31607e-05
-1.16732e-05
7.31388e-05
-9.90235e-06
7.0987e-05
-7.79742e-06
-5.79434e-06
-5.39112e-05
7.2581e-05
1.3431e-05
0.000248749
-0.000241385
0.00010438
0.000123856
-0.000203055
-1.21635e-05
4.93137e-06
1.01543e-05
-1.58202e-05
5.2701e-06
-8.59498e-06
-1.95329e-05
3.83682e-06
-2.31975e-05
3.80908e-06
-2.52295e-05
3.89333e-06
-2.71618e-05
3.09955e-06
-2.8541e-05
1.51051e-06
-2.81471e-05
4.04185e-07
-2.60481e-05
-2.8077e-07
-2.23068e-05
-1.0369e-06
-1.70947e-05
-1.83257e-06
-1.07227e-05
-2.70795e-06
-3.48862e-06
-3.67766e-06
3.85311e-06
-4.26214e-06
1.0515e-05
-4.50228e-06
1.583e-05
-4.40962e-06
1.91941e-05
-4.07445e-06
2.01715e-05
-3.47972e-06
1.84245e-05
-2.57214e-06
1.38574e-05
-1.4959e-06
6.51229e-06
-3.44554e-07
-3.34869e-06
9.14014e-07
-1.49077e-05
1.97416e-06
-2.71313e-05
2.67059e-06
-3.83377e-05
2.8666e-06
-4.6893e-05
2.68855e-06
-5.20009e-05
2.23714e-06
-5.43909e-05
1.53223e-06
-5.54229e-05
7.08697e-07
-5.68222e-05
-5.59769e-08
-5.90458e-05
-6.96606e-07
-6.16631e-05
-1.37479e-06
-6.32347e-05
-1.99253e-06
-6.11793e-05
-2.65988e-06
-5.38433e-05
-3.18422e-06
-4.16876e-05
-3.40907e-06
-2.66594e-05
-3.5154e-06
-1.32259e-05
-3.69859e-06
-6.24365e-06
-4.10897e-06
-1.01377e-05
-4.42185e-06
-2.34506e-05
-5.32266e-06
-3.69777e-05
-7.32832e-06
-4.05696e-05
-9.92426e-06
-3.7994e-05
-1.17122e-05
-4.74201e-05
-1.25451e-05
-8.54158e-05
-6.96423e-06
-0.000168456
8.4281e-06
-0.000302822
5.92933e-05
-0.000437975
0.000143177
-0.000581562
0.000283889
-0.0012899
0.000700784
-0.000220309
-6.81441e-05
-0.000119323
-1.02149e-05
-0.000120023
-8.48891e-06
-0.000124458
-6.22777e-06
-0.000128233
-7.27344e-06
-0.000133635
-7.66679e-06
-0.000141093
-8.60053e-06
-0.000149481
-1.45086e-05
-0.000158755
-2.60708e-05
-0.000155997
-5.33171e-05
1.51859e-06
0.000252104
2.77998e-05
-0.000154407
-0.000171968
0.000269659
4.54216e-05
-1.79176e-05
0.00026052
-6.06537e-05
1.01462e-05
-6.4392e-06
-0.000154342
8.30843e-06
0.000155559
-0.00014257
-1.65217e-06
-0.000147434
-7.84967e-06
-4.32078e-06
-5.3939e-05
0.000140381
5.25631e-05
-0.000140309
-8.59019e-05
3.75481e-05
-0.000151223
3.01826e-05
-0.000153872
2.63507e-05
-0.000155962
2.44526e-05
-0.00015804
2.28974e-05
-0.000160112
2.07182e-05
-0.000161819
1.74248e-05
-0.000163367
1.24789e-05
-0.000164085
5.58824e-06
-0.000164206
-4.70361e-06
-0.000163068
-1.69501e-05
-0.000161581
-3.46052e-05
-0.000158525
-4.95224e-05
-0.000156468
-0.000156671
-5.0518e-05
6.85675e-05
-5.19353e-05
4.68231e-05
2.72509e-05
-4.87974e-05
0.000179885
1.25083e-05
1.51648e-05
-1.72324e-05
2.15645e-05
-1.34407e-05
5.26304e-06
-9.28586e-06
5.80745e-06
-6.24576e-06
4.26675e-06
-7.99907e-06
-1.30736e-05
-1.41413e-05
-1.22326e-05
-1.64061e-05
-1.12517e-05
-1.47827e-05
-7.15697e-06
-1.40244e-05
-4.95367e-06
-1.66836e-05
-2.94742e-06
-1.98073e-05
-2.35704e-06
-2.15632e-05
-3.61684e-06
-2.30282e-05
8.98566e-07
-2.37591e-05
1.36937e-06
-2.20517e-05
2.68269e-06
-1.82661e-05
1.87378e-06
-1.64526e-05
5.54601e-07
-1.7087e-05
2.83531e-06
-1.7135e-05
4.7594e-06
-1.54778e-05
4.82854e-06
-1.96891e-05
4.52302e-06
-1.44498e-05
4.24396e-07
-1.00006e-05
8.74568e-05
-7.26564e-06
8.53144e-05
-2.6467e-06
9.53059e-05
-3.27073e-05
-2.01795e-05
-9.98106e-05
1.77516e-05
-0.000277602
-2.67899e-05
4.39866e-05
6.2722e-06
3.48333e-05
7.55899e-06
2.4171e-05
9.28774e-06
1.13631e-05
1.05132e-05
-3.46141e-06
1.13047e-05
-1.92604e-05
1.17678e-05
-3.4785e-05
1.20552e-05
-4.80715e-05
1.21473e-05
-5.80458e-05
1.1982e-05
-6.37181e-05
1.11105e-05
-6.49693e-05
9.70334e-06
-6.22776e-05
7.84096e-06
-5.66963e-05
5.68068e-06
-4.93486e-05
3.50626e-06
-4.14932e-05
1.53825e-06
-3.43345e-05
-1.43219e-07
-2.851e-05
-1.95985e-06
-2.42467e-05
-3.39905e-06
-2.11789e-05
-4.491e-06
-1.85193e-05
-5.21678e-06
-1.556e-05
-5.62188e-06
-1.2373e-05
-5.75491e-06
-1.00429e-05
-5.60187e-06
-9.93879e-06
-5.15882e-06
-1.29711e-05
-4.60066e-06
-1.90505e-05
-3.90406e-06
-2.58015e-05
-3.15306e-06
-2.92094e-05
-2.56148e-06
-2.7299e-05
-2.08481e-06
-2.00715e-05
-1.85747e-06
-9.93672e-06
-1.85067e-06
-3.46825e-07
-1.92472e-06
7.54626e-06
-1.63903e-06
1.03987e-05
-1.38054e-06
5.18501e-06
-1.16412e-06
-5.65855e-06
-4.55962e-07
-1.98469e-05
1.3222e-07
-3.31105e-05
-5.5525e-08
-4.28952e-05
-1.02096e-06
-4.93537e-05
-2.19835e-06
-5.63071e-05
-3.66382e-06
-6.67256e-05
-4.6976e-06
-8.36073e-05
-5.68673e-06
-0.000112793
-5.08047e-06
-0.000167952
-4.38098e-06
-0.000262126
2.04334e-06
-0.0003862
1.41928e-05
-0.000478605
8.43106e-06
-0.000519185
4.37992e-05
-0.00033319
0.000129116
-0.000134682
0.00041198
8.63796e-05
0.000237076
-0.000236044
0.000273491
-0.000239951
0.000133403
0.000259501
-6.11025e-05
-0.00109201
0.000238276
-0.000422114
1.41505e-06
4.84773e-05
0.000162083
-0.000300619
-1.2386e-05
0.000288788
-0.00038621
-3.09636e-05
-0.00016568
0.000481143
-0.000256802
0.000161226
-0.000186146
0.000164558
-0.000191515
0.000255077
-0.000321666
0.000346137
-0.00034091
0.000328427
-0.00032578
0.000343283
-0.000400348
0.000470578
-0.000542191
0.000587842
-0.000589345
0.000570395
-0.000551242
0.00055369
-0.000518387
0.000547739
-0.000612584
0.00151546
-0.000894718
0.00130936
0.000709787
-0.000853439
0.000329332
-8.7916e-05
2.80375e-06
1.65296e-05
-3.77543e-05
4.34993e-05
-4.3695e-05
4.3702e-05
-4.23118e-05
4.07071e-05
-3.91854e-05
3.62887e-05
-2.85322e-05
1.5989e-05
-1.11138e-06
-1.07494e-05
1.7171e-05
-1.5856e-05
8.64566e-06
1.12259e-06
-1.16409e-05
2.04596e-05
-2.4479e-05
2.34802e-05
-1.94088e-05
1.56874e-05
-1.45994e-05
1.63741e-05
-2.01041e-05
2.43047e-05
-2.80385e-05
3.12869e-05
-3.47252e-05
3.92826e-05
-4.54492e-05
5.28712e-05
-6.08105e-05
6.84111e-05
-7.44002e-05
7.74084e-05
-7.63309e-05
7.06955e-05
-6.07592e-05
4.74095e-05
-3.19651e-05
1.58985e-05
-7.60777e-07
-1.26917e-05
2.39383e-05
-3.30942e-05
3.92557e-05
-4.59083e-05
5.32633e-05
-5.76122e-05
5.8572e-05
-5.61965e-05
5.07255e-05
-4.40451e-05
3.706e-05
-3.12338e-05
2.89511e-05
-3.40816e-05
5.05302e-05
-4.08313e-05
3.89184e-05
-3.95831e-05
4.09364e-05
-4.57958e-05
5.30258e-05
-6.2418e-05
7.8309e-05
2.84958e-05
3.93981e-05
-2.16694e-05
6.83118e-06
1.60653e-06
-7.07892e-06
1.00827e-05
-1.19407e-05
1.26045e-05
-1.23986e-05
1.14836e-05
-1.04872e-05
9.90426e-06
-1.06611e-05
1.38042e-05
-2.03509e-05
5.82444e-05
8.60911e-05
-0.000141127
-3.54507e-05
-1.82047e-05
-6.47998e-05
8.55205e-05
8.16469e-06
-8.38241e-05
7.90357e-05
-8.09009e-05
9.35503e-05
-7.68644e-05
7.18751e-05
-7.06777e-05
6.98727e-05
-5.76864e-05
4.28617e-05
-3.06093e-05
2.1664e-05
-1.49384e-05
9.20201e-06
-4.20987e-06
9.67845e-08
4.03304e-06
-7.79011e-06
1.1055e-05
-1.32385e-05
1.52511e-05
-1.80569e-05
-5.42783e-06
2.09096e-05
-2.48953e-05
2.86057e-05
-3.12515e-05
3.3286e-05
-3.49674e-05
3.5505e-05
-3.42132e-05
3.09849e-05
-2.62044e-05
2.04659e-05
-1.44973e-05
8.64775e-06
-3.37529e-06
-8.32459e-07
3.45974e-06
-4.12384e-06
2.6059e-06
1.21202e-06
-7.17118e-06
1.53351e-05
-2.48287e-05
3.46226e-05
-4.34469e-05
4.99775e-05
-5.33641e-05
5.4348e-05
-5.42243e-05
5.45906e-05
-5.60333e-05
5.81449e-05
-5.93217e-05
5.69645e-05
-4.94925e-05
3.74432e-05
-2.28687e-05
1.06535e-05
-4.90783e-06
9.23916e-06
-2.10824e-05
2.93248e-05
-2.3289e-05
6.23687e-06
1.00405e-05
-2.12284e-05
2.36413e-05
-4.5886e-05
0.000138265
-3.53857e-05
-1.69713e-05
-1.20058e-05
-1.53641e-05
0.000289188
-0.000179887
-0.000163406
-0.000222061
-9.03839e-06
1.7046e-05
-1.85063e-06
-1.78048e-06
-2.74968e-07
-2.82467e-07
-1.03424e-05
6.05357e-05
0.000288478
7.72915e-06
-5.89915e-05
5.49336e-05
-5.70334e-05
-5.44254e-05
-4.38169e-05
-5.01303e-05
6.28878e-05
-6.09908e-05
-6.24106e-05
-4.59385e-05
-5.28718e-05
7.17482e-05
-6.53123e-05
-6.9692e-05
-4.77035e-05
-5.50969e-05
8.05002e-05
-7.66149e-05
0.000165165
7.15456e-06
)
;

boundaryField
{
    wall
    {
        type            calculated;
        value           uniform 0;
    }
    outlet
    {
        type            calculated;
        value           nonuniform List<scalar> 
33
(
1.57385e-09
1.26815e-09
1.45068e-09
1.52868e-09
1.52533e-09
1.39499e-09
1.42649e-09
1.37206e-09
1.36018e-09
1.41728e-09
1.3952e-09
1.45593e-09
1.42936e-09
1.53051e-09
1.49748e-09
1.5494e-09
1.54635e-09
1.53355e-09
1.54465e-09
1.4717e-09
1.50252e-09
1.48841e-09
1.47148e-09
1.39385e-09
1.454e-09
1.40044e-09
1.34997e-09
1.59282e-09
1.45531e-09
1.30526e-09
1.49116e-09
6.21791e-10
7.25658e-10
)
;
    }
    inlet
    {
        type            calculated;
        value           nonuniform List<scalar> 
30
(
-0.00010767
-6.9533e-05
-9.20188e-05
-0.000113748
-1.9578e-05
-7.46433e-05
-0.00014236
-0.000132267
-0.000156662
-0.000150788
-0.000162554
-0.000160426
-0.000162965
-0.000163307
-0.000159667
-0.000161651
-0.000153339
-0.000156909
-0.000142701
-0.000148852
-0.000132731
-4.46469e-05
-4.80143e-05
-2.00954e-05
-7.22663e-06
-6.62371e-06
-1.48536e-06
-1.57539e-06
-2.83785e-07
-2.713e-07
)
;
    }
    frontAndBackPlanes
    {
        type            empty;
        value           nonuniform List<scalar> 0();
    }
}


// ************************************************************************* //
