/*--------------------------------*- C++ -*----------------------------------*\
| =========                 |                                                 |
| \\      /  F ield         | OpenFOAM: The Open Source CFD Toolbox           |
|  \\    /   O peration     | Version:  2212                                  |
|   \\  /    A nd           | Website:  www.openfoam.com                      |
|    \\/     M anipulation  |                                                 |
\*---------------------------------------------------------------------------*/
FoamFile
{
    version     2.0;
    format      ascii;
    arch        "LSB;label=32;scalar=64";
    class       surfaceScalarField;
    location    "0.00772";
    object      phi;
}
// * * * * * * * * * * * * * * * * * * * * * * * * * * * * * * * * * * * * * //

dimensions      [1 0 -1 0 0 0 0];

oriented        oriented;

internalField   nonuniform List<scalar> 
5190
(
7.59088e-05
4.42194e-05
-8.66287e-05
-5.02192e-05
7.12314e-05
0.00115264
-0.000385697
-0.000804524
0.000380947
-0.000624262
-0.000235787
0.000633801
-1.67088e-06
1.01912e-06
-1.35692e-06
1.77636e-06
0.00101696
0.000345062
-0.00100753
-0.00034168
-0.000158572
0.00100749
0.000156838
-0.000990286
9.79497e-08
1.60968e-06
-1.38777e-07
-1.35767e-06
1.22525e-06
-1.38818e-06
-1.47837e-06
1.22929e-06
9.59931e-07
-1.30139e-06
1.76342e-06
-2.04758e-06
6.50437e-07
2.17364e-06
-2.54206e-06
9.62816e-07
-1.06814e-06
-1.69573e-06
1.16339e-06
-6.23333e-06
5.70155e-06
-1.55292e-06
-5.42265e-06
8.09377e-07
4.95117e-06
1.48429e-05
-1.57333e-05
1.70501e-05
-1.97863e-05
2.24009e-06
6.85705e-06
-3.49131e-06
-6.79614e-06
4.27969e-06
9.02638e-06
-5.23267e-06
-1.02343e-05
7.03561e-06
1.25537e-05
-9.6113e-06
-1.25815e-05
1.35378e-06
1.12827e-06
-1.40405e-06
-1.35388e-06
1.34087e-06
1.38375e-06
-1.7795e-06
1.59241e-06
-2.27897e-06
1.49358e-06
-5.19625e-07
2.49529e-06
-3.28092e-06
6.61415e-07
9.92286e-07
-1.25498e-06
4.67943e-06
-5.2479e-06
7.47918e-07
3.93533e-06
-4.43477e-06
3.27949e-06
-3.74853e-06
1.63878e-06
-6.67768e-06
-5.9925e-06
-1.73077e-06
1.70546e-06
9.31647e-07
2.19697e-06
-2.00062e-06
7.13638e-07
6.43974e-07
-3.31849e-07
-1.51557e-06
1.09315e-06
1.59075e-06
1.22424e-06
-6.13363e-07
2.21148e-07
2.33186e-06
1.95621e-06
-1.94212e-06
1.26898e-07
-4.62752e-07
3.57948e-06
2.95771e-06
4.27238e-06
-2.403e-06
4.17459e-06
-5.21477e-06
2.85025e-06
-2.27837e-06
5.34315e-06
-6.22033e-06
6.28133e-06
-2.67933e-06
-6.92688e-06
-1.56215e-06
1.2678e-06
5.69773e-06
-7.21044e-06
6.87899e-06
-2.44518e-06
-1.1448e-06
7.40128e-07
4.01548e-06
4.78225e-06
-1.34001e-07
-3.39516e-07
3.18014e-06
-3.28982e-06
3.56772e-06
-3.49087e-06
0.0005818
0.000879904
-0.000934271
-0.000512569
2.63989e-06
-2.9831e-06
-1.59201e-06
1.38242e-06
-1.59898e-06
6.86192e-07
-1.54998e-06
1.67112e-06
-7.0636e-07
1.75867e-06
-1.79462e-06
8.47091e-07
-9.33826e-07
1.06836e-06
-7.87697e-06
-3.42407e-06
1.1648e-05
6.03072e-06
-1.3295e-05
-1.21306e-06
-1.47201e-06
8.85268e-07
-1.3986e-06
1.03523e-06
-1.12248e-06
-5.2786e-07
2.00639e-07
4.50906e-06
-8.67195e-07
5.20441e-06
7.30103e-07
-1.8392e-06
-8.14807e-07
7.18282e-07
-7.3607e-07
-1.72472e-06
-1.93006e-06
1.96892e-06
8.58481e-07
7.74872e-07
-1.80927e-06
-8.86889e-07
6.68715e-07
-2.04115e-06
-1.62122e-06
-2.35668e-07
-6.06884e-07
-3.1848e-06
-2.53591e-06
1.19239e-06
-1.65116e-06
-4.83785e-06
-3.93236e-06
1.99839e-06
-1.7603e-06
-7.46132e-06
-5.90274e-06
4.77562e-07
1.33217e-07
-2.48843e-08
-5.10008e-07
-9.31066e-06
-5.85322e-07
-3.41371e-06
2.66386e-06
-7.50852e-06
-8.78714e-06
-1.7739e-06
-5.25303e-06
1.09284e-06
-6.24667e-06
6.39579e-06
-2.1767e-06
5.88358e-07
-5.61443e-07
4.99429e-07
-4.58453e-07
1.45657e-05
-2.0274e-05
1.6981e-05
0.000571208
-0.000915825
-0.000495686
0.000747363
-2.01479e-06
1.9262e-06
8.75308e-07
2.14243e-06
-2.10318e-06
7.47133e-07
7.3768e-07
-1.75967e-06
1.56036e-06
1.40159e-06
1.1214e-06
-1.27597e-06
8.68421e-07
2.16563e-06
1.75618e-06
-4.87669e-07
1.26436e-07
3.23591e-06
2.67391e-06
3.85709e-06
4.07649e-09
3.23715e-07
4.67424e-06
4.90432e-06
1.10384e-06
-1.67112e-07
-1.42674e-07
3.72838e-06
4.29674e-06
4.33868e-07
-6.89318e-07
2.80545e-06
3.26158e-06
1.02879e-06
-1.39069e-06
1.9027e-06
2.31746e-06
1.67363e-06
-1.89054e-06
1.25661e-06
1.52408e-06
1.01382e-06
8.00661e-07
-8.68723e-07
-1.45728e-06
1.61142e-06
-1.61258e-06
-1.28231e-06
5.85096e-06
7.58249e-06
-1.02701e-05
-7.24379e-06
8.04461e-06
7.57658e-06
-4.94315e-06
7.99316e-06
-4.18639e-06
-1.95617e-06
7.4476e-07
-2.02562e-06
2.11721e-06
9.32604e-07
-1.87955e-06
8.57529e-07
-7.7356e-06
6.05757e-06
-1.11076e-05
1.20862e-05
-9.02426e-06
-1.35517e-05
1.00933e-05
-7.51423e-06
1.02654e-05
-6.18611e-06
-1.24225e-06
3.64288e-07
5.06873e-06
-4.85859e-06
5.64691e-06
-7.47897e-06
-3.39814e-06
4.11843e-06
-1.98758e-06
5.56248e-06
-1.30611e-06
1.19609e-06
-8.96047e-07
-6.80161e-07
6.46336e-07
-1.41676e-06
-7.08014e-07
-1.29882e-06
-8.94162e-06
-2.58095e-06
2.52973e-06
7.53671e-06
-1.48082e-05
1.79161e-05
1.16388e-05
-1.80778e-05
5.0878e-06
-1.19653e-05
-0.00114087
-0.000316192
0.000800262
0.000712974
-7.15155e-06
6.63631e-06
-1.87774e-06
-3.04521e-06
-3.47218e-06
-6.88967e-07
7.19594e-07
-1.76127e-06
0.000865894
-0.000642311
0.000253884
-1.67573e-06
-4.99668e-05
-3.80179e-05
4.5118e-05
3.38366e-05
-2.64114e-05
1.91241e-05
-1.27027e-05
-1.28977e-06
9.99275e-07
-1.35741e-06
-1.06172e-06
-1.45846e-06
-6.16804e-07
1.34399e-07
-2.11034e-06
-1.65708e-06
4.26454e-07
-1.03644e-06
-3.34563e-06
-2.64161e-06
1.71872e-06
-2.42336e-06
-5.12894e-06
-4.1273e-06
3.19995e-06
-4.28354e-06
-7.94571e-06
-6.33506e-06
-9.65142e-06
-4.20375e-06
3.26167e-06
-8.33464e-06
-1.01962e-05
-2.49952e-06
-5.57645e-06
1.98046e-06
-6.70872e-06
6.10386e-06
-1.99756e-05
-3.02094e-06
0.00113063
-0.00181176
0.001778
-0.00146529
-9.52905e-07
-1.50714e-06
6.00386e-07
-1.14228e-06
-2.14251e-06
2.23082e-06
8.16374e-07
2.0153e-06
8.03277e-07
-1.84009e-06
8.39459e-07
-2.21596e-06
2.16769e-06
8.85085e-07
8.21265e-07
-2.06496e-06
1.89351e-06
1.2737e-06
1.0588e-06
-1.69257e-06
1.38968e-06
1.91563e-06
1.52543e-06
-1.06893e-06
7.34154e-07
2.84386e-06
2.33848e-06
-4.12428e-07
1.31512e-07
3.99367e-06
3.40255e-06
1.47795e-07
-4.73859e-07
5.28721e-06
4.6444e-06
1.90552e-05
-2.01406e-05
-1.75361e-05
6.00211e-06
-8.51323e-07
7.65858e-08
-2.56932e-07
4.24663e-06
4.71983e-06
3.9829e-07
-6.41054e-07
3.38707e-06
3.8396e-06
8.7924e-07
-1.18453e-06
2.52308e-06
2.91706e-06
1.51125e-06
-1.80153e-06
1.73045e-06
2.08613e-06
2.01912e-06
-2.11536e-06
1.22276e-06
1.42798e-06
1.05735e-06
6.56429e-07
-6.26466e-07
-1.5808e-06
-7.35547e-07
-1.71042e-06
8.01596e-07
-1.64717e-06
-1.5183e-06
1.60112e-06
-9.50905e-08
-1.378e-06
1.15118e-07
-7.39716e-07
6.82984e-07
1.26686e-06
-1.11829e-06
-8.69749e-07
1.1833e-06
-9.93878e-07
6.48829e-06
-1.57957e-05
-9.79935e-06
1.39902e-05
-1.6205e-05
1.61082e-05
-1.12381e-05
8.84525e-06
-5.54195e-06
-8.05783e-06
-2.60337e-06
7.51325e-06
9.12595e-06
-5.08086e-06
1.98077e-06
-2.07293e-06
1.14713e-06
6.97925e-06
-8.21443e-06
-3.51731e-06
6.40944e-06
-2.49961e-06
-1.1656e-06
1.0093e-06
-8.82452e-07
-1.17973e-06
-7.17954e-07
1.20597e-05
-8.17572e-06
1.13594e-05
-7.51895e-06
6.28923e-07
-6.25307e-07
-1.50909e-06
6.12884e-07
-1.56835e-06
0.000241702
-3.03771e-07
-0.00021371
-3.24865e-06
-3.62091e-07
0.000271694
-2.75769e-06
-0.000241647
0.000271639
-3.46118e-06
-0.000213656
-3.83588e-06
7.0783e-07
-6.68802e-07
-1.56083e-06
-1.81654e-06
1.9692e-06
8.05704e-07
-1.68143e-06
6.76501e-07
-5.37471e-07
3.89517e-07
6.65485e-06
-7.71446e-06
1.01202e-05
-1.80074e-05
-3.42896e-08
1.70377e-06
1.5039e-07
-1.25771e-06
6.54028e-07
1.41953e-06
0.000107822
0.0001097
-0.00011875
-0.000123347
0.000887558
0.000489613
-0.000892165
-0.000468858
0.0010855
0.000161959
-0.000201936
-0.00102024
-3.79648e-06
-4.27195e-06
4.11678e-05
0.00108324
-1.44308e-06
-6.30552e-07
1.82007e-05
-4.20869e-05
-3.11823e-05
4.81749e-05
-1.31139e-06
1.24343e-06
-8.73985e-07
8.50384e-07
-7.71763e-07
7.35883e-07
-1.04721e-06
6.88593e-07
-1.34308e-06
-1.07143e-06
-2.44782e-07
-3.10813e-07
-2.17409e-06
-1.701e-06
9.4686e-07
-1.67676e-06
-3.44409e-06
-2.7277e-06
2.4671e-06
-3.37013e-06
-5.34042e-06
-4.28409e-06
4.43299e-06
-5.86211e-06
-8.33339e-06
-6.67171e-06
7.51505e-06
-8.81751e-06
-1.26819e-05
-1.03344e-05
-1.55143e-05
-5.58125e-06
4.46044e-06
-9.53071e-06
-1.22511e-05
-3.45602e-06
2.61275e-06
-5.84988e-06
-7.35323e-06
-1.95747e-06
1.375e-06
-3.84582e-06
3.78399e-06
-4.71736e-06
4.58287e-06
-7.82336e-07
2.36438e-07
-2.4989e-06
2.45186e-06
-3.12405e-06
3.10515e-06
2.74541e-07
-7.20725e-07
-1.48931e-06
-1.94001e-06
1.92383e-06
-1.13879e-06
0.000303996
-4.46096e-07
-2.3712e-06
0.000338571
-5.1357e-07
-1.94174e-06
0.000375577
-5.79765e-07
-1.60183e-06
0.000415007
-5.76195e-07
-1.26888e-06
0.000456781
-1.94593e-07
-1.05713e-06
0.00050145
7.5446e-07
-1.67946e-06
0.000549833
2.2888e-06
-3.65383e-06
0.000600831
5.37984e-06
-6.29984e-06
0.000655379
1.1056e-05
-1.24198e-05
1.67641e-05
0.000716558
-2.106e-05
0.000717234
-0.00065488
1.10453e-05
0.000787237
2.41264e-05
-3.22861e-05
2.94284e-05
0.000875188
-4.72529e-05
-0.000790079
0.000877199
1.19109e-05
1.32441e-05
0.000599079
-0.000549067
5.23847e-06
8.27915e-06
0.000501614
-0.000456675
-4.25645e-07
1.75945e-06
0.000414712
-0.000375393
-2.21874e-06
-1.52004e-06
0.000338478
-0.000303918
-2.90182e-06
-2.56759e-06
-3.19991e-06
-2.11127e-06
2.24577e-06
8.87328e-07
9.50741e-07
-2.31849e-06
2.34129e-06
9.23244e-07
8.94569e-07
-2.31145e-06
2.21121e-06
1.19372e-06
1.03999e-06
-2.0407e-06
1.83769e-06
1.6636e-06
1.37579e-06
-1.58605e-06
1.30221e-06
2.43791e-06
2.00369e-06
-1.01151e-06
7.3692e-07
3.43069e-06
2.91163e-06
-4.74589e-07
2.50821e-07
4.58667e-06
4.01364e-06
8.31656e-05
-9.04065e-05
9.60772e-05
5.19673e-06
7.13464e-08
6.30681e-06
-7.96159e-06
-1.57248e-07
-1.41153e-06
7.64606e-07
6.11673e-06
7.10942e-06
-7.88781e-06
-3.07398e-06
2.57495e-06
-7.61036e-06
-2.76641e-06
6.49079e-06
7.01477e-06
-2.30375e-07
-1.28788e-07
4.77344e-06
5.30839e-06
3.52291e-07
-6.04612e-07
3.93588e-06
4.34301e-06
8.38001e-07
-1.07572e-06
3.09017e-06
3.52487e-06
1.35497e-06
-1.62773e-06
2.31394e-06
2.68288e-06
1.89955e-06
-2.1248e-06
1.65987e-06
1.95155e-06
2.26605e-06
-2.30124e-06
1.25051e-06
1.41619e-06
2.24561e-06
-2.12361e-06
9.91825e-07
1.11336e-06
8.9735e-07
6.09531e-07
-5.58146e-07
-1.40143e-06
-1.46815e-06
5.46634e-07
-5.68344e-07
-1.28787e-06
-1.35951e-06
5.89104e-07
-5.9646e-07
-1.11164e-06
-1.2061e-06
5.51859e-05
7.38888e-05
-7.84527e-05
-6.38933e-05
0.000155929
-0.000187184
6.34255e-05
-6.11794e-05
1.03972e-05
-6.09882e-06
-9.20687e-06
-3.24391e-06
8.30002e-06
-9.03728e-06
-4.0062e-06
1.02204e-05
-6.21329e-06
-1.6438e-06
4.04594e-07
1.09746e-05
-2.50131e-05
-8.27343e-06
-2.59042e-07
-3.71482e-06
-0.000187504
-4.21053e-06
-0.000187462
1.89185e-06
9.20281e-07
-1.48351e-06
0.000731405
0.000402945
-0.00034216
-0.00150595
0.000713703
-0.000653996
-2.4179e-05
0.000779496
-3.64505e-05
1.39189e-05
-8.91402e-06
-0.00124393
-0.000268011
0.000471257
0.00111657
-8.84957e-06
-3.37541e-06
-1.38377e-05
1.29314e-05
-9.34742e-06
-6.01619e-07
5.88645e-07
-9.46772e-07
-5.29758e-07
-8.20361e-07
-0.000187998
0.000214169
-7.955e-06
-4.30587e-06
-2.16209e-07
-0.000162434
-9.08211e-06
-0.000162946
5.61016e-07
-5.88182e-07
-1.40732e-06
5.10827e-07
-1.56345e-06
-1.97893e-06
2.09932e-06
7.62059e-07
-1.84565e-06
6.02137e-07
-4.61616e-05
0.000999143
2.28906e-06
0.000993131
-8.56915e-05
-7.97718e-06
1.94392e-07
7.04659e-06
-8.86025e-06
-9.93406e-07
7.03698e-07
1.80433e-05
-1.37684e-05
-1.17464e-05
-7.88533e-06
-1.66035e-06
7.39055e-06
1.0345e-06
-8.82972e-06
-3.16907e-06
0.00120698
0.000159581
-0.000274671
-2.69221e-05
-2.6044e-05
2.81442e-05
3.62601e-05
-4.60362e-05
2.13381e-05
6.35754e-07
-7.84641e-08
8.34423e-08
-4.66752e-07
-1.02839e-06
1.07844e-06
-5.9511e-07
-5.19517e-07
5.1027e-07
-9.85233e-07
-5.17015e-07
-9.18027e-07
-4.46447e-06
-5.05872e-06
-5.47816e-07
-1.40783e-06
4.78617e-07
5.70305e-07
-5.69259e-07
-1.25863e-06
-1.32461e-06
5.70023e-07
-5.67274e-07
-1.1263e-06
1.34938e-06
-1.19011e-06
-1.04299e-06
-1.1347e-06
1.01683e-06
-8.90011e-07
-7.48839e-07
-7.70362e-07
3.86865e-07
-1.36327e-06
-1.08482e-06
1.36228e-07
-7.92954e-07
-2.18844e-06
-1.72949e-06
1.50419e-06
-2.35602e-06
-3.46376e-06
-2.78914e-06
3.30773e-06
-4.43791e-06
-5.45572e-06
-4.35033e-06
5.82559e-06
-7.52909e-06
-8.73293e-06
-6.89617e-06
9.32608e-06
-1.08218e-05
-1.45981e-05
-1.12692e-05
-1.93508e-05
1.55982e-05
-1.35227e-05
-3.22648e-05
-3.09733e-05
3.05462e-05
-1.02797e-05
9.27215e-06
-1.91582e-05
-2.36689e-05
-1.16817e-05
-7.85953e-06
6.17758e-06
-1.07715e-05
-1.45601e-05
-4.69253e-06
3.54054e-06
-6.10189e-06
-7.95508e-06
-2.67356e-06
1.94837e-06
-3.86383e-06
-4.81257e-06
-1.27626e-06
6.20704e-07
-2.51922e-06
-3.13963e-06
-2.97261e-08
-4.75061e-07
-1.50078e-06
-1.98227e-06
8.17323e-07
-1.01257e-06
-8.79207e-07
-1.15814e-06
-7.03888e-07
-0.000242117
0.000272057
-6.0236e-06
-7.01614e-06
-0.000304307
0.000338924
-4.42317e-06
-5.21706e-06
-0.000375872
0.000415254
-3.15443e-06
-3.7446e-06
-0.000457228
0.000501731
-2.72656e-06
-2.72256e-06
-0.000548715
0.000600092
-7.78113e-06
-3.93471e-06
-1.33654e-05
-0.000187921
0.000214056
-8.39247e-06
4.72646e-06
-9.47371e-06
-0.000162891
-0.000162404
-3.70922e-05
-0.000117304
-0.000981404
-0.00011373
0.000187428
1.11293e-05
-0.00028121
3.77707e-05
0.000872489
-0.000789662
-1.16787e-06
-3.04983e-05
0.000718458
-0.000657076
5.41094e-06
3.65751e-06
0.000600723
-0.000548732
2.34459e-06
3.66805e-06
0.000500717
-0.000457032
-5.16704e-07
1.40749e-07
0.000414997
-0.000375545
-3.88662e-06
-2.90164e-06
0.000338564
-0.000304043
-5.11784e-06
-4.46619e-06
0.000271852
-0.000241973
-6.60341e-06
-5.87408e-06
-7.53357e-06
-2.12289e-06
2.28957e-06
9.20736e-07
9.27345e-07
-2.40595e-06
2.46829e-06
9.76601e-07
9.48874e-07
-2.47976e-06
2.46158e-06
1.14763e-06
1.06607e-06
-2.36587e-06
2.23474e-06
1.47547e-06
1.28702e-06
-2.02381e-06
1.79688e-06
2.08066e-06
1.75645e-06
-1.55063e-06
1.29157e-06
2.88585e-06
2.45427e-06
-1.06653e-06
8.61463e-07
3.85573e-06
3.35618e-06
-7.30343e-07
6.68962e-07
4.83694e-06
-5.81229e-06
4.34376e-06
-5.60146e-07
4.37739e-07
5.66571e-06
5.3155e-06
7.4112e-06
-8.40498e-06
-1.3841e-07
-4.39621e-07
3.69581e-07
6.26467e-06
5.92121e-06
8.12392e-06
-2.69618e-06
-8.63282e-06
4.29733e-07
-2.46264e-07
6.50035e-06
7.81787e-06
-8.9119e-07
-8.9997e-06
7.38302e-07
-2.46197e-07
6.49908e-10
6.77196e-06
6.62433e-06
-7.82836e-06
2.69784e-07
-3.48192e-07
5.97412e-06
-7.03873e-06
6.31585e-06
1.32518e-07
-1.63382e-07
5.24804e-06
5.64502e-06
4.01834e-07
-6.58956e-07
4.37522e-06
4.78302e-06
8.75304e-07
-1.06042e-06
3.57171e-06
3.96646e-06
1.25679e-06
-1.50224e-06
2.84213e-06
3.20433e-06
1.7543e-06
-1.99933e-06
2.15383e-06
2.47577e-06
2.22171e-06
-2.38674e-06
1.60271e-06
1.84919e-06
2.47065e-06
-2.46304e-06
1.23938e-06
1.39397e-06
2.37978e-06
-2.24945e-06
9.64487e-07
1.09973e-06
8.46939e-07
5.5829e-07
-5.20842e-07
-1.21598e-06
-1.30542e-06
4.91537e-07
-4.94638e-07
-1.11616e-06
-1.17628e-06
-1.05622e-06
0.000953454
0.000825791
-0.000103764
-1.21272e-05
6.40551e-06
9.27186e-05
0.000856776
-5.69258e-05
1.20822e-05
-6.82644e-06
-1.04638e-05
-3.48475e-06
-1.01508e-05
-4.57359e-06
1.15491e-05
-7.33876e-06
-8.0485e-07
-4.63058e-07
8.38508e-07
-0.00096476
-0.0011123
0.000792766
0.00119193
2.77047e-05
-2.37883e-05
-2.60291e-06
-9.33767e-06
7.67448e-06
-0.00018906
0.000215148
-1.25494e-05
-0.000164037
-1.42208e-05
4.28912e-07
-4.91928e-07
-1.21375e-06
0.000124271
-2.61861e-05
3.84241e-05
-1.7502e-06
2.15235e-07
2.07344e-06
-1.52348e-06
3.56045e-07
3.2265e-07
-1.32682e-06
4.73238e-07
-1.74638e-06
-9.59419e-07
9.78133e-07
-5.97125e-07
-8.59596e-07
-5.19858e-07
0.00109143
-0.000133387
-3.04859e-05
3.29621e-05
3.08968e-05
-4.11999e-05
3.62457e-05
-4.7486e-05
-2.59861e-05
-0.00102937
0.000994966
1.6227e-06
-1.37164e-06
0.000707184
-0.00065178
-2.40896e-05
0.000769079
-3.89509e-05
-4.50528e-05
-4.66105e-05
4.15668e-05
-5.13014e-05
3.77117e-05
-4.19894e-05
-5.62694e-05
4.46384e-05
-4.51836e-05
-1.03921e-05
-2.55874e-06
1.63285e-05
-1.04936e-05
1.44977e-05
-1.12005e-05
-9.98995e-06
-3.92774e-06
-3.33523e-05
2.7334e-05
-0.000188922
0.000214977
-1.29198e-05
-0.000163928
-1.45632e-05
0.000107741
-0.000119444
7.33178e-05
-7.95435e-05
-0.00116451
-6.6101e-05
0.00133411
-0.00106642
3.54497e-05
-4.43611e-05
3.21207e-05
2.09944e-05
-1.73387e-05
-2.12543e-05
-9.88706e-06
-1.00562e-06
-7.8259e-06
3.01565e-07
6.55327e-06
-1.87188e-07
-9.2575e-06
-8.13701e-06
-2.77025e-07
6.91664e-06
-7.79546e-07
-9.8915e-06
-1.00156e-05
-3.40912e-06
1.8021e-05
-1.58084e-05
3.23519e-05
2.79523e-05
-3.91977e-05
-2.81234e-05
0.000931784
-8.76601e-05
6.06152e-07
3.44967e-07
-3.69999e-07
-4.26224e-07
-3.77106e-05
1.5766e-05
3.76221e-05
-9.80064e-05
5.98207e-05
6.72078e-05
-4.027e-05
-5.02007e-06
-5.86834e-06
5.22371e-07
-5.28438e-07
-1.03148e-06
-1.11596e-06
5.19782e-07
-5.08555e-07
-8.94544e-07
-9.54584e-07
4.99419e-07
-4.90098e-07
-7.59771e-07
-8.30382e-07
4.47988e-07
-4.25891e-07
-6.74231e-07
-6.91264e-07
7.80166e-07
-6.36636e-07
-4.34377e-07
-8.47003e-07
1.18275e-06
-4.50329e-07
1.30961e-07
-4.4961e-07
-1.01913e-06
8.05093e-07
-8.60752e-07
-6.45926e-07
-4.94301e-07
3.23323e-08
-1.35819e-06
-1.08736e-06
5.70361e-07
-1.29105e-06
-2.17533e-06
-1.72266e-06
2.14595e-06
-3.08063e-06
-3.44685e-06
-2.74323e-06
4.23572e-06
-5.64833e-06
-5.44994e-06
-4.29678e-06
7.43227e-06
-9.58743e-06
-9.0438e-06
-6.97753e-06
1.21488e-05
-1.49858e-05
-1.5779e-05
-1.19393e-05
1.81861e-05
-2.22783e-05
-2.67941e-05
-2.0964e-05
-3.30695e-05
-2.17204e-05
-2.72083e-05
2.29651e-05
-3.11418e-05
2.84889e-05
-3.50032e-05
-1.92031e-05
1.50658e-05
-1.99524e-05
-2.55447e-05
-1.13894e-05
8.4187e-06
-1.1192e-05
-1.51066e-05
-6.1897e-06
4.57197e-06
-6.16448e-06
-8.21327e-06
-3.4297e-06
2.53909e-06
-3.77441e-06
-4.79181e-06
-1.76341e-06
1.04957e-06
-2.48797e-06
-3.06293e-06
-3.7614e-07
-1.78951e-07
-1.54155e-06
-1.98698e-06
6.20738e-07
-8.83798e-07
-8.94363e-07
-1.17512e-06
-7.20883e-07
-0.000243031
0.000272904
-9.59686e-06
-1.11207e-05
-0.000305144
0.000339715
-7.08233e-06
-8.34487e-06
-0.00037668
0.00041588
-5.12768e-06
-6.07225e-06
-0.000457519
0.000501935
-4.25984e-06
-4.47297e-06
-0.000549153
0.000599076
-8.2805e-06
-5.04699e-06
-1.36995e-05
-1.74631e-07
-4.86503e-06
-0.000138382
5.205e-06
-1.04315e-05
-0.00013884
-0.00013836
-2.51527e-06
-1.06798e-05
1.01035e-05
-0.000139911
-1.5679e-05
-0.000138886
0.000915354
-0.000907671
-8.79153e-05
0.000102332
2.15775e-05
-0.000171329
0.00101761
-0.000958688
-0.000107593
-0.000165942
0.000867236
-0.000786423
-1.78035e-05
-5.27982e-05
0.000718275
-0.000657599
-1.85162e-06
-6.16598e-06
0.000602966
-0.000550703
-1.56409e-06
-5.63562e-07
0.000502609
-0.000457203
-2.60641e-06
-1.97202e-06
0.000415319
-0.000376288
-5.33575e-06
-4.43317e-06
0.000339282
-0.000304774
-7.52172e-06
-6.5627e-06
0.000272614
-0.000242799
-1.00337e-05
-8.80998e-06
-1.15299e-05
-1.73964e-06
1.63605e-06
3.82077e-07
1.5996e-06
-1.42463e-06
2.2365e-07
2.83428e-07
-1.76436e-06
2.01099e-06
7.87096e-07
6.02154e-07
-6.49879e-07
-2.20803e-06
2.36197e-06
9.2775e-07
8.78299e-07
-2.4865e-06
2.58195e-06
1.00321e-06
9.76418e-07
-2.64052e-06
2.64704e-06
1.15087e-06
1.08274e-06
-2.59427e-06
2.49946e-06
1.39563e-06
1.26618e-06
-2.36387e-06
2.19035e-06
1.83537e-06
1.60153e-06
-1.98246e-06
1.75604e-06
2.43179e-06
2.11009e-06
-1.53295e-06
1.31849e-06
3.20073e-06
2.79447e-06
-1.11996e-06
9.41324e-07
4.02932e-06
3.60899e-06
-8.25707e-07
7.14234e-07
4.75528e-06
4.42038e-06
-6.19603e-07
5.5336e-07
5.25947e-06
4.98629e-06
6.77937e-06
2.77728e-07
-8.22533e-06
-5.07717e-07
4.40219e-07
5.61358e-06
5.45376e-06
3.85638e-07
-7.03616e-06
5.74734e-06
2.81657e-07
-7.11449e-06
5.80235e-06
7.12237e-06
-3.02485e-07
-8.72597e-06
-2.35379e-07
1.11118e-07
5.84577e-06
-7.2768e-06
5.88014e-06
6.00351e-08
-1.3823e-07
5.61114e-06
5.75047e-06
3.09065e-07
-5.00644e-07
5.48782e-06
5.56353e-06
4.59275e-07
-5.7581e-07
5.04503e-06
5.18951e-06
7.21425e-07
-8.10707e-07
4.48294e-06
4.813e-06
9.49825e-07
-1.10845e-06
3.872e-06
4.1776e-06
1.2734e-06
-1.46103e-06
3.20712e-06
3.53321e-06
1.65968e-06
-1.87814e-06
2.57034e-06
2.88456e-06
2.10331e-06
-2.31299e-06
1.95893e-06
2.24794e-06
2.49143e-06
-2.61075e-06
1.46456e-06
1.68857e-06
2.65665e-06
-2.62443e-06
1.12095e-06
1.2722e-06
2.52825e-06
-2.39191e-06
8.48029e-07
9.83419e-07
2.23947e-06
-2.07481e-06
6.48978e-07
7.32109e-07
1.96741e-06
-2.02165e-06
6.6131e-07
5.68853e-07
2.027e-07
-3.28808e-07
-1.53011e-06
-2.32624e-08
4.19679e-07
-4.73683e-07
-1.27342e-06
-1.41649e-06
4.89623e-07
-4.69108e-07
-1.05908e-06
-1.1566e-06
4.52337e-07
-4.46163e-07
-9.34333e-07
-9.94866e-07
4.53855e-07
-4.6316e-07
-8.2684e-07
-8.84565e-07
4.68211e-07
-7.20588e-07
-4.69055e-07
-7.69508e-07
0.000649805
-0.00102708
-0.000234004
0.0011298
4.50537e-06
1.42494e-06
5.70913e-05
-7.54147e-05
-4.40468e-05
0.000834861
-5.8323e-05
-9.24475e-05
-0.000231002
9.31275e-05
-5.18082e-05
5.2926e-05
-6.76922e-05
2.42294e-05
-5.54565e-06
9.28079e-05
7.02354e-05
4.38794e-05
-0.000101648
5.76123e-05
5.14334e-05
-4.84826e-05
-1.20261e-05
-3.84925e-06
1.41739e-05
-7.62936e-06
-2.49162e-07
-9.0428e-06
2.60598e-07
-8.62618e-06
1.3037e-05
-8.58867e-06
-1.14883e-05
-5.14892e-06
-3.42751e-05
3.11409e-05
3.77986e-05
-3.99373e-05
2.79483e-05
-9.65483e-06
3.76788e-07
-5.28157e-07
9.47872e-07
6.34542e-05
-6.6093e-05
6.05564e-05
-7.12921e-05
3.26705e-05
-5.54889e-05
-3.19649e-05
2.7719e-05
-3.41057e-05
-1.59748e-05
-0.000139824
-0.00107793
0.00133411
-0.000400096
-0.00109353
-3.29833e-06
1.62786e-07
-2.54728e-07
-1.23988e-06
1.4887e-06
7.28908e-08
-1.2898e-06
1.64566e-06
1.54391e-07
0.000752507
-4.67413e-05
3.88269e-05
1.84855e-05
-1.16484e-05
-1.17222e-05
-2.51859e-06
-1.43006e-07
-9.91976e-06
-6.17057e-07
-1.07415e-05
-1.15131e-05
-4.35347e-06
1.64606e-05
-1.28566e-05
-3.16202e-05
2.04931e-05
3.31477e-05
-4.09557e-07
4.05156e-07
-4.86916e-07
-4.21719e-07
-4.58692e-07
0.00101886
-0.000145706
9.07361e-06
-0.000128897
-0.00413165
0.00409019
0.00132061
-0.00102566
0.00124357
0.000230119
-0.000270702
-3.49933e-06
-1.10393e-05
6.12502e-05
4.99411e-05
-7.92239e-05
-0.00109966
-8.008e-05
0.000477799
0.000974609
-3.95399e-05
2.75818e-05
0.000996513
0.00033234
-2.6035e-05
2.40287e-05
-1.97764e-05
-1.0917e-05
-1.03166e-06
-2.01613e-06
-1.22421e-05
1.93633e-05
-2.01766e-05
-1.85648e-05
-4.31313e-07
4.24502e-07
-5.64359e-07
-6.76478e-07
8.09274e-07
-4.79978e-07
-4.41324e-07
-5.22436e-07
-1.71171e-05
1.11256e-05
-0.000116366
-0.000141191
0.000165482
-2.16021e-05
-2.34424e-05
-0.000117336
0.000905061
-9.0724e-05
-2.08092e-07
-1.32621e-06
-2.87485e-05
1.38843e-05
3.30573e-05
-3.00845e-05
-3.74211e-05
2.69935e-05
5.65696e-05
-3.58411e-06
-2.44399e-07
2.67927e-07
6.28807e-07
4.41261e-06
-5.36885e-06
-8.78467e-06
-6.74975e-06
2.8132e-05
-4.23479e-05
-2.58599e-05
3.428e-07
-4.09374e-07
-1.03811e-06
-1.14676e-06
4.50339e-07
-4.65668e-07
-8.37926e-07
-9.34787e-07
4.62108e-07
-4.50542e-07
-6.84605e-07
-7.50658e-07
4.39923e-07
-4.2395e-07
-5.65701e-07
-6.18898e-07
-5.15043e-07
7.33588e-07
-5.991e-07
-4.52046e-07
-8.19965e-07
8.94373e-07
-5.3941e-07
-4.7555e-07
-8.26503e-07
5.93634e-07
-8.58983e-07
-6.90687e-07
-2.20237e-07
-2.95485e-07
-1.33636e-06
-1.07402e-06
9.72729e-07
-1.79271e-06
-2.08373e-06
-1.6633e-06
2.75092e-06
-3.9057e-06
-3.26892e-06
-2.62239e-06
5.26104e-06
-6.98643e-06
-5.33441e-06
-4.15337e-06
9.20484e-06
-1.20067e-05
-9.08587e-06
-6.92485e-06
1.54259e-05
-1.94588e-05
-1.61728e-05
-1.21732e-05
2.43172e-05
-3.01675e-05
-2.71604e-05
-2.13366e-05
-3.33583e-05
6.31074e-05
-7.79193e-05
-5.20963e-05
5.40032e-05
-4.29864e-05
-2.287e-05
1.82757e-05
-2.0479e-05
-2.67071e-05
-1.41102e-05
1.05479e-05
-1.12883e-05
-1.53641e-05
-7.7583e-06
5.6816e-06
-6.0375e-06
-8.21442e-06
-4.20172e-06
3.13155e-06
-3.5747e-06
-4.59626e-06
-2.23306e-06
1.45312e-06
-2.34416e-06
-2.84925e-06
-7.22437e-07
8.76398e-08
-1.51381e-06
-1.89701e-06
4.06651e-07
-7.1683e-07
-9.33541e-07
-1.18427e-06
8.74293e-07
-8.86248e-07
-6.21901e-07
-7.45615e-07
-5.32041e-07
-0.000190522
0.00021657
-1.75698e-05
-1.97491e-05
-0.00024437
0.000274122
-1.35897e-05
-1.56387e-05
-0.000306224
0.000340636
-1.01629e-05
-1.18777e-05
-0.000377424
0.000416466
-7.58506e-06
-8.83478e-06
-0.000458035
0.000502043
-6.1948e-06
-6.84448e-06
-0.000548943
0.000597684
-8.52195e-06
-6.73286e-06
-0.000650141
0.000703116
-2.29845e-05
-1.46731e-05
-0.000759029
0.000816932
-5.73825e-05
-3.85135e-05
-1.13999e-05
5.69306e-06
-0.000115457
-0.000141058
0.000165324
-2.18496e-05
1.73913e-05
-2.3671e-05
-0.000117229
-0.000116276
-1.49216e-07
-5.41477e-06
-0.000115018
-0.000115014
-0.0001155
0.00101265
-0.000963081
-0.000131951
-8.57531e-05
0.000956983
-0.0009118
-9.9606e-05
-0.000138018
0.000845226
-0.000775078
-2.85988e-05
-5.78806e-05
0.000712355
-0.000655174
-8.24536e-06
-1.47164e-05
0.0006012
-0.000550821
-4.25111e-06
-5.34554e-06
0.000502418
-0.000457469
-4.78225e-06
-4.85854e-06
0.000415726
-0.000376611
-7.46144e-06
-6.32913e-06
0.000340136
-0.000305827
-1.03486e-05
-8.7982e-06
0.000273816
-0.000244116
-1.39037e-05
-1.21727e-05
0.000216357
-0.000190338
-1.78699e-05
-1.59534e-05
-2.00319e-05
-1.76897e-06
1.85501e-06
3.49976e-07
2.29439e-07
-1.99301e-06
2.1515e-06
6.90636e-07
5.1428e-07
-2.30674e-06
2.44879e-06
8.88214e-07
8.0902e-07
-2.56961e-06
2.67143e-06
9.93997e-07
9.61855e-07
-2.72963e-06
2.75306e-06
1.15547e-06
1.09228e-06
-2.74492e-06
2.67899e-06
1.37332e-06
1.25106e-06
-2.59271e-06
2.48111e-06
1.68168e-06
1.51945e-06
-2.31961e-06
2.13088e-06
2.12808e-06
1.89632e-06
-1.92001e-06
1.70317e-06
2.7106e-06
2.40166e-06
-1.47685e-06
1.26781e-06
3.38075e-06
3.04184e-06
-1.08232e-06
9.18354e-07
4.02315e-06
3.71887e-06
-7.67992e-07
6.65133e-07
4.47811e-06
4.25173e-06
-5.84815e-07
4.92125e-07
4.76679e-06
4.63525e-06
-4.00015e-07
2.78956e-07
4.88902e-06
4.84853e-06
-1.70435e-07
3.36132e-08
4.90985e-06
4.92122e-06
1.12864e-07
-2.75938e-07
4.74742e-06
4.84139e-06
4.26108e-07
-5.66054e-07
4.60792e-06
4.68589e-06
7.22787e-07
-8.62735e-07
4.25469e-06
4.37498e-06
9.92396e-07
-1.14292e-06
3.84595e-06
4.07685e-06
1.2948e-06
-1.45362e-06
3.3761e-06
3.61649e-06
1.62566e-06
-1.80786e-06
2.80229e-06
3.0913e-06
2.00578e-06
-2.21133e-06
2.23031e-06
2.51538e-06
2.41371e-06
-2.59486e-06
1.67475e-06
1.93846e-06
2.7381e-06
-2.82118e-06
1.23521e-06
1.43385e-06
2.83661e-06
-2.78434e-06
9.37749e-07
1.06835e-06
2.6781e-06
-2.53897e-06
7.11872e-07
8.24046e-07
2.38212e-06
-2.19933e-06
5.41307e-07
6.16321e-07
2.00309e-06
5.09442e-07
-1.68486e-06
4.89114e-07
2.94306e-07
-3.62997e-07
-1.14012e-06
-1.25188e-06
4.02877e-07
-4.11467e-07
-9.22453e-07
-1.0278e-06
4.07151e-07
-4.01555e-07
-7.73496e-07
-8.42721e-07
4.0457e-07
-4.16147e-07
-6.61667e-07
-7.20059e-07
-6.11218e-07
1.78542e-06
-0.00290431
0.000527982
0.00327987
-0.000943225
-0.000203222
-0.00141297
0.000180596
0.00171222
1.53979e-06
-1.33346e-06
-6.41257e-09
5.04259e-05
5.20393e-05
-4.7704e-05
4.51559e-05
4.77696e-05
5.95235e-05
1.60678e-05
-8.47104e-06
-1.38983e-05
-3.92347e-06
-6.25865e-08
-1.04872e-05
-2.15821e-07
-1.13938e-05
-1.31313e-05
-5.85439e-06
1.48841e-05
-9.97926e-06
-3.26684e-05
2.64218e-05
-3.8118e-06
3.27275e-07
-4.32549e-07
-4.39117e-07
4.71769e-05
-3.95782e-05
0.000126201
6.60885e-05
-0.000151648
0.00110776
0.00033656
-0.00096407
4.28135e-05
-6.69236e-05
0.00107685
-0.000224925
1.73008e-06
6.66569e-08
-0.00012993
1.5614e-05
-6.92465e-05
6.30161e-05
3.34022e-05
-3.69652e-05
-0.000142386
0.000166973
-2.81133e-05
-0.00011814
-3.03875e-05
0.00134329
0.000405284
-0.00116901
0.000954955
-3.93095e-06
-1.22185e-05
0.00119863
0.000633385
5.18393e-05
5.00204e-05
-4.23392e-05
3.44839e-05
0.0012313
0.000229516
-0.000259328
2.10564e-05
-1.30988e-05
-1.30712e-05
-2.39466e-06
-9.76235e-07
-1.18517e-05
-1.03018e-06
-1.40132e-05
-1.28779e-05
-4.66171e-06
1.82471e-05
-1.52927e-05
-2.50938e-05
2.10795e-05
9.88516e-08
-1.77332e-07
-1.04664e-06
2.99491e-08
-1.09154e-06
-6.24021e-07
7.38255e-07
-4.93664e-07
-4.79471e-07
-4.54587e-07
-3.91816e-07
3.82422e-07
-4.17682e-07
-4.01128e-07
-3.77048e-07
-0.000142544
0.000167146
-2.79192e-05
-0.000118276
-3.02166e-05
-1.80586e-05
1.19066e-05
-9.35187e-05
-2.44617e-05
-9.41147e-05
-8.60071e-05
-1.30774e-05
0.000961852
-0.000137927
1.01506e-07
-1.35007e-07
-1.11207e-06
9.98005e-08
-1.12225e-06
0.00087082
-8.59898e-05
5.09937e-07
-4.1529e-07
5.44481e-07
-3.25253e-05
2.61564e-05
3.782e-08
1.14284e-06
-6.51696e-07
5.00968e-05
8.6151e-07
-5.98167e-06
-1.09678e-05
-7.67926e-06
2.83361e-05
-3.9258e-05
2.5282e-07
-3.15819e-07
-8.72112e-07
-9.68376e-07
3.61896e-07
-3.89642e-07
-6.71074e-07
-7.73175e-07
3.96706e-07
-3.96846e-07
-5.04173e-07
-5.81178e-07
3.89303e-07
-3.86394e-07
-3.79349e-07
-4.37386e-07
3.80959e-07
-3.90188e-07
-3.01406e-07
-3.36721e-07
4.02744e-07
-4.18131e-07
-2.64949e-07
-2.80512e-07
4.09699e-07
-2.47253e-07
-4.41613e-07
-5.61761e-07
6.8282e-07
-4.77898e-07
-4.59521e-07
-7.52468e-07
7.49283e-07
-5.83484e-07
-5.11143e-07
-6.17781e-07
3.51902e-07
-8.51577e-07
-7.02642e-07
7.1447e-08
-6.46964e-07
-1.27021e-06
-1.0352e-06
1.37709e-06
-2.27401e-06
-1.93823e-06
-1.56862e-06
3.37394e-06
-4.66568e-06
-3.0333e-06
-2.39974e-06
6.31644e-06
-8.46337e-06
-4.99656e-06
-3.84287e-06
1.12191e-05
-1.46155e-05
-8.84958e-06
-6.5979e-06
1.8858e-05
-2.38781e-05
-1.5821e-05
-1.18953e-05
2.99974e-05
-3.76099e-05
-2.6123e-05
-2.07233e-05
-3.17925e-05
-7.55992e-05
5.64399e-05
0.00010993
-3.89191e-05
3.4267e-05
-3.77302e-05
-4.94821e-05
-2.82981e-05
2.25514e-05
-2.00972e-05
-2.72509e-05
-1.73712e-05
1.29781e-05
-1.07346e-05
-1.47723e-05
-9.46588e-06
6.88674e-06
-5.63856e-06
-7.7134e-06
-5.03758e-06
3.70957e-06
-3.23234e-06
-4.21667e-06
-2.68115e-06
1.81404e-06
-2.09247e-06
-2.54722e-06
-1.04052e-06
3.63579e-07
-1.39177e-06
-1.70727e-06
1.6691e-07
-5.32868e-07
-9.356e-07
-1.14435e-06
7.40218e-07
-7.9705e-07
-6.3966e-07
-7.52163e-07
-5.57208e-07
-0.000192317
0.000218412
-2.30807e-05
-2.5705e-05
-0.000246151
0.000275807
-1.81884e-05
-2.06776e-05
-0.000307777
0.000342048
-1.39235e-05
-1.60595e-05
-0.000378607
0.000417361
-1.05422e-05
-1.21785e-05
-0.000458312
0.000501917
-8.44731e-06
-9.2749e-06
-0.000547963
0.000596372
-9.6881e-06
-8.51451e-06
-0.000645344
0.000697816
-2.37084e-05
-1.37525e-05
-0.000747517
0.000799551
-5.70298e-05
-3.55321e-05
-1.21479e-05
6.09501e-06
-9.28481e-05
1.82933e-05
-2.46691e-05
-9.40218e-05
-9.34347e-05
-1.16206e-07
-5.864e-06
-9.24937e-05
-9.24989e-05
-9.2897e-05
0.000999645
-0.000945948
-0.000207576
-0.000332995
0.000915704
-0.000874779
-9.9412e-05
-0.00014608
0.000820113
-0.000761984
-3.54853e-05
-6.21679e-05
0.000705804
-0.000652364
-1.23905e-05
-2.10093e-05
0.000600586
-0.000550303
-7.04581e-06
-8.34925e-06
0.000502838
-0.000458125
-7.24628e-06
-7.25234e-06
0.000416835
-0.000377978
-1.02553e-05
-8.51359e-06
0.000341529
-0.000307407
-1.39092e-05
-1.19286e-05
0.000275519
-0.0002459
-1.84009e-05
-1.62295e-05
0.00021818
-0.000192115
-2.32941e-05
-2.09052e-05
-2.59109e-05
0.00122229
-0.000310019
-1.87511e-06
1.99164e-06
2.70952e-07
1.53264e-07
-2.11308e-06
2.25628e-06
5.60254e-07
4.1139e-07
-2.40025e-06
2.52991e-06
7.94259e-07
6.87566e-07
-2.65135e-06
2.72535e-06
9.57102e-07
8.83141e-07
-2.81864e-06
2.85052e-06
1.12321e-06
1.02147e-06
-2.84361e-06
2.82512e-06
1.32146e-06
1.22773e-06
-2.77814e-06
2.68235e-06
1.58947e-06
1.44316e-06
-2.56407e-06
2.40733e-06
1.93131e-06
1.74934e-06
-2.21819e-06
2.01022e-06
2.37593e-06
2.14301e-06
-1.79195e-06
1.55957e-06
2.9129e-06
2.63085e-06
-1.3315e-06
1.13536e-06
3.46007e-06
3.20129e-06
-9.40549e-07
7.86554e-07
3.90589e-06
3.69877e-06
-6.513e-07
5.2505e-07
4.19138e-06
4.06534e-06
-3.94192e-07
2.66388e-07
4.2911e-06
4.26794e-06
-1.23236e-07
-1.65883e-08
4.28607e-06
4.31856e-06
1.78625e-07
-3.62201e-07
4.14373e-06
4.22881e-06
5.35291e-07
-7.04354e-07
3.96077e-06
4.05476e-06
9.05733e-07
-1.07993e-06
3.65031e-06
3.77711e-06
1.23793e-06
-1.40614e-06
3.31215e-06
3.49427e-06
1.57219e-06
-1.73542e-06
2.88922e-06
3.11222e-06
1.92094e-06
-2.11024e-06
2.36476e-06
2.6415e-06
2.31791e-06
-2.51058e-06
1.83221e-06
2.10677e-06
2.69724e-06
-2.84665e-06
1.34109e-06
1.57832e-06
2.95268e-06
-2.99846e-06
9.81757e-07
1.14232e-06
2.98267e-06
-2.90928e-06
7.61114e-07
8.54767e-07
2.79091e-06
-2.65534e-06
6.13666e-07
6.82648e-07
2.50833e-06
-2.33339e-06
4.90823e-07
5.53693e-07
2.13703e-06
-1.82405e-06
3.75105e-07
4.52321e-07
2.54224e-07
-1.81479e-07
1.9398e-07
-2.5456e-07
-9.9592e-07
-1.07027e-06
3.07491e-07
-3.35528e-07
-8.01243e-07
-8.99011e-07
3.51467e-07
-3.55095e-07
-6.37894e-07
-7.10756e-07
3.62428e-07
-3.71166e-07
-5.1584e-07
-5.74511e-07
-4.6376e-07
1.65358e-06
2.95358e-05
-0.000176993
-9.45756e-05
-3.15947e-05
0.000524373
0.00143779
-0.00138441
0.00154187
0.000117617
-0.00132936
9.74812e-05
9.3875e-05
-8.58122e-05
8.25782e-05
4.43073e-05
-5.09613e-05
-4.85709e-06
-1.35432e-05
0.00118465
0.000947967
4.60168e-05
4.78816e-05
-4.45075e-05
3.93035e-05
4.08393e-05
-5.32012e-05
-0.000827814
0.00017032
-0.000236372
0.000209025
-0.000206192
0.00020616
0.000971501
1.82932e-05
-9.34547e-06
-1.5441e-05
-4.07041e-06
-8.70413e-07
-1.26025e-05
3.71874e-07
-1.52309e-05
-1.48782e-05
-6.45006e-06
1.66975e-05
-1.17335e-05
-2.81924e-05
2.41961e-05
3.03935e-06
3.81051e-07
-1.08752e-06
-7.85081e-08
-4.12307e-07
3.91468e-07
-1.19233e-07
-4.37232e-07
-1.05996e-07
-6.1323e-05
5.21893e-05
-4.02929e-05
0.000161088
-0.000526947
8.25353e-05
-0.000102587
-8.78108e-05
6.76624e-05
-6.77206e-05
-4.14427e-07
-3.36074e-07
-3.14314e-05
-9.47006e-05
-0.0001292
4.20106e-05
-5.29601e-05
-6.18159e-05
-0.000221264
1.07548e-07
-1.12666e-06
-0.000184819
-0.000114469
8.66382e-05
0.000180807
-0.000133987
0.000920337
0.000849066
-8.61307e-05
-4.81497e-06
-1.44616e-05
-0.00122652
0.00137731
0.000379862
4.34797e-05
4.62539e-05
-4.98778e-05
-3.49085e-05
3.06523e-05
-0.000158908
-0.000128962
0.00013735
2.46311e-05
-1.17224e-05
-3.04009e-05
-1.412e-05
-2.35351e-06
2.03256e-05
-1.86417e-05
-2.55199e-05
1.89601e-05
-7.16101e-05
-3.28148e-05
-7.18426e-05
0.000184855
0.00168755
-2.51226e-05
2.83752e-05
1.83761e-05
-0.000106128
-0.000294917
0.000238188
7.01031e-08
4.55415e-07
2.5192e-08
-1.36118e-05
-7.78611e-06
-0.00102974
0.000742127
0.00152135
0.00122509
4.28153e-05
-5.34554e-07
-2.88501e-06
-0.000201395
0.000143641
-0.000549838
0.000277131
-0.00253005
-6.19614e-06
-1.36209e-05
-8.84577e-06
2.63599e-05
-1.52313e-08
-9.8459e-07
7.17104e-08
5.41302e-08
-1.10184e-07
-8.56797e-07
-9.06816e-07
1.68869e-07
-2.23193e-07
-7.10401e-07
-7.91269e-07
2.71402e-07
-3.06284e-07
-5.2449e-07
-6.20456e-07
3.28506e-07
-3.42657e-07
-3.55592e-07
-4.37039e-07
3.50196e-07
-3.53015e-07
-2.31735e-07
-2.87009e-07
3.62964e-07
-3.73844e-07
-1.5118e-07
-1.83254e-07
-1.29944e-07
-2.0743e-07
3.62016e-07
-4.69794e-07
-4.64373e-07
-5.03409e-07
6.05014e-07
-5.05397e-07
-4.8588e-07
-6.411e-07
5.90957e-07
-6.05831e-07
-5.37905e-07
-4.21857e-07
1.22992e-07
-8.2582e-07
-6.97338e-07
3.32618e-07
-9.59802e-07
-1.16216e-06
-9.69538e-07
1.77815e-06
-2.80016e-06
-1.70571e-06
-1.4068e-06
4.01373e-06
-5.50313e-06
-2.68186e-06
-2.12065e-06
7.37676e-06
-9.88062e-06
-4.45615e-06
-3.42121e-06
1.3161e-05
-1.73482e-05
-8.04808e-06
-5.9447e-06
2.24557e-05
-2.8351e-05
-1.48112e-05
-1.0943e-05
3.52942e-05
-4.3654e-05
-2.48241e-05
-1.95708e-05
-3.19054e-05
-0.000112095
-9.06521e-05
-5.51179e-05
4.33513e-05
-3.5279e-05
-4.90978e-05
-3.42693e-05
2.6743e-05
-1.821e-05
-2.52462e-05
-2.04255e-05
1.52345e-05
-9.49512e-06
-1.31683e-05
-1.11253e-05
8.0743e-06
-4.95124e-06
-6.77551e-06
-5.8693e-06
4.29105e-06
-2.78094e-06
-3.66118e-06
-3.12247e-06
2.16709e-06
-1.80583e-06
-2.20186e-06
-1.33133e-06
6.30668e-07
-1.22591e-06
-1.46868e-06
-5.58871e-08
-3.61458e-07
-8.63077e-07
-1.0238e-06
5.93729e-07
-6.84075e-07
-6.34982e-07
-7.30966e-07
6.57381e-07
-5.52126e-07
-5.14876e-07
-5.67406e-07
4.17917e-07
-2.80499e-07
-4.32384e-07
-4.72493e-07
-0.000142533
0.000167355
-3.45339e-05
0.000117995
-9.42574e-05
-3.88537e-05
-3.73738e-05
-0.000192648
0.000218776
-2.89193e-05
-3.19483e-05
-0.00024645
0.00027602
-2.33128e-05
-2.61317e-05
-0.000307863
0.000341979
-1.83453e-05
-2.08351e-05
-0.000378346
0.000416905
-1.40646e-05
-1.61661e-05
-0.000457827
0.000501055
-1.10729e-05
-1.24107e-05
-0.00054643
0.000594033
-1.16e-05
-1.06009e-05
-0.000642533
0.000689461
-2.21138e-05
-1.4706e-05
-0.000736996
0.000779606
-5.46993e-05
-3.53076e-05
-0.00017593
5.16389e-05
-1.27026e-05
6.41694e-06
-7.11914e-05
-7.14475e-05
-9.49913e-08
-6.2109e-06
-7.10119e-05
-7.10051e-05
1.24887e-05
-1.87507e-05
-7.15187e-05
-7.1237e-05
2.53221e-05
-3.26452e-05
-7.19705e-05
-7.17032e-05
0.000890217
-0.000889305
-0.000254036
-0.000425037
0.00101711
0.00086407
-0.000834143
-0.000101547
-0.000154235
0.000794176
-0.000747905
-3.97297e-05
-6.49613e-05
0.000698163
-0.000647035
-1.65331e-05
-2.55184e-05
0.000596371
-0.000547524
-9.44183e-06
-1.15754e-05
0.000501526
-0.000457354
-1.00128e-05
-8.92171e-06
0.000416098
-0.000377854
-1.34248e-05
-1.16351e-05
0.000341527
-0.000307498
-1.82641e-05
-1.59128e-05
0.000275742
-0.000246181
-2.34539e-05
-2.08929e-05
0.000218513
-0.000192405
-2.90565e-05
-2.62853e-05
0.000167145
-0.000142361
-3.46492e-05
-3.20744e-05
0.000117837
-9.41003e-05
-3.89791e-05
-3.74893e-05
-1.53379e-06
1.74858e-06
-3.01037e-08
1.31221e-06
-1.29281e-07
-1.09704e-06
-8.48977e-08
-0.000323066
0.000107346
-1.13195e-06
1.00072e-07
1.06664e-07
-9.96083e-08
-8.92697e-07
9.20135e-08
-8.96422e-07
8.57107e-07
-1.92591e-06
2.0774e-06
1.61948e-07
6.03531e-08
-2.2127e-06
2.34607e-06
4.06403e-07
2.7861e-07
-2.4759e-06
2.6022e-06
6.40836e-07
5.28885e-07
-2.72171e-06
2.8226e-06
8.285e-07
7.39559e-07
-2.88071e-06
2.92478e-06
1.01595e-06
9.21715e-07
-2.94677e-06
2.93526e-06
1.22003e-06
1.11844e-06
-2.89306e-06
2.82758e-06
1.46365e-06
1.33872e-06
-2.73404e-06
2.60224e-06
1.75228e-06
1.59593e-06
-2.44355e-06
2.25474e-06
2.10527e-06
1.91922e-06
-2.03632e-06
1.80723e-06
2.53223e-06
2.3118e-06
-1.5743e-06
1.33773e-06
3.00446e-06
2.76932e-06
-1.1156e-06
9.13793e-07
3.43238e-06
3.22793e-06
-7.25637e-07
5.58242e-07
3.73447e-06
3.60486e-06
-3.99841e-07
2.31762e-07
3.85883e-06
3.81766e-06
-7.59289e-08
-9.23694e-08
3.83994e-06
3.87063e-06
2.71169e-07
-4.61444e-07
3.68926e-06
3.7799e-06
6.53958e-07
-8.35157e-07
3.46754e-06
3.58572e-06
1.03971e-06
-1.22833e-06
3.17097e-06
3.3091e-06
1.4118e-06
-1.59411e-06
2.84169e-06
3.01868e-06
1.78189e-06
-1.9715e-06
2.41986e-06
2.64679e-06
2.16642e-06
-2.37667e-06
1.916e-06
2.1721e-06
2.57823e-06
-2.76385e-06
1.42483e-06
1.66907e-06
2.91818e-06
-3.03514e-06
1.02359e-06
1.20818e-06
3.10072e-06
-3.10875e-06
7.70158e-07
8.78375e-07
3.06331e-06
-2.97114e-06
6.38426e-07
6.92779e-07
2.85084e-06
-2.71351e-06
5.52553e-07
5.94319e-07
2.56044e-06
-2.38685e-06
4.55985e-07
5.1071e-07
2.18649e-06
-1.97262e-06
3.47664e-07
4.14669e-07
1.76946e-06
-1.57851e-06
1.73721e-07
2.5247e-07
1.36055e-06
-1.12452e-06
7.20652e-08
1.13931e-07
8.96824e-08
-9.67537e-08
-8.90707e-07
-8.92295e-07
1.26184e-07
-1.69746e-07
-8.28273e-07
-8.71504e-07
2.15469e-07
-2.55292e-07
-6.77244e-07
-7.60372e-07
2.82332e-07
-3.00016e-07
-5.17199e-07
-5.92513e-07
3.14774e-07
-3.27964e-07
-3.88231e-07
-4.48335e-07
3.42101e-07
-3.55453e-07
-2.89223e-07
-3.34682e-07
3.68536e-07
-3.81529e-07
-2.15039e-07
-2.50667e-07
-0.00114862
0.000181732
0.00127113
-0.00103731
3.57639e-05
-0.00148876
0.00172468
-2.07095e-05
-3.97266e-06
-0.000891704
9.40605e-05
7.27847e-05
-4.284e-05
-0.000855417
6.27641e-05
-0.000115265
7.89075e-05
-0.000129022
0.000884837
0.000815599
-8.33788e-05
-4.77856e-06
-1.6283e-05
0.00135123
0.000833113
4.09313e-05
4.11092e-05
-3.73552e-05
3.44965e-05
4.1837e-05
3.61234e-05
-0.000177926
-0.000181733
0.000157769
8.91073e-08
5.48845e-07
-1.21708e-07
-3.63385e-07
0.000212716
-0.000266283
-0.000264268
-0.000144432
-0.000207385
0.000177961
-0.000213428
0.000948192
2.08693e-05
-9.49452e-06
-1.72175e-05
-3.72085e-06
-2.28003e-06
-1.50751e-05
2.85502e-06
-1.5537e-05
-5.33109e-06
-1.69761e-05
-6.86771e-06
1.89073e-05
-1.4097e-05
-2.23038e-05
2.30083e-05
2.70493e-05
2.73291e-05
4.65461e-08
-6.52476e-07
-2.14268e-07
0.000182907
-0.000131471
-3.99889e-07
-1.63071e-07
-4.04877e-05
-7.11989e-05
-7.10589e-05
-4.06074e-05
-0.00354933
-0.000762289
0.000411623
0.00193909
7.78638e-06
0.000351562
0.00182926
0.000523498
-2.74058e-05
2.73753e-05
-1.42333e-05
2.65939e-05
5.29662e-07
1.50822e-07
-8.9162e-07
5.33581e-08
3.10727e-06
-2.22832e-07
-2.025e-05
1.42238e-05
-6.58091e-05
5.57846e-05
-0.00398064
-0.000278657
0.000323719
0.00316555
-4.38009e-05
-0.00405522
-0.000373135
0.00353447
-0.00358534
-0.000690549
0.0031673
-0.000623218
-0.00120081
0.000950837
0.00150277
0.000840947
-0.000124751
-3.22359e-05
-1.81536e-05
0.00119617
3.81246e-05
2.99396e-05
-0.000225123
-0.00015604
-0.000293037
0.00106036
2.88545e-05
-0.00082341
0.00130357
7.8149e-06
3.90378e-05
-3.74337e-09
7.66809e-07
-5.22649e-07
-5.538e-05
0.00200404
-0.0017205
-0.000296347
0.000200748
-0.000190349
0.000845117
0.00090226
-0.00136295
0.0014933
-5.9171e-06
-1.56615e-05
-1.03178e-05
2.54225e-05
1.91121e-08
-6.62437e-08
-6.58943e-07
-6.80237e-07
1.10822e-07
-1.56498e-07
-5.4686e-07
-6.11409e-07
2.01253e-07
-2.39789e-07
-3.90336e-07
-4.71639e-07
2.75109e-07
-3.02034e-07
-2.35573e-07
-3.09787e-07
3.23383e-07
-3.43325e-07
-1.17864e-07
-1.71435e-07
3.60369e-07
-3.80214e-07
-4.35984e-08
-7.36535e-08
4.02279e-07
-4.27935e-07
-1.7601e-08
-2.55813e-08
-5.90483e-09
-1.10041e-07
2.52225e-07
-4.91898e-07
-4.9025e-07
-3.73654e-07
4.46031e-07
-5.20313e-07
-5.03506e-07
-4.48482e-07
3.50508e-07
-5.9759e-07
-5.50401e-07
-1.4776e-07
-1.9846e-07
-7.57855e-07
-6.7121e-07
6.91124e-07
-1.39789e-06
-9.90598e-07
-8.71065e-07
2.31313e-06
-3.42999e-06
-1.41907e-06
-1.18185e-06
4.77575e-06
-6.46386e-06
-2.18645e-06
-1.75628e-06
8.63708e-06
-1.15604e-05
-3.6071e-06
-2.79318e-06
1.54265e-05
-2.03773e-05
-6.63718e-06
-4.83978e-06
2.64259e-05
-3.35872e-05
-1.27347e-05
-9.17543e-06
4.21148e-05
-5.1403e-05
-2.32414e-05
-1.71904e-05
6.12579e-05
-6.69588e-05
-4.64119e-05
-3.18249e-05
-7.11274e-05
-0.000111294
8.55622e-05
-5.95415e-05
-0.00013979
-8.31093e-05
-0.000104649
-6.65098e-05
5.158e-05
-3.02539e-05
-4.31754e-05
-4.0007e-05
3.08409e-05
-1.49362e-05
-2.12212e-05
-2.34395e-05
1.7499e-05
-7.54588e-06
-1.058e-05
-1.28652e-05
9.35856e-06
-3.90379e-06
-5.37201e-06
-6.8444e-06
5.04894e-06
-2.21758e-06
-2.90926e-06
-3.72276e-06
2.6604e-06
-1.47396e-06
-1.77869e-06
-1.77012e-06
9.92385e-07
-1.02381e-06
-1.22212e-06
-3.59826e-07
-9.98148e-08
-7.55873e-07
-8.692e-07
3.72573e-07
-4.86732e-07
-6.06941e-07
-6.72334e-07
4.84035e-07
-4.05539e-07
-5.18345e-07
-5.58878e-07
2.9125e-07
-1.68875e-07
-4.46844e-07
-4.81841e-07
-6.13411e-08
-4.20257e-07
8.88463e-05
-6.67072e-05
-4.62537e-05
0.000111538
-4.5131e-05
0.000135211
-4.36502e-05
0.000159437
-4.04804e-05
0.000184318
-3.76298e-05
0.000210225
-3.44771e-05
0.000237696
-3.15284e-05
0.000267194
-2.86427e-05
0.000299071
-2.6029e-05
0.000333295
-2.33543e-05
0.000369812
-2.09159e-05
0.000408513
-1.84705e-05
0.000449574
-1.64371e-05
0.000492971
-1.47669e-05
0.000538516
-1.41148e-05
0.00058515
-1.45627e-05
0.000631165
-1.64902e-05
0.000675959
-2.32608e-05
0.000716298
-3.41907e-05
0.000752045
-5.34097e-05
0.000779122
-8.07887e-05
0.000797026
-0.000117802
0.000774324
-0.000179906
0.000732684
0.000290738
-0.000237566
0.000676542
0.000341384
-0.000249311
0.000338733
-0.000238168
0.000715634
-0.000598849
-3.72299e-05
0.000108311
8.85138e-05
-0.000177868
0.00147949
-0.000105422
3.30692e-05
-4.04843e-05
-5.04148e-05
2.58218e-05
-5.18721e-05
1.91967e-05
-5.1963e-05
1.29609e-05
-5.20652e-05
6.63848e-06
-5.19521e-05
7.49184e-08
-5.18986e-05
-6.47203e-06
-5.19091e-05
-1.27802e-05
-5.19931e-05
-1.90141e-05
-5.21223e-05
-2.56476e-05
-5.2057e-05
-3.29203e-05
-5.19814e-05
-4.03618e-05
-5.05412e-05
-4.56063e-05
-4.59683e-05
0.00027923
-0.000476138
-0.000228166
-0.00079072
-0.000268918
0.000699047
-0.000820673
-0.000214484
-0.000825129
-0.000156977
-0.000798121
-0.000104367
-0.000765398
-7.06563e-05
-0.000725684
-4.52801e-05
-0.000681485
-2.97306e-05
-0.000634269
-2.0372e-05
-0.000586135
-1.48235e-05
-0.000538513
-1.24512e-05
-0.000492356
-1.23117e-05
-0.000449005
-1.33498e-05
-0.000408153
-1.54739e-05
-0.000369466
-1.79542e-05
-0.000333067
-2.06516e-05
-0.000298825
-2.33103e-05
-0.000266952
-2.60349e-05
-0.000237438
-2.87271e-05
-0.000209961
-3.16259e-05
-0.000184063
-3.45659e-05
-0.000159212
-3.77039e-05
-0.000135017
-4.05472e-05
-0.000111373
-4.37156e-05
-8.8716e-05
-4.51927e-05
-6.6594e-05
-4.63133e-05
-4.58603e-05
-4.56506e-05
-0.000560036
0.00223799
0.000121804
0.000107423
0.00213032
0.000960138
-2.03032e-05
-1.57556e-05
2.96437e-05
-3.12329e-05
2.14231e-05
5.94196e-05
-0.00168387
0.000121647
0.000824327
0.000871772
-0.0028014
0.000624047
3.58447e-05
3.30111e-05
-3.09578e-05
3.14317e-05
-2.03955e-05
2.84814e-05
0.000211594
-0.000766523
-0.000278711
0.000537413
-8.95366e-07
-2.30202e-06
-0.000127457
-0.000679397
-0.00342089
-1.42875e-06
6.9576e-06
-0.00232056
0.00250792
0.000706607
0.000232634
-0.000370095
-0.000238046
-0.00023719
-0.000220788
4.47797e-05
-0.00135457
0.000273494
-0.000316004
-0.000800747
-0.00374402
-0.00414335
0.00313811
0.00109119
-0.000319103
-0.000709409
0.000428084
0.0007934
0.000310405
0.00151757
0.000680523
-0.000529055
0.00248264
0.000384861
0.00391731
-0.000897971
-0.0038875
0.003728
-0.00074601
0.00350995
-0.00070136
-4.66848e-05
-9.90471e-05
2.33485e-05
-1.05016e-05
1.90494e-06
-2.10925e-05
-3.08286e-06
-1.87349e-05
-2.00339e-05
-6.4971e-06
2.23724e-05
2.82466e-05
-1.7302e-05
2.17841e-05
0.00101341
0.000102375
-0.000843813
0.00124053
3.74588e-05
0.0015474
-1.23813e-05
0.00187565
-1.05131e-05
0.00215921
1.83339e-05
0.00237205
9.93787e-05
1.33351e-05
-8.62655e-05
5.43472e-05
-0.00109701
0.000441405
-0.000391558
-8.44432e-05
0.000160302
-5.80772e-05
3.81402e-07
-4.05206e-07
2.09924e-08
3.64705e-07
-7.61262e-08
3.49495e-07
-1.19135e-07
3.33635e-07
-1.46822e-07
3.16549e-07
-1.7988e-07
2.99222e-07
-2.22722e-07
2.79733e-07
-2.73237e-07
2.57581e-07
-3.31731e-07
2.29456e-07
-3.98849e-07
1.96647e-07
-4.70129e-07
1.59385e-07
-5.3867e-07
1.25962e-07
-5.98506e-07
1.02918e-07
-6.40447e-07
9.57886e-08
-6.62584e-07
1.0209e-07
-6.70823e-07
1.13012e-07
-6.71643e-07
1.15442e-07
-6.74033e-07
9.65378e-08
-6.78088e-07
6.25489e-08
-6.78421e-07
8.62072e-07
1.10629e-06
-2.09154e-08
1.34258e-06
6.85626e-09
1.56428e-06
6.01621e-08
1.77103e-06
1.28791e-07
1.97555e-06
2.00964e-07
2.18247e-06
2.78881e-07
2.3706e-06
3.45024e-07
2.53403e-06
3.89267e-07
2.67677e-06
4.42534e-07
2.80529e-06
4.78565e-07
2.91674e-06
5.13975e-07
3.01265e-06
5.38717e-07
3.07981e-06
5.66042e-07
3.10542e-06
6.06195e-07
3.08283e-06
6.6744e-07
3.00945e-06
7.58685e-07
2.88631e-06
8.87129e-07
2.7188e-06
1.05422e-06
2.52802e-06
1.24894e-06
2.32548e-06
1.46187e-06
2.12041e-06
1.69609e-06
1.91569e-06
1.93337e-06
1.72081e-06
2.15116e-06
1.52123e-06
2.35588e-06
1.33139e-06
2.52832e-06
1.13652e-06
2.68619e-06
9.23862e-07
2.83982e-06
7.33734e-07
2.97335e-06
5.35722e-07
3.09928e-06
3.40598e-07
3.20467e-06
1.54393e-07
3.29148e-06
-2.90467e-08
3.35104e-06
-2.1356e-07
3.38252e-06
-4.01572e-07
3.36721e-06
-5.95905e-07
3.31838e-06
-7.97778e-07
3.22415e-06
-1.01428e-06
3.09017e-06
-1.24427e-06
2.92068e-06
-1.48439e-06
2.72863e-06
-1.7252e-06
2.52794e-06
-1.95546e-06
2.32718e-06
-2.16842e-06
2.13493e-06
-2.35879e-06
1.961e-06
-2.52507e-06
1.79889e-06
-2.6649e-06
1.64811e-06
-2.77609e-06
1.5064e-06
-2.86027e-06
1.37048e-06
-2.91788e-06
1.25441e-06
-2.93745e-06
1.12942e-06
-2.93784e-06
1.02523e-06
-2.91027e-06
9.24912e-07
-2.86217e-06
8.31201e-07
-2.78608e-06
7.35299e-07
-2.69431e-06
6.44208e-07
-2.58927e-06
5.50865e-07
-2.47183e-06
4.46658e-07
-2.34789e-06
3.41775e-07
-2.21292e-06
2.34124e-07
-2.06541e-06
1.32913e-07
-1.89903e-06
4.41773e-08
-1.70802e-06
-3.76848e-08
-1.50732e-06
-1.03066e-07
-4.04019e-05
3.2938e-05
-3.0494e-05
-4.62148e-05
-2.55602e-05
-4.67234e-05
6.28885e-05
-4.54664e-05
-3.20472e-05
-4.41324e-05
9.07192e-07
-1.71118e-07
-5.72576e-07
-0.00087141
0.00225463
0.00023248
-0.000153414
-1.2987e-06
-1.42242e-07
-1.13957e-07
2.67097e-05
-1.3427e-07
-4.63328e-07
-1.64864e-07
-4.7065e-07
-1.7308e-07
-4.67945e-07
-1.70513e-07
-4.60011e-07
-1.65061e-07
-4.5557e-07
-1.6349e-07
-4.49969e-07
-1.71893e-07
-4.37696e-07
-1.92038e-07
-4.13754e-07
-2.19647e-07
-3.75719e-07
-2.50717e-07
-3.2704e-07
-2.80622e-07
-2.72269e-07
-3.0728e-07
-2.17075e-07
-3.31024e-07
-1.67517e-07
-3.52485e-07
-1.24738e-07
-3.70979e-07
-9.04987e-08
4.05048e-07
-4.20235e-07
-1.89192e-08
3.88139e-07
-4.84384e-08
-6.58864e-08
-1.73799e-07
2.46579e-07
-4.28422e-07
-8.50503e-08
-4.29257e-07
-4.08123e-09
-4.29939e-07
5.95767e-08
-4.47241e-07
8.18879e-08
-4.70138e-07
2.59954e-08
-4.97179e-07
-1.50081e-07
-5.27209e-07
-4.91719e-07
-5.63667e-07
-1.01789e-06
-6.20412e-07
-1.72694e-06
-6.89136e-07
-2.59541e-06
-7.79944e-07
-3.59067e-06
-9.05473e-07
-4.76544e-06
-1.04727e-06
-6.22837e-06
-1.2306e-06
-8.20593e-06
-1.48365e-06
-1.0973e-05
-1.90655e-06
-1.47977e-05
-2.51395e-06
-1.99138e-05
-3.43097e-06
-2.65992e-05
-4.79264e-06
-3.51608e-05
-6.81039e-06
-4.62204e-05
-9.80799e-06
-6.07234e-05
-1.43546e-05
-7.96739e-05
-2.14049e-05
-0.000104349
-3.20734e-05
-0.000136626
-4.57668e-05
0.000178611
-9.09981e-05
-6.71146e-05
-0.000127553
-0.000372572
8.61706e-05
-9.13353e-05
7.7713e-05
-5.36155e-05
6.37859e-05
-2.91019e-05
5.09127e-05
-1.8748e-05
3.99683e-05
-1.27546e-05
3.10487e-05
-9.10217e-06
2.38618e-05
-6.38778e-06
1.81285e-05
-4.54898e-06
1.3703e-05
-3.25914e-06
1.04064e-05
-2.43755e-06
7.93455e-06
-1.90637e-06
6.04839e-06
-1.49849e-06
4.52307e-06
-1.22034e-06
3.26991e-06
-1.01632e-06
2.23965e-06
-8.66544e-07
1.45866e-06
-7.67654e-07
8.70895e-07
-6.87913e-07
4.6531e-07
-6.27688e-07
1.93583e-07
-5.78342e-07
3.45979e-08
-5.37522e-07
-3.29662e-08
-5.07596e-07
-2.06407e-08
-4.86773e-07
4.67385e-08
-4.73266e-07
-1.43386e-07
-4.90672e-07
2.59538e-07
-4.67303e-07
0.00202995
0.000517626
-0.00075087
5.18425e-07
6.52915e-08
4.94772e-07
4.36293e-08
4.62964e-07
4.10803e-08
4.36389e-07
3.38314e-08
4.10914e-07
2.02066e-08
3.85864e-07
-4.72771e-09
3.57389e-07
-4.09928e-08
3.25179e-07
-8.53192e-08
2.88828e-07
-1.38069e-07
2.47942e-07
-1.96784e-07
2.0385e-07
-2.58475e-07
1.60869e-07
-3.21463e-07
1.21846e-07
-3.79368e-07
8.75055e-08
-4.28231e-07
5.68922e-08
-4.64171e-07
3.49773e-08
-4.85939e-07
-3.24686e-08
-4.47352e-07
6.67758e-07
-2.93376e-08
-4.84455e-07
-8.39474e-07
1.0031e-06
-1.09444e-07
1.22762e-06
-8.34953e-08
1.42992e-06
-2.6383e-08
1.61995e-06
3.53922e-08
1.80112e-06
9.80478e-08
1.973e-06
1.6389e-07
2.13699e-06
2.13863e-07
2.26468e-06
2.68496e-07
2.38148e-06
3.1083e-07
2.47996e-06
3.50076e-07
2.57409e-06
3.78348e-07
2.65822e-06
3.98501e-07
2.72476e-06
4.16756e-07
2.76542e-06
4.36875e-07
2.76966e-06
4.69472e-07
2.7294e-06
5.22319e-07
2.64196e-06
6.01681e-07
2.51836e-06
7.08058e-07
2.36114e-06
8.46848e-07
2.17296e-06
1.01595e-06
1.98236e-06
1.19517e-06
1.78863e-06
1.39095e-06
1.59587e-06
1.57901e-06
1.40743e-06
1.75863e-06
1.21983e-06
1.91895e-06
1.0347e-06
2.0635e-06
8.65154e-07
2.18794e-06
6.89929e-07
2.31017e-06
5.20449e-07
2.41259e-06
3.47348e-07
2.5053e-06
1.74864e-07
2.57637e-06
-6.11288e-10
2.62391e-06
-1.78009e-07
2.64181e-06
-3.6677e-07
2.62509e-06
-5.61638e-07
2.57306e-06
-7.66724e-07
2.48703e-06
-9.78666e-07
2.36911e-06
-1.19644e-06
2.22826e-06
-1.41443e-06
2.07325e-06
-1.62413e-06
1.91637e-06
-1.8183e-06
1.76177e-06
-1.99827e-06
1.62045e-06
-2.15734e-06
1.48973e-06
-2.29595e-06
1.36545e-06
-2.41059e-06
1.24436e-06
-2.50281e-06
1.12995e-06
-2.57335e-06
1.02162e-06
-2.60857e-06
9.1942e-07
-2.62915e-06
8.25464e-07
-2.62012e-06
7.33807e-07
-2.58975e-06
6.51275e-07
-2.53593e-06
5.70001e-07
-2.47243e-06
4.96021e-07
-2.39561e-06
4.15779e-07
-2.30708e-06
3.30873e-07
-2.2117e-06
2.42172e-07
-2.10253e-06
1.54607e-07
-1.97642e-06
7.15769e-08
-1.83259e-06
3.25862e-09
-1.67145e-06
-5.74077e-08
-1.49994e-06
-1.12303e-07
-1.32418e-06
-1.52792e-07
-1.12448e-06
-1.95452e-07
-1.82004e-07
4.81449e-05
-0.0004269
-3.96666e-07
2.22152e-07
2.05744e-07
-1.65541e-07
-2.62906e-07
3.90433e-07
0.000166585
-0.000333178
0.00269423
-0.00254892
0.000168984
0.00296062
-0.00212009
0.000110343
-0.00178565
0.000153851
-0.00143554
8.45274e-05
-0.00115375
3.74948e-05
-0.000916025
5.37156e-05
-0.000675454
7.48081e-05
-0.000173554
0.000289697
-0.00056009
-0.000645011
0.000789999
-0.000187888
0.000131102
-0.000690677
-0.000158442
-0.000725047
-0.000149725
-0.000740092
-0.000134578
-0.000723639
-9.93551e-05
-0.000699064
-7.08505e-05
-0.000666035
-4.88045e-05
-0.000626495
-3.41938e-05
-0.000582708
-2.53041e-05
-0.000536211
-2.04037e-05
-0.000489244
-1.81924e-05
-0.000443719
-1.80818e-05
-0.000400456
-1.90567e-05
-0.000359367
-2.1222e-05
-0.000320709
-2.33687e-05
-0.000284295
-2.57438e-05
-0.000250438
-2.79693e-05
-0.000219329
-3.02402e-05
-0.000191124
-3.2436e-05
-0.000165553
-3.46853e-05
-0.000141977
-3.71457e-05
-0.0001201
-3.96181e-05
-9.94756e-05
-4.20981e-05
6.27778e-05
-4.6634e-05
-4.54717e-05
8.02559e-05
-4.5171e-05
-4.46673e-05
2.52406e-05
-1.25852e-05
-2.01336e-05
-5.06857e-06
0.000363884
-0.00101459
0.000510143
0.000117132
-8.86173e-05
-0.00057616
0.00308207
0.00383405
-0.000697959
-0.0034954
0.0039795
-0.000493619
0.0038637
-0.000402351
0.00349489
-0.000474337
-7.70482e-05
0.000319747
0.000146012
0.000413459
0.000852964
3.28213e-05
-4.03066e-05
-3.06135e-05
2.55628e-05
-3.28177e-05
1.89209e-05
-3.34056e-05
1.27356e-05
-3.31994e-05
6.49097e-06
-3.28817e-05
-6.91064e-08
-3.2838e-05
-6.63844e-06
-3.28374e-05
-1.28978e-05
-3.28502e-05
-1.90845e-05
-3.31765e-05
-2.57107e-05
-3.33247e-05
-3.27378e-05
-0.00409216
-0.000377677
-0.000642181
-0.0004279
0.000417412
-0.000573178
-8.2513e-05
-5.27026e-05
-8.6556e-06
-1.49792e-06
-0.00296058
0.000267613
-0.00242785
0.000200841
0.000160036
-2.09782e-05
0.000225931
-0.000331948
-0.00176681
0.00101429
-0.00116308
7.60638e-06
0.00125725
1.72029e-05
-0.000608224
-8.14654e-05
-0.000640848
-0.000134912
-0.000658689
-0.000165259
-0.000671505
-0.000171286
-0.000698922
-0.000150488
-0.000702442
-0.000107355
-0.000684257
-7.29729e-05
-0.000657431
-5.03147e-05
-0.000621481
-3.50375e-05
-0.000580327
-2.60086e-05
-0.000534932
-2.15558e-05
-0.000489063
-1.95489e-05
-0.000444003
-1.94466e-05
-0.000400659
-2.02888e-05
-0.000359518
-2.18863e-05
-0.000320747
-2.37396e-05
-0.000284357
-2.5881e-05
-0.000250533
-2.80025e-05
-0.000219531
-3.02069e-05
-0.000191387
-3.2376e-05
-0.000165838
-3.46225e-05
-0.000142244
-3.70913e-05
-0.000120325
-3.95809e-05
-9.96502e-05
-4.2069e-05
-8.03972e-05
-4.4635e-05
-4.515e-05
-7.34534e-05
-0.00152625
-0.000286406
-0.000375624
-0.000303242
-0.000399952
-0.00359238
0.000816999
2.67766e-05
3.26228e-05
-1.81425e-06
-4.30678e-07
6.36055e-08
-4.61974e-05
-2.5671e-05
-3.19434e-05
-4.41494e-05
-2.61782e-05
3.08842e-05
0.00144039
0.00200636
-0.00217101
0.000255145
-0.0006268
0.000458267
-0.00092122
-1.80933e-05
-4.40672e-05
-4.40725e-05
-1.82126e-05
-3.26106e-07
5.36695e-08
0.00156398
-0.00101667
-0.00300973
2.34739e-06
-0.00149444
0.000250106
2.80543e-05
-1.51029e-05
-2.52597e-05
-3.37576e-06
-0.00349273
-0.000170801
2.47256e-07
-2.45761e-07
-4.89303e-07
6.62951e-08
-2.4179e-06
0.000297513
-0.000135791
-1.924e-06
2.59868e-05
0.00102539
-2.28697e-05
-0.00186807
-0.000506926
5.31736e-06
-1.60296e-06
-3.09812e-05
-6.81865e-06
7.90415e-06
-2.95207e-05
-2.99711e-05
-3.89909e-06
1.22607e-05
-3.04132e-05
-3.08271e-05
-2.27067e-05
3.60618e-05
-2.87861e-05
-2.944e-05
-5.23671e-05
7.20955e-05
-2.74569e-05
-2.80408e-05
-9.54017e-05
0.000122368
-2.60092e-05
-2.66211e-05
-0.000152598
0.000185899
-2.44764e-05
-2.52562e-05
-0.000222036
0.000260681
-2.32705e-05
-2.38388e-05
-0.000301317
0.00034302
-2.34709e-05
-2.30884e-05
-0.000383641
0.000419967
-2.76589e-05
-2.49693e-05
-0.000447856
0.000463642
-4.16909e-05
-3.27989e-05
-0.000465143
0.000435635
-7.49749e-05
-5.61964e-05
-0.00040025
0.000393338
-8.36329e-05
-8.49176e-05
-0.000389715
0.000385352
-5.82541e-05
-8.14919e-05
-0.000480912
0.000627309
-2.53744e-05
-3.70148e-05
-0.000787356
0.00101777
-2.66333e-05
-2.78621e-05
-0.00121418
0.00198091
0.000232681
-0.000642014
4.59699e-05
-0.0023697
0.00281783
0.000236554
0.00026794
-0.00332171
0.00412934
0.000103183
0.000241006
-0.0039376
0.00406823
-0.000302426
-0.000334709
-0.00413356
0.00282738
-0.000437115
0.0015576
-0.000202452
0.000905614
0.00137568
-0.00064869
-3.39458e-05
2.66425e-05
-1.45123e-05
4.27173e-05
-5.37193e-05
-5.35791e-06
-1.16523e-05
-2.01561e-05
1.37855e-05
-6.85287e-06
-1.60113e-05
-6.96385e-06
7.49792e-08
-7.40812e-06
-7.27301e-06
6.82341e-06
-1.36114e-05
-7.29121e-06
-7.41776e-06
2.00438e-05
-2.65104e-05
-1.60646e-05
-6.89619e-06
3.38451e-05
-4.26581e-05
-1.17661e-05
-1.45895e-05
-5.07477e-05
-6.06015e-06
8.36938e-06
-2.8363e-05
5.37037e-05
-5.07655e-05
-6.19437e-06
-5.48897e-06
0.000712627
-8.99155e-05
-5.13318e-07
3.55144e-07
0.000346604
-0.00152089
0.000739834
-1.47307e-06
-1.75707e-05
-8.02113e-06
8.50446e-06
-2.83642e-05
6.92103e-06
-5.39955e-06
-2.99784e-05
-2.95185e-05
1.71291e-06
3.74135e-06
-3.08337e-05
-3.0989e-05
-1.20434e-05
2.24427e-05
-2.94575e-05
-3.0425e-05
-3.5784e-05
5.212e-05
-2.80772e-05
-2.88125e-05
-7.19358e-05
9.53805e-05
-2.66707e-05
-2.74978e-05
-0.000122486
0.00015279
-2.52532e-05
-2.6043e-05
-0.000186095
0.000222148
-2.36395e-05
-2.43913e-05
-0.000260934
0.000301703
-2.26498e-05
-2.29223e-05
-0.000343723
0.000385237
-2.50503e-05
-2.31391e-05
-0.000423508
0.000455276
-3.40845e-05
-2.84744e-05
-0.000477808
0.000491908
-5.43801e-05
-4.25292e-05
-0.000484425
0.000450735
-7.73669e-05
-6.84307e-05
-0.000414228
0.000403766
-9.24508e-05
-7.61985e-05
-8.30476e-05
0.00039191
0.000799443
-1.30447e-05
-0.000473719
-0.00111437
0.00143297
5.67532e-05
2.59746e-05
-0.00179927
0.0022005
0.000213013
0.00013209
-0.00257251
0.00298903
0.00022085
0.000199705
-0.00367
0.00361886
-0.000214162
-0.000430115
0.000216378
-0.00374508
0.00371084
-0.000123043
-0.000208569
-0.000299721
-2.49495e-07
3.23389e-07
-2.28547e-07
3.0021e-07
-2.43208e-07
-5.08675e-07
6.83204e-07
-1.97105e-07
-2.07097e-07
-8.18046e-07
9.41905e-07
-1.52262e-07
-1.79664e-07
-1.049e-06
1.15026e-06
-9.75768e-08
-1.25378e-07
-1.24315e-06
1.32194e-06
-3.0305e-08
-6.71892e-08
-1.38316e-06
1.42713e-06
7.24641e-08
1.67005e-08
-1.46174e-06
1.49355e-06
1.83563e-07
1.29375e-07
-1.52506e-06
1.54918e-06
2.80435e-07
2.33515e-07
-1.56709e-06
1.56911e-06
3.77845e-07
3.27292e-07
-1.55797e-06
1.52913e-06
4.8971e-07
4.31967e-07
-1.48472e-06
1.42335e-06
6.17342e-07
5.51227e-07
-1.34704e-06
1.25944e-06
7.60011e-07
6.87391e-07
-1.16212e-06
1.05533e-06
9.10021e-07
8.34119e-07
-9.40291e-07
8.18252e-07
1.07666e-06
9.90453e-07
-6.87312e-07
5.53447e-07
1.25613e-06
1.16654e-06
-4.22224e-07
2.97931e-07
1.41026e-06
1.33932e-06
-1.82296e-07
7.71997e-08
1.49861e-06
1.46459e-06
1.80059e-08
-1.04533e-07
1.5039e-06
1.51188e-06
1.83571e-07
-2.58705e-07
1.43564e-06
1.47726e-06
3.3838e-07
-4.21708e-07
1.32468e-06
1.38515e-06
5.1661e-07
-6.20802e-07
1.17408e-06
1.25295e-06
7.39785e-07
-8.7092e-07
9.83188e-07
1.08474e-06
1.0114e-06
-1.15505e-06
7.57875e-07
8.72425e-07
1.29839e-06
-1.42177e-06
5.35979e-07
6.43762e-07
1.52456e-06
-1.60152e-06
3.66991e-07
4.41753e-07
1.64877e-06
-1.66814e-06
2.73769e-07
3.1198e-07
1.66089e-06
-1.63311e-06
2.31717e-07
2.48039e-07
1.59566e-06
-1.55848e-06
2.07711e-07
2.20197e-07
1.52219e-06
-1.48375e-06
1.6797e-07
1.9074e-07
1.43826e-06
-1.37363e-06
1.07156e-07
1.39333e-07
1.29284e-06
-1.19256e-06
3.71648e-08
7.27327e-08
1.09067e-06
-9.81039e-07
-3.70442e-08
-7.46467e-10
8.59079e-07
-7.21059e-07
-1.12615e-07
-7.50023e-08
-1.4304e-07
1.58012e-07
-1.73142e-07
-2.80925e-07
-2.77473e-07
2.01506e-07
-2.34859e-07
-2.55008e-07
-2.718e-07
2.74125e-07
-3.17321e-07
-2.00446e-07
-2.30085e-07
3.6401e-07
-4.1102e-07
-1.284e-07
-1.65429e-07
4.56495e-07
-4.96665e-07
-5.77667e-08
-9.18812e-08
5.29402e-07
-5.55358e-07
-3.27673e-10
-2.71162e-08
5.73761e-07
-5.88248e-07
3.67897e-08
2.21846e-08
6.04465e-07
-6.26149e-07
5.11611e-08
4.53212e-08
6.49072e-07
-6.49242e-07
5.97288e-08
5.29816e-08
1.82708e-05
-0.00262694
7.53107e-08
-5.64733e-07
-0.000253609
6.51859e-07
-6.68596e-07
-3.21404e-07
6.27247e-07
-3.37284e-07
7.20544e-07
-8.4061e-07
-3.26117e-07
-3.21559e-07
1.04787e-06
-1.34968e-06
-3.40877e-07
-3.31571e-07
1.75808e-06
-2.30549e-06
-3.6107e-07
-3.51217e-07
3.03732e-06
-3.9949e-06
-3.89638e-07
-3.71356e-07
5.17583e-06
-6.59181e-06
-4.64897e-07
-4.22492e-07
8.28312e-06
-1.03748e-05
-6.04032e-07
-5.19802e-07
1.31326e-05
-1.67886e-05
-9.41155e-07
-7.37434e-07
2.16888e-05
-2.8149e-05
-1.79668e-06
-1.26297e-06
3.64937e-05
-4.72244e-05
-3.80871e-06
-2.55696e-06
6.10964e-05
-7.9861e-05
-8.86991e-06
-5.62655e-06
0.000106498
-0.000149723
-3.03187e-05
-1.51133e-05
0.00022128
-0.000298969
-8.26454e-05
8.96195e-05
-5.67988e-05
-0.000187006
-0.000214994
0.000157917
-3.88655e-05
-6.20361e-05
-0.000117482
8.77455e-05
-1.5674e-05
-2.40742e-05
-6.63159e-05
5.05664e-05
-6.05103e-06
-9.81735e-06
-3.8812e-05
2.98255e-05
-2.54104e-06
-3.86538e-06
-2.28964e-05
1.75456e-05
-1.22026e-06
-1.74265e-06
-1.35174e-05
1.05628e-05
-7.08419e-07
-9.02874e-07
-8.42525e-06
6.81255e-06
-5.22303e-07
-5.83596e-07
-5.49356e-06
4.34535e-06
-4.2893e-07
-4.67567e-07
-3.34469e-06
2.47877e-06
-3.66881e-07
-4.02712e-07
-1.79836e-06
1.30865e-06
-3.24415e-07
-3.4841e-07
-9.91345e-07
8.04842e-07
-3.08083e-07
-3.14814e-07
-7.04999e-07
6.53974e-07
-3.01007e-07
-3.031e-07
-6.19681e-07
5.83392e-07
-3.15441e-07
-2.98164e-07
-3.56854e-07
5.61903e-07
1.18237e-07
-4.20949e-07
5.80473e-07
-5.3196e-07
5.24441e-07
1.1491e-08
3.01185e-08
-4.8608e-07
-5.09838e-07
4.97802e-07
-7.56498e-09
1.56859e-09
-4.87191e-07
4.74772e-07
-4.44703e-08
-2.29093e-08
-4.59225e-07
4.40453e-07
-1.01588e-07
-7.11054e-08
-4.19127e-07
3.98841e-07
-1.6399e-07
-1.337e-07
-3.82784e-07
3.72607e-07
-2.10052e-07
-1.90218e-07
-3.66274e-07
3.60268e-07
-2.2838e-07
-2.21175e-07
-3.49243e-07
3.27268e-07
-2.42375e-07
-2.34699e-07
-2.93528e-07
2.5176e-07
-2.61869e-07
-2.53933e-07
0.00225192
-2.50944e-07
1.8986e-07
0.000684717
-0.00137638
-1.22458e-07
2.44492e-07
4.36327e-08
-3.23432e-05
6.60746e-06
6.44083e-06
-3.23651e-05
0.00292222
-2.44426e-07
-2.5041e-07
2.0662e-07
-3.25786e-07
-4.11983e-07
-4.87925e-07
-5.42404e-07
-5.75197e-07
-5.89756e-07
-5.93624e-07
-5.94592e-07
-5.94954e-07
-5.95062e-07
-5.94255e-07
-5.90628e-07
-5.82482e-07
-5.69337e-07
-5.51896e-07
-5.33979e-07
-5.208e-07
-5.05602e-07
-4.75051e-07
-5.91928e-07
1.25418e-07
-7.81222e-07
4.87033e-07
-1.00556e-06
-1.19978e-06
-1.4063e-06
-1.64605e-06
-1.95736e-06
-2.37986e-06
-2.94247e-06
-3.65654e-06
-4.49194e-06
-5.42465e-06
-6.43454e-06
-7.56118e-06
-8.90394e-06
-1.06098e-05
-1.29069e-05
-1.60048e-05
-2.01015e-05
-2.54093e-05
-3.22428e-05
-4.12761e-05
-5.3762e-05
-7.20386e-05
-9.96399e-05
-0.000142286
-0.000213354
-0.000356718
0.000442883
0.00025268
0.000150832
9.951e-05
7.178e-05
5.43088e-05
4.2111e-05
3.29139e-05
2.58836e-05
2.04216e-05
1.62891e-05
1.31965e-05
1.08804e-05
9.08682e-06
7.60726e-06
6.32423e-06
5.20657e-06
4.26606e-06
3.49829e-06
2.87552e-06
2.36547e-06
1.93832e-06
1.59151e-06
1.32275e-06
1.11374e-06
9.35002e-07
7.4177e-07
4.25204e-07
-0.000454907
0.00336229
5.28315e-07
-5.19982e-07
9.25838e-09
5.93672e-07
6.25893e-07
6.42237e-07
6.59941e-07
6.78327e-07
6.94392e-07
7.02526e-07
6.98934e-07
6.83423e-07
6.57399e-07
6.22359e-07
5.79345e-07
5.29955e-07
4.75581e-07
4.17884e-07
3.55936e-07
2.90733e-07
2.28187e-07
1.76184e-07
1.40246e-07
-1.09583e-07
1.32573e-07
1.14934e-07
8.87561e-08
5.77911e-08
2.26323e-08
-1.51313e-08
-5.86468e-08
-1.09783e-07
-1.65383e-07
-2.17795e-07
-2.58466e-07
-2.82149e-07
-2.89309e-07
-2.88341e-07
-2.88713e-07
-2.96006e-07
-3.11344e-07
-3.35225e-07
-3.68697e-07
-4.11049e-07
-4.57241e-07
-4.99143e-07
-5.27232e-07
-5.33815e-07
-5.15197e-07
-4.7121e-07
-4.05072e-07
-3.21793e-07
-2.30446e-07
-1.36158e-07
-4.01756e-08
5.34182e-08
1.38123e-07
2.08271e-07
2.62948e-07
3.03673e-07
3.32468e-07
3.53504e-07
3.71313e-07
3.89209e-07
4.04328e-07
4.11823e-07
4.09439e-07
3.99211e-07
3.84879e-07
3.69867e-07
3.54826e-07
3.395e-07
3.2403e-07
3.10492e-07
2.97586e-07
2.79341e-07
2.48473e-07
2.03707e-07
1.50048e-07
9.69474e-08
5.31006e-08
1.93465e-08
-9.52232e-09
-3.6654e-08
-6.04099e-08
-7.58427e-08
-7.96415e-08
-7.44629e-08
-7.29635e-08
-9.12833e-08
-1.19302e-07
-1.42087e-07
-0.00241239
-0.00268786
-0.00267632
-0.0027307
-0.00277058
-0.00247314
-0.00209068
-0.00170974
-0.0013006
-0.000911352
-0.000553554
-0.000245788
-5.80741e-05
5.77146e-05
9.25689e-05
0.000233983
7.05133e-05
0.000268196
0.000237399
0.000181178
0.000129568
9.60239e-05
7.40228e-05
6.24742e-05
6.05298e-05
6.4789e-05
7.37185e-05
8.4697e-05
9.58088e-05
0.000106139
0.000115139
0.000122438
0.00012774
0.000130628
0.000130848
0.000128145
0.000123488
0.000116531
0.000107923
9.78654e-05
8.67289e-05
7.40422e-05
6.09743e-05
4.68918e-05
3.39231e-05
1.80755e-05
2.69711e-05
-2.20776e-05
1.43443e-06
-2.89656e-05
-0.00124919
0.00120306
0.000604829
0.000530001
3.98282e-05
-2.44456e-05
4.43641e-05
3.55067e-05
2.89709e-05
2.34173e-05
1.82769e-05
1.26237e-05
6.39352e-06
-5.99399e-08
-6.50793e-06
-1.27711e-05
-1.83497e-05
-2.35158e-05
-2.90336e-05
-3.55301e-05
-4.43549e-05
-3.97901e-05
-2.44172e-05
-0.00302837
0.0026313
-0.00302384
-0.00307662
-0.00317111
-0.00294395
-0.0024621
-0.00194697
-0.0013868
-0.000837862
-0.000477669
-0.000215418
-2.40916e-05
0.00012467
0.000212366
0.000223301
0.00021708
0.00020422
0.000165595
0.000118288
8.18062e-05
6.17735e-05
5.69338e-05
6.10895e-05
7.07419e-05
8.26091e-05
9.45012e-05
0.000105478
0.000114923
0.000122428
0.000127763
0.000130582
0.000130708
0.000127928
0.000123242
0.000116305
0.000107747
9.77471e-05
8.66502e-05
7.39789e-05
6.09041e-05
4.68001e-05
3.38072e-05
1.79246e-05
0.000311729
-0.000407645
-1.90089e-05
-5.05225e-07
-6.35506e-08
)
;

boundaryField
{
    wall
    {
        type            calculated;
        value           uniform 0;
    }
    outlet
    {
        type            calculated;
        value           nonuniform List<scalar> 
20
(
8.14911e-06
4.68783e-06
1.22397e-05
4.8104e-06
1.98144e-06
1.65922e-07
1.84437e-05
1.76773e-05
1.75044e-05
1.75215e-05
1.76783e-05
1.84923e-05
1.87984e-07
2.03388e-06
4.89804e-06
1.23827e-05
4.79982e-06
8.31891e-06
1.01956e-05
1.00483e-05
)
;
    }
    frontAndBackPlanes
    {
        type            empty;
        value           nonuniform List<scalar> 0();
    }
}


// ************************************************************************* //
