/*--------------------------------*- C++ -*----------------------------------*\
| =========                 |                                                 |
| \\      /  F ield         | OpenFOAM: The Open Source CFD Toolbox           |
|  \\    /   O peration     | Version:  2212                                  |
|   \\  /    A nd           | Website:  www.openfoam.com                      |
|    \\/     M anipulation  |                                                 |
\*---------------------------------------------------------------------------*/
FoamFile
{
    version     2.0;
    format      ascii;
    arch        "LSB;label=32;scalar=64";
    class       volVectorField;
    location    "0.00807";
    object      U;
}
// * * * * * * * * * * * * * * * * * * * * * * * * * * * * * * * * * * * * * //

dimensions      [0 1 -1 0 0 0 0];

internalField   nonuniform List<vector> 
2681
(
(2.24703 -4.15157 -1.94641e-18)
(17.4016 -18.0652 0)
(11.789 -16.4119 -2.91923e-18)
(0.0141985 -0.0712241 -8.59174e-18)
(9.72573 -24.1441 2.01776e-18)
(-17.6969 -19.656 4.76567e-18)
(-0.0485845 -0.0205763 -2.13696e-18)
(-0.00727061 -0.0862363 2.77835e-19)
(0.0107477 -0.121497 5.50838e-19)
(0.0280454 -0.144977 -1.38696e-19)
(0.0251167 -0.0653187 0)
(-0.130748 -0.340404 -1.47299e-19)
(-0.111266 -0.293339 -1.43024e-19)
(0.727205 -1.37233 0)
(-0.211508 -0.442268 -6.53703e-19)
(0.311614 -0.562714 1.07091e-18)
(0.503761 -0.895742 0)
(0.00624533 -0.0939025 -6.84722e-19)
(-0.00699078 -0.104628 3.03454e-18)
(-0.0159316 -0.119873 -3.50502e-18)
(-0.050133 -0.179876 -1.12859e-17)
(-0.124034 -0.273432 8.3098e-19)
(-0.0990704 -0.23355 -3.32012e-18)
(-0.0782396 -0.205224 2.23699e-18)
(-0.182461 -0.390943 -1.24121e-18)
(-0.150779 -0.32167 0)
(0.0292791 -0.086243 -2.60124e-18)
(0.0430821 -0.0547806 2.43731e-19)
(0.0268308 -0.0717484 1.10745e-18)
(-0.00324409 -0.129575 1.32796e-18)
(0.0132605 -0.101117 -6.27757e-19)
(-0.0347354 -0.154557 1.30158e-18)
(-0.0210443 -0.145454 -1.13615e-18)
(-0.0686687 -0.218459 5.75635e-19)
(-0.0518925 -0.187943 0)
(-0.0901625 -0.253908 -8.51996e-19)
(0.100797 -0.267665 2.15253e-18)
(0.130819 -0.3033 2.57928e-19)
(0.160327 -0.348029 -5.14295e-19)
(0.111955 -0.321092 -5.21472e-19)
(0.135661 -0.372445 9.59832e-19)
(0.0818282 -0.231376 0)
(0.0947983 -0.271821 -2.72203e-19)
(0.0592771 -0.201445 0)
(0.0719206 -0.220263 0)
(-1.87491 -33.3496 0)
(0.0423564 -0.167879 1.40492e-19)
(-0.00719426 -0.100078 -1.09492e-18)
(0.0354125 -0.0437988 0)
(-0.0369271 -0.0638847 -2.78258e-19)
(-0.0238792 -0.0804616 6.2899e-23)
(0.197108 -0.412137 2.0483e-18)
(0.451429 -0.792821 1.53055e-19)
(0.00868079 -0.0881663 -2.77164e-19)
(-0.00944392 -0.071535 5.64147e-19)
(-0.0744451 -0.269678 1.4304e-19)
(-0.088839 -0.309042 -4.29379e-19)
(0.0424042 -0.0476759 -2.89491e-19)
(-0.0450063 -0.0510648 0)
(-0.0498736 -0.0573281 5.52152e-19)
(-0.0544831 -0.0467736 1.38407e-19)
(-0.0312547 -0.120911 0)
(-0.013743 -0.0985765 2.43345e-18)
(-0.0672305 -0.161363 2.89077e-18)
(-0.0499308 -0.145915 -4.95504e-19)
(-0.136552 -0.248565 -1.60116e-22)
(-0.110875 -0.20505 0)
(-0.207302 -0.348615 0)
(-0.168388 -0.297017 5.31981e-19)
(-0.00661045 -0.0280523 0)
(-0.223782 -0.403373 1.09772e-18)
(0.218923 -0.379424 2.50352e-19)
(0.264768 -0.465527 -9.01829e-19)
(0.12276 -0.236465 -1.61107e-18)
(0.178945 -0.303057 -4.82852e-19)
(-0.14349 -0.388126 5.9306e-19)
(-0.0229438 -0.0260057 0)
(0.650582 -1.24665 7.57262e-18)
(13.7504 -18.9791 4.76338e-18)
(0.0416908 -0.0765427 1.19379e-18)
(0.0511256 -0.0550248 -6.64886e-19)
(0.044583 -0.0649702 1.6897e-18)
(0.0182366 -0.111341 0)
(0.0302215 -0.0923046 1.23865e-18)
(-0.00834787 -0.151026 1.24677e-18)
(0.00836273 -0.129283 -1.19994e-19)
(-0.0423629 -0.204866 0)
(-0.0274685 -0.178087 -5.97342e-19)
(-0.0594956 -0.235601 8.59848e-19)
(0.0761671 -0.284198 0)
(0.0746019 -0.314052 0)
(0.0490196 -0.226315 1.15023e-18)
(0.0612884 -0.255355 -1.13095e-18)
(0.0333999 -0.181991 2.90505e-19)
(0.0363133 -0.201126 0)
(0.00734441 -0.134736 0)
(0.0222415 -0.15812 -2.81986e-19)
(-0.026023 -0.0904474 0)
(-0.00912309 -0.11175 0)
(-0.0399332 -0.0720614 5.48654e-19)
(-0.0229543 -0.0582478 -7.07713e-20)
(-0.0340767 -0.055352 7.06664e-20)
(-0.101359 -0.347744 5.65995e-19)
(-0.297318 -0.585596 4.59055e-18)
(-0.237316 -0.492869 0)
(0.220479 -0.496771 -2.07859e-18)
(0.0524607 -0.0449192 0)
(-0.0605646 -0.0537205 -1.37061e-19)
(-0.061648 -0.0459456 -6.85075e-19)
(-0.362801 -0.571051 -6.75481e-18)
(-0.459956 -0.740493 4.4121e-18)
(-0.345195 -0.681838 0)
(0.344735 -0.6728 0)
(0.0639489 -0.322366 -1.97536e-18)
(0.111467 -0.40745 4.41144e-18)
(0.0755971 -0.347268 4.87331e-18)
(-0.0120569 -0.0581658 -5.62113e-19)
(-0.0311333 -0.0476784 1.14251e-18)
(-0.0225813 -0.04797 5.72922e-19)
(-0.0888203 -0.483312 -2.20238e-18)
(-0.692826 -1.21086 1.36881e-18)
(0.408681 -0.641598 -3.02086e-19)
(-2.35523 -28.1838 -1.02593e-17)
(-0.118598 -0.394675 1.11666e-18)
(-0.167674 -0.447487 -1.17231e-18)
(0.143127 -0.415261 0)
(0.0508992 -0.040153 0)
(11.9336 -17.1001 7.3586e-18)
(0.0440109 -0.0414249 4.91628e-20)
(0.392384 -3.6497 0)
(0.726888 -1.48319 2.30912e-18)
(-0.00318824 -0.0802021 3.17672e-18)
(0.00998155 -0.0651342 -1.03265e-18)
(-0.0508953 -0.12114 -2.65324e-19)
(-0.0260241 -0.0953277 2.71431e-19)
(-0.10499 -0.183269 -1.52012e-18)
(-0.0794125 -0.144905 5.17875e-19)
(-0.177517 -0.262943 0)
(-0.13879 -0.214701 1.01957e-18)
(-0.273619 -0.40243 5.0434e-19)
(-0.223047 -0.321124 5.80145e-19)
(-0.321762 -0.495616 9.48708e-19)
(0.286188 -0.422225 2.47782e-19)
(0.347434 -0.524462 -6.04931e-19)
(0.179528 -0.280112 1.2074e-19)
(0.225931 -0.338008 3.5023e-23)
(0.550324 -0.881044 1.08164e-18)
(-0.0230305 -0.0692542 2.82086e-19)
(-9.90314 -49.3025 2.36199e-17)
(0.0243988 -0.0876934 -2.73844e-19)
(0.0040016 -0.0715264 0)
(0.0608343 -0.0507223 1.36163e-19)
(0.0554951 -0.0404734 1.03635e-18)
(0.0593591 -0.0434715 0)
(0.0556124 -0.0693072 -5.94835e-19)
(0.059346 -0.0592807 -1.11786e-18)
(0.0382902 -0.100977 3.0574e-19)
(0.04816 -0.0837816 -3.00973e-19)
(0.0131521 -0.137753 -6.02571e-19)
(0.0270021 -0.118456 5.73588e-19)
(-0.0162413 -0.18822 0)
(-0.00314871 -0.162761 -2.95546e-19)
(-0.0435849 -0.244937 0)
(-0.0319674 -0.215883 -2.84855e-19)
(-0.0659597 -0.31045 -5.52782e-19)
(-0.0554927 -0.276557 0)
(-0.709183 -1.34332 0)
(-0.0788779 -0.349708 1.073e-18)
(0.0432047 -0.258583 -5.71693e-19)
(0.0548833 -0.298254 1.24052e-18)
(0.0261988 -0.206958 -5.67617e-19)
(0.0347931 -0.233395 1.14543e-18)
(0.00887243 -0.16744 -2.84686e-19)
(0.0164752 -0.186459 0)
(-0.0153071 -0.121551 6.81471e-20)
(-0.0011666 -0.1444 0)
(-0.0439268 -0.0807924 -1.08594e-18)
(-0.0295596 -0.100018 6.11405e-19)
(-0.0544413 -0.0652658 5.46802e-19)
(-0.0479888 -0.0420214 4.20517e-19)
(-0.0586647 -0.0411649 1.3587e-18)
(-0.0542761 -0.0399366 1.3756e-19)
(-0.0398886 -0.0449831 -5.65115e-19)
(-0.05287 -0.0150329 2.37614e-18)
(0.0237112 -0.0379218 -3.33795e-18)
(0.0178436 -0.0344669 -6.75435e-18)
(0.537959 -0.748078 -8.92024e-19)
(-0.497414 -0.894388 -2.3728e-18)
(-0.520588 -1.04681 1.23814e-18)
(-0.264172 -0.593968 2.39024e-18)
(-0.136396 -0.452519 -3.34582e-18)
(0.250249 -0.584307 0)
(0.0611167 -0.0374735 1.94238e-18)
(0.126217 -0.458678 -2.19472e-18)
(0.0841278 -0.396374 2.20785e-18)
(-0.00135876 -0.0575718 5.59762e-19)
(-0.0141469 -0.047226 -7.08535e-19)
(-0.375349 -0.798142 1.18093e-18)
(0.36776 -0.771067 2.45355e-18)
(0.0461183 -0.0365527 0)
(0.0476347 -0.0361812 -5.15499e-19)
(0.0747769 -7.79678 3.15933e-21)
(0.0622905 -8.74398 -4.19141e-21)
(-0.0930547 -8.74245 -3.407e-20)
(-0.10189 -7.79488 3.39438e-20)
(-0.0528343 -0.038177 -5.40398e-19)
(-0.0621919 -0.0438472 -5.37816e-19)
(-0.0557845 -0.0402796 0)
(-0.079107 -0.397332 5.39282e-18)
(-0.638736 -1.02606 0)
(-0.059435 -0.0190051 -2.54021e-18)
(0.029998 -0.036974 1.09105e-18)
(0.960448 -9.90815 -1.0134e-17)
(4.91906 -31.6447 6.96185e-18)
(-5.60852 -29.2942 -2.6791e-18)
(-0.194068 -0.520141 0)
(0.18757 -0.510295 0)
(15.3454 -18.8805 1.15348e-17)
(0.0414427 -0.0359592 -1.11584e-18)
(-1.19451 -2.34889 4.45928e-18)
(0.0108289 -0.054293 -1.03351e-18)
(0.0180027 -0.0443073 1.0527e-18)
(-0.0209479 -0.0813018 0)
(-0.00242845 -0.0663387 1.04192e-18)
(-0.0730467 -0.124111 2.60794e-19)
(-0.0451314 -0.100913 -5.25848e-19)
(-0.138144 -0.183819 5.12077e-19)
(-0.103811 -0.151618 -1.667e-22)
(-0.224053 -0.276254 0)
(-0.178024 -0.223602 -2.54302e-19)
(-0.343615 -0.425865 0)
(-0.279889 -0.342618 -6.37634e-20)
(-0.484525 -0.67417 -1.01395e-18)
(-0.420114 -0.528662 0)
(-0.566175 -0.824573 -5.40069e-19)
(0.376016 -0.476288 4.95914e-19)
(0.450677 -0.604046 7.33305e-19)
(0.234135 -0.290714 -6.13275e-19)
(0.298814 -0.369788 -4.87684e-19)
(0.150362 -0.191448 1.27259e-19)
(0.184504 -0.233747 3.10435e-19)
(0.0931645 -0.131657 -6.57838e-20)
(0.12023 -0.15848 0)
(0.0403296 -0.0889852 -5.26264e-19)
(0.0661631 -0.109224 6.72695e-19)
(0.0172096 -0.0714691 0)
(0.0520396 -9.69183 1.04948e-21)
(0.0411705 -10.7322 -1.0486e-21)
(0.0328031 -11.8098 -1.62924e-20)
(0.0248565 -12.9765 5.02887e-20)
(0.0242547 -14.1924 -2.49205e-20)
(0.0330184 -15.4884 -4.11746e-21)
(0.0390929 -16.8356 -7.05898e-20)
(0.0325808 -18.2456 -1.28256e-19)
(0.0306874 -19.6713 -4.08385e-21)
(0.0371514 -21.2089 -6.55429e-20)
(-0.0910471 -21.1717 0)
(0.0767334 -22.8438 1.28675e-19)
(0.111859 -24.7337 4.43565e-19)
(-0.302257 -24.7045 7.53544e-19)
(-0.115289 -22.7351 -2.59066e-19)
(-0.025744 -18.2421 1.36797e-19)
(-0.0329771 -19.6442 2.59398e-19)
(-0.0354342 -15.5025 2.50631e-20)
(-0.0308457 -16.8445 0)
(-0.0558723 -12.9767 1.66627e-20)
(-0.0409704 -14.1971 3.28382e-24)
(-0.077416 -10.7321 1.7883e-20)
(-0.068682 -11.8104 -3.77083e-20)
(-0.0862121 -9.69071 -1.04951e-21)
(0.066884 -0.0487954 0)
(0.0623245 -0.0433512 0)
(0.0668753 -0.0626496 5.80253e-19)
(0.0682228 -0.0547941 0)
(0.0557332 -0.0878825 -2.97613e-19)
(0.0625729 -0.0739253 -2.94278e-19)
(0.0349666 -0.122344 2.99781e-19)
(0.0456997 -0.103707 -2.62454e-19)
(0.00863427 -0.169009 -5.75996e-19)
(0.019732 -0.145058 -2.91741e-19)
(-0.0161457 -0.220911 0)
(-0.00583921 -0.194942 5.65185e-19)
(-0.0366205 -0.27749 -5.4199e-19)
(-0.0271693 -0.249034 2.75057e-19)
(1.45586 -7.98357 1.05033e-17)
(-0.0437968 -0.308581 7.33082e-19)
(-0.0432099 -0.366065 1.18724e-19)
(0.0466033 -0.356167 0)
(0.0969471 -0.449669 -8.56397e-18)
(0.0524912 -0.423525 -8.584e-18)
(0.0616575 -0.392975 -1.92073e-18)
(0.0281587 -0.283916 5.88506e-19)
(0.0388953 -0.315413 0)
(0.0204393 -0.237337 -5.72995e-19)
(0.0269776 -0.263021 -2.9474e-19)
(0.00470626 -0.190812 -2.8215e-19)
(0.013081 -0.214274 5.65162e-19)
(-0.0132954 -0.14982 8.32848e-19)
(-0.00380749 -0.169634 0)
(-0.0358438 -0.108742 4.7597e-19)
(-0.0230985 -0.129157 -2.75043e-19)
(-0.0587578 -0.0745187 -5.41052e-19)
(-0.0479111 -0.0902452 -5.94221e-19)
(-0.0684063 -0.0537219 1.36006e-19)
(-0.0658494 -0.0622992 2.71512e-19)
(-0.066821 -0.0478773 1.35717e-19)
(-0.046206 -0.0362664 -5.59546e-19)
(-0.0500192 -0.0360031 -5.48672e-19)
(-0.0343105 -0.0396588 -1.78526e-18)
(-0.0407193 -0.0377279 6.35447e-19)
(-0.02128 -0.0398248 5.74358e-19)
(-0.0277712 -0.0403022 0)
(0.993337 -5.73183 0)
(-1.98532 -11.1433 -4.99524e-18)
(-0.279357 -0.694064 -1.16575e-18)
(-0.148321 -0.515861 4.36107e-18)
(0.142135 -0.517578 -4.40811e-18)
(0.275365 -0.678505 -2.32383e-18)
(0.0503546 -0.0398663 -4.87874e-19)
(-0.77618 -1.07875 4.36124e-18)
(0.0868625 -6.94378 4.19631e-21)
(-0.111096 -6.94184 0)
(0.0611541 -0.0463881 -2.25063e-18)
(-11.1967 -81.7575 0)
(0.136611 -21.1597 2.59724e-19)
(0.242965 -22.718 2.57484e-19)
(-0.399196 -0.925603 -4.79053e-18)
(-1.2886 -30.281 2.85782e-18)
(0.0978048 -0.511992 8.77599e-18)
(0.392679 -0.90461 2.51744e-18)
(0.0240474 -0.03227 1.15333e-18)
(0.0175086 -0.0329356 3.82305e-18)
(0.2818 -6.96755 -1.67316e-20)
(0.10034 -6.04088 -5.25725e-21)
(0.318619 -6.0636 3.3657e-20)
(-0.0459398 -0.035835 -3.37641e-20)
(-0.0493565 -0.0365733 2.16394e-19)
(-0.0664955 -0.0457284 -4.92202e-24)
(-0.0602024 -0.0406909 0)
(-0.210479 -26.3185 7.26191e-19)
(0.518202 -26.9267 -4.90533e-19)
(-0.0403479 -0.434613 1.52584e-18)
(-0.0824157 -0.511708 1.67391e-18)
(-0.539975 -1.21168 0)
(0.521376 -1.01978 2.75423e-18)
(0.0489145 -0.457182 1.25168e-18)
(0.0918052 -0.513675 -7.19472e-18)
(-7.07399 -32.8744 5.24532e-18)
(-0.885348 -1.62405 4.82061e-18)
(-1.03552 -2.03215 4.3108e-18)
(-0.0202736 -0.0107736 -4.85253e-18)
(-0.0150408 -0.0392574 -4.27556e-19)
(-0.0234942 -0.0343983 -5.76325e-19)
(-0.018891 -0.0337391 5.77154e-19)
(-0.204544 -0.600816 -1.19449e-21)
(0.201416 -0.591747 2.24579e-18)
(0.0428059 -0.0372428 1.07757e-18)
(0.0397316 -0.0333173 -5.3556e-19)
(0.0415083 -0.0339786 1.06514e-18)
(0.0330408 -0.0323171 1.09663e-18)
(0.0367452 -0.0322817 -5.10367e-19)
(0.0288773 -0.0322652 -1.11727e-18)
(-0.000303873 -0.0554203 -5.12042e-19)
(0.0108565 -0.0463681 4.82023e-19)
(-0.0383091 -0.0816562 0)
(-0.0168022 -0.0666814 5.18709e-19)
(-0.0969229 -0.123699 -2.59656e-19)
(-0.065384 -0.0999488 0)
(-0.172781 -0.186946 2.57619e-19)
(-0.132273 -0.151702 3.87427e-19)
(-0.27886 -0.286023 -1.27124e-19)
(-0.220259 -0.229671 -7.63791e-19)
(-0.435002 -0.459589 -1.03846e-18)
(-0.350198 -0.36102 8.90008e-19)
(-0.624361 -0.734985 1.00917e-18)
(-0.528101 -0.584718 -1.01169e-18)
(-0.725724 -0.907891 7.73929e-19)
(0.540658 -1.16512 -2.70033e-18)
(0.938642 -1.86013 -1.02667e-17)
(0.699397 -0.867325 -9.40291e-19)
(0.796045 -1.05932 6.73809e-19)
(0.492032 -0.525629 -9.82869e-19)
(0.604563 -0.675277 1.21145e-18)
(0.299 -0.313505 0)
(0.3864 -0.403516 4.83164e-19)
(0.184623 -0.19587 1.27091e-19)
(0.231957 -0.244251 -6.2435e-20)
(0.115503 -0.132475 2.58108e-19)
(0.146961 -0.160164 0)
(0.0572159 -0.0889522 -1.68456e-20)
(0.085351 -0.108849 -2.62499e-19)
(0.0099553 -0.0583313 5.58063e-19)
(0.0312211 -0.0719484 -6.80848e-19)
(-0.00575696 -0.0474084 4.223e-19)
(0.207684 -8.76575 0)
(0.245584 -7.82046 -1.78249e-20)
(0.142435 -10.7473 0)
(0.174836 -9.71004 0)
(0.0918287 -12.9838 5.24939e-22)
(0.115453 -11.8217 -5.23856e-22)
(0.0562392 -15.4948 -1.67598e-20)
(0.0720412 -14.1992 3.66038e-21)
(0.0710109 -18.2327 0)
(0.058568 -16.8362 1.49718e-19)
(0.09723 -19.6562 -2.63713e-19)
(-0.303259 -6.96343 -3.36764e-20)
(-0.337906 -6.06028 -3.35762e-20)
(-0.121528 -6.03947 9.44394e-21)
(0.630247 -29.5868 2.6074e-18)
(-2.39442 -29.1465 1.62106e-18)
(-4.8821 -15.1909 4.32654e-18)
(-0.364695 -24.6571 -1.15872e-18)
(-0.922173 -25.9083 -1.02266e-18)
(-0.129167 -21.1338 -2.62194e-19)
(-0.250446 -22.615 0)
(-0.0413041 -18.2243 -1.32667e-19)
(-0.0695811 -19.5978 -1.32087e-19)
(-0.0714016 -15.5055 -4.984e-20)
(-0.0436048 -16.836 -1.65852e-20)
(-0.122066 -12.9887 -2.50726e-20)
(-0.103315 -14.2066 5.02515e-20)
(-0.173645 -10.7432 -2.09737e-21)
(-0.145608 -11.8202 2.10014e-20)
(-0.235013 -8.76077 1.73665e-20)
(-0.20465 -9.7051 -1.57054e-20)
(-0.270366 -7.81582 3.32967e-20)
(0.0720106 -0.0484408 -2.83243e-19)
(0.067168 -0.0467373 5.60991e-19)
(0.0759142 -0.0582444 -1.44537e-19)
(0.0753158 -0.0524634 -2.84504e-19)
(0.0697475 -0.0771841 1.46349e-19)
(0.0742457 -0.0664736 -7.28696e-20)
(0.0532182 -0.10629 -2.88166e-19)
(0.0625439 -0.0901302 2.64195e-19)
(0.0312295 -0.146132 -2.86036e-19)
(0.0418666 -0.125209 0)
(0.00827277 -0.193737 0)
(0.0192603 -0.169535 0)
(-0.0103808 -0.243165 -3.37258e-19)
(-0.00145913 -0.218835 6.83695e-20)
(-0.0240415 -0.294993 -5.19094e-19)
(-0.015922 -0.270033 -1.47589e-22)
(-0.0381302 -0.347688 -1.60185e-18)
(-0.0250092 -0.328309 9.02851e-19)
(-0.0508425 -0.45906 -5.83485e-19)
(-0.027089 -0.390295 5.57363e-19)
(-0.0258414 -0.364033 0)
(0.0552869 -0.474852 4.1325e-18)
(0.013973 -0.395071 -7.57712e-19)
(0.0269147 -0.519341 2.64337e-18)
(0.00500797 -0.437993 3.07102e-19)
(0.042742 -0.416018 1.11025e-18)
(0.0446434 -0.35776 3.8051e-18)
(0.0175691 -0.386832 1.15e-18)
(0.0211856 -0.309821 -1.56176e-18)
(0.0153212 -0.32842 1.18038e-19)
(0.00532306 -0.257917 1.40228e-18)
(0.0117912 -0.281686 1.09647e-18)
(-0.00297335 -0.215447 -2.80853e-19)
(0.00125335 -0.237782 -8.50005e-19)
(-0.015426 -0.173817 2.78508e-19)
(-0.00871193 -0.194814 5.60374e-19)
(-0.0330368 -0.135556 -4.12066e-19)
(-0.0235934 -0.154181 6.92404e-19)
(-0.0535103 -0.0997089 0)
(-0.0427687 -0.117024 -4.10068e-19)
(-0.0706769 -0.0721388 0)
(-0.0630838 -0.0845667 -1.69529e-20)
(-0.0748022 -0.0556963 -3.38368e-19)
(-0.0747402 -0.0626157 2.70447e-19)
(-0.0714997 -0.0504083 1.34937e-19)
(-0.0413248 -0.0328522 -1.74182e-20)
(-0.0436921 -0.0336386 7.68065e-20)
(-0.0332859 -0.0341019 4.99397e-19)
(-0.037856 -0.032892 -4.83083e-19)
(-0.0283821 -0.0345888 0)
(-8.14229 -32.3976 -1.0468e-17)
(-2.08574 -4.61577 -1.11294e-17)
(0.495859 -24.4749 7.37721e-22)
(-0.298634 -0.802762 2.34666e-18)
(-0.147822 -0.593765 4.50217e-18)
(0.156115 -0.591124 0)
(0.298681 -0.786825 -7.14767e-18)
(0.0139805 -0.0332016 -3.43717e-19)
(-13.623 -32.7306 -2.48037e-17)
(-0.957858 -1.86092 -2.36623e-18)
(0.0325199 -0.510522 -4.48108e-18)
(0.496476 -7.01279 3.36574e-20)
(0.55361 -6.10798 1.05035e-21)
(0.0354759 -0.0332549 -1.37843e-18)
(-1.9535 -8.72466 5.75537e-18)
(0.0556998 -0.0351771 9.21182e-18)
(0.0447464 -0.0339848 -5.55121e-23)
(0.0392789 -0.0321848 0)
(-0.0547273 -0.0359905 7.70691e-19)
(-0.00843907 -0.0391327 -7.06611e-19)
(-0.0141823 -0.0334467 6.03171e-23)
(0.455893 -28.7715 -3.70275e-18)
(1.3794 -2.3694 4.35654e-18)
(1.38657 -2.91136 4.33431e-18)
(-4.37997 -32.4484 5.7008e-18)
(-0.0509301 -0.0163814 0)
(0.261168 -21.0265 -5.26846e-19)
(0.477949 -22.4988 -3.60636e-21)
(-1.46729 -2.94138 4.68365e-18)
(-1.9373 -2.96109 2.00761e-18)
(-1.44938 -3.45257 4.45223e-18)
(-0.133405 -0.585205 -5.00836e-18)
(-0.415732 -1.06317 0)
(0.419125 -1.04148 0)
(0.117061 -0.575943 0)
(0.983551 -2.11872 1.32116e-17)
(-0.514431 -7.00629 1.0505e-21)
(-0.570283 -6.10215 2.101e-21)
(2.47628 -7.65466 5.33949e-18)
(-15.4179 -28.0488 -1.95714e-18)
(-11.531 -26.353 8.37597e-20)
(-1.15947 -2.6305 -4.46304e-18)
(-0.564458 -1.43773 0)
(-0.0773667 -0.539513 -5.99872e-19)
(-0.022498 -0.413332 0)
(-0.0436975 -0.492742 0)
(0.0132489 -0.449441 1.14346e-18)
(0.0195684 -0.529689 1.21526e-21)
(0.0830724 -0.565739 4.51782e-18)
(0.560824 -1.38364 0)
(0.504841 -2.67328 -1.01519e-17)
(1.00767 -26.0996 -1.52033e-18)
(0.0251171 -0.00342966 1.81654e-17)
(-0.716257 -2.07092 9.57328e-18)
(-2.02601 -5.73655 6.41548e-18)
(-0.220197 -0.689746 -2.29184e-18)
(0.221204 -0.684799 0)
(0.0322148 -0.0311448 2.56434e-23)
(0.0338683 -0.0323847 -8.12622e-19)
(0.0277534 -0.0293515 -5.47922e-19)
(0.0301414 -0.0302378 4.2219e-21)
(0.0214471 -0.0293147 0)
(0.0249842 -0.0295418 5.62581e-19)
(0.0166523 -0.0283227 0)
(0.0180167 -0.0297972 -1.21938e-18)
(0.0121704 -0.0287117 0)
(0.00462471 -0.0393088 6.50951e-23)
(0.011974 -0.033824 -3.23638e-19)
(-0.0125102 -0.0527486 0)
(0.00451834 -0.0406582 -2.39758e-18)
(-0.0556808 -0.0816397 1.39215e-19)
(-0.0306924 -0.0661561 -1.38437e-19)
(-0.121109 -0.122433 -2.59936e-19)
(-0.0859222 -0.100142 1.30118e-19)
(-0.209385 -0.185619 0)
(-0.161558 -0.150586 1.84419e-23)
(-0.340063 -0.29248 7.65969e-19)
(-0.266912 -0.230764 1.28189e-19)
(-0.540657 -0.484435 -1.60689e-20)
(-0.430627 -0.376074 -3.83534e-19)
(-0.796136 -0.815026 -9.97362e-19)
(-0.66153 -0.627565 0)
(-1.02079 -1.31634 1.38514e-18)
(-0.921123 -1.05244 7.34752e-19)
(-1.05275 -1.49026 -3.73351e-18)
(1.083 -1.59127 1.74932e-18)
(1.18118 -1.83017 -3.6014e-18)
(0.899701 -0.991398 0)
(1.03021 -1.26803 -1.60116e-18)
(0.619209 -0.570553 4.74811e-19)
(0.763618 -0.759892 0)
(0.370754 -0.321477 -2.45257e-19)
(0.484103 -0.426288 0)
(0.22118 -0.194879 0)
(0.283384 -0.24685 0)
(0.137279 -0.12949 5.1374e-19)
(0.174002 -0.157056 -5.08879e-19)
(0.0740235 -0.0886732 2.66951e-19)
(0.104028 -0.107275 1.29434e-19)
(0.0217923 -0.0578536 -2.75872e-19)
(0.0456971 -0.0722331 -6.7592e-19)
(0.00330938 -0.0470241 5.57183e-19)
(0.381817 -8.80952 -1.47294e-20)
(0.441003 -7.86578 -3.1438e-20)
(0.272711 -10.79 1.68193e-20)
(0.328502 -9.7529 2.09375e-20)
(0.167738 -13.0189 0)
(0.219961 -11.862 -1.67083e-20)
(0.107593 -15.506 -3.35566e-20)
(0.13054 -14.2237 -2.09106e-21)
(0.114429 -18.2061 -1.3351e-19)
(0.102256 -16.8327 -6.68235e-20)
(0.163643 -19.5953 3.96762e-19)
(0.113911 -5.25394 0)
(-0.368091 -5.27132 3.15296e-20)
(-0.132441 -5.25262 -2.30855e-20)
(0.0611613 -0.599246 -2.45135e-18)
(0.60202 -5.31377 -2.09882e-21)
(0.35116 -5.27395 2.09881e-21)
(-4.89128 -26.5415 0)
(-8.35614 -25.4293 3.13992e-18)
(-2.08694 -26.9726 -1.12562e-18)
(-2.8396 -26.7308 2.6844e-18)
(-0.768599 -24.1437 -9.26979e-19)
(-1.67184 -25.8655 1.30969e-18)
(-0.27589 -21.0073 1.32068e-19)
(-0.513256 -22.4841 1.31733e-19)
(-0.126374 -18.2268 -1.32945e-19)
(-0.173559 -19.5828 -7.15284e-22)
(-0.131726 -15.5373 -6.69707e-20)
(-0.123129 -16.8636 2.66801e-19)
(-0.201403 -13.0286 -8.29409e-21)
(-0.157448 -14.2454 -8.33421e-21)
(-0.297639 -10.7835 -1.46557e-20)
(-0.251355 -11.8614 1.68196e-20)
(-0.402721 -8.80148 1.67646e-20)
(-0.351333 -9.74454 7.36823e-21)
(-0.460248 -7.85845 -1.68374e-20)
(0.0515238 -0.0402021 4.20556e-18)
(0.0432018 -0.0294837 2.41646e-18)
(0.0487431 -0.0339819 -7.36723e-18)
(0.0636661 -0.0417217 -3.22242e-19)
(0.0578863 -0.0419539 -1.04078e-18)
(0.076006 -0.0481854 -1.26761e-19)
(0.0704891 -0.0450821 4.42614e-19)
(0.0820822 -0.0555626 7.21656e-20)
(0.0800629 -0.0515191 -1.79551e-20)
(0.0801703 -0.0685437 7.63717e-20)
(0.0824395 -0.0610702 -1.5184e-24)
(0.0690072 -0.0906176 -7.1326e-20)
(0.0759125 -0.0781667 -8.93468e-21)
(0.0515668 -0.123667 4.22619e-19)
(0.0611793 -0.105739 1.42197e-19)
(0.0307378 -0.16525 1.37359e-19)
(0.0414403 -0.143944 1.47606e-24)
(0.011985 -0.208631 3.37497e-19)
(0.0214506 -0.187107 -4.0964e-19)
(-0.00288483 -0.252704 6.57856e-20)
(0.00541386 -0.231339 -4.69723e-19)
(-0.00834333 -0.292919 -1.86052e-18)
(-0.00579766 -0.276201 3.95989e-19)
(-0.00890776 -0.326205 -5.43501e-19)
(-0.00728013 -0.306743 1.08143e-18)
(-0.0223113 -0.435132 0)
(-0.00757637 -0.358969 -5.38072e-19)
(-0.00588 -0.343637 5.41457e-19)
(-0.00344306 -0.374073 0)
(-0.00461034 -0.381543 -1.323e-19)
(0.00536587 -0.467892 0)
(0.00379265 -0.385125 2.70989e-19)
(0.000574518 -0.390048 0)
(0.00660655 -0.360969 -3.52892e-20)
(0.00747027 -0.375179 2.78223e-19)
(0.00609424 -0.347343 0)
(0.01566 -0.356072 3.4335e-20)
(0.0112723 -0.312506 7.93609e-19)
(0.00460652 -0.32051 -1.34725e-19)
(-0.00435039 -0.268423 3.05445e-23)
(-0.000696174 -0.295025 5.16369e-19)
(-0.0151307 -0.228113 -2.74173e-19)
(-0.00993862 -0.248501 0)
(-0.0227002 -0.193115 2.78116e-19)
(-0.0188791 -0.211247 -5.56341e-19)
(-0.0343818 -0.15677 1.37615e-19)
(-0.0279621 -0.174987 1.38567e-19)
(-0.0505325 -0.122547 -6.82452e-19)
(-0.0418932 -0.139308 4.11845e-19)
(-0.0679491 -0.0923459 -2.71021e-19)
(-0.0592142 -0.106715 4.08447e-19)
(-0.0802092 -0.0697866 0)
(-0.0752093 -0.0799503 0)
(-0.0805771 -0.0552408 6.07779e-19)
(-0.0820547 -0.0616836 -2.02462e-19)
(-0.0713525 -0.0440202 5.56258e-24)
(-0.076433 -0.0496463 -2.69423e-19)
(-0.0626514 -0.028336 -9.53609e-19)
(-0.0643069 -0.0374133 1.04618e-18)
(-0.0478694 -0.0292241 7.74783e-19)
(-0.0542017 -0.0256098 1.4453e-18)
(-0.0394182 -0.0327681 6.78747e-20)
(-0.0434566 -0.0322283 -3.82716e-19)
(-0.0347022 -0.0306012 -3.47583e-20)
(-0.0367381 -0.0315653 3.75721e-19)
(-0.029213 -0.0302966 -7.10032e-20)
(-0.0323807 -0.0298508 5.6046e-19)
(-0.0219142 -0.0304207 0)
(-0.0256574 -0.030458 7.15215e-20)
(-0.0150833 -0.0295431 5.23605e-19)
(-0.018445 -0.0298291 -5.40808e-19)
(-16.9712 -31.1687 -4.98459e-18)
(1.09908 -29.8402 -4.18539e-18)
(0.149371 -0.221467 -9.78599e-19)
(-2.26629 -3.68687 9.08293e-18)
(0.793695 -24.0289 -5.25377e-19)
(-1.86053 -15.0153 9.61993e-18)
(-1.62396 -4.19238 -5.20483e-18)
(-1.87474 -7.10149 -7.54354e-21)
(-1.35223 -6.43601 6.89493e-18)
(-1.22173 -5.57548 -7.27619e-18)
(-0.165952 -0.669669 2.32596e-18)
(-0.307034 -0.92122 -2.31206e-18)
(-0.00319526 -0.477821 -5.3012e-19)
(-0.0145952 -0.455504 1.30435e-22)
(0.312677 -0.903327 9.74665e-18)
(0.166238 -0.67267 0)
(1.0636 -2.64421 -1.43751e-17)
(-1.64391 -2.20029 -3.75467e-18)
(1.59322 -3.42722 -8.48439e-19)
(0.0329128 -0.00493486 -4.42896e-18)
(0.383331 -5.84207 -1.58444e-17)
(1.71131 -2.7747 2.555e-19)
(1.45058 -1.70624 1.83586e-18)
(-0.617716 -5.30924 -3.35598e-20)
(-18.3047 -24.3763 2.6684e-18)
(-15.9949 -21.5538 -6.44163e-21)
(0.0380702 -0.0250386 5.95467e-19)
(0.0417944 -0.0209628 -1.21723e-22)
(0.046727 -0.0253778 3.0493e-18)
(2.61308 -32.1301 1.2506e-17)
(-1.0451 -3.11113 -9.79958e-18)
(-0.427109 -1.22552 0)
(-0.11736 -0.642178 2.38223e-18)
(-0.0399245 -0.521208 -6.8614e-20)
(0.00649938 -0.563988 0)
(0.116732 -0.657926 2.24822e-21)
(0.430418 -1.19771 -7.84998e-18)
(0.761731 -2.03632 -5.16957e-18)
(0.0126458 -0.0263711 -4.50741e-19)
(0.0105513 -0.0267651 1.50395e-19)
(1.82402 -27.6487 4.79661e-19)
(-2.12237 -6.72226 2.64522e-18)
(21.4152 -82.5259 -6.30174e-18)
(-20.2992 -23.4439 1.54935e-17)
(0.0713297 -0.626172 0)
(-0.755939 -5.69157 5.98623e-18)
(-1.78483 -33.4211 -1.27389e-17)
(18.3923 -24.8919 -3.88166e-18)
(-0.812665 -2.44372 -9.90395e-18)
(-1.8422 -31.8818 -1.70474e-19)
(-0.569776 -1.63595 -1.50439e-17)
(-0.0719516 -0.585698 5.69281e-19)
(0.0388259 -0.639442 -2.21081e-18)
(0.582358 -1.57904 -3.03337e-18)
(-0.0126944 -0.0267016 7.2418e-20)
(-0.0114512 -0.0289902 -2.70528e-19)
(-0.0100222 -0.0262497 2.17147e-19)
(0.645578 -4.39643 0)
(0.845625 -5.36132 3.36358e-20)
(0.905232 -4.43268 0)
(1.51416 -25.5165 2.0687e-18)
(-0.0438344 -0.0238392 2.66351e-19)
(-0.589654 -1.73509 -1.4584e-20)
(0.241699 -2.67761 -4.65229e-18)
(-1.37465 -5.00645 -3.40312e-18)
(0.0667024 -0.170399 -1.08917e-18)
(0.107275 -0.21651 7.04813e-19)
(-0.228972 -0.786317 2.29046e-18)
(-0.0130273 -0.465662 6.61659e-19)
(0.231147 -0.781886 -4.67214e-18)
(0.990578 -2.95467 1.13981e-20)
(0.0294924 -0.029836 1.11946e-18)
(0.0333043 -0.0285091 -5.7545e-19)
(0.0246743 -0.0292354 4.75924e-19)
(0.0267855 -0.0299399 0)
(0.0209006 -0.0273649 -8.96658e-24)
(0.0227618 -0.028521 -2.0405e-19)
(0.0164943 -0.0267669 0)
(0.0189192 -0.0273213 -2.79242e-19)
(0.0141586 -0.0266723 -2.95171e-19)
(0.00882667 -0.0291325 3.01652e-19)
(-0.000590373 -0.0377207 2.25412e-18)
(0.00694367 -0.0328017 0)
(-0.0226286 -0.0532101 -3.26021e-23)
(-0.00839198 -0.0464266 -2.64477e-19)
(-0.0714766 -0.0781415 -8.23563e-21)
(-0.0439591 -0.0645302 1.35796e-19)
(-0.144752 -0.117359 6.52276e-20)
(-0.105066 -0.0952518 1.35098e-19)
(-0.247686 -0.180936 6.45817e-20)
(-0.191345 -0.144776 -4.52644e-19)
(-0.407059 -0.291281 -7.67528e-19)
(-0.317539 -0.228403 3.87483e-19)
(-0.655977 -0.497103 2.09743e-18)
(-0.519406 -0.378489 -1.02623e-18)
(-0.980619 -0.856381 0)
(-0.808268 -0.65524 -1.0114e-18)
(-1.34413 -1.43183 1.43848e-18)
(-1.15182 -1.10796 0)
(-1.43966 -1.87646 3.57036e-18)
(-0.23221 -5.84681 -5.58195e-18)
(1.55462 -2.23999 4.24878e-21)
(1.08863 -1.00576 0)
(1.26017 -1.31487 0)
(0.737817 -0.581176 -9.61701e-19)
(0.909233 -0.767488 0)
(0.444348 -0.324809 -7.57995e-23)
(0.580766 -0.434815 1.21848e-18)
(0.25974 -0.188629 0)
(0.338254 -0.244633 3.12008e-20)
(0.158301 -0.122865 0)
(0.201824 -0.150329 1.27351e-19)
(0.0888376 -0.0842214 -1.31606e-19)
(0.121424 -0.10165 1.29165e-19)
(0.0328499 -0.0573967 0)
(0.0586911 -0.06974 5.37159e-19)
(-0.00149913 -0.0390339 3.50301e-19)
(0.0124638 -0.0471238 -1.38375e-19)
(-0.0091541 -0.0331222 -3.038e-19)
(0.707545 -7.07166 0)
(0.783256 -6.16204 -3.45931e-20)
(0.551783 -8.86997 -3.57483e-20)
(0.632522 -7.92676 1.0498e-21)
(0.394542 -10.8483 -2.09225e-20)
(0.475681 -9.81222 4.19021e-20)
(0.244221 -13.0683 2.32427e-21)
(0.318556 -11.9177 3.36178e-20)
(0.136808 -15.5222 5.88159e-20)
(0.181989 -14.2612 -3.54445e-20)
(0.145516 -18.1605 -2.66781e-19)
(0.122869 -16.8222 1.34499e-19)
(0.349784 -20.8415 5.34771e-19)
(0.210183 -19.501 -1.33823e-19)
(1.12126 -23.4105 5.24863e-19)
(0.613308 -22.1353 -1.5908e-18)
(-0.395594 -4.36419 2.09718e-21)
(-0.858361 -5.35534 0)
(-0.917306 -4.42803 4.19576e-21)
(-0.66078 -4.3928 -6.22207e-21)
(0.124976 -4.35007 2.09665e-21)
(-0.141841 -4.34929 1.67869e-20)
(0.381156 -4.36649 -2.09661e-21)
(-7.60376 -24.4924 0)
(-10.818 -23.1487 -2.65237e-18)
(-3.24322 -25.111 -1.13579e-18)
(-4.71154 -25.1672 0)
(-1.21608 -23.4257 -6.65546e-19)
(-2.08211 -24.576 -2.71736e-19)
(-0.415834 -20.7341 4.00886e-19)
(-0.714006 -22.0086 1.55372e-19)
(-0.195837 -18.1708 6.74276e-20)
(-0.264209 -19.4407 -1.32582e-19)
(-0.188759 -15.5612 -8.37849e-20)
(-0.1778 -16.8602 6.64679e-20)
(-0.277984 -13.0695 0)
(-0.228672 -14.2787 5.02811e-20)
(-0.416542 -10.8382 8.36185e-21)
(-0.344362 -11.9111 -1.67715e-20)
(-0.568143 -8.86061 -2.09963e-21)
(-0.493952 -9.80176 -8.41464e-21)
(-0.722465 -7.06379 -3.40748e-20)
(-0.648265 -7.91808 1.05022e-21)
(-0.797181 -6.15504 3.15447e-20)
(0.0564272 -0.0339593 0)
(0.0513525 -0.029923 1.86798e-18)
(0.0685534 -0.0414141 -6.24118e-19)
(0.0633074 -0.0369771 -3.22325e-19)
(0.0788327 -0.0474166 0)
(0.0734758 -0.0445599 5.9799e-19)
(0.0862667 -0.0534936 2.90186e-19)
(0.0833795 -0.0502908 -1.47081e-23)
(0.0874206 -0.0628947 6.71609e-20)
(0.087904 -0.0575654 1.42791e-19)
(0.0810976 -0.0784018 1.41904e-19)
(0.0853217 -0.0696136 -1.4215e-19)
(0.068174 -0.103366 -1.39734e-19)
(0.0756158 -0.0895801 0)
(0.0508111 -0.13716 -2.31292e-23)
(0.0601332 -0.119491 -2.76588e-19)
(0.0326464 -0.174566 1.51909e-19)
(0.0420161 -0.155671 4.08957e-19)
(0.0169453 -0.2128 6.64049e-20)
(0.0247085 -0.194188 -2.85241e-19)
(0.00907186 -0.245493 2.65611e-19)
(0.0122037 -0.231464 -1.33078e-19)
(0.00457083 -0.269999 0)
(0.0068514 -0.256613 -1.33879e-19)
(0.0034337 -0.292782 -5.34063e-19)
(0.00523277 -0.282167 0)
(0.00220649 -0.307661 -1.33472e-19)
(0.00387724 -0.302505 5.99869e-19)
(0.00292844 -0.310508 -5.39525e-19)
(0.00309972 -0.312543 2.68409e-19)
(0.000480057 -0.294838 -6.86762e-19)
(0.00327004 -0.304468 2.73425e-19)
(-0.00266551 -0.283664 -2.0267e-19)
(-0.00134417 -0.290539 3.06972e-19)
(-0.0105275 -0.259047 -1.06423e-22)
(-0.00649221 -0.266683 -1.34488e-19)
(-0.0193032 -0.228817 6.82182e-23)
(-0.0143774 -0.246079 -1.06083e-18)
(-0.030479 -0.198222 -1.08749e-18)
(-0.0250906 -0.213599 1.08009e-18)
(-0.0393221 -0.169186 -6.88387e-20)
(-0.0349059 -0.183922 5.45539e-19)
(-0.0507825 -0.138627 1.36646e-19)
(-0.0445521 -0.154115 -1.37449e-19)
(-0.065482 -0.108872 -2.7187e-19)
(-0.0577773 -0.123453 -2.73052e-19)
(-0.0800668 -0.0828524 -3.38313e-20)
(-0.0730326 -0.0951895 2.71614e-19)
(-0.0886513 -0.0633033 -3.23525e-23)
(-0.0854902 -0.0721833 2.70587e-19)
(-0.0868557 -0.0497079 0)
(-0.0890976 -0.0559285 -3.71192e-19)
(-0.0776274 -0.0385931 6.53012e-24)
(-0.0826422 -0.0440938 -4.05676e-19)
(-0.0669056 -0.0302932 4.37126e-18)
(-0.0717626 -0.034034 -5.4244e-19)
(-0.0340102 -0.0290151 -6.79578e-20)
(-0.0385501 -0.0271024 6.71333e-19)
(-0.0280953 -0.0285494 -2.76687e-19)
(-0.0305629 -0.0290786 -3.41708e-19)
(-0.023492 -0.027584 5.65733e-19)
(-0.0259701 -0.027734 6.97373e-20)
(-0.01791 -0.0274714 -1.43851e-19)
(-0.0208103 -0.0274766 7.1412e-19)
(-0.0151955 -0.0269962 0)
(-0.0614283 -0.018509 0)
(28.001 -57.6046 -1.13738e-17)
(23.3531 -26.5308 -4.4919e-18)
(0.0460366 -0.016563 1.21673e-18)
(-0.787641 -4.89054 -1.20595e-17)
(-1.10711 -3.70004 1.60639e-17)
(0.581539 -4.94572 1.06474e-17)
(-0.307715 -1.05264 2.34196e-18)
(-0.165442 -0.760283 -4.65351e-18)
(-0.028434 -0.547225 -3.35332e-19)
(0.00102539 -0.58135 -1.38341e-22)
(0.167179 -0.767848 -4.58133e-18)
(0.316219 -1.03809 -2.4633e-18)
(0.755167 -2.33297 7.34668e-21)
(0.093866 -0.184984 1.80986e-18)
(0.00850265 -0.0270088 0)
(-2.20959 -2.81365 -4.08078e-18)
(-1.27673 -9.56549 -1.6177e-17)
(10.5899 -32.1267 -5.88781e-18)
(2.33512 -3.33464 -3.28413e-18)
(3.03092 -28.481 0)
(0.0515572 -0.0204458 -3.0717e-18)
(-2.94884 -6.42815 8.6218e-18)
(1.22435 -4.13004 -1.56461e-17)
(-1.11724 -5.4043 -3.15319e-20)
(-1.19537 -4.467 -3.3541e-20)
(-21.8472 -26.7732 5.33188e-18)
(-15.3853 -18.5113 4.98401e-18)
(0.0772698 -0.684979 -4.53676e-18)
(9.48268 -33.4397 5.57426e-18)
(-0.396531 -4.95319 1.107e-17)
(-0.775276 -2.81232 -5.04131e-18)
(6.6643 -29.0829 -4.8699e-19)
(-1.58148 -32.3265 2.66855e-17)
(-0.375912 -1.34658 6.61468e-18)
(-0.110393 -0.699137 -1.14173e-18)
(-0.0625973 -0.625344 1.10299e-18)
(0.006418 -0.665678 -9.48814e-19)
(0.112725 -0.730551 -9.0503e-18)
(0.421898 -1.357 -4.50395e-21)
(0.577208 -1.76835 1.13114e-17)
(0.0327797 -0.0209316 0)
(0.0365585 -0.0166495 -4.22938e-18)
(-0.00766759 -0.0293553 0)
(-0.00725847 -0.0263988 2.89405e-19)
(-0.00858172 -0.0246425 -1.45499e-19)
(-0.00657747 -0.0243265 1.46283e-19)
(1.10616 -5.41047 6.71744e-20)
(1.18479 -4.47191 -3.3607e-20)
(0.672525 -3.69464 0)
(0.941822 -3.71614 0)
(-2.73993 -4.38751 -2.09429e-17)
(2.31641 -26.4982 1.00159e-18)
(-0.0387251 -0.0190106 -2.78817e-23)
(-0.0420162 -0.0162577 -1.66031e-18)
(1.95506 -24.421 -1.0588e-18)
(-0.0204372 -0.0323837 -5.27816e-18)
(-0.635367 -2.21917 1.0996e-17)
(0.0346219 -0.0018895 0)
(-0.941112 -4.28791 -5.83803e-18)
(0.120227 -0.186729 1.2688e-19)
(-0.229929 -0.894186 -2.30707e-18)
(-0.0207766 -0.559612 3.91192e-19)
(0.234095 -0.89366 -3.3072e-21)
(0.735833 -2.6183 1.66719e-17)
(0.0240911 -0.0261165 8.38429e-19)
(0.0283609 -0.0239691 -1.42964e-18)
(0.0179118 -0.0270582 2.73126e-19)
(0.0206836 -0.0268459 0)
(0.0139434 -0.0259697 6.86733e-20)
(0.0157409 -0.0267288 -6.82863e-20)
(0.0108242 -0.0253659 0)
(0.012365 -0.0257568 -1.39246e-19)
(0.00860814 -0.025186 -1.47245e-19)
(0.00943526 -0.0250391 1.44031e-19)
(0.00598796 -0.0257946 3.71905e-20)
(0.00714588 -0.0253257 0)
(0.00481991 -0.0261811 1.11865e-19)
(0.00574273 -0.0293282 -2.95761e-19)
(0.00651224 -0.0272564 3.71152e-20)
(-0.00518353 -0.037246 0)
(0.0022825 -0.0324062 0)
(-0.0338014 -0.0511503 4.02149e-19)
(-0.0166879 -0.0433927 0)
(-0.0870594 -0.0742992 -2.0637e-21)
(-0.056787 -0.0614832 0)
(-0.168567 -0.10896 1.95942e-19)
(-0.124169 -0.0897068 0)
(-0.286207 -0.169397 -6.49553e-20)
(-0.221359 -0.135042 -6.51208e-20)
(-0.476674 -0.28303 6.44836e-19)
(-0.368925 -0.216601 5.20942e-19)
(-0.778904 -0.49293 9.73602e-19)
(-0.612899 -0.373876 -1.03366e-18)
(-1.18216 -0.864448 3.08416e-18)
(-0.96689 -0.65305 -2.04385e-18)
(-1.66124 -1.4963 9.95867e-19)
(-1.41037 -1.13648 -2.53503e-18)
(-1.95 -1.98813 -1.9584e-18)
(2.3374 -6.33771 9.1913e-18)
(1.86586 -1.89814 1.84616e-18)
(2.11351 -2.51588 -3.7309e-18)
(1.33821 -1.0491 -1.91247e-18)
(1.59499 -1.40985 0)
(0.880936 -0.575058 2.44626e-18)
(1.09919 -0.776847 2.89173e-21)
(0.52289 -0.313136 -6.63313e-23)
(0.687432 -0.424565 -2.46957e-19)
(0.300244 -0.176237 -1.01187e-18)
(0.395324 -0.232526 3.13847e-20)
(0.179489 -0.111775 1.86228e-22)
(0.23058 -0.137962 3.81223e-19)
(0.10258 -0.0766078 -1.31614e-19)
(0.13795 -0.0920452 4.85039e-19)
(0.0432303 -0.0539486 -5.39679e-19)
(0.0707794 -0.063943 -2.6583e-19)
(0.00526823 -0.0384249 -3.4832e-19)
(0.0209611 -0.045506 6.92903e-19)
(-0.00394908 -0.0331809 3.01227e-19)
(0.939821 -7.13736 -5.24816e-22)
(1.03119 -6.21924 -3.30134e-20)
(0.752647 -8.94276 0)
(0.849713 -7.99714 1.05015e-21)
(0.563295 -10.9267 -2.50761e-20)
(0.660399 -9.88738 3.78212e-20)
(0.379166 -13.1393 -2.09467e-21)
(0.471426 -11.9964 -4.19155e-21)
(0.246133 -15.5447 7.81874e-21)
(0.303305 -14.3134 -6.72786e-20)
(0.240464 -18.0922 -6.76626e-20)
(0.222854 -16.8058 3.31852e-20)
(0.486892 -20.5763 -2.69752e-19)
(0.322004 -19.3603 4.00923e-19)
(1.41565 -22.6605 5.43756e-19)
(0.828513 -21.6953 2.66352e-19)
(-0.41339 -3.67552 -1.6757e-20)
(-0.953706 -3.71276 -2.09706e-21)
(-0.68611 -3.69131 3.35694e-20)
(0.131759 -3.66754 -1.04738e-21)
(-0.146435 -3.66771 2.0948e-21)
(0.399751 -3.67746 0)
(-9.76332 -20.323 2.95398e-19)
(-12.1015 -20.0576 -6.66096e-18)
(-4.03684 -23.4154 -2.80694e-19)
(-6.34925 -22.271 -2.8763e-19)
(-1.53973 -22.5294 -2.68321e-19)
(-2.64437 -23.2995 2.75347e-19)
(-0.576232 -20.4663 3.34821e-20)
(-0.928508 -21.5519 2.20053e-19)
(-0.339381 -18.1118 6.67929e-20)
(-0.418151 -19.324 0)
(-0.310628 -15.5738 2.67031e-22)
(-0.308891 -16.8455 -1.00332e-19)
(-0.406147 -13.1331 -3.35331e-20)
(-0.345811 -14.3219 5.04302e-20)
(-0.576324 -10.9126 8.38485e-21)
(-0.489761 -11.9823 3.35782e-20)
(-0.764122 -8.93293 2.0982e-21)
(-0.672123 -9.87583 0)
(-0.951436 -7.12906 -5.08861e-20)
(-0.861426 -7.98809 1.4665e-20)
(-1.0427 -6.21186 6.82259e-20)
(-0.408135 -32.0362 -2.41457e-18)
(0.0613474 -0.0296058 -1.55779e-19)
(0.0564067 -0.0249956 2.46504e-18)
(0.0711416 -0.0375509 -9.15052e-19)
(0.0662974 -0.0335584 0)
(0.0813374 -0.0445955 0)
(0.0762726 -0.0413648 1.19058e-18)
(0.0893652 -0.0507359 -6.50943e-19)
(0.0859453 -0.04763 -2.88042e-19)
(0.092508 -0.0579665 4.9883e-19)
(0.0916797 -0.0540711 -1.43104e-19)
(0.0895783 -0.0693613 2.82733e-19)
(0.0918314 -0.0629753 -2.12696e-19)
(0.0806131 -0.0874677 3.47187e-20)
(0.0859063 -0.0774821 0)
(0.0666655 -0.112804 -1.7117e-19)
(0.0743716 -0.0992649 -3.45232e-20)
(0.0498259 -0.143318 -1.35143e-19)
(0.0586112 -0.127635 3.40373e-20)
(0.0333333 -0.174949 0)
(0.0413193 -0.159347 0)
(0.0222505 -0.202499 6.65187e-20)
(0.0268977 -0.190107 0)
(0.014675 -0.222233 1.33797e-19)
(0.0181368 -0.212465 1.0227e-23)
(0.0106063 -0.237802 0)
(0.0130915 -0.230734 0)
(0.00692082 -0.246295 6.66855e-20)
(0.00923323 -0.243414 -6.65856e-20)
(0.00301599 -0.247188 2.68775e-19)
(0.00500814 -0.248573 2.67391e-19)
(-0.0035992 -0.237284 1.35578e-19)
(0.000757528 -0.243312 0)
(-0.0110637 -0.228995 6.74503e-20)
(-0.00795504 -0.233911 1.01638e-19)
(-0.022156 -0.211374 -2.68341e-19)
(-0.0160297 -0.217635 0)
(-0.0319749 -0.189668 -5.36606e-19)
(-0.0266028 -0.201904 2.72413e-19)
(-0.0427852 -0.166346 -5.42052e-19)
(-0.0375119 -0.178167 1.07924e-18)
(-0.0525604 -0.142754 6.84339e-20)
(-0.0476153 -0.154699 2.13037e-20)
(-0.0645622 -0.116998 -3.40467e-19)
(-0.0582699 -0.130168 2.73054e-19)
(-0.0784638 -0.0909167 -2.71343e-19)
(-0.0714364 -0.103756 2.71802e-19)
(-0.0906396 -0.0681393 3.38008e-20)
(-0.0850367 -0.0789181 0)
(-0.0960999 -0.0513254 0)
(-0.0944742 -0.058919 0)
(-0.092427 -0.0399267 3.04885e-19)
(-0.0953411 -0.045099 -2.36559e-19)
(-0.0829823 -0.030767 0)
(-0.0880888 -0.0353503 -1.35934e-19)
(-0.0715203 -0.0208881 6.21831e-19)
(-0.0772379 -0.0260665 -1.12978e-18)
(-0.0648331 -0.0198567 1.31686e-21)
(-0.0295911 -0.024708 -2.13107e-19)
(-0.0342035 -0.0221992 1.35998e-19)
(-0.0224479 -0.0260562 1.37818e-19)
(-0.0256009 -0.0258906 0)
(-0.0175838 -0.0253799 -5.60711e-19)
(-0.0199163 -0.0257271 0)
(-0.0128628 -0.0251704 1.43343e-19)
(-0.015279 -0.0251995 -6.37444e-19)
(-0.0106001 -0.0248372 -7.2244e-20)
(-4.28844 -9.30685 0)
(-2.8855 -9.41624 0)
(-1.24391 -3.73878 3.56918e-20)
(-21.5486 -32.2241 9.54282e-18)
(-25.7177 -25.5651 -3.65319e-20)
(-22.2789 -22.4601 -1.77974e-17)
(0.393226 -8.23563 -2.13835e-17)
(1.09591 -4.85335 0)
(0.0596403 -0.760916 4.36297e-18)
(3.46247 -35.4545 9.84133e-18)
(-0.509969 -4.27467 1.62478e-17)
(-0.724197 -3.27384 -1.03136e-17)
(0.267734 -4.26419 -1.03825e-17)
(-4.72304 -28.6749 6.34249e-18)
(5.46303 -21.2095 -9.14338e-18)
(1.35404 -32.3814 5.051e-20)
(-0.287121 -1.18593 -2.29554e-18)
(-0.152478 -0.837815 4.57305e-18)
(-0.0436219 -0.657536 0)
(0.0125695 -0.701379 9.23975e-19)
(0.163815 -0.865148 4.53924e-18)
(0.311082 -1.17686 9.83421e-18)
(0.556401 -2.04649 5.24977e-18)
(0.095751 -0.15637 -1.30069e-19)
(0.0390582 -0.0136461 -6.26483e-19)
(0.00236789 -0.0255154 -1.29355e-19)
(0.00188106 -0.0259754 -4.12151e-19)
(-2.78541 -2.71162 7.43331e-21)
(-19.4299 -18.3764 2.36772e-17)
(3.31984 -5.13072 1.1955e-17)
(3.13812 -3.9764 -1.54436e-20)
(-0.00453893 -0.0243656 -4.3601e-24)
(1.23382 -3.74271 -2.0977e-21)
(-3.77233 -6.08481 5.02009e-18)
(-3.23007 -3.64924 -7.25106e-19)
(4.57269 -27.0276 -2.00354e-18)
(-0.0443097 -0.0146546 5.72558e-19)
(3.53546 -11.071 -4.41875e-18)
(3.49297 -25.2249 2.1013e-18)
(2.52172 -23.3756 -1.07615e-18)
(0.101161 -0.808846 0)
(19.936 -31.5153 -1.81595e-17)
(-0.113475 -4.26433 -1.05404e-17)
(-0.534653 -2.48038 5.10428e-18)
(0.294328 -12.1858 9.85012e-18)
(-0.430125 -1.53579 0)
(-0.0936194 -0.750596 2.22825e-18)
(0.415629 -1.54622 -5.05349e-21)
(-0.979899 -2.82037 -3.3499e-20)
(-1.27736 -2.84005 0)
(-27.963 -30.6483 0)
(-0.434888 -1.99356 0)
(-3.99327 -19.3466 -8.08078e-18)
(-0.00283457 -0.0274773 -3.0966e-19)
(0.0597884 -0.829518 -8.2448e-18)
(-16.8426 -36.2686 -8.8211e-18)
(-6.48933 -35.627 -2.84575e-19)
(-0.610501 -3.748 1.07086e-17)
(0.0489228 -0.150383 2.04705e-19)
(3.1681 -15.3201 0)
(30.3489 -48.3074 -3.92168e-18)
(-0.215161 -0.99842 -4.59357e-18)
(-0.0369521 -0.686047 -1.02556e-18)
(0.231167 -1.01086 4.69224e-18)
(0.525386 -2.3149 0)
(0.0348814 -0.0097509 2.12275e-18)
(0.0278015 -0.0170439 0)
(0.0315597 -0.0136836 3.91961e-18)
(0.0193649 -0.02219 -7.0155e-19)
(0.0236209 -0.0198311 1.14695e-18)
(0.0123285 -0.024544 -3.07754e-19)
(0.015612 -0.0235618 -1.0376e-19)
(0.00776345 -0.0247943 6.84293e-20)
(0.00979861 -0.0247612 6.82761e-20)
(0.00498771 -0.0246533 0)
(0.00619924 -0.0246707 -2.75584e-19)
(0.00339742 -0.0248399 6.17326e-19)
(0.00394925 -0.0244455 -3.5605e-20)
(0.00275952 -0.0250933 -1.83594e-20)
(0.00299937 -0.0266715 -4.50541e-19)
(0.000577311 -0.0264261 3.05451e-19)
(0.00200168 -0.0293304 0)
(0.00384206 -0.0276424 -7.39237e-20)
(-0.0116554 -0.036117 5.60023e-19)
(-0.00293584 -0.0320113 0)
(-0.0436392 -0.0481151 -4.05627e-19)
(-0.0248558 -0.0418542 5.53326e-19)
(-0.102388 -0.0659874 2.07315e-21)
(-0.0690937 -0.0560012 -1.34414e-19)
(-0.19246 -0.0985578 3.94477e-19)
(-0.143456 -0.0795839 -1.31496e-19)
(-0.325134 -0.155095 -2.84536e-22)
(-0.251348 -0.123045 -8.05976e-19)
(-0.547089 -0.257999 0)
(-0.420784 -0.198019 5.23968e-19)
(-0.906356 -0.462339 1.17135e-18)
(-0.708405 -0.342546 -9.75876e-19)
(-1.39745 -0.838786 0)
(-1.13452 -0.625782 2.5918e-19)
(-2.01144 -1.5115 0)
(-1.68123 -1.12563 5.13954e-19)
(-2.35749 -2.04036 2.04245e-18)
(3.37237 -6.34249 -1.43899e-17)
(2.38682 -2.04417 -5.65553e-18)
(2.79042 -2.89487 5.65427e-18)
(1.60142 -1.01459 0)
(1.96947 -1.42647 0)
(1.01576 -0.533527 1.48565e-18)
(1.28505 -0.731879 0)
(0.597628 -0.28695 2.50368e-19)
(0.786585 -0.39013 -1.99265e-18)
(0.339812 -0.160733 0)
(0.450083 -0.212704 -1.8944e-19)
(0.200792 -0.10008 -4.52027e-19)
(0.259114 -0.12503 0)
(0.116238 -0.0684284 7.89842e-19)
(0.154627 -0.0821101 5.52763e-19)
(0.0526035 -0.0489078 -1.33715e-19)
(0.0821241 -0.057901 -5.30997e-19)
(0.0116968 -0.036381 -6.96436e-20)
(0.0287559 -0.0418433 2.74768e-19)
(-0.00337248 -0.0283727 -5.7332e-19)
(0.00137457 -0.0317417 0)
(-0.00199286 -0.0243541 -2.94652e-19)
(-0.00390851 -0.0261219 5.7914e-19)
(1.352 -5.3955 0)
(1.51271 -3.71092 3.66881e-20)
(1.45262 -4.45232 -1.04919e-21)
(1.15237 -7.12936 -2.27384e-25)
(1.25979 -6.2051 -4.58971e-22)
(0.940506 -8.94035 0)
(1.04903 -7.99174 -2.09769e-21)
(0.731397 -10.9317 2.92738e-20)
(0.837905 -9.88838 -3.36345e-20)
(0.526435 -13.1427 0)
(0.629637 -12.0029 4.19176e-21)
(0.357104 -15.5116 0)
(0.435195 -14.3053 0)
(0.320049 -17.9643 6.64525e-20)
(0.314611 -16.7319 -1.34775e-19)
(0.581427 -20.2442 0)
(0.396117 -19.1558 0)
(1.61301 -21.7682 0)
(0.954731 -21.1381 0)
(-5.4225 -8.93884 0)
(-0.42133 -2.79184 2.09152e-23)
(-0.700118 -2.80226 1.67418e-20)
(0.134639 -2.79018 0)
(-0.14754 -2.79039 -9.164e-22)
(0.687874 -2.80469 -1.30868e-22)
(0.407558 -2.79329 1.30839e-22)
(1.26727 -2.84302 0)
(0.967967 -2.82295 0)
(-9.94474 -16.9799 -2.42965e-19)
(-13.7468 -17.453 5.01123e-19)
(-4.60864 -20.8654 5.53855e-19)
(-7.18051 -18.8312 0)
(-1.76975 -21.4564 2.01965e-19)
(-2.88106 -21.5944 -1.35731e-19)
(-0.741109 -20.101 -3.35045e-20)
(-1.10002 -20.9083 -1.0142e-19)
(-0.446368 -17.9583 -1.68157e-19)
(-0.546088 -19.0996 1.33122e-19)
(-0.420392 -15.5128 3.32305e-20)
(-0.41201 -16.7422 6.6955e-20)
(-0.545155 -13.1232 0)
(-0.471115 -14.2933 -6.72945e-20)
(-0.739593 -10.9163 -8.34573e-21)
(-0.640415 -11.9839 0)
(-0.950279 -8.93064 1.6754e-20)
(-0.846707 -9.87645 1.68237e-20)
(-1.1618 -7.12053 -3.35309e-20)
(-1.05908 -7.98274 -1.57697e-20)
(-1.35986 -5.3886 -4.19708e-21)
(-1.26855 -6.19688 3.258e-20)
(-1.52078 -3.70736 -3.15035e-20)
(-1.46042 -4.44726 3.35368e-20)
(0.0543523 -0.0138129 1.82903e-18)
(0.0425114 -0.00741929 0)
(0.048118 -0.0102436 -1.20911e-18)
(-8.37287 -13.6673 -4.02002e-18)
(-0.0449317 -0.0137546 5.90594e-19)
(-0.0363651 -0.0133367 -5.79327e-19)
(-0.0366074 -0.0130117 5.94535e-19)
(0.0694474 -0.189312 0)
(0.0649952 -0.0219735 2.59905e-18)
(0.0599262 -0.0177426 -3.05698e-18)
(0.0741478 -0.0311015 -2.99644e-19)
(0.0696764 -0.0263873 -2.4287e-18)
(0.0834085 -0.0390224 -1.16203e-18)
(0.0787352 -0.0353655 1.18052e-18)
(0.0913936 -0.045308 -1.4264e-19)
(0.0877603 -0.0422665 0)
(0.0954323 -0.05228 4.95395e-19)
(0.0939331 -0.0485931 -5.677e-19)
(0.0946017 -0.0614408 1.39825e-19)
(0.0956781 -0.0564256 -1.40341e-19)
(0.0887688 -0.074791 0)
(0.092302 -0.0674969 0)
(0.0778685 -0.0934602 1.36764e-19)
(0.0839152 -0.0835088 -6.8783e-20)
(0.0629265 -0.116721 8.45209e-21)
(0.0707932 -0.104544 6.79972e-20)
(0.0464287 -0.142785 -1.00229e-19)
(0.0546224 -0.129732 5.87926e-20)
(0.0324488 -0.166187 -6.6714e-20)
(0.0389056 -0.155308 0)
(0.0216996 -0.183113 0)
(0.0266004 -0.175298 0)
(0.0145016 -0.194153 -6.66562e-20)
(0.0180011 -0.189456 -6.68648e-20)
(0.00836314 -0.198082 -1.99994e-19)
(0.0116021 -0.197074 1.3322e-19)
(0.00176983 -0.196 3.20543e-23)
(0.00503044 -0.198101 -2.88382e-23)
(-0.00705695 -0.187811 0)
(-0.00204643 -0.192495 0)
(-0.0168072 -0.179331 -1.34769e-19)
(-0.0122894 -0.183866 -1.3502e-19)
(-0.0289486 -0.16641 0)
(-0.0225659 -0.171966 2.35722e-19)
(-0.0397668 -0.150999 0)
(-0.0341529 -0.159326 4.20706e-21)
(-0.0512533 -0.133497 2.70665e-19)
(-0.0455487 -0.142512 -3.3707e-19)
(-0.0625398 -0.113992 0)
(-0.0568749 -0.12406 -1.69908e-20)
(-0.0755839 -0.0915762 6.79478e-20)
(-0.0689073 -0.103119 0)
(-0.0889375 -0.0687946 -5.75795e-19)
(-0.0824835 -0.0799819 2.71115e-19)
(-0.0986751 -0.0494738 0)
(-0.0944873 -0.0584742 2.70586e-19)
(-0.101128 -0.0364064 0)
(-0.10098 -0.0420845 0)
(-0.0955309 -0.0287884 -1.6935e-19)
(-0.099177 -0.0321279 1.35134e-19)
(-0.0854664 -0.0230637 2.75847e-19)
(-0.0908486 -0.0259082 0)
(-0.0744709 -0.0176448 1.03359e-18)
(-0.0799388 -0.0201975 -2.85459e-19)
(-0.0600958 -0.0148088 -1.20762e-18)
(-0.0680166 -0.0156883 4.55677e-19)
(-0.0440312 -0.0129391 -1.79464e-18)
(-0.0520761 -0.0135794 5.96883e-19)
(-0.0332969 -0.0155401 -8.292e-19)
(-0.0353762 -0.0139285 1.12764e-18)
(-0.0257911 -0.0204849 7.67005e-20)
(-0.0298722 -0.0180937 -1.36582e-19)
(-0.0180383 -0.0231234 1.37586e-19)
(-0.0216803 -0.0223061 0)
(-0.0123691 -0.0233224 1.39469e-19)
(-0.0149801 -0.0234375 0)
(-0.00784451 -0.023336 -1.42399e-19)
(-0.0100344 -0.0233379 4.22574e-19)
(-0.00409906 -0.023215 -1.45625e-19)
(-0.00583929 -0.0232671 0)
(-0.000998433 -0.0232589 -3.16503e-19)
(-0.00253445 -0.0231425 7.35664e-20)
(17.3076 -27.6734 -9.89306e-18)
(-19.3152 -18.0386 -1.46338e-20)
(-25.7556 -26.897 8.95999e-18)
(-22.2701 -21.9715 9.19485e-18)
(-15.2869 -14.8119 0)
(-11.9788 -14.2796 3.14161e-20)
(-4.56515 -5.43715 -5.1166e-18)
(4.13157 -23.4402 -3.34314e-18)
(2.71318 -21.9315 1.11297e-18)
(0.0756936 -0.890765 0)
(15.8301 -34.0503 -8.32527e-18)
(-0.254459 -3.69785 -1.00836e-17)
(-0.477989 -2.83926 -4.99539e-18)
(0.0557332 -3.65385 -1.00693e-17)
(1.27277 -15.6695 0)
(-0.0157748 -0.00228922 2.47613e-18)
(2.64382 -31.0372 1.09645e-17)
(-0.744084 -15.8053 9.67985e-18)
(6.20043 -24.7034 2.16551e-18)
(-0.288234 -1.32312 -4.60777e-18)
(-0.131951 -0.909388 -4.49625e-18)
(-0.0722369 -0.791396 2.16297e-18)
(-0.038942 -0.868727 9.9478e-19)
(0.149734 -0.97061 4.45933e-18)
(0.300806 -1.33452 3.99882e-21)
(0.3988 -1.77385 5.88598e-22)
(0.318956 -2.30796 1.38694e-17)
(0.0262644 -0.00884744 3.75793e-18)
(5.73792 -12.65 1.89876e-19)
(0.00104913 -0.0234724 -3.01754e-19)
(1.55563 -2.78757 -4.35799e-23)
(-1.56371 -2.78503 -2.09671e-21)
(25.5252 -72.7112 1.59037e-19)
(-28.624 -33.2 -2.07864e-19)
(-26.9401 -36.4433 0)
(9.55837 -29.3185 4.62764e-18)
(-0.345547 -2.14392 -4.99672e-18)
(-0.279944 -1.67411 5.15206e-18)
(-0.0104447 -0.029876 0)
(-0.0358872 -0.0125362 1.20736e-18)
(-0.0116717 -1.10474 -2.25988e-18)
(0.00618596 -6.93978 2.17283e-17)
(0.714694 -4.20692 -1.0377e-17)
(1.1434 -96.2643 -9.11962e-18)
(3.57872 -91.0033 8.81794e-18)
(-1.50572 -88.2545 -3.60596e-18)
(-0.784088 -93.6737 0)
(-9.09594 -40.6641 -2.46786e-19)
(4.52565 -21.1133 -5.58628e-19)
(0.45475 -3.14323 1.50055e-17)
(0.06002 -0.97672 0)
(3.993 -36.9783 -8.64131e-18)
(-0.360025 -3.23773 9.90048e-18)
(0.200227 -3.11621 9.63627e-18)
(2.09581 -20.5648 -1.03328e-17)
(-1.8497 -22.0003 0)
(11.8978 -20.9112 -5.66134e-18)
(16.1555 -23.8142 -5.40802e-18)
(-0.0232429 -0.00783767 3.87561e-18)
(28.9179 -30.2819 2.29191e-19)
(7.15807 -19.0213 1.18078e-18)
(7.01963 -21.8521 4.58751e-18)
(24.1589 -31.8075 1.58251e-17)
(-0.191967 -1.09971 -1.59929e-21)
(-0.0525375 -0.828156 1.03291e-18)
(0.218794 -1.14605 0)
(0.365587 -2.00453 -4.79506e-18)
(0.0223875 -0.0141335 0)
(0.0249381 -0.0113465 -2.42539e-18)
(0.015052 -0.0190559 3.49009e-20)
(0.0188859 -0.0167374 4.98394e-19)
(0.00806814 -0.0224851 4.27838e-20)
(0.0113811 -0.0209966 2.58348e-20)
(0.00319346 -0.0241269 -6.80788e-20)
(0.00535953 -0.0234474 8.52316e-21)
(0.000478272 -0.0248291 3.4567e-20)
(0.00158652 -0.0245066 4.10826e-19)
(-0.000724266 -0.0255487 -6.24334e-19)
(-0.000367455 -0.0251085 5.78579e-19)
(-0.00108607 -0.0264595 2.19966e-19)
(-0.000975044 -0.0260228 -3.62206e-20)
(-0.00135995 -0.0270001 7.52069e-19)
(-0.00126501 -0.0268253 2.98997e-19)
(-0.00293926 -0.0269086 -1.23256e-18)
(-0.00474994 -0.0288043 -5.04845e-19)
(-0.00157185 -0.0274491 6.5964e-19)
(-0.0214829 -0.0341385 -1.39988e-18)
(-0.0112195 -0.0308662 2.84962e-19)
(-0.0575036 -0.0428571 1.36051e-19)
(-0.0364904 -0.0381393 2.77052e-19)
(-0.121978 -0.0577584 2.17031e-19)
(-0.0856863 -0.0489715 1.51242e-19)
(-0.220837 -0.0844586 0)
(-0.166864 -0.0698557 -2.64135e-19)
(-0.369752 -0.128523 -3.01449e-22)
(-0.286441 -0.103025 -5.20107e-19)
(-0.624781 -0.21922 -3.27551e-20)
(-0.47924 -0.165005 5.22432e-19)
(-1.04341 -0.402062 -6.53534e-20)
(-0.811087 -0.295968 -6.56061e-20)
(-1.65128 -0.767726 0)
(-1.32077 -0.553201 -1.31407e-19)
(-2.49258 -1.50083 -1.02841e-18)
(-2.03338 -1.06585 9.23557e-22)
(-3.62865 -2.98167 2.42132e-21)
(-3.00425 -2.11566 -1.55124e-18)
(-4.04815 -4.19123 -1.20618e-18)
(4.26772 -4.13526 3.82422e-18)
(4.98258 -6.10617 2.28319e-20)
(4.87001 -8.87991 7.04601e-18)
(2.93524 -1.91243 -1.97494e-18)
(3.59848 -2.82498 1.93877e-18)
(1.87218 -0.89505 -4.99454e-19)
(2.35283 -1.30111 0)
(1.15308 -0.445347 2.01715e-18)
(1.47603 -0.625628 -2.00662e-18)
(0.675239 -0.234461 -2.03006e-18)
(0.888573 -0.321359 2.01902e-18)
(0.384426 -0.130407 1.27921e-19)
(0.50905 -0.173165 6.37665e-20)
(0.22816 -0.0824595 -6.48978e-20)
(0.293886 -0.102151 0)
(0.135433 -0.058103 -5.24697e-19)
(0.17762 -0.0686149 6.54355e-20)
(0.0664763 -0.0422779 6.67297e-20)
(0.0984608 -0.0493099 5.30648e-19)
(0.0216225 -0.0332398 6.90522e-20)
(0.0405886 -0.0368984 -2.0308e-19)
(0.00355756 -0.028023 -4.25403e-19)
(0.00962846 -0.0304249 5.94329e-19)
(0.00264336 -0.0247953 0)
(0.00185678 -0.026162 0)
(0.00494865 -0.02447 2.14133e-24)
(1.81441 -2.51561 -3.35295e-20)
(1.76116 -3.42286 -1.0489e-21)
(1.70279 -4.12829 1.04892e-21)
(1.59154 -5.04188 0)
(1.49078 -5.82232 3.382e-20)
(1.37327 -6.73262 -4.98121e-20)
(1.26584 -7.58634 3.46188e-20)
(1.15667 -8.53416 -1.67503e-20)
(1.05256 -9.48635 3.36398e-20)
(0.946734 -10.539 -3.55687e-20)
(0.845852 -11.6234 3.1556e-20)
(0.741067 -12.7768 -3.34408e-20)
(0.643238 -13.9471 -4.19402e-21)
(0.552988 -15.1511 -5.061e-20)
(0.492833 -16.3508 6.68095e-20)
(0.481728 -17.536 1.35086e-19)
(0.559036 -18.6454 -6.56875e-20)
(0.750051 -19.5906 9.95973e-22)
(1.14637 -20.2489 -2.23614e-21)
(1.83317 -20.5253 2.72382e-19)
(2.99358 -20.1065 0)
(4.79661 -18.7085 0)
(6.60507 -16.7261 -1.18605e-18)
(7.49945 -15.0153 -6.20988e-19)
(7.59954 -12.8872 0)
(8.71119 -12.8051 0)
(8.04058 -14.0709 2.71365e-20)
(-6.52001 -7.06502 0)
(21.3914 -27.3805 -5.26336e-18)
(-1.52638 -2.24965 1.62362e-20)
(-1.27533 -2.3299 5.23603e-22)
(-1.00167 -2.32722 1.72935e-20)
(-0.714389 -2.31851 -3.2968e-20)
(-0.425801 -2.31492 2.4069e-20)
(-0.147159 -2.31862 4.05288e-21)
(0.135251 -2.31886 2.09216e-21)
(0.413042 -2.31634 -8.36809e-21)
(0.702574 -2.32027 -1.67384e-20)
(0.989927 -2.32963 2.61757e-22)
(1.26512 -2.33248 1.62294e-20)
(1.5185 -2.25223 -3.32838e-20)
(1.79878 -2.00051 4.9275e-20)
(3.14169 -51.56 2.70792e-19)
(-10.9708 -13.8418 -2.98475e-18)
(-8.01691 -15.2721 -3.53395e-20)
(-6.3508 -16.7277 7.01545e-20)
(-4.49847 -18.7525 -1.38731e-19)
(-3.02858 -19.9832 -1.70405e-19)
(-1.97776 -20.2784 -3.35996e-20)
(-1.34112 -20.0455 3.37987e-20)
(-0.94829 -19.4521 1.0043e-19)
(-0.727557 -18.5767 -1.34124e-19)
(-0.609848 -17.4997 8.41138e-20)
(-0.571584 -16.3249 -3.34948e-20)
(-0.592395 -15.1223 -3.3512e-20)
(-0.658645 -13.9171 -3.34026e-20)
(-0.744878 -12.7502 5.04188e-20)
(-0.846875 -11.6035 8.38849e-21)
(-0.949377 -10.5258 2.50858e-20)
(-1.05758 -9.47685 -3.36457e-20)
(-1.16298 -8.52584 0)
(-1.27318 -7.57803 -3.24634e-20)
(-1.38036 -6.72377 3.3631e-20)
(-1.49726 -5.81359 0)
(-1.59729 -5.03429 3.56358e-20)
(-1.70769 -4.12258 -3.57054e-20)
(-1.76549 -3.41914 -3.45904e-20)
(-1.8189 -2.51376 7.12981e-20)
(-1.80414 -1.99829 -1.07836e-21)
(29.454 -36.0105 -1.50082e-17)
(-29.5085 -41.2997 4.36177e-18)
(13.3968 -15.6362 -6.05752e-18)
(-0.700883 -1.5259 -3.66033e-22)
(0.0447943 -2.25845 8.18486e-18)
(2.32058 -92.88 0)
(16.3336 -92.1114 -2.24311e-18)
(-0.102263 -3.14421 2.09833e-20)
(-0.291115 -2.43123 -9.3861e-18)
(-0.232673 -1.80484 -1.39408e-21)
(-2.68636 -80.8572 6.35785e-18)
(0.0318453 -0.127697 6.85909e-20)
(-2.44445 -81.7252 4.03695e-18)
(-0.0887772 -0.398072 3.69168e-22)
(-20.384 -59.3994 -1.06861e-19)
(2.34785 -41.0057 -6.61162e-18)
(0.844591 -21.7535 -1.89175e-17)
(20.844 -30.1443 1.50804e-17)
(9.66992 -35.9302 1.37773e-17)
(8.45301 -84.9589 2.37089e-19)
(3.289 -98.9896 -1.6499e-18)
(10.7584 -22.238 -6.9099e-18)
(10.5471 -13.597 -1.41932e-20)
(9.34907 -16.7865 0)
(22.7613 -34.192 7.5854e-18)
(-21.147 -42.3605 -2.10828e-19)
(-0.715425 -97.5828 -2.03375e-18)
(-11.6913 -82.694 -8.97662e-19)
(-8.59229 -90.6583 -3.9559e-18)
(-5.31754 -95.8965 3.09347e-18)
(-0.668715 -6.79535 2.3532e-17)
(-0.209403 -1.42262 6.78076e-18)
(0.0145326 -1.0948 -3.13902e-18)
(-0.0879807 -0.963014 -4.30877e-18)
(0.117885 -1.08573 -4.2985e-18)
(0.234955 -1.98085 1.2172e-17)
(0.279689 -1.51858 5.15029e-21)
(-13.3469 -17.2214 4.8504e-18)
(-16.312 -19.503 -9.60184e-18)
(-19.8775 -24.5398 -9.20425e-18)
(-23.4307 -30.6761 -2.65004e-17)
(-27.6549 -38.2741 8.55856e-18)
(-29.4044 -46.8879 4.53681e-18)
(-0.101318 -0.441059 -1.91787e-18)
(1.72904 -3.64941 0)
(3.63382 -30.9561 3.03484e-18)
(0.0360075 -0.0371405 1.07615e-18)
(-5.53177 -27.805 0)
(-3.02029 -51.8147 0)
(0.00722167 -0.0248809 1.27156e-18)
(0.00379029 -0.023545 -6.21718e-19)
(0.00187402 -0.02321 1.88719e-20)
(0.000734854 -0.0229019 2.21655e-19)
(-0.000465179 -0.02272 -2.18218e-19)
(-0.00194123 -0.022598 0)
(-0.0037846 -0.0224651 2.82536e-19)
(-0.00590103 -0.0222458 -5.60755e-19)
(-0.00831759 -0.0219456 -1.38969e-19)
(-0.011147 -0.0215557 0)
(-0.0144386 -0.0207243 0)
(-0.0181119 -0.0194113 0)
(-0.0217639 -0.0175798 -6.83341e-20)
(-0.0249032 -0.015687 5.0975e-24)
(-0.0271387 -0.014151 0)
(-0.0282461 -0.0133387 0)
(-0.0286546 -0.0132788 -2.90518e-19)
(-0.028727 -0.0131245 9.02454e-19)
(-0.0284219 -0.0126029 0)
(-0.0271498 -0.0104719 -2.46076e-18)
(-0.0342528 -0.0106152 0)
(-0.0421542 -0.0108395 1.18418e-18)
(-0.0501737 -0.011191 -5.86235e-19)
(-0.0580889 -0.0119383 -1.16612e-18)
(-0.0655679 -0.0124243 4.33194e-19)
(-0.0722223 -0.013186 -1.42634e-19)
(-0.0781425 -0.014556 1.40123e-19)
(-0.0835089 -0.0159813 -6.84477e-20)
(-0.0886741 -0.0173099 6.81048e-20)
(-0.0933358 -0.0185743 -2.70548e-19)
(-0.0973695 -0.0200522 1.35073e-19)
(-0.100221 -0.0222225 -1.39189e-19)
(-0.101436 -0.0255604 1.34952e-19)
(-0.100759 -0.0303932 0)
(-0.0981712 -0.0368695 -1.18216e-19)
(-0.0938111 -0.0449335 1.68995e-19)
(-0.0879998 -0.0542601 -1.35351e-19)
(-0.0812704 -0.0643303 1.18568e-19)
(-0.0742585 -0.0746515 0)
(-0.0673198 -0.0844506 0)
(-0.0607721 -0.093436 0)
(-0.0545425 -0.10168 -3.04075e-19)
(-0.0486003 -0.109219 6.40743e-19)
(-0.0427995 -0.116064 -2.69363e-19)
(-0.0370879 -0.122483 -8.42733e-21)
(-0.0314836 -0.128096 1.68525e-20)
(-0.0254586 -0.133092 -1.00978e-19)
(-0.0197003 -0.138907 1.34801e-19)
(-0.0145722 -0.143425 0)
(-0.00934865 -0.147647 1.34442e-19)
(-0.00444479 -0.152046 1.34196e-19)
(-0.000187395 -0.155623 2.67625e-19)
(0.00373519 -0.158299 -2.00176e-19)
(0.00754036 -0.15949 0)
(0.011549 -0.15951 6.24522e-20)
(0.0155963 -0.157874 -6.66784e-20)
(0.0201866 -0.154433 1.3347e-19)
(0.0254741 -0.149182 0)
(0.031696 -0.14233 -8.08219e-21)
(0.0386417 -0.134122 -8.34083e-21)
(0.0460185 -0.124571 2.50399e-20)
(0.0537295 -0.11418 1.67356e-20)
(0.0615157 -0.103938 4.19372e-21)
(0.0690559 -0.0941968 -2.10613e-20)
(0.0758866 -0.0851332 1.69252e-20)
(0.0818346 -0.0767712 -1.36234e-19)
(0.0866523 -0.0691889 1.37057e-19)
(0.0905574 -0.062666 0)
(0.093076 -0.0571528 0)
(0.0945379 -0.0524167 -6.96281e-19)
(0.0947535 -0.048315 1.32678e-18)
(0.0939073 -0.0444738 -1.05145e-18)
(0.0921327 -0.040976 4.92458e-19)
(0.0895086 -0.0377566 1.418e-19)
(0.0861048 -0.0344941 0)
(0.0821444 -0.0309926 0)
(0.0780343 -0.0270129 -2.47685e-18)
(0.0739794 -0.0226211 1.47783e-19)
(0.0699225 -0.0181633 1.75084e-22)
(0.0655266 -0.0139753 4.89373e-18)
(0.0604445 -0.0102857 -2.41837e-18)
(0.0544857 -0.00751863 3.01062e-18)
(-1.4925 -1.31279 -1.72797e-20)
(-1.78963 -1.05338 -5.02897e-20)
(1.91176 -1.57623 0)
(1.90346 -1.26196 -3.2487e-20)
(0.0294989 0.00111758 -1.73553e-18)
(24.9212 -43.2515 1.5012e-17)
(10.5416 -18.7769 -1.34434e-19)
(0.0479951 -0.00599536 -9.25047e-23)
(0.0402594 -0.00529758 -2.29767e-18)
(-1.38016 -7.83673 0)
(1.13415 -3.42684 5.99749e-18)
(-0.0211675 -0.0135627 0)
(-0.0212109 -0.0145416 -1.30247e-18)
(-0.0212044 -0.0152794 6.57317e-19)
(-0.0209416 -0.0155332 0)
(-0.0203704 -0.0160495 -8.47356e-24)
(-0.0190493 -0.0169029 2.75416e-19)
(-0.0168866 -0.0182131 0)
(-0.0140367 -0.0197125 0)
(-0.0108343 -0.0211737 -6.85751e-20)
(-0.00774924 -0.0223654 0)
(-0.00501587 -0.0232537 -1.3864e-19)
(-0.00266667 -0.0238806 0)
(-0.000696841 -0.0243304 0)
(0.000886346 -0.0245562 0)
(0.00218802 -0.0247652 7.22179e-20)
(0.00595882 -0.0260123 -1.27248e-18)
(0.00415937 -0.0252368 -1.81151e-18)
(0.0032107 -0.0249978 1.17572e-18)
(0.0156164 -0.0257792 -1.33276e-18)
(0.0138872 -0.0243063 -1.20172e-18)
(0.0132559 -0.0239571 1.15444e-18)
(0.015047 -0.0245973 -5.68335e-19)
(0.0194908 -0.0256034 -1.40109e-19)
(0.0285375 -0.0269103 -3.45497e-20)
(0.0435078 -0.0288724 -3.41145e-20)
(0.0654906 -0.0319901 -3.36955e-20)
(0.0945827 -0.0360715 6.67286e-20)
(0.129626 -0.0411773 -6.65642e-20)
(0.169978 -0.0477787 0)
(0.216254 -0.0559709 -1.31453e-19)
(0.271452 -0.066597 -3.27479e-20)
(0.343407 -0.0817705 0)
(0.442236 -0.103461 -1.29432e-19)
(0.577944 -0.136037 6.45753e-20)
(0.758537 -0.184367 0)
(0.992693 -0.25464 0)
(1.28906 -0.357327 2.5684e-19)
(1.66517 -0.511586 1.79772e-18)
(2.14956 -0.752013 -1.02393e-18)
(2.7736 -1.13913 0)
(3.57629 -1.76739 0)
(4.52736 -2.75572 0)
(5.66064 -4.25269 -4.07852e-18)
(8.35924 -10.758 -1.19535e-17)
(6.91138 -6.71423 1.20082e-17)
(0.0908965 -4.98317 1.6064e-17)
(-11.0226 -25.9165 0)
(-5.48968 -5.14112 -4.83051e-18)
(-4.90279 -3.36998 6.02065e-18)
(-3.91784 -2.17058 -2.06168e-18)
(-3.11413 -1.42244 -1.04213e-18)
(-2.45269 -0.933076 1.05189e-18)
(-1.93907 -0.634066 0)
(-1.52922 -0.440955 9.30954e-19)
(-1.19863 -0.31287 -9.89415e-19)
(-0.930426 -0.224399 6.6086e-20)
(-0.718809 -0.166035 4.97137e-20)
(-0.555358 -0.125999 0)
(-0.432661 -0.0992408 2.06627e-21)
(-0.339913 -0.0795138 2.7349e-19)
(-0.267406 -0.0647598 -2.83125e-19)
(-0.207742 -0.0537744 0)
(-0.158158 -0.0459246 -2.34622e-19)
(-0.117684 -0.0402262 -6.71371e-20)
(-0.0858215 -0.0357529 1.36191e-19)
(-0.0616571 -0.0326513 -2.75734e-19)
(-0.0436684 -0.030202 4.19687e-19)
(-0.0305149 -0.0284163 2.82416e-19)
(-0.0211394 -0.0270984 -7.15418e-20)
(-0.0151716 -0.0263282 0)
(-0.0125131 -0.0270232 1.21879e-18)
(-0.0124992 -0.0260702 -1.17956e-18)
(24.8623 -31.1173 -5.41633e-20)
(-0.00575617 -0.0302011 0)
(-0.00403493 -0.0297749 -3.00205e-19)
(-0.00372908 -0.0295786 -1.45563e-19)
(-0.0036954 -0.029237 7.18704e-20)
(-0.00355986 -0.02876 1.42015e-19)
(-0.00319832 -0.0282514 1.40027e-19)
(-0.00239703 -0.0277044 -2.76717e-19)
(-0.00123443 -0.0270122 1.58535e-24)
(0.000329517 -0.0261191 0)
(0.00236218 -0.0248998 -4.25044e-20)
(0.00485591 -0.02326 0)
(0.00774286 -0.0212578 5.50236e-19)
(0.0108478 -0.0189801 0)
(0.0140206 -0.0165113 -2.83843e-19)
(0.0169338 -0.0139328 0)
(0.0194721 -0.0114214 0)
(0.0216644 -0.00723413 -4.92309e-25)
(0.0215132 -0.00917025 0)
(0.0324319 -0.0536924 1.02719e-18)
(-0.0295498 -0.00704574 1.19756e-18)
(-0.0363601 -0.00665936 -2.32385e-18)
(-0.0431444 -0.00662388 1.7125e-18)
(-0.0498189 -0.00697404 -1.4207e-18)
(-0.0560283 -0.00743737 0)
(-0.0616362 -0.00813024 1.40363e-19)
(-0.0664935 -0.00906561 -1.3798e-19)
(-0.0708301 -0.00978111 0)
(-0.0748564 -0.0102253 0)
(-0.078649 -0.010418 0)
(-0.0821997 -0.0105623 0)
(-0.0851395 -0.0110719 -1.30683e-19)
(-0.0870647 -0.012383 1.3693e-19)
(-0.0875825 -0.0149681 0)
(-0.0863772 -0.0189998 -1.68713e-20)
(-0.0832709 -0.0245649 1.35077e-19)
(-0.0784778 -0.0315505 1.77403e-23)
(-0.0724824 -0.0395612 -2.53613e-19)
(-0.0657477 -0.0481171 2.70639e-19)
(-0.0587722 -0.0566243 1.3555e-19)
(-0.0519281 -0.0645763 -5.42451e-19)
(-0.0454486 -0.0717778 3.0384e-19)
(-0.039509 -0.078309 -1.68697e-19)
(-0.0342036 -0.0841009 1.51547e-19)
(-0.0293352 -0.0892352 0)
(-0.0247835 -0.0938343 -1.68718e-20)
(-0.0202937 -0.0981437 -1.68521e-20)
(-0.0160813 -0.102658 0)
(-0.0123071 -0.106919 0)
(-0.00865524 -0.11107 -1.34297e-19)
(-0.00524576 -0.115248 -1.34156e-19)
(-0.00214084 -0.118833 1.33879e-19)
(0.000840734 -0.121665 3.33961e-20)
(0.00391724 -0.123258 -6.67243e-20)
(0.0074118 -0.12364 4.16784e-21)
(0.011342 -0.122528 6.67167e-20)
(0.015982 -0.119777 -1.6688e-20)
(0.0214324 -0.115378 -3.33756e-20)
(0.0276361 -0.109552 -2.60839e-22)
(0.0343031 -0.102546 -2.08703e-21)
(0.0411698 -0.0946489 -8.35301e-21)
(0.0480384 -0.0867147 3.34613e-20)
(0.0546529 -0.0792749 -4.19219e-20)
(0.0607287 -0.0721656 7.56859e-20)
(0.0661179 -0.0655812 -3.89908e-24)
(0.0707596 -0.0595705 -1.35579e-19)
(0.0746086 -0.0540916 1.36266e-19)
(0.0776646 -0.0490104 -2.74672e-19)
(0.0795923 -0.044379 -2.75629e-19)
(0.0805897 -0.0402219 5.5345e-19)
(0.0805473 -0.0364154 -6.25477e-19)
(0.0795902 -0.0329896 5.92056e-19)
(0.0779373 -0.0298206 7.24146e-25)
(0.0756238 -0.0268559 -1.12501e-18)
(0.0729199 -0.0238108 2.26795e-18)
(0.0700212 -0.0204397 -1.14193e-18)
(0.067153 -0.0167256 1.44234e-19)
(0.0642058 -0.0126811 2.17941e-18)
(0.0611109 -0.00863784 -2.42576e-18)
(0.0574559 -0.00511633 -2.44334e-18)
(0.0530198 -0.00240696 2.38181e-18)
(0.0477701 -0.000581529 -6.00266e-19)
(0.0417725 0.000418083 -2.44631e-18)
(0.0352483 0.000745459 2.67562e-18)
(0.761479 -3.61103 1.04078e-17)
(-4.49969 -33.9093 0)
(0.0260346 -0.000981413 -1.41224e-17)
(0.0158287 -0.00611991 6.18139e-18)
(-29.2124 -54.6202 1.26972e-17)
(-29.5928 -62.7335 -8.41802e-18)
(-28.5617 -49.8897 -4.23723e-18)
(-26.6736 -40.829 -4.46867e-18)
(-22.6863 -32.0474 1.80169e-17)
(-19.3458 -25.1826 3.8739e-20)
(-15.0689 -20.0365 1.06313e-19)
(-11.016 -15.3845 1.52547e-17)
(-6.65155 -11.6846 1.29066e-17)
(-6.25951 -11.2383 -1.18751e-17)
(-5.46003 -10.3099 -1.20659e-18)
(-5.27184 -12.0287 5.76614e-19)
(-4.74341 -13.6017 -3.4793e-20)
(-3.79848 -15.6067 2.06815e-19)
(-2.80241 -17.0593 -6.74387e-20)
(-1.99704 -17.7408 2.03998e-19)
(-1.44421 -17.7549 -3.33763e-20)
(-1.07718 -17.3097 3.38326e-20)
(-0.860089 -16.5055 4.1925e-21)
(-0.74704 -15.4714 1.67418e-20)
(-0.723725 -14.3203 8.38142e-21)
(-0.757834 -13.126 0)
(-0.830538 -11.9151 0)
(-0.918501 -10.7387 -5.8582e-20)
(-1.01628 -9.58412 1.68805e-20)
(-1.1114 -8.50972 0)
(-1.21193 -7.48023 3.34882e-20)
(-1.31039 -6.56887 -3.57378e-20)
(-1.4101 -5.68102 2.59235e-25)
(-1.50745 -4.91439 0)
(-1.61869 -4.10805 -1.31145e-22)
(-1.71893 -3.4661 0)
(-1.91277 -1.57487 3.04343e-20)
(-1.87421 -2.23862 -9.88948e-22)
(-1.82455 -2.7241 -3.14334e-20)
(0.241824 -1.70893 -1.31798e-17)
(0.195264 -1.30533 -4.35862e-18)
(-0.0722182 -1.01058 2.06118e-18)
(-0.131098 -1.17382 4.29505e-18)
(-17.7821 -70.8262 0)
(-0.179749 -9.82413 1.06099e-17)
(-1.64634 -99.0498 0)
(-18.8386 -88.2605 4.93412e-19)
(-8.95541 -95.6979 3.21107e-19)
(-2.68055 -99.6523 5.43463e-20)
(1.08244 -99.8058 -2.19225e-18)
(2.94357 -97.6664 -6.09446e-19)
(-25.7626 -49.0439 -2.10894e-17)
(1.94871 -12.1529 -9.87727e-18)
(9.91324 -14.2879 -7.05676e-19)
(10.3826 -18.7279 1.01443e-19)
(1.4857 -1.31554 0)
(1.25568 -1.36096 -1.77943e-20)
(1.00069 -1.27524 1.04649e-21)
(0.709602 -1.21894 1.67365e-20)
(0.41481 -1.18771 8.36594e-21)
(0.134717 -1.17824 -1.56908e-21)
(-0.146335 -1.17827 -4.18373e-21)
(-0.426809 -1.18702 -8.36652e-21)
(-0.721282 -1.21888 9.42497e-21)
(-1.01214 -1.27493 1.67433e-20)
(-1.2651 -1.36093 5.23388e-22)
(-0.502764 -8.12237 -3.30897e-17)
(1.77004 -32.5428 0)
(9.51132 -96.9183 -1.78282e-18)
(14.125 -92.5455 -2.34315e-19)
(23.6031 -61.3592 3.708e-18)
(1.68594 -4.66998 4.70427e-18)
(0.768128 -1.21555 -3.89942e-18)
(0.0215418 -0.0535278 -1.03526e-18)
(31.8567 -62.119 7.30508e-18)
(29.7175 -50.0289 0)
(27.7386 -40.7392 1.16183e-17)
(0.549677 -93.2008 7.62527e-18)
(19.6222 -24.7487 -5.95274e-18)
(16.6413 -20.8532 0)
(5.07739 -12.92 0)
(4.97551 -10.9852 6.79961e-19)
(4.97666 -11.2748 6.45491e-19)
(5.15185 -12.8166 9.23796e-19)
(4.88277 -13.5631 1.48964e-19)
(4.09731 -15.0896 4.31965e-19)
(2.87859 -16.7778 0)
(1.86419 -17.7706 -6.83579e-20)
(1.22735 -17.8833 -2.03748e-19)
(0.862473 -17.4227 -6.81192e-20)
(0.69548 -16.5942 6.69855e-20)
(0.639516 -15.5395 -3.36604e-20)
(0.668153 -14.3767 0)
(0.737722 -13.1766 -1.67809e-20)
(0.829755 -11.956 4.19384e-21)
(0.923102 -10.7658 -3.34525e-20)
(1.01929 -9.60035 3.47091e-20)
(1.11121 -8.5185 -3.138e-20)
(1.20853 -7.4865 1.20487e-21)
(1.3054 -6.57598 3.46882e-20)
(1.40438 -5.68954 -1.04881e-21)
(1.50222 -4.92423 3.29961e-20)
(1.61436 -4.11789 -3.36214e-20)
(1.71562 -3.47452 0)
(1.82221 -2.73005 3.35337e-20)
(1.87235 -2.24229 -3.36041e-20)
(19.2867 -22.8243 -5.01992e-18)
(25.3372 -26.1905 -7.67336e-18)
(1.19906 -35.7584 -8.81979e-18)
(1.93404 -28.5874 4.83336e-18)
(9.80611 -78.4268 2.7202e-18)
(12.8064 -76.5786 9.61771e-19)
(0.0382158 -2.67942 8.95002e-18)
(-0.175812 -2.7447 9.20695e-18)
(0.0116572 -0.10598 0)
(-0.0554644 -0.342113 -1.93327e-19)
(0.0100908 -0.0265077 2.21092e-20)
(1.78466 -1.0569 -2.67102e-22)
(-1.90518 -1.26053 1.04832e-21)
(-0.210365 -2.0642 -4.16934e-18)
(4.72744 -59.9472 7.07029e-18)
(0.309547 -62.157 6.23549e-18)
(17.7409 -22.1396 -8.22907e-18)
(-1.9114 -0.581755 -2.62017e-22)
(1.90945 -0.583821 3.32828e-20)
(-0.0169888 -0.00864578 0)
(15.5576 -39.4839 -8.46382e-18)
(-12.6911 -73.1116 0)
(-1.65242 -93.5087 -2.9226e-18)
(0.77357 -3.03107 -1.0708e-17)
(-0.134447 -1.57668 -4.1072e-18)
(0.0832875 -1.21258 2.00572e-18)
(17.9397 -96.389 2.81074e-18)
(0.0171045 -0.00330382 -6.21881e-18)
(0.0527565 -0.129569 -2.03261e-19)
(22.529 -29.7111 -2.162e-17)
(0.0303765 -0.107788 2.71976e-19)
(14.9143 -66.5344 -7.12053e-18)
(0.00817223 -2.2975 -1.63824e-17)
(-39.4669 -70.2875 1.35581e-17)
(2.7946 -45.6529 1.41562e-17)
(19.585 -20.3177 9.31986e-18)
(1.65723 0.649329 -3.32823e-20)
(1.63423 0.536343 1.04858e-21)
(1.6499 0.742031 3.35824e-20)
(1.58741 0.468248 -3.35328e-20)
(1.63591 0.703466 3.3608e-20)
(1.46784 -0.122249 -3.29951e-20)
(1.52136 0.271153 3.33589e-20)
(1.3775 -1.07818 -6.87175e-20)
(1.41482 -0.519077 3.41571e-20)
(1.26644 -2.46312 3.34802e-20)
(1.32054 -1.69271 -6.82026e-22)
(1.15174 -4.29034 0)
(1.20885 -3.31802 1.04858e-21)
(1.0324 -6.38385 4.21404e-20)
(1.09266 -5.31091 0)
(0.965786 -8.46566 3.36601e-20)
(0.984804 -7.44615 -3.34723e-20)
(1.15672 -9.96446 1.68287e-20)
(1.015 -9.35143 -1.18255e-19)
(2.01499 -9.52944 0)
(1.47439 -10.1154 -6.82679e-20)
(3.31806 -6.26897 -4.22578e-19)
(2.72491 -8.09798 2.83073e-19)
(3.59006 -4.16845 -1.51323e-18)
(3.61861 -4.8225 -2.89965e-19)
(2.63718 -2.5587 -1.24816e-18)
(3.17674 -2.89041 8.97545e-19)
(5.27285 -8.86047 5.21648e-18)
(3.24642 -5.3417 0)
(12.8162 -15.9966 5.27016e-18)
(8.21673 -11.331 0)
(24.7314 -30.1689 0)
(19.1759 -23.1663 5.1925e-21)
(31.6327 -51.4426 0)
(27.4071 -42.3785 0)
(28.8961 -75.5298 1.8494e-17)
(34.4364 -63.7661 -4.1914e-18)
(2.03257 -94.199 5.37194e-18)
(17.3469 -85.3898 -3.64973e-18)
(-14.8077 -98.1972 -6.46406e-18)
(-9.4802 -99.0997 -2.68238e-18)
(-19.3615 -97.2902 -5.36311e-20)
(-1.40715 -1.10398 0)
(-1.91503 -0.785964 1.78074e-20)
(-1.49494 -1.03911 0)
(-0.822455 -1.01343 8.3743e-21)
(-1.18117 -1.04485 0)
(-0.161228 -0.99756 -8.29064e-25)
(-0.478526 -0.998239 -2.09153e-21)
(0.465709 -0.999004 -1.56819e-21)
(0.148789 -0.997536 5.22205e-22)
(1.16915 -1.04546 0)
(0.809537 -1.01383 1.0455e-21)
(1.49249 -1.04254 9.42179e-21)
(1.40037 -1.10405 0)
(-2.16106 -0.46095 -1.04813e-21)
(1.60399 0.676929 1.67654e-20)
(2.15686 -0.464246 -5.24143e-22)
(1.9102 -0.790455 -1.67562e-20)
(12.7342 -16.6389 -5.40211e-18)
(1.66268 -5.49885 1.04215e-17)
(0.0190154 -0.0302225 -1.74361e-18)
(-0.5642 -98.5414 2.33536e-18)
(3.51728 -83.5963 -3.03638e-18)
(-0.100012 -1.27462 4.91725e-18)
(0.133305 -1.50142 -3.96831e-18)
(-1.6052 0.677772 -1.65046e-20)
(-1.65065 0.742339 -3.24895e-20)
(-1.63541 0.536998 3.41045e-20)
(-1.63706 0.709113 0)
(-1.65804 0.652275 5.24448e-22)
(-1.5238 0.28143 1.31134e-22)
(-1.58945 0.476981 -2.62264e-22)
(-1.41832 -0.511219 -1.04893e-21)
(-1.47092 -0.112302 0)
(-1.3227 -1.69001 0)
(-1.38073 -1.07292 2.09764e-21)
(-1.20606 -3.30857 -2.08723e-20)
(-1.2664 -2.45991 3.36534e-20)
(-1.0885 -5.27061 3.36649e-20)
(-1.14618 -4.26831 8.38277e-21)
(-1.01003 -7.37131 -8.37353e-21)
(-1.03632 -6.32476 -3.33846e-20)
(-1.11741 -9.25787 -3.75296e-20)
(-1.02604 -8.37794 3.26775e-20)
(-1.57553 -10.1704 -3.33788e-20)
(-1.29013 -9.90102 1.70625e-20)
(-2.50706 -8.91916 6.71088e-20)
(-1.97014 -9.89152 -1.35914e-19)
(-3.49727 -5.07477 -3.2285e-19)
(-3.01951 -7.18151 -3.81116e-19)
(-4.96721 -2.25087 1.65635e-18)
(-3.65364 -2.84196 -5.80814e-19)
(-10.4858 -12.6532 -8.81109e-20)
(-6.34442 -3.91918 0)
(-7.76137 -11.3321 5.35473e-18)
(0.831334 -6.81265 -1.03539e-17)
(-18.8231 -23.8325 1.34919e-20)
(-12.4867 -17.5496 -9.4973e-18)
(-30.4318 -40.5357 -1.38126e-20)
(-24.4498 -30.9659 -1.36176e-17)
(-36.699 -63.4039 8.7072e-18)
(-33.904 -49.4422 4.51365e-18)
(-16.8076 -87.0447 -4.34024e-20)
(-28.9327 -77.3998 -8.01695e-18)
(7.49579 -99.6283 1.1955e-20)
(-2.41316 -94.8291 3.19019e-18)
(12.2675 -100.966 4.96626e-20)
(0.0168163 0.00244466 -1.71945e-23)
(0.017109 -0.000185525 1.96598e-17)
(0.0212564 0.00501452 -5.28015e-18)
(0.0185905 0.00447456 0)
(0.0269357 0.00396367 5.88596e-19)
(0.0240532 0.00491293 6.00446e-18)
(0.0313125 0.000560919 0)
(0.0293792 0.00250543 -7.28523e-20)
(0.0333532 -0.00492412 0)
(0.0326352 -0.00196269 1.0826e-19)
(0.0338746 -0.0110273 7.03844e-20)
(0.0336345 -0.00806897 0)
(0.0349503 -0.0157625 -1.14774e-18)
(0.0342479 -0.013548 1.04996e-18)
(0.0364275 -0.0202527 -3.4486e-20)
(0.0357834 -0.0179057 3.46574e-20)
(0.0363246 -0.025652 0)
(0.0366645 -0.0228382 0)
(0.0338676 -0.0320067 3.05853e-19)
(0.0353895 -0.0286638 -2.73195e-19)
(0.0291553 -0.0393843 -3.37489e-20)
(0.0317605 -0.0355603 3.38836e-20)
(0.0228388 -0.0476687 -3.3572e-20)
(0.026131 -0.0433994 -6.73428e-20)
(0.0156528 -0.0572624 -1.67303e-20)
(0.0193624 -0.052272 6.70442e-20)
(0.00769136 -0.0678056 -2.08775e-21)
(0.0116944 -0.0625077 4.1789e-21)
(0.000459718 -0.0770281 4.17294e-21)
(0.00386771 -0.0727592 -4.17468e-21)
(-0.00381662 -0.0823255 -3.23173e-20)
(-0.00217097 -0.0802846 1.66886e-20)
(-0.00438273 -0.0828112 0)
(-0.00448031 -0.0831302 0)
(-0.00253078 -0.0793643 1.72524e-24)
(-0.00364579 -0.0815331 5.01274e-20)
(-5.21808e-06 -0.0735177 -6.71733e-20)
(-0.00124852 -0.0766562 -1.45349e-24)
(0.00160024 -0.0671328 -8.40971e-21)
(0.000988018 -0.0703313 -1.51444e-19)
(0.00110603 -0.0606689 1.34751e-19)
(0.00168091 -0.0638531 1.68686e-20)
(-0.0021894 -0.0536316 -1.51651e-19)
(-8.31029e-05 -0.0573556 1.34799e-19)
(-0.00965313 -0.0444852 0)
(-0.00534597 -0.0493681 8.43491e-21)
(-0.0206089 -0.0327685 -1.05572e-21)
(-0.0148591 -0.0388843 0)
(-0.0318616 -0.020237 0)
(-0.0264135 -0.0264326 0)
(-0.0398312 -0.0102979 0)
(-0.0364289 -0.014746 -8.43688e-21)
(-0.0426216 -0.00496662 0)
(-0.041907 -0.0070486 -4.2143e-21)
(-0.040943 -0.00354655 6.74293e-20)
(-0.0421675 -0.00387759 -6.95044e-20)
(-0.0379407 -0.00378815 -5.07107e-20)
(-0.0394364 -0.00363261 0)
(-0.0354947 -0.00352362 -6.91343e-20)
(-0.0366978 -0.00382502 1.79825e-20)
(-0.0323567 -0.00240338 0)
(-0.0341402 -0.00304694 1.02379e-19)
(-0.0275308 -0.00118932 2.77329e-19)
(-0.0300932 -0.00178697 0)
(-0.0217476 -0.000365868 2.22411e-18)
(-0.0246872 -0.000564792 -1.10579e-18)
(0.0270256 -0.0445636 1.0611e-18)
(-0.0189864 -0.000552729 -2.28846e-18)
(2.51639 -9.29031 1.57573e-17)
(0.013932 -0.0123953 0)
(0.0157277 -0.00910021 -7.12807e-19)
(0.0107047 -0.0188685 1.75263e-18)
(0.0124567 -0.0157666 -1.21656e-18)
(0.006532 -0.0248444 -1.39403e-19)
(0.00868134 -0.0219249 -8.51366e-19)
(0.00223217 -0.0300406 -6.83542e-20)
(0.00433405 -0.0275805 -3.44599e-19)
(-0.00107539 -0.0335458 -5.95328e-20)
(0.000420882 -0.0320501 1.36185e-19)
(-0.00300727 -0.0352119 1.37278e-19)
(-0.00221854 -0.0345714 -1.7052e-20)
(-0.00380867 -0.0355613 -1.4037e-19)
(-0.00353104 -0.0355187 -2.07988e-19)
(-0.0040824 -0.0351647 1.43743e-19)
(-0.00394079 -0.0354385 0)
(-0.00755227 -0.0341613 -1.24728e-18)
(-0.00467228 -0.0346856 0)
(-5.5269 -96.0825 0)
(-0.0124193 -0.032888 1.92576e-23)
(2.01015 -96.8498 -9.32989e-18)
(-0.0345565 -0.0223931 1.72187e-18)
(-0.0290023 -0.0258895 1.18707e-18)
(-0.0537327 -0.0207671 0)
(-0.0423671 -0.0209758 0)
(-0.087599 -0.0216917 -4.15335e-19)
(-0.0687972 -0.0210658 6.29229e-19)
(-0.140843 -0.0238372 2.71751e-19)
(-0.111119 -0.0225469 -2.74368e-19)
(-0.225664 -0.0280297 5.35655e-19)
(-0.178728 -0.0255323 -2.02367e-19)
(-0.347218 -0.0347866 1.66854e-20)
(-0.281559 -0.031137 -2.67511e-19)
(-0.527165 -0.048407 -2.67835e-19)
(-0.426331 -0.0399052 2.66546e-19)
(-0.838645 -0.0843789 5.15244e-19)
(-0.660407 -0.0633849 -5.27189e-19)
(-1.36704 -0.165042 -9.97765e-20)
(-1.06976 -0.11566 -6.63555e-20)
(-2.2369 -0.370668 -1.33795e-19)
(-1.74587 -0.241334 -6.67316e-20)
(-3.825 -1.04993 2.12651e-18)
(-2.9017 -0.59221 0)
(-6.90552 -3.88165 -3.87703e-18)
(-5.13095 -1.95955 2.07252e-18)
(-11.1529 -13.3892 6.40923e-18)
(-9.22513 -7.56993 5.03816e-21)
(-20.8849 -31.498 0)
(9.7397 -7.16592 -8.69588e-18)
(12.936 -14.0707 1.29299e-17)
(5.41464 -2.06749 0)
(7.17332 -3.80651 0)
(3.11622 -0.61532 0)
(4.12149 -1.12014 0)
(1.84217 -0.230212 2.63084e-19)
(2.38465 -0.367346 -5.29583e-19)
(1.11989 -0.106319 0)
(1.43535 -0.153418 -3.27867e-19)
(0.680538 -0.0573398 1.04831e-18)
(0.871906 -0.0765549 0)
(0.429628 -0.0361383 1.64361e-20)
(0.535919 -0.0443701 -1.04955e-18)
(0.289382 -0.0279029 7.44993e-20)
(0.35084 -0.0309466 3.30024e-20)
(0.192001 -0.0245745 -4.66707e-19)
(0.237645 -0.0258668 0)
(0.115948 -0.0222251 -1.10224e-18)
(0.150966 -0.0236054 1.03931e-18)
(0.0671854 -0.0204261 0)
(0.0878954 -0.0213536 5.77054e-19)
(0.0427966 -0.0202048 1.65797e-18)
(0.0526616 -0.0199448 1.37846e-19)
(0.0309203 -0.0257893 2.26988e-18)
(0.0357757 -0.0217094 -1.10715e-18)
(0.027124 -0.0303588 4.81567e-18)
(0.0479867 -0.107599 -1.34874e-19)
(-0.0273538 -0.0309586 0)
(0.00696146 -0.0299892 1.24253e-18)
(0.0123003 -0.0306323 0)
(0.0031506 -0.0299838 -3.45615e-18)
(0.00414804 -0.0299694 2.93643e-18)
(0.00167194 -0.0303462 1.12985e-18)
(0.00251185 -0.0301866 1.12818e-18)
(-0.0008225 -0.0301366 5.55409e-19)
(0.000565902 -0.0303837 -1.04856e-18)
(-0.00463301 -0.0286225 5.49197e-19)
(-0.0025706 -0.0295539 -1.03455e-18)
(-0.0089797 -0.0261754 -6.82754e-20)
(-0.00684729 -0.0274417 1.02591e-19)
(-0.0119414 -0.0240503 -1.03197e-19)
(-0.0107377 -0.0250253 1.70971e-20)
(-0.0128142 -0.022281 0)
(-0.0125727 -0.023234 0)
(-0.0135057 -0.0186895 -6.26247e-19)
(-0.0130742 -0.0210627 7.24613e-19)
(25.995 -33.1625 -4.23679e-18)
(-0.0142929 -0.0164761 0)
(32.068 -73.0714 9.8626e-18)
(-0.00594163 -0.00284037 -5.13443e-18)
(-1.76288 0.404625 1.67801e-20)
(1.76132 0.401545 -1.73017e-20)
(0.0735533 -0.153918 -6.66168e-19)
(-9.00983 -65.6542 -2.07125e-17)
(-0.00843679 -0.00664382 4.25882e-18)
(-0.00848777 -0.0116161 -1.27549e-17)
(-0.00630488 -0.0153204 2.38648e-18)
(-0.00584197 -0.0207759 1.80659e-20)
(-0.00531175 -0.0249774 -1.27669e-18)
(-0.0049102 -0.0274711 5.57715e-19)
(-0.00460838 -0.0289568 5.50906e-19)
(-0.00422111 -0.0298252 1.3668e-19)
(-0.00366376 -0.0305048 -1.19152e-19)
(-0.00293568 -0.0312097 0)
(-0.00206982 -0.0319422 2.38254e-19)
(-0.00114562 -0.0325851 -2.72969e-19)
(-0.000259391 -0.0329791 6.16742e-19)
(0.000532659 -0.0329837 -5.50756e-19)
(0.0011707 -0.0325397 -6.91832e-20)
(0.00164992 -0.0316389 -1.11294e-18)
(0.00206651 -0.0303827 1.12651e-18)
(0.00256929 -0.028897 0)
(0.00353451 -0.026863 1.38463e-19)
(0.00623029 -0.0250649 -2.24101e-18)
(0.00971295 -0.024049 0)
(0.0125324 -0.0228995 0)
(0.0723404 -0.131039 1.33622e-19)
(29.6215 -39.8685 -3.83309e-18)
(0.028646 -0.0171442 0)
(0.0368679 -0.0138175 -4.16161e-18)
(0.0477356 -0.0105615 -1.0434e-18)
(0.0614959 -0.00908557 1.07209e-18)
(0.0764755 -0.00824458 4.06646e-19)
(0.0948507 -0.00777227 -5.42734e-19)
(0.117951 -0.00751378 0)
(0.146487 -0.00768638 5.29827e-19)
(0.179962 -0.00773712 -5.0454e-19)
(0.217505 -0.00782205 0)
(0.258041 -0.00802901 0)
(0.302539 -0.00785861 -8.34955e-21)
(0.353722 -0.00824575 0)
(0.417473 -0.00904024 -1.08228e-18)
(0.50136 -0.010258 1.06383e-18)
(0.613982 -0.0126451 0)
(0.761848 -0.0174708 2.13364e-18)
(0.951934 -0.0255973 -2.13684e-18)
(1.19173 -0.0398503 6.70713e-20)
(1.50223 -0.063608 0)
(1.91899 -0.113015 -4.38019e-18)
(2.5265 -0.234446 4.50028e-18)
(3.46934 -0.548385 -5.76421e-19)
(4.85888 -1.20754 0)
(7.10939 -2.59202 4.7229e-18)
(11.6643 -5.90238 4.73043e-18)
(19.3932 -14.0707 -4.84805e-18)
(36.1344 -35.6429 4.09869e-18)
(-28.2443 -51.2976 -7.6581e-18)
(-21.8819 -21.2028 0)
(-12.308 -7.14058 4.23932e-18)
(-7.53524 -2.62558 4.42571e-18)
(-4.91049 -1.04755 2.23727e-18)
(-3.4768 -0.413504 -3.36038e-18)
(-2.54349 -0.166928 1.07944e-18)
(-1.9388 -0.0805347 -9.46642e-19)
(-1.5236 -0.045568 6.70437e-20)
(-1.2065 -0.0288321 -5.00876e-19)
(-0.960568 -0.0181696 5.34032e-19)
(-0.769122 -0.0120746 -5.32812e-19)
(-0.621802 -0.00907559 2.66683e-19)
(-0.511315 -0.00801844 2.66853e-19)
(-0.427067 -0.00720994 -2.66857e-19)
(-0.3595 -0.00677562 2.67309e-19)
(-0.302193 -0.00661096 1.33855e-19)
(-0.252108 -0.00678101 -1.34216e-19)
(-0.208672 -0.00719612 2.69374e-19)
(-0.171888 -0.00769236 -6.15246e-23)
(-0.141176 -0.00819021 -2.72452e-19)
(-0.115363 -0.00851664 5.48239e-19)
(-0.0932141 -0.00880858 4.82923e-19)
(-0.0739724 -0.00919854 -1.10848e-18)
(-0.0575394 -0.0098246 0)
(-0.0435835 -0.0112443 0)
(-0.0318404 -0.0139172 -3.84631e-24)
(-0.0259415 -0.019009 -2.60802e-18)
(-25.5708 -72.4676 -1.64856e-19)
(-0.0166613 -0.0230228 0)
(-0.00938648 -0.0245678 -4.23292e-23)
(-0.00664953 -0.0280931 -2.26024e-18)
(-0.00369009 -0.0308052 -1.10929e-18)
(-0.00277676 -0.0337489 9.78246e-19)
(-0.00236036 -0.0355272 0)
(-0.00218557 -0.0369479 -2.77039e-19)
(-0.0020101 -0.0380549 3.4354e-19)
(-0.00170362 -0.0386992 0)
(-0.00128578 -0.0388055 3.40033e-20)
(-0.000758673 -0.038339 8.49127e-21)
(-0.000103983 -0.0372605 -1.35817e-19)
(0.000661591 -0.0355407 1.36106e-19)
(0.00151258 -0.0332156 3.42016e-19)
(0.00242781 -0.0303729 -6.90564e-19)
(0.00335843 -0.0271448 5.60195e-19)
(0.0042773 -0.0235408 -1.1412e-18)
(0.00516494 -0.019458 3.52374e-18)
(0.00583506 -0.0146903 -2.37522e-18)
(0.00626917 -0.00978748 0)
(-3.50526 -13.0716 0)
(-0.00269547 -3.96898e-05 2.35128e-18)
(0.000635396 0.00216772 -7.16084e-24)
(0.00334668 0.00261992 2.07622e-18)
(0.00679033 0.00236495 -1.39653e-23)
(0.00992739 0.0017879 5.42724e-19)
(0.0130397 0.00123147 0)
(0.0160791 0.000741716 1.36266e-19)
(0.0191806 0.00030479 -1.6984e-19)
(0.0222678 -0.000110073 3.38763e-20)
(0.0251243 -0.000387876 -1.90126e-20)
(0.0273938 -0.000534076 1.89909e-20)
(0.0288307 -0.000563896 0)
(0.0295243 -0.00055609 0)
(0.0297875 -0.000610695 0)
(0.0300934 -0.00090244 0)
(0.0308695 -0.00158181 4.21169e-21)
(0.0323317 -0.00271367 0)
(0.0345096 -0.00434233 8.42946e-21)
(0.037336 -0.00642045 0)
(0.0406132 -0.0088243 0)
(0.0439152 -0.0113259 1.05582e-21)
(0.0467664 -0.0136975 0)
(0.0486589 -0.0158811 0)
(0.0491139 -0.0178942 -1.43394e-19)
(0.0478871 -0.0196604 -1.6721e-23)
(0.0450118 -0.0211225 1.3478e-19)
(0.0407165 -0.0223681 0)
(0.0353071 -0.0234962 0)
(0.0289459 -0.0245847 8.42008e-21)
(0.0218715 -0.0256401 1.68239e-20)
(0.0143508 -0.0267531 0)
(0.0065292 -0.0280264 0)
(-0.00141985 -0.0292029 3.34832e-20)
(-0.00914675 -0.0300538 -8.35772e-20)
(-0.0163171 -0.0305091 3.33961e-20)
(-0.0226704 -0.0306124 0)
(-0.0279888 -0.0302744 -1.04276e-21)
(-0.0320503 -0.0294445 3.33725e-20)
(-0.0348546 -0.0281665 -5.42517e-20)
(-0.0366959 -0.0265202 2.08734e-20)
(-0.0379569 -0.024623 2.08791e-20)
(-0.0388816 -0.0226236 -3.76002e-20)
(-0.0396019 -0.0206739 5.01701e-20)
(-0.04008 -0.0188644 -3.34858e-20)
(-0.0401289 -0.0171578 0)
(-0.0396754 -0.0155298 0)
(-0.0388366 -0.0139362 3.36591e-20)
(-0.0377729 -0.0123834 -3.37463e-20)
(-0.0366236 -0.0108666 -3.04538e-19)
(-0.0354517 -0.00942426 2.71534e-19)
(-0.0343219 -0.0080635 5.44579e-19)
(-0.0333048 -0.00679753 -1.09231e-18)
(-0.0324019 -0.00564428 5.4749e-19)
(-0.0314344 -0.00458791 3.43387e-20)
(-0.0300229 -0.00354503 3.44542e-20)
(-0.0278207 -0.00247725 6.91852e-20)
(-0.02472 -0.0012997 -1.18186e-18)
(-0.0209498 -4.4828e-05 1.11892e-18)
(-0.01702 0.0012534 0)
(-0.0134023 0.00247658 -3.53603e-20)
(-0.0101898 0.00348976 0)
(-0.00715747 0.00433851 7.10887e-20)
(-0.00417036 0.004938 0)
(-0.00153085 0.00517031 -1.10268e-18)
(0.000671855 0.00461198 0)
(0.00243343 0.0032798 -9.57135e-18)
(0.00405824 0.00170548 5.01387e-18)
(0.00560508 -0.000498654 -2.01303e-17)
(0.00640656 -0.00304605 -1.96609e-17)
(0.00677544 -0.00582379 -4.04072e-23)
(16.9001 -69.3104 -2.40346e-18)
(11.266 -80.4617 2.49289e-18)
(7.71626 -78.4523 7.96798e-22)
(-1.33718 -81.34 -4.78191e-18)
(-18.2707 -80.6053 -5.99535e-20)
(-26.5631 -70.7472 0)
(-29.6954 -51.9914 -4.91386e-18)
(-27.8685 -37.9876 -4.97144e-18)
(-23.1539 -28.4519 9.45107e-18)
(-15.5531 -17.9285 0)
(-10.1052 -10.6495 -1.76491e-17)
(-4.98849 -4.88277 4.437e-18)
(-1.82808 1.6875 -1.4256e-17)
(2.4319 3.95381 -4.29416e-18)
(-0.109199 7.28173 4.16736e-18)
(2.23406 11.7672 -1.07775e-18)
(0.0865438 13.3258 1.08438e-18)
(-0.547456 14.5127 0)
(-0.838089 12.6237 0)
(-1.03275 10.3721 -2.34028e-19)
(-1.12245 8.35133 2.74126e-19)
(-1.11871 6.87969 0)
(-1.04249 5.86682 0)
(-0.954846 5.23145 1.67674e-20)
(-0.8803 4.93584 0)
(-0.82875 4.8788 1.04659e-21)
(-0.801538 4.9573 0)
(-0.786503 5.09536 0)
(-0.780269 5.25734 0)
(-0.774257 5.39659 0)
(-0.761122 5.50746 2.92532e-20)
(-0.750915 5.54085 -6.71117e-20)
(-0.743185 5.51376 3.36407e-20)
(-0.743659 5.39382 -3.34938e-20)
(-0.730947 5.22182 3.3628e-20)
(-0.727132 4.92985 -3.35113e-20)
(-0.723237 4.63376 1.01872e-22)
(-0.722073 4.22028 6.74016e-20)
(-0.709289 3.81862 -3.36017e-20)
(-0.695558 3.24533 3.30157e-20)
(-0.67028 2.73376 -6.71204e-20)
(-0.67225 2.1185 4.98282e-20)
(-0.632876 1.65007 -3.35541e-20)
(-0.696165 1.06945 1.6785e-20)
(0.113805 -1.66373 7.5963e-18)
(0.055135 -1.31188 -2.78929e-18)
(15.5385 -51.2784 1.51172e-17)
(-1.28687 -96.9072 -1.00617e-19)
(-0.0157742 -0.0305843 0)
(-24.9218 -64.8905 0)
(13.8463 -14.9044 -5.13206e-20)
(1.3649 0.359673 -2.09706e-21)
(1.72263 0.166474 2.09465e-21)
(1.53843 0.343461 0)
(1.24701 0.0717908 -8.37134e-21)
(1.26173 0.728248 0)
(1.07593 0.594307 0)
(0.750955 0.549642 0)
(0.432032 0.517337 0)
(0.138342 0.505844 -5.30645e-22)
(-0.14974 0.506387 -2.08216e-21)
(-0.443713 0.517492 5.22629e-21)
(-0.762781 0.551258 6.89982e-25)
(-1.08716 0.595524 -2.09127e-21)
(-1.26757 0.73165 -4.18778e-21)
(-1.248 0.0741078 4.18438e-21)
(-1.54254 0.348426 4.18731e-21)
(-1.727 0.169765 -4.19332e-21)
(-1.36659 0.364652 0)
(-0.540225 0.438235 0)
(-1.07072 -11.9824 1.02824e-17)
(-7.96573 -72.0083 -8.25358e-20)
(-4.37093 -82.6187 1.07168e-18)
(3.54975 -82.9031 1.3387e-19)
(19.2485 -83.6824 -2.11202e-18)
(26.9041 -74.1626 -8.62453e-18)
(29.7091 -55.8666 -1.7867e-17)
(27.7724 -41.3187 4.43261e-18)
(23.6659 -30.7856 -1.29994e-17)
(15.8128 -18.0789 0)
(10.1201 -10.3895 -4.6969e-18)
(5.46675 -3.88507 -4.66892e-18)
(2.20895 2.02662 0)
(0.445797 6.04462 4.5545e-18)
(-1.02239 9.70957 0)
(-0.790893 12.8194 -1.14007e-18)
(0.0610798 13.5953 -8.4975e-19)
(0.526453 12.9843 1.17257e-18)
(0.799495 12.4463 5.63505e-19)
(1.11773 11.1148 -7.10268e-19)
(1.22271 9.18675 -2.7439e-19)
(1.16848 7.34058 2.7797e-19)
(1.02947 5.99213 1.35586e-19)
(0.912964 5.16422 -8.51316e-20)
(0.839061 4.79859 5.49121e-20)
(0.799037 4.73888 -4.23294e-21)
(0.783618 4.83832 0)
(0.77823 5.00721 -4.18406e-20)
(0.777301 5.20052 3.37013e-20)
(0.773569 5.36588 0)
(0.759931 5.49482 0)
(0.749534 5.53742 0)
(0.742236 5.51326 -5.24277e-22)
(0.742737 5.39144 5.24327e-22)
(0.730164 5.21633 -5.24377e-22)
(0.726516 4.92215 3.35108e-20)
(0.723026 4.62565 -6.7128e-20)
(0.722289 4.21343 3.36138e-20)
(0.709711 3.81455 -3.35278e-20)
(0.696 3.24354 3.3336e-20)
(0.670558 2.73483 3.35382e-20)
(0.672632 2.11946 -3.46285e-20)
(0.632971 1.65087 5.24271e-22)
(0.69603 1.06826 0)
(0.540114 0.434648 0)
(-1.44667 -87.2906 -4.9021e-18)
(0.109478 -59.6711 7.87475e-18)
(-0.0308467 -1.2744 1.89005e-18)
(-0.112209 -1.69187 3.81973e-18)
(18.5282 -18.9626 2.89104e-18)
(1.47431 -98.1706 7.74218e-18)
(3.50507 -74.2731 -4.29176e-18)
(3.35566 -44.6093 8.12463e-18)
(0.0216141 -0.0224452 0)
(0.0230002 -1.71949 -7.64007e-18)
(1.59121 -6.57155 -5.25962e-18)
(-21.9228 -92.7932 3.36392e-19)
(0.0245814 0.00101214 4.63299e-18)
(0.99002 -1.46019 0)
(-0.0133168 -0.00401056 1.871e-17)
(0.0200428 -0.0149159 2.24193e-17)
(-7.23988 -50.7982 0)
(-4.84226 -6.53196 -2.41595e-17)
(-0.00223474 6.50347e-05 2.39993e-17)
(0.028771 -0.00577306 1.16271e-17)
(-19.1808 -82.4634 -3.41503e-17)
(0.0255916 -0.0261637 -1.02633e-17)
(-2.0338 -4.43545 0)
(-1.99533 -3.96706 1.37543e-17)
(1.27407 -32.1339 0)
(-0.066642 -0.470185 -9.90505e-18)
(-7.28587 -10.1889 -1.73637e-17)
(-3.3405 -4.66638 2.37864e-17)
(-17.068 -26.1364 2.37822e-17)
(-1.29325 -1.87663 -1.02381e-17)
(0.0229922 -0.00502186 -2.73878e-17)
(-0.76893 -1.76754 -5.83925e-18)
(-0.426767 -1.7308 0)
(-0.904031 -1.29012 -1.133e-17)
(7.76133 -33.5889 2.84318e-19)
(-0.0122439 -0.0166492 0)
(0.0987211 -0.217787 0)
(-0.285647 -0.467717 0)
(-3.42563 -27.856 0)
(-0.0607403 -0.0201074 -1.13447e-17)
(4.08886 -8.51965 0)
(11.1461 -16.4791 7.06871e-18)
(-13.6981 -16.3919 -1.01091e-17)
(2.44734 -4.81095 -1.7281e-17)
(-0.0140112 -0.010519 2.42538e-17)
(14.3317 -15.948 0)
(0.0239144 -0.0787088 1.10912e-17)
(0.655046 -0.952823 -1.17785e-17)
(0.0171202 -0.0286688 0)
(0.777947 -82.3032 -2.85569e-17)
(-0.0194225 -0.0299989 9.7583e-18)
(-5.20146 -99.4601 2.86251e-17)
(0.0126398 -0.881712 1.53982e-17)
(23.1568 -30.6268 0)
(-23.9372 -80.4945 1.90937e-17)
(-3.69555 -5.09512 -1.85775e-17)
(4.91063 -61.1148 -3.71192e-19)
(0.0356863 -0.00717998 0)
(-4.89058 -73.1331 1.09836e-17)
(-10.0534 -11.8316 1.18422e-17)
(-1.61596 -6.26214 -2.28206e-20)
(-21.8465 -21.0554 -2.48553e-17)
(1.44389 -3.28939 -4.16542e-18)
(0.0208373 -0.492076 0)
(-0.0145357 -0.01234 3.57063e-17)
(0.0350555 -0.415047 1.09318e-17)
(0.0554958 -0.0379485 -2.17058e-17)
(0.808793 -1.70821 -5.66342e-18)
(0.0186554 -0.0389165 1.30447e-17)
(-0.0451157 -0.141437 2.3369e-17)
(0.105039 -0.335443 0)
)
;

boundaryField
{
    wall
    {
        type            noSlip;
    }
    outlet
    {
        type            zeroGradient;
    }
    frontAndBackPlanes
    {
        type            empty;
    }
}


// ************************************************************************* //
