/*--------------------------------*- C++ -*----------------------------------*\
| =========                 |                                                 |
| \\      /  F ield         | OpenFOAM: The Open Source CFD Toolbox           |
|  \\    /   O peration     | Version:  2212                                  |
|   \\  /    A nd           | Website:  www.openfoam.com                      |
|    \\/     M anipulation  |                                                 |
\*---------------------------------------------------------------------------*/
FoamFile
{
    version     2.0;
    format      ascii;
    arch        "LSB;label=32;scalar=64";
    class       volVectorField;
    location    "0.81";
    object      U;
}
// * * * * * * * * * * * * * * * * * * * * * * * * * * * * * * * * * * * * * //

dimensions      [0 1 -1 0 0 0 0];

internalField   nonuniform List<vector> 
2308
(
(-178.085 449.46 -1.85423e-16)
(14.5393 -21.8192 0)
(165.309 466.49 1.19007e-17)
(242.8 508.576 -4.83658e-17)
(9.84133 542.054 0)
(48.5091 546.199 -2.36256e-18)
(-46.6387 553.082 5.45687e-19)
(-50.4011 544.771 -7.60701e-17)
(-3.15235 538.519 1.38305e-16)
(13.8238 587.789 -1.48929e-17)
(16.5194 585.296 2.58259e-17)
(16.4211 581.775 -3.86931e-17)
(14.3147 580.238 1.9836e-17)
(14.5668 577.327 -9.73142e-18)
(13.4195 575.184 1.72761e-18)
(13.7892 572.305 1.49183e-17)
(12.9087 570.078 2.68508e-18)
(-3.25716 568.166 4.56173e-18)
(-4.47848 570.902 6.07774e-18)
(-3.17582 573.186 4.45805e-19)
(-4.10011 576.167 3.18875e-18)
(-2.17313 578.18 -9.80192e-18)
(-2.86431 581.25 1.18679e-17)
(0.354235 582.698 -5.81441e-18)
(0.33904 585.762 -2.3171e-17)
(-2.06556 588.073 -1.06718e-17)
(4.12179 589.677 5.6669e-18)
(5.29344 592.02 -6.09173e-18)
(-27.4181 552.811 0)
(12.4678 567.194 -4.23992e-17)
(6.0264 594.069 3.18047e-19)
(6.46321 595.991 8.04479e-20)
(7.1773 597.852 -1.34358e-18)
(7.49996 599.682 1.30674e-18)
(8.22139 601.488 -1.32203e-18)
(8.5634 603.184 1.27828e-18)
(9.23535 604.876 -6.07961e-19)
(9.58348 606.457 6.2452e-19)
(10.2254 607.978 -5.95318e-19)
(10.5478 609.469 3.19529e-19)
(11.0658 610.825 6.04791e-19)
(11.3245 612.191 8.76126e-19)
(11.6207 613.387 -1.76519e-18)
(11.7314 614.549 1.17918e-18)
(11.7978 615.674 5.71364e-19)
(19.0419 615.619 -5.88856e-19)
(19.7718 614.315 5.79266e-19)
(20.0189 613.429 -8.90447e-19)
(20.7076 612.041 -9.91435e-19)
(20.8378 610.957 1.47398e-18)
(21.4523 609.449 -3.02563e-19)
(21.4033 608.157 6.19855e-19)
(21.8346 606.527 1.75168e-19)
(21.7263 605.08 -9.19312e-19)
(22.0437 603.327 -3.30382e-19)
(21.7388 601.755 6.24162e-19)
(22.0326 599.912 0)
(21.5827 598.242 -7.88305e-20)
(21.805 596.346 -2.7507e-18)
(21.3152 594.573 -9.66747e-18)
(21.8742 592.477 1.09853e-17)
(22.4475 590.254 1.23123e-17)
(29.4 588.35 1.30663e-17)
(28.4753 586.254 2.57106e-19)
(31.6685 583.97 1.58114e-17)
(30.2085 581.791 -2.92356e-17)
(29.6531 579.89 -6.86952e-18)
(29.0911 577.384 0)
(28.7874 574.95 0)
(28.2588 572.228 0)
(27.5508 569.693 0)
(11.6489 616.689 -2.94615e-19)
(18.3825 616.198 2.89116e-19)
(-21.7027 570.178 -2.09607e-17)
(-21.798 573.181 -4.21034e-19)
(-21.0378 575.559 1.63245e-18)
(-20.4936 578.383 0)
(-19.1653 580.467 -3.04201e-18)
(-18.4884 583.089 -2.94726e-18)
(-17.0584 584.956 1.45524e-18)
(-17.7406 587.347 5.7428e-18)
(-14.9623 589.506 0)
(-13.6805 591.47 -1.69659e-20)
(-12.7293 593.467 1.00927e-20)
(-12.3398 595.137 -1.30753e-18)
(-11.5196 597.065 1.94531e-18)
(-11.1773 598.728 -4.97635e-20)
(-10.3088 600.508 -1.14536e-18)
(-9.86701 602.229 0)
(-8.92361 603.85 -1.57064e-19)
(-8.51522 605.497 9.20365e-19)
(-7.52021 607.051 -1.22744e-18)
(-7.14407 608.552 2.13606e-20)
(-6.18261 610.007 1.21758e-18)
(-5.84605 611.436 0)
(-4.97324 612.773 1.18233e-18)
(-4.66558 614.117 -4.85667e-21)
(-3.94802 615.373 -5.93321e-19)
(-6.90147 565.908 -1.88082e-17)
(-3.63504 616.541 -5.77861e-19)
(9.95007 564.819 1.92077e-17)
(26.205 566.936 2.83313e-20)
(29.8225 613.427 -5.96181e-19)
(31.5703 614.106 7.37646e-19)
(33.1605 612.611 0)
(34.2047 612.206 -2.30407e-19)
(35.1172 610.485 5.18769e-19)
(35.884 609.811 6.12628e-19)
(36.6423 608.07 -6.0352e-19)
(37.1701 607.267 0)
(37.75 605.459 -1.56176e-19)
(38.0885 604.448 3.15449e-19)
(38.3965 602.533 3.54045e-21)
(38.4292 601.337 -3.13872e-19)
(38.6807 599.317 0)
(38.5691 597.938 5.09129e-19)
(38.8983 595.815 -1.951e-18)
(38.9598 594.228 -1.37939e-18)
(39.91 591.947 5.51611e-18)
(41.2764 590.086 2.09297e-17)
(45.4187 587.623 1.60967e-18)
(46.0066 585.195 1.54566e-17)
(48.6978 583.2 -6.83839e-18)
(47.7273 580.694 0)
(48.3969 578.698 0)
(47.6323 575.88 0)
(48.3056 573.498 2.50488e-17)
(47.4647 570.416 -2.79933e-17)
(47.0917 567.83 3.03952e-17)
(-72.151 540.29 -5.80975e-17)
(71.9522 544.841 0)
(47.4925 550.931 0)
(55.0368 549.175 0)
(-36.7016 566.868 4.31474e-17)
(-35.9799 570.492 1.16357e-17)
(-35.7995 573.713 -9.96782e-20)
(-34.4551 576.561 -1.9251e-19)
(-33.6389 579.008 1.98403e-19)
(-31.9797 581.728 1.55149e-18)
(-31.0904 583.659 -2.89531e-18)
(-29.7428 586.328 2.94995e-20)
(-29.0541 587.9 0)
(-27.5359 590.495 6.23971e-18)
(-25.9197 592.087 4.07962e-18)
(-24.9817 594.303 -6.50043e-19)
(-23.9865 595.852 6.6019e-19)
(-23.3048 597.805 0)
(-22.6325 599.396 0)
(-21.6922 601.287 -7.99207e-20)
(-21.2873 602.815 0)
(-19.9576 604.736 4.70395e-19)
(-19.741 606.132 -4.53367e-21)
(-18.2077 607.989 -3.12141e-19)
(-18.0289 609.278 0)
(-16.6881 610.947 -2.89997e-19)
(-16.3639 612.169 4.51594e-19)
(-15.1752 613.685 -7.39732e-19)
(-14.6457 614.741 0)
(-13.5416 616.076 -1.18163e-18)
(-12.5105 616.781 2.88997e-19)
(-10.3171 617.417 -1.08058e-21)
(-2.8728 617.659 0)
(11.4223 617.625 -1.44921e-19)
(16.823 617.103 -4.71247e-19)
(-33.2076 543.126 6.46457e-17)
(27.282 614.515 3.61364e-20)
(-91.1343 533.379 -1.91854e-16)
(-121.624 519.895 -4.63326e-17)
(23.6702 564.318 0)
(-56.8102 532.568 6.45011e-17)
(-10.7547 544.765 -1.27967e-16)
(-7.78515 562.704 7.12597e-18)
(45.2096 564.693 -4.55616e-17)
(-8.53891 617.092 -2.91308e-19)
(-2.01793 617.973 -2.88457e-19)
(10.6564 618.075 -3.64077e-20)
(15.3708 616.743 5.79132e-19)
(24.3182 613.489 3.64279e-20)
(20.8417 608.995 0)
(30.9996 611.85 3.32269e-19)
(35.7354 612.184 5.97325e-19)
(39.163 612.75 -1.47386e-19)
(41.8375 611.863 -5.99235e-19)
(44.0305 611.863 -6.75463e-19)
(45.664 610.421 9.00809e-19)
(47.0061 609.813 3.08397e-19)
(48.0582 608.137 -6.13068e-19)
(49.0629 607.417 4.58338e-19)
(50.1242 605.652 -1.34023e-19)
(50.9295 604.805 0)
(51.9737 602.942 0)
(52.7163 601.856 0)
(53.8105 599.711 6.60805e-19)
(54.4086 598.323 -3.10239e-19)
(55.4853 595.95 2.58216e-20)
(56.2234 594.303 -2.68164e-18)
(57.6289 591.759 0)
(59.2673 589.854 -2.97841e-18)
(61.9262 587.085 3.00002e-18)
(63.4041 585.044 6.28807e-18)
(65.4828 582.333 3.34033e-18)
(65.6367 580.122 1.36481e-17)
(66.6794 577.401 -1.30806e-17)
(66.3465 574.852 0)
(67.1732 571.906 3.43802e-18)
(66.4296 569.064 -6.85925e-18)
(66.1171 566.007 -1.41316e-17)
(-41.6421 560.44 6.79884e-18)
(-103.527 484.182 0)
(21.4148 545.151 -9.9784e-20)
(-77.774 544.006 8.35198e-17)
(-75.2067 547.974 -1.70697e-17)
(-70.8785 552.41 1.91213e-17)
(-67.7405 556.293 -3.24933e-18)
(-65.2329 560.151 7.28325e-18)
(-63.0923 563.42 -3.12408e-18)
(-61.0242 566.642 0)
(-59.0154 569.933 -3.12329e-18)
(-58.606 573.012 -3.12254e-18)
(-56.6546 575.966 0)
(-55.6264 578.65 0)
(-53.8729 581 1.82964e-19)
(-52.5177 583.661 -1.64461e-18)
(-51.263 585.511 0)
(-49.6915 588.003 0)
(-48.4332 589.589 -2.14711e-18)
(-46.4065 591.812 -1.3685e-18)
(-45.3819 593.414 2.72479e-18)
(-43.8041 595.313 6.78712e-19)
(-42.9796 596.957 1.64771e-19)
(-41.7099 598.458 6.4104e-19)
(-40.7458 600.429 -7.37848e-19)
(-39.7029 601.486 0)
(-38.5848 603.703 -3.15288e-19)
(-37.5667 604.52 0)
(-36.2245 606.698 0)
(-35.1937 607.529 0)
(-33.6606 609.6 -1.22315e-18)
(-32.2637 610.253 0)
(-30.6708 612.345 -6.8186e-19)
(-28.8556 612.553 1.13468e-19)
(-26.4114 614.515 2.35349e-18)
(-23.5681 613.345 0)
(-20.2759 614.723 -1.24415e-18)
(-16.2502 613.232 1.89067e-20)
(-192.286 405.872 0)
(-73.0302 533.664 1.0877e-16)
(39.284 469.121 2.37305e-16)
(248.326 496.768 0)
(51.0059 546.952 -3.92082e-17)
(-102.528 527.192 2.16983e-16)
(42.847 562.205 -1.61526e-18)
(-26.0991 559.549 1.51056e-17)
(-22.8093 585.106 -6.36207e-20)
(12.3292 599.874 -2.93024e-19)
(32.5456 603.49 3.91767e-19)
(43.7779 606.539 0)
(49.1564 606.41 0)
(53.5431 607.136 4.04614e-20)
(56.2917 605.974 -1.58205e-19)
(59.1399 606.06 -5.40563e-19)
(60.7705 604.481 3.79545e-20)
(62.8785 603.869 -8.17517e-20)
(64.1166 602.048 -9.88433e-20)
(65.8785 601.184 4.42965e-19)
(67.3599 599.228 5.04545e-20)
(68.991 598.138 -3.20725e-19)
(70.6682 596.128 0)
(71.9532 594.839 1.35554e-18)
(73.5099 592.736 3.07096e-20)
(74.5194 591.199 6.94437e-18)
(76.0903 588.981 -5.53701e-18)
(77.2493 587.196 0)
(79.2506 584.854 6.16308e-18)
(80.5938 582.879 -1.88064e-17)
(82.0251 580.485 9.40268e-18)
(82.9175 578.323 1.32427e-17)
(83.8624 575.731 6.25619e-19)
(84.0935 573.224 -1.28481e-17)
(84.9867 570.278 1.37169e-17)
(84.7232 567.406 1.49456e-17)
(84.4975 564.317 -1.28896e-17)
(63.7413 563.149 -2.9659e-17)
(-35.0581 528.99 -2.05476e-18)
(-176.123 495.874 -7.225e-18)
(-94.0676 541.292 -1.4182e-17)
(-90.8607 546.862 -1.8385e-18)
(-87.9271 551.215 -5.4789e-18)
(-84.1553 556.127 -1.78059e-18)
(-81.7428 559.909 0)
(-78.9068 564.071 3.26575e-18)
(-77.332 567.108 -1.55592e-18)
(-75.6831 570.705 -1.50703e-18)
(-74.2998 573.45 8.31e-19)
(-73.2191 576.577 7.78537e-19)
(-71.2192 579.264 1.47994e-18)
(-70.1746 581.603 0)
(-68.0456 584.141 1.46126e-18)
(-66.9607 586.03 -1.39673e-18)
(-64.6778 588.309 -2.24739e-20)
(-63.3213 590.078 -4.17502e-18)
(-61.3068 591.943 3.35168e-19)
(-59.725 593.71 -1.69393e-18)
(-58.1883 595.332 0)
(-56.6295 597.177 -5.28381e-19)
(-55.4011 598.563 5.20195e-20)
(-53.7362 600.849 7.29936e-19)
(-52.6001 601.848 0)
(-51.0935 604.301 0)
(-49.7915 605.088 -1.93542e-20)
(-48.5887 607.407 -6.03124e-19)
(-47.0966 607.99 6.23412e-19)
(-45.6954 610.211 7.50407e-19)
(-43.7463 610.418 -1.54256e-19)
(-41.4893 612.255 4.39631e-19)
(-38.5612 611.766 -1.50206e-19)
(-34.9567 612.963 -1.14933e-18)
(-30.4536 611.411 1.30648e-18)
(-24.1772 611.974 2.79127e-18)
(-12.1471 607.716 1.5287e-18)
(8.64996 603.777 0)
(-10.6233 613.909 -5.85793e-19)
(-5.69064 617.488 3.02862e-20)
(-0.877774 618.178 6.56898e-19)
(10.0567 618.162 2.18822e-19)
(13.1199 617.26 -2.8448e-19)
(19.8085 613.772 6.5633e-19)
(2.61151 604.032 -5.62492e-19)
(-61.4469 557.632 -4.82245e-19)
(44.836 482.6 -7.67153e-17)
(-146.058 474.718 -2.29139e-17)
(-229.308 246.325 -4.83812e-17)
(-93.8586 525.629 -9.91335e-17)
(-139.505 478.863 -6.08027e-17)
(118.063 530.752 2.05632e-17)
(82.5058 561.32 0)
(61.8829 560.145 5.8806e-17)
(-53.5153 525.601 1.62509e-16)
(-77.8078 525.288 6.34371e-17)
(-95.464 498.684 -8.09578e-17)
(6.97225 546.283 1.30884e-16)
(-118.116 534.559 0)
(-114.298 541.115 1.84659e-18)
(-111.087 546.874 -4.28117e-19)
(-107.331 552.392 -7.89807e-18)
(-104.374 556.962 1.70446e-18)
(-102.096 561.409 0)
(-99.297 565.119 5.32032e-20)
(-98.0634 568.619 -3.77852e-19)
(-95.2928 571.854 0)
(-94.3488 574.581 -7.31926e-19)
(-91.2978 577.792 -7.39758e-19)
(-89.756 579.919 0)
(-87.0247 582.528 1.76066e-19)
(-84.9839 584.434 -1.63108e-19)
(-82.5295 586.393 1.72447e-19)
(-79.8057 588.514 2.59687e-18)
(-77.7082 590 0)
(-74.7533 592.283 3.37935e-19)
(-73.0357 593.337 -1.67912e-19)
(-70.3989 595.9 4.12931e-20)
(-68.7338 596.718 1.22415e-19)
(-66.3193 599.263 -7.31153e-19)
(-64.3383 600.008 0)
(-62.1382 602.519 1.60728e-19)
(-59.7693 603.077 3.14777e-19)
(-57.7754 605.412 3.05333e-19)
(-54.8706 605.6 2.40807e-20)
(-52.3106 607.73 -1.54131e-19)
(-48.7873 606.909 -4.95846e-19)
(-44.828 608.676 -3.09951e-19)
(-39.8513 607.173 -3.70957e-19)
(-33.1929 608.226 0)
(-20.1243 603.529 -1.17747e-18)
(1.83491 600.29 -1.14888e-18)
(39.9177 581.54 -7.72904e-19)
(70.0375 556.427 -2.35072e-18)
(93.5595 549.323 8.4705e-19)
(45.7123 585.003 -9.44964e-19)
(0.191391 609.583 0)
(-3.16041 616.8 2.9223e-19)
(0.0301671 618.088 2.87456e-19)
(9.16586 618.171 -5.61133e-19)
(11.0748 616.61 6.03353e-19)
(10.8293 610.563 3.06511e-20)
(-28.741 589.509 -4.09508e-19)
(-86.0231 543.145 1.30638e-18)
(-99.0017 539.51 -1.24157e-18)
(-96.5698 538.641 1.53693e-19)
(-80.7124 539.165 -1.75798e-19)
(-56.2958 551.642 3.02359e-19)
(-15.701 579.984 -8.60366e-19)
(20.4402 596.404 3.3668e-19)
(42.7494 599.042 0)
(55.6283 603.499 5.20378e-20)
(62.113 602.961 5.74215e-19)
(66.6838 604.575 -7.82012e-20)
(69.9261 602.633 2.00294e-19)
(73.3171 603.348 -3.38981e-22)
(75.4323 601.212 8.18103e-20)
(78.134 601.005 -3.95037e-20)
(79.7742 598.671 2.87494e-19)
(81.9654 598.287 -9.68297e-19)
(83.6509 595.939 -1.73617e-20)
(85.504 595.495 6.46288e-19)
(87.3695 593.103 -6.68938e-19)
(88.9827 592.412 -5.45162e-18)
(91.2459 589.869 5.53365e-18)
(92.8378 588.669 0)
(95.6081 585.857 -1.17232e-17)
(97.4972 584.205 8.91635e-18)
(99.907 581.225 -9.12744e-18)
(101.953 579.027 0)
(104.007 575.795 0)
(105.464 573.137 0)
(107.42 569.556 -1.58041e-18)
(108.308 566.504 2.61198e-19)
(108.743 562.823 2.73219e-17)
(-22.076 527.647 -7.07309e-17)
(80.1891 558.208 3.01869e-17)
(57.0575 557.196 -2.71277e-17)
(-45.9767 556.985 3.60666e-18)
(-75.7844 521.58 7.93941e-17)
(-103.231 513.183 7.10012e-17)
(-114.935 513.221 5.94042e-18)
(-123.708 511.214 -6.86225e-17)
(-206.465 469.785 -5.49364e-17)
(-121.151 527.78 -4.64195e-17)
(-144.287 518.852 1.57645e-17)
(-141.585 526.828 -4.76103e-18)
(-136.866 534.472 -7.50054e-18)
(-133.374 541.452 0)
(-129.419 547.752 6.89685e-18)
(-125.815 553.147 0)
(-123.443 558.002 0)
(-120.185 562.677 1.58857e-18)
(-118.177 565.991 3.8969e-19)
(-115.179 570.367 0)
(-113.157 572.549 7.26167e-19)
(-110.434 576.495 -3.03334e-20)
(-107.863 578.313 -1.52611e-20)
(-105.512 581.826 7.03759e-19)
(-102.75 583.194 7.92934e-19)
(-101.018 586.196 -7.73928e-19)
(-98.116 587.582 -1.40792e-18)
(-96.5338 589.769 4.26291e-20)
(-93.704 591.484 -2.47902e-19)
(-92.017 593.201 8.61322e-20)
(-89.4483 595.099 3.26266e-19)
(-87.5036 596.57 -2.45306e-19)
(-85.1822 598.384 3.19382e-19)
(-82.7155 599.933 -8.65412e-21)
(-80.017 601.844 -7.70806e-19)
(-76.97 602.952 3.09872e-19)
(-73.7083 604.504 3.12992e-19)
(-70.3683 603.35 -4.386e-19)
(-65.6254 605.656 6.56027e-19)
(-59.9169 602.651 6.10056e-19)
(-51.1 604.415 0)
(-36.2863 597.975 2.32921e-18)
(-10.2778 595.972 6.56761e-19)
(31.625 575.312 3.39126e-19)
(61.2686 550.211 0)
(86.2105 545.573 0)
(94.8286 545.677 1.09721e-18)
(97.6244 546.417 -9.63481e-21)
(98.5669 548.825 -2.16715e-19)
(103.113 549.224 2.03217e-19)
(76.2292 560.684 0)
(20.8679 605.607 0)
(1.8805 616.33 -1.39595e-19)
(1.50757 618.208 4.35894e-19)
(8.08768 618.077 0)
(6.88576 616.204 -2.85671e-19)
(-6.85796 606.465 -2.93283e-19)
(-65.6125 562.301 7.86546e-19)
(-100.26 542.337 -4.23507e-19)
(-99.4841 541.001 1.26571e-18)
(-90.3756 541.797 1.99694e-19)
(-92.7617 538.895 2.15912e-19)
(-93.7241 536.468 4.3417e-19)
(-93.8352 534.077 0)
(-91.7916 532.944 -1.55971e-19)
(-78.0322 532.857 -4.16233e-20)
(-51.5532 542.152 2.08166e-19)
(-11.0022 571.534 -1.31388e-19)
(29.3082 591.168 -1.07863e-19)
(54.4403 592.759 -7.06184e-19)
(69.557 598.389 1.57915e-19)
(77.7142 597.131 -4.05527e-19)
(82.9509 599.413 2.01523e-19)
(87.0293 597.263 -7.94729e-20)
(90.6278 597.7 0)
(93.2891 595.469 0)
(96.2598 595.053 0)
(97.9523 592.69 -3.34056e-19)
(100.811 591.863 0)
(102.808 589.349 -2.07798e-20)
(105.737 588.271 2.70821e-18)
(108.325 585.63 -1.44033e-18)
(111.408 584.35 2.78425e-18)
(114.563 581.466 8.831e-18)
(117.661 579.79 8.15714e-20)
(120.587 576.743 -2.98383e-18)
(123.445 574.572 -6.2125e-18)
(125.812 571.351 1.22696e-17)
(127.497 568.779 -6.07126e-18)
(129.563 565.234 8.32016e-20)
(130.12 562.2 3.43715e-18)
(130.987 558.602 9.1987e-19)
(107.744 559.725 -3.99439e-17)
(-36.1082 521.086 -7.47571e-17)
(-6.66039 527.231 1.44562e-16)
(246.603 236.293 0)
(105.336 556.174 -2.94178e-17)
(-156.691 499.175 1.17798e-16)
(-150.125 490.206 -7.20408e-17)
(-135.058 496.427 -1.29196e-16)
(54.3543 553.82 -9.19291e-18)
(-54.3206 549.096 -9.02595e-18)
(-29.5294 556.35 -3.56635e-18)
(76.231 555.293 4.70366e-19)
(-89.5876 515.001 -8.07514e-17)
(-127.668 496.195 7.45964e-17)
(98.381 551.269 -2.07939e-19)
(106.023 549.815 -2.0209e-19)
(99.7791 553.439 0)
(58.5329 585.36 -1.48592e-19)
(13.248 611.918 1.78748e-19)
(3.51537 617.437 -1.37766e-19)
(6.59935 617.563 1.378e-19)
(-2.7447 612.524 3.4885e-19)
(-41.088 589.915 -2.94687e-19)
(-89.6681 549.003 8.93411e-19)
(-103.511 543.222 -1.20061e-18)
(-99.1237 543.108 0)
(-88.606 543.642 -1.28784e-20)
(-77.3914 544.95 0)
(-78.7373 543.32 -1.30934e-18)
(-80.7854 540.817 4.39977e-19)
(-82.8924 538.667 0)
(-85.8525 535.467 0)
(-87.9405 532.139 1.11215e-19)
(-88.7882 528.873 -1.32068e-20)
(-88.2349 527.241 0)
(-76.1828 525.412 -7.46888e-20)
(-49.23 533.013 6.29506e-20)
(-9.68204 562.376 1.64878e-19)
(33.4299 585.059 1.42938e-19)
(62.1375 586.203 1.6633e-19)
(80.1398 592.574 1.60159e-21)
(90.2315 591.091 -3.37779e-19)
(95.7403 593.866 8.90113e-20)
(100.769 591.155 3.35845e-19)
(104.597 592.249 8.09546e-20)
(108.254 589.576 -1.7451e-19)
(111.908 589.304 3.37823e-19)
(114.733 586.713 -1.01674e-18)
(118.126 586.05 -1.3773e-18)
(120.98 583.293 6.83931e-19)
(124.503 582.44 -1.40124e-18)
(127.62 579.621 0)
(131.28 578.582 -4.35571e-18)
(134.406 575.64 8.85388e-18)
(138.304 574.225 0)
(141.196 570.805 0)
(144.656 568.614 0)
(147.575 564.301 2.32182e-18)
(150.551 561.415 1.64013e-19)
(153.146 556.32 1.53964e-19)
(129.513 555.366 -2.66431e-17)
(35.775 539.539 -6.93918e-17)
(-53.9847 518.301 4.3876e-18)
(258.319 456.804 6.07965e-17)
(85.513 525.01 0)
(-170.741 516.676 -3.62552e-18)
(-165.333 526.333 0)
(-160.212 533.641 0)
(-155.425 540.646 1.62984e-18)
(-150.244 546.416 -3.31234e-18)
(-146.256 550.953 0)
(-141.252 555.936 1.56606e-18)
(-137.416 559.01 0)
(-132.808 563.072 -3.80838e-19)
(-128.745 565.949 3.66568e-19)
(-124.496 569.131 -1.86719e-18)
(-120.137 571.954 1.48036e-20)
(-116.416 574.573 -7.29012e-19)
(-112.401 577.672 1.43884e-18)
(-109.802 579.34 1.06244e-18)
(-106.376 582.547 -1.05996e-18)
(-103.996 583.738 0)
(-101.224 586.879 -6.40551e-21)
(-98.5594 587.832 -5.19379e-19)
(-96.1651 590.794 0)
(-92.7326 591.819 0)
(-90.6726 594.426 1.6958e-19)
(-86.3661 595.076 4.97426e-19)
(-83.4646 597.631 -3.24281e-19)
(-78.6245 597.582 3.2866e-19)
(-74.0528 599.872 -6.53991e-19)
(-67.7991 598.857 -1.53542e-19)
(-57.2283 599.027 -1.25938e-18)
(-41.0474 593.242 6.4114e-19)
(-15.5502 590.332 0)
(27.545 567.48 -1.27292e-18)
(57.2731 542.234 -6.46663e-19)
(80.6501 540.755 0)
(88.2166 541.871 8.529e-19)
(89.6166 543.386 2.94338e-20)
(89.3251 546.779 1.26344e-18)
(88.5557 549.878 1.24521e-18)
(86.5129 552.249 0)
(84.977 554.149 -3.98349e-19)
(18.4129 520.243 -7.40073e-17)
(-25.4719 518.639 -1.46168e-16)
(-35.8318 577.308 1.61694e-17)
(73.2983 551.996 -2.90539e-17)
(-113.491 501.97 1.33064e-16)
(101.731 553.329 -1.25233e-18)
(-66.3039 545.42 2.20282e-19)
(-66.7667 544.222 1.1043e-18)
(-67.8047 542.206 -8.87048e-19)
(-68.9194 540.433 0)
(-70.8123 537.971 0)
(-73.2162 535.583 0)
(-76.9969 532.014 0)
(-80.9816 527.368 2.37947e-19)
(-83.0518 523.265 -1.10456e-19)
(-83.7998 520.48 6.12113e-20)
(-76.3187 518.73 -3.64247e-19)
(-47.9833 520.522 2.86149e-19)
(-12.0592 550.991 9.47158e-20)
(39.2283 576.872 -1.46074e-19)
(70.251 578.052 0)
(91.4128 585.431 3.69009e-21)
(104.503 584.337 -8.78933e-20)
(112.456 587.364 8.02317e-20)
(119.57 584.786 1.63609e-19)
(124.35 586.857 -1.94846e-19)
(128.867 584.136 1.92394e-19)
(133.101 583.401 -5.08628e-19)
(137.068 580.499 -1.04643e-18)
(140.751 579.365 6.78345e-19)
(144.313 575.999 0)
(148.024 574.126 -1.08674e-20)
(152.105 570.354 -4.43907e-18)
(156.268 567.506 3.65195e-18)
(161.025 563.562 -7.4949e-19)
(165.609 559.952 0)
(171.039 555.635 -7.63382e-19)
(176.011 551.059 1.0771e-17)
(181.438 545.668 -5.82953e-18)
(154.765 552.705 2.38491e-17)
(48.6045 539.684 1.46529e-16)
(-77.5683 511.276 5.16652e-18)
(83.096 556.908 -9.17244e-20)
(95.6576 554.329 5.99716e-19)
(106.937 552.11 9.81675e-20)
(108.923 553.118 0)
(86.1982 562.151 -1.52919e-19)
(32.8562 605.609 2.12545e-19)
(8.86333 615.451 -2.09484e-19)
(3.08843 616.308 -5.49073e-19)
(-18.3814 607.33 5.56807e-19)
(-74.1252 563.926 0)
(-103.41 547.866 -4.0713e-19)
(-104.393 544.593 1.22117e-18)
(-97.2021 545.67 -8.45128e-19)
(-86.8917 545.996 -4.32326e-19)
(-76.0781 547.147 6.47673e-19)
(-65.9214 547.258 -8.57989e-19)
(57.774 532.726 1.40476e-16)
(-155.399 471.685 -6.04099e-17)
(-164.071 469.069 6.3685e-17)
(-173.993 468.972 1.27825e-16)
(-192.375 474.074 5.50652e-17)
(18.8514 549.959 -2.54103e-18)
(62.4316 542.507 3.85741e-17)
(-56.4064 112.416 0)
(254.437 491.847 0)
(-201.801 507.707 0)
(-194.387 518.941 8.43156e-19)
(-186.833 527.773 -1.63032e-18)
(-181.095 534.537 8.05119e-20)
(-174.66 540.98 4.85885e-18)
(-170.115 545.401 -3.17312e-18)
(-164.999 550.901 1.89027e-20)
(-160.578 554.638 1.49937e-18)
(-156.633 559.073 -2.62258e-18)
(-152.097 562.401 4.23507e-19)
(-148.634 565.674 1.48339e-18)
(-144.018 569.245 -3.61633e-19)
(-140.625 571.382 3.42033e-19)
(-135.839 575.416 -1.05394e-18)
(-131.912 577.14 3.52494e-19)
(-127.669 580.549 1.01649e-18)
(-123.432 582.033 -6.83071e-19)
(-119.814 584.688 6.80298e-19)
(-115.425 586.23 2.52423e-19)
(-111.714 588.281 5.73212e-19)
(-106.979 589.674 -7.53522e-19)
(-102.265 590.602 4.98913e-19)
(-96.7893 590.886 -9.1112e-19)
(-89.6036 590.923 -6.74738e-19)
(-80.6411 590.708 6.70742e-19)
(-66.9703 589.363 3.16814e-19)
(-43.004 585.474 -5.20594e-19)
(-15.3803 582.379 0)
(34.0641 558.749 -1.07039e-18)
(56.9236 531.956 4.57517e-19)
(82.7129 533.518 -8.51565e-19)
(83.6404 534.742 -1.22123e-18)
(83.0818 537.565 -8.35762e-19)
(81.5136 541.922 -1.67022e-18)
(78.093 545.852 4.13968e-19)
(74.923 548.853 -4.25159e-19)
(73.6027 551.252 -8.29308e-19)
(72.4922 553.867 0)
(72.3416 555.08 0)
(71.9126 556.667 0)
(-42.6808 557.689 0)
(127.64 551.923 -1.80661e-18)
(69.7207 548.502 1.4255e-16)
(33.9117 512.361 6.98891e-17)
(-43.9781 513.404 7.69414e-17)
(-1.8838 516.323 1.40466e-16)
(37.3057 545.858 -7.06551e-17)
(-107.451 513.901 -2.19287e-17)
(-212.747 411.439 0)
(39.6866 549.453 -7.9143e-17)
(98.0568 549.757 -3.07933e-17)
(185.999 539.636 -1.10879e-17)
(6.84808 552.58 -2.00193e-16)
(15.9504 505.1 9.22954e-17)
(263.823 430.757 6.53951e-17)
(-197.686 424.519 -1.27543e-17)
(-56.8726 545.533 -4.33857e-19)
(-56.4411 543.972 -1.09469e-19)
(-55.9413 543.226 -3.18335e-19)
(-55.4002 541.913 -1.04056e-20)
(-54.807 540.474 0)
(-54.5067 539.115 0)
(-54.4091 537.686 0)
(-55.3484 535.823 -5.78498e-20)
(-57.6675 533.384 -7.51399e-20)
(-62.5114 529.978 6.7713e-20)
(-68.1951 524.779 -6.19237e-20)
(-72.2918 518.543 1.41706e-19)
(-74.4285 514.479 -1.61418e-19)
(-74.3278 512.07 0)
(-45.3697 509.577 0)
(-18.1098 542.262 0)
(36.1194 567.011 0)
(66.4116 571.911 0)
(92.4285 576.214 0)
(110.565 577.592 -5.34014e-20)
(123.621 578.31 1.64851e-19)
(131.333 575.742 0)
(138.817 577.116 -4.59414e-19)
(143.387 573.977 7.84623e-19)
(148.881 572.701 7.02361e-19)
(153.015 568.108 0)
(159.096 566.489 2.19378e-18)
(163.271 561.267 -2.2449e-18)
(169.37 559.85 -7.39468e-19)
(173.866 554.548 1.53416e-18)
(180.019 552.692 -2.26817e-18)
(185.493 547.217 1.11905e-18)
(191.548 544.292 -3.01736e-18)
(198.503 538.473 7.37126e-19)
(205.1 533.916 2.33666e-17)
(65.4974 536.714 7.52446e-17)
(-187.965 432.333 1.16209e-16)
(-189.359 435.641 6.34785e-17)
(71.5536 558.189 0)
(81.8561 559.537 3.16925e-21)
(93.6415 557.347 -2.03566e-19)
(106.161 554.499 -1.02687e-19)
(112.212 553.749 -2.37113e-20)
(108.144 555.674 2.54557e-20)
(65.104 586.258 0)
(15.2142 609.911 0)
(-1.66329 612.869 2.16438e-19)
(-48.1353 592.075 -8.94726e-19)
(-98.2191 552.145 8.5366e-19)
(-107.045 547.435 0)
(-104.231 545.905 -8.3666e-19)
(-95.8818 547.104 8.37738e-19)
(-85.4061 547.456 2.09378e-19)
(-75.1661 548.457 2.15232e-19)
(-65.7603 548.35 0)
(-57.2974 546.486 0)
(-36.8616 547.881 0)
(-179.495 448.64 6.33211e-17)
(-182.264 443.508 0)
(-192.423 445.601 -1.2575e-16)
(-206.527 438.829 6.60737e-17)
(-224.098 445.095 1.06245e-16)
(53.0749 534.881 -1.31069e-17)
(-70.8147 495.835 7.04335e-17)
(-235.547 472.473 1.0248e-18)
(-226.481 488.522 -1.51054e-17)
(-218.221 501.922 6.02758e-18)
(-207.76 512.733 -7.11502e-18)
(-199.39 521.328 -2.89531e-18)
(-190.825 528.643 4.25208e-18)
(-184.022 534.27 7.83644e-19)
(-177.434 539.191 -4.05572e-18)
(-171.518 544.18 2.42635e-18)
(-166.366 547.743 0)
(-161.219 552.387 -1.91481e-18)
(-156.623 555.014 1.18711e-18)
(-152.001 559.461 1.88421e-18)
(-147.229 562.074 3.50582e-19)
(-142.812 566.04 -1.49318e-18)
(-137.845 569.139 -7.40613e-19)
(-133.537 572.385 0)
(-128.769 575.774 0)
(-124.102 577.539 -1.72266e-19)
(-118.859 580.374 -8.40454e-20)
(-113.198 580.594 8.78467e-19)
(-106.78 582.827 1.8096e-19)
(-98.9285 582.918 -5.90244e-19)
(-86.9471 584.084 -2.3098e-20)
(-70.3432 579.813 0)
(-42.0726 578.303 0)
(-13.1144 566.588 -9.42202e-19)
(30.9347 540.562 1.09506e-18)
(51.3758 524.469 -4.77255e-19)
(76.4353 527.5 -1.53601e-19)
(76.5175 529.691 4.51103e-19)
(74.9497 532.824 4.5667e-19)
(70.8493 538.395 2.66654e-18)
(66.0034 541.659 0)
(62.3676 544.36 1.29796e-18)
(59.6589 546.803 -1.28967e-18)
(58.2138 548.946 8.34254e-19)
(58.2717 550.088 -8.47246e-19)
(59.1674 551.554 8.49297e-19)
(59.9487 552.729 0)
(60.2196 555.008 0)
(60.1774 557.029 -4.05434e-19)
(72.0762 528.567 1.41599e-16)
(154.598 547.599 -2.52191e-17)
(-162.319 457.729 -6.30083e-17)
(89.1351 511.105 1.43847e-16)
(76.568 509.131 -4.55457e-18)
(59.251 504.398 1.48293e-16)
(121.996 549.363 2.81161e-17)
(-63.8032 508.552 -1.53907e-16)
(18.237 509.604 0)
(-24.4744 508.736 0)
(-176.601 448.205 -1.38535e-17)
(132.562 410.788 -9.02039e-17)
(83.0714 532.056 6.85662e-18)
(36.3282 554.28 -1.20147e-16)
(238.304 511.969 -1.28127e-17)
(78.7938 537.15 -8.73214e-17)
(-0.9809 580.844 0)
(10.4972 564.792 -8.84487e-18)
(229.36 521.77 0)
(220.594 526.613 3.99412e-19)
(212.955 535.605 7.52397e-19)
(204.319 539.742 2.78281e-19)
(198.164 546.913 4.80829e-20)
(190.576 549.741 0)
(184.849 554.071 9.55948e-19)
(177.643 556.133 -9.64634e-19)
(170.371 556.683 3.66618e-19)
(161.969 558.723 -7.34574e-19)
(151.537 558.615 1.63123e-19)
(142.206 561.762 0)
(127.243 560.134 3.58331e-19)
(110.366 564.385 -2.50588e-19)
(91.4489 556.921 2.16772e-19)
(52.9852 560.076 -3.77593e-19)
(8.93538 539.145 4.94687e-19)
(-35.6392 513.232 5.80601e-20)
(-62.0649 497.578 -2.63053e-19)
(-80.8489 502.134 1.19908e-19)
(-77.4891 504.896 -1.36069e-19)
(-69.1309 510.926 0)
(-59.7718 518.693 6.39341e-20)
(-49.6291 523.521 -3.1622e-20)
(-43.7128 526.983 -1.16451e-19)
(-40.6995 528.53 1.03525e-19)
(-40.8333 530.003 1.45601e-20)
(-42.124 530.416 -5.95022e-20)
(-44.0592 531.149 0)
(-45.8781 531.981 0)
(-47.0667 533.667 -2.29402e-19)
(-48.1081 535.043 1.25076e-18)
(-48.8569 536.765 -2.20167e-19)
(-49.3748 538.108 0)
(-49.7298 539.791 8.79838e-19)
(-49.9816 540.826 -2.975e-21)
(-90.1799 514.2 6.52771e-17)
(60.0039 559.552 4.10755e-19)
(70.4994 560.67 0)
(79.9361 562.639 -9.60517e-20)
(91.0521 560.882 1.00825e-19)
(103.598 558.23 2.4705e-19)
(112.107 555.331 -1.97396e-19)
(115.12 554.885 4.84393e-20)
(95.0411 562.623 1.00923e-19)
(35.8618 600.998 5.11367e-19)
(-17.6515 607.156 -7.87313e-19)
(-82.7271 562.475 -8.67565e-19)
(-107.884 549.193 7.4044e-19)
(-108.369 548.332 -1.00928e-19)
(-103.303 548.332 2.04275e-19)
(-94.1904 549.448 -8.30775e-19)
(-84.0618 549.532 -2.15113e-19)
(-74.3181 550.356 8.40356e-19)
(-65.6673 549.917 0)
(-57.6748 547.839 4.24766e-19)
(-50.2046 542.415 -2.16208e-19)
(80.5672 531.417 7.285e-17)
(188.968 533.539 -2.0807e-17)
(104.982 509.754 -7.20847e-17)
(-57.352 534.878 0)
(-27.4471 557.428 0)
(-9.77927 586.779 -1.34761e-17)
(2.26901 590.831 -3.02947e-18)
(17.7919 581.613 -4.44777e-18)
(52.9524 560.993 -2.00792e-17)
(106.055 508.228 1.61141e-17)
(162.21 451.844 9.14339e-18)
(254.644 454.322 0)
(-168.053 431.071 -1.05419e-17)
(105.187 379.229 1.36793e-17)
(5.02882 425.892 7.59499e-17)
(38.1347 441.651 -7.32552e-17)
(113.08 496.342 -7.08522e-17)
(97.8755 499.488 0)
(81.6844 495.8 0)
(118.797 545.868 6.22506e-17)
(93.4119 522.153 1.40487e-16)
(-205.114 413.492 -1.53838e-17)
(-181.023 422.249 6.29852e-17)
(-172.945 392.69 -7.59341e-17)
(-188.856 382.962 0)
(-208.153 370.868 -1.57e-16)
(-226.52 370.279 8.37425e-17)
(-236.278 428.165 -1.04467e-16)
(-113.493 164.703 -9.66151e-17)
(-247.884 414.807 1.79252e-17)
(-250.075 440.975 -1.92528e-17)
(-245.201 463.848 7.69717e-18)
(-240.189 481.68 -7.59577e-18)
(-233.098 497.601 0)
(-225.741 508.963 -4.22584e-19)
(-216.685 520.073 -6.06046e-19)
(-208.313 527.785 2.35989e-18)
(-200.149 534.102 7.21711e-19)
(-192.644 539.485 -3.8494e-18)
(-185.666 543.477 1.55245e-18)
(-179.01 547.648 1.86458e-18)
(-172.743 550.481 -1.51613e-18)
(-166.576 553.047 9.38234e-19)
(-160.058 555.881 -9.43718e-19)
(-152.881 556.245 -3.8204e-19)
(-145.275 559.973 1.10482e-18)
(-137.154 559.459 2.0943e-19)
(-129.112 564.112 7.47938e-19)
(-120.444 563.207 -7.63022e-19)
(-111.149 567.582 0)
(-98.3395 566.756 -2.04803e-19)
(-86.6593 570.336 -8.61476e-20)
(-66.7587 564.742 -1.0781e-18)
(-38.429 567.319 8.29821e-19)
(3.7463 546.974 -1.44547e-19)
(34.9694 520.165 9.81192e-19)
(61.3859 516.469 -1.80583e-18)
(70.5771 520.081 9.13848e-19)
(68.1745 522.128 4.4243e-19)
(64.2888 526.385 2.21771e-19)
(57.6597 533.019 -4.36623e-19)
(51.07 538.072 1.36351e-18)
(47.5248 541.476 -1.3419e-18)
(45.5301 542.467 -4.54759e-19)
(45.5748 543.994 -1.32045e-18)
(46.4811 544.737 1.69669e-18)
(48.4503 544.704 -1.30315e-18)
(50.0908 545.291 8.43051e-19)
(50.9638 547.814 -1.69057e-18)
(51.4293 550.26 0)
(51.9509 552.733 8.27992e-19)
(52.563 554.343 -4.34948e-19)
(52.8645 556.212 -4.18422e-19)
(191.251 423.116 -1.70463e-16)
(185.191 415.323 8.59792e-17)
(187.57 401.412 -8.74495e-17)
(-85.7465 523.166 2.86056e-17)
(124.532 340.655 -1.15031e-16)
(148.889 545.11 0)
(132.264 488.147 -2.21429e-17)
(147.434 324.729 -1.24735e-16)
(-169.761 444.632 5.58698e-17)
(-4.6221 504.251 2.2712e-16)
(-46.4598 503.171 -1.53258e-16)
(42.8688 500.74 -7.14543e-17)
(180.553 444.658 0)
(138.974 474.817 -8.06387e-17)
(153.213 470.071 7.63196e-17)
(16.6066 525.438 -3.25177e-17)
(180.376 443.405 -8.24851e-17)
(-141.267 479.978 7.18918e-18)
(191.444 432.826 -1.79867e-17)
(-77.7218 480.462 -6.299e-17)
(80.2059 328.305 5.28304e-17)
(47.7008 403.199 1.09677e-16)
(192.511 434.266 1.78192e-17)
(146.496 457.976 -2.95896e-17)
(71.829 543.917 0)
(242.085 504.855 -8.6891e-19)
(233.355 509.882 -5.02845e-19)
(225.43 516.552 1.58357e-18)
(215.328 521.734 -7.22023e-19)
(205.936 526.739 -9.07599e-19)
(195.254 532.285 1.12893e-19)
(184.304 536.578 -7.54846e-19)
(173.203 541.69 1.0758e-19)
(158.338 544.374 3.88905e-19)
(140.938 544.984 0)
(122.772 546.003 -3.59522e-19)
(104.321 543.29 0)
(65.0253 538.869 -3.39998e-19)
(35.0488 532.285 2.3926e-20)
(-10.5611 514.73 0)
(-35.1485 484.613 0)
(-59.278 489.284 -2.58214e-19)
(-58.9183 493.798 4.80992e-19)
(-53.4879 499.465 -8.94817e-21)
(-43.8971 507.825 -2.66216e-19)
(-31.6708 516.142 2.38755e-20)
(-24.1354 519.042 2.67317e-19)
(-21.7622 522.919 -4.51122e-19)
(-23.7307 524.206 4.58966e-19)
(-26.1347 524.415 -2.23922e-19)
(-28.5628 524.458 8.94331e-22)
(-32.1849 524.269 -2.36432e-19)
(-34.9385 524.677 2.66462e-19)
(-36.355 525.862 -5.89962e-20)
(-37.1145 528.245 5.84176e-20)
(-37.3922 530.264 -1.1747e-19)
(-37.8545 532.326 -4.59145e-19)
(-38.0358 533.982 -9.05625e-19)
(-38.4874 535.761 4.60177e-19)
(-38.7564 537.181 6.77188e-19)
(-39.3535 538.648 -4.41137e-19)
(-39.563 539.988 0)
(-156.917 213.535 0)
(-136.057 238.823 1.06965e-16)
(-123.222 264.638 -2.00374e-16)
(-65.1573 321.815 -8.1052e-18)
(-75.5872 397.204 7.73257e-17)
(-113.884 437.113 -6.37306e-17)
(-18.9805 539.495 3.04619e-17)
(94.7606 531.567 7.12857e-17)
(211.07 525.466 9.56182e-17)
(125.345 495.887 0)
(183.855 443.358 7.8847e-17)
(150.067 407.48 2.3819e-17)
(-140.762 441.125 -4.68437e-17)
(194.099 425.723 8.7408e-17)
(117.251 480.322 -5.11717e-18)
(8.88173 558.635 -2.13248e-17)
(-105.1 503.322 8.92144e-18)
(-36.414 516.11 4.7607e-17)
(-52.465 540.326 0)
(103.522 523.128 -1.34622e-16)
(-44.4818 552.724 -2.56385e-17)
(-180.564 429.639 -5.98784e-17)
(-156.133 442.681 3.77613e-17)
(-142.235 457.818 5.54537e-17)
(53.2848 557.096 -8.10066e-19)
(60.09 560.697 4.0724e-19)
(69.7688 562.251 1.95867e-19)
(78.5782 564.641 -1.97087e-19)
(89.587 562.995 -9.57907e-20)
(101.971 559.865 5.4211e-19)
(111.591 557.9 -3.95039e-19)
(116.132 555.581 -2.29757e-22)
(108.229 557.949 -9.26904e-20)
(62.7362 577.543 7.93755e-20)
(-34.863 589.777 7.69111e-20)
(-101.229 556.227 8.11725e-19)
(-111.63 549.385 -1.67611e-19)
(-108.163 549.293 -7.07647e-19)
(-101.756 549.137 8.20995e-19)
(-92.8953 550.462 -8.27679e-19)
(-82.8998 550.547 1.26279e-18)
(-73.7929 551.29 -1.67037e-18)
(-65.7054 550.666 1.04508e-19)
(-57.9635 548.504 -4.33011e-19)
(-50.2941 543.277 1.31188e-18)
(-40.0401 541.218 -1.30957e-18)
(-15.8289 573.593 4.21225e-17)
(-8.11574 586.377 -3.82746e-17)
(-3.66911 594.407 1.7943e-17)
(0.74828 594.722 -8.92402e-18)
(8.09571 591.741 7.99664e-19)
(24.5671 575.771 3.44071e-17)
(183.555 441.938 -1.50221e-17)
(181.389 531.776 5.36759e-17)
(112.801 512.425 -6.46997e-17)
(194.376 385.898 -2.22226e-18)
(182.368 312.347 0)
(246.811 386.352 -3.18981e-17)
(153.877 440.742 8.56739e-17)
(-152.752 429.098 1.99643e-17)
(-26.6663 497.811 -2.23107e-16)
(106.152 515.634 0)
(128.594 447.539 -5.72786e-17)
(65.5959 491.848 0)
(-140.192 465.858 1.56058e-17)
(145.935 540.099 -6.11081e-17)
(-161.67 430.751 0)
(-124.148 476.97 3.49057e-17)
(22.6413 495.178 -2.2815e-16)
(-137.462 207.02 -5.90001e-17)
(-192.641 325.338 2.99261e-17)
(-221.623 370.147 -2.32265e-17)
(-234.398 397.325 2.03955e-17)
(-239.392 422.438 0)
(-237.735 443.329 -1.13636e-18)
(-235.759 463.474 0)
(-232.336 479.468 -2.53127e-19)
(-227.974 492.26 -2.22164e-19)
(-220.528 503.229 0)
(-212.109 512.446 4.61934e-19)
(-202.711 519.555 1.19024e-18)
(-193.047 526.045 -1.65006e-18)
(-183.338 530.606 -5.78087e-19)
(-173.453 535.642 5.80132e-19)
(-164.035 538.999 -9.83653e-19)
(-154.666 543.2 -3.905e-20)
(-143.84 545.65 1.01344e-18)
(-131.486 548.009 7.91604e-19)
(-119.302 550.254 -9.74032e-19)
(-105.624 550.938 0)
(-88.7446 552.656 -8.40861e-19)
(-75.7118 552.255 9.4138e-19)
(-44.4317 549.421 9.07047e-20)
(-24.4425 545.176 0)
(11.8289 527.601 1.58047e-19)
(31.5966 507.645 0)
(57.2599 509.967 9.54766e-20)
(56.9985 512.383 0)
(54.1866 516.513 -1.14781e-19)
(48.5965 522.88 0)
(40.861 529.328 0)
(33.4101 533.477 -1.11969e-20)
(29.7468 536.248 -1.11759e-18)
(29.7461 538.741 4.57781e-19)
(31.8698 540.215 4.41482e-19)
(34.4692 539.993 4.1842e-19)
(36.6415 539.595 4.12839e-19)
(40.0628 538.515 4.39473e-19)
(42.5559 539.112 8.48699e-19)
(42.9246 541.281 -4.65984e-19)
(43.1443 545.093 -3.30454e-20)
(43.5508 548.044 -1.71737e-18)
(43.9212 550.678 7.64136e-21)
(43.9624 552.704 0)
(43.706 554.126 0)
(43.5986 554.693 0)
(-143.717 436.497 2.48884e-16)
(-19.3382 530.828 -4.3946e-17)
(-95.6911 577.715 2.6941e-18)
(159.25 470.484 -4.24175e-18)
(49.5398 419.811 -4.56576e-18)
(172.788 444.604 8.19564e-17)
(-203.733 422.82 1.77277e-17)
(155.108 169.426 -5.10535e-17)
(-19.7106 547.04 5.89669e-17)
(-178.465 449.194 1.29919e-17)
(124.424 522.779 -5.62377e-17)
(-174.121 507.259 -6.69488e-17)
(-66.1194 104.656 -1.46745e-18)
(-68.5752 115.892 -1.33821e-16)
(-73.6885 130.022 -1.27154e-16)
(-79.1406 151.182 2.49336e-16)
(-37.7643 218.006 -1.06617e-16)
(6.68923 330.6 0)
(-12.8147 422.911 1.32155e-17)
(-24.1817 466.395 -1.53495e-16)
(-133.807 483.454 5.11978e-17)
(-53.0242 486.765 -7.43644e-17)
(208.623 334.532 4.77097e-18)
(180.082 275.606 6.17002e-17)
(236.908 410.019 -8.3967e-17)
(-215.989 302.782 1.30087e-16)
(241.157 461.207 3.36814e-17)
(231.072 469.806 -1.09161e-18)
(223.712 480.499 1.36443e-18)
(215.106 487.876 1.02981e-19)
(204.758 496.255 -1.74908e-18)
(194.054 502.147 1.47621e-18)
(178.894 508.354 1.47077e-20)
(167.237 513.181 8.04015e-19)
(145.617 517.006 -8.93415e-19)
(128.14 521.224 1.98617e-19)
(93.2262 524.904 0)
(49.293 521.474 0)
(19.753 519.146 3.95877e-19)
(-18.4657 506.611 5.94357e-19)
(-39.6447 481.057 2.71343e-19)
(-66.3274 483.896 -4.21685e-19)
(-67.9054 487.623 -2.78634e-20)
(-59.0626 492.388 2.34784e-19)
(-45.7266 500.761 -2.69816e-19)
(-32.0243 508.429 -1.53456e-20)
(-17.8852 512.082 0)
(-12.9678 515.474 0)
(-14.0684 515.667 -1.45687e-20)
(-15.7508 515.523 -2.92225e-20)
(-19.2929 515.043 -1.5002e-20)
(-24.3458 514.288 2.3091e-19)
(-28.4949 514.283 -2.54192e-19)
(-31.0254 514.015 -2.27394e-19)
(-32.2541 515.424 7.72697e-21)
(-32.427 517.702 2.76589e-19)
(-31.7361 520.645 -1.75415e-19)
(-31.3888 522.476 4.16043e-19)
(-31.3308 524.574 -4.37538e-21)
(-31.6308 525.731 2.32758e-19)
(-32.0729 527.555 0)
(-32.7238 528.393 -4.58502e-19)
(-33.3029 529.987 -4.54084e-19)
(-34.0741 530.743 0)
(-34.6374 532.358 0)
(-35.4628 533.118 4.45846e-19)
(195.905 432.294 3.50588e-17)
(198.697 425.77 1.75858e-17)
(173.163 428.185 -4.33691e-17)
(80.2976 524.886 -8.65345e-17)
(130.722 499.158 1.32516e-17)
(-23.173 608.42 -3.34069e-18)
(76.1123 116.7 1.24033e-16)
(63.4708 186.306 0)
(-5.22677 303.615 1.03069e-16)
(6.71485 523.78 -6.70165e-17)
(3.25824 475.043 7.65522e-17)
(24.2824 496.643 6.61306e-17)
(18.2527 561.384 -6.1708e-17)
(-64.6036 107.024 -1.79843e-16)
(258.497 488.056 0)
(204.083 524.34 0)
(134.327 495.688 -7.41651e-17)
(193.179 444.714 1.45264e-16)
(225.861 297.594 0)
(239.566 295.407 1.63465e-16)
(115.057 409.556 -2.61506e-17)
(-98.8119 395.798 1.22937e-17)
(-172.366 428.937 -6.23106e-17)
(-53.5367 491.279 3.00971e-16)
(29.8586 556.299 7.16385e-17)
(-110.864 499.848 -5.33437e-17)
(84.015 540.388 0)
(-76.715 511.79 0)
(-38.6922 510.953 -5.77345e-17)
(183.962 426.029 -8.67929e-17)
(102.317 474.599 7.72098e-17)
(-96.39 470.888 -2.07122e-18)
(138.968 537.384 -2.87706e-18)
(124.586 529.701 3.57715e-17)
(262.492 382.034 -8.15404e-17)
(160.281 188.544 -1.07028e-16)
(34.4961 546.024 4.21951e-17)
(61.9264 538.25 -2.1056e-17)
(94.0315 498.728 3.48115e-17)
(-230.328 345.972 -9.4383e-17)
(-131.547 182.434 1.57871e-16)
(-38.1313 550.878 -1.02927e-17)
(-20.3903 584.288 7.33173e-18)
(-7.99887 591.553 0)
(-3.34062 595.29 1.54848e-17)
(-0.766475 596.602 -3.11424e-18)
(1.6546 596.473 0)
(3.95131 595.27 -3.64156e-19)
(11.9206 590.091 0)
(35.6095 568.929 8.22764e-18)
(131.776 508.508 -5.99839e-17)
(179.169 526.107 5.04477e-18)
(44.4836 487.126 1.52541e-16)
(1.0817 488.584 -1.37283e-17)
(114.854 452.644 8.90492e-18)
(-37.1819 535.732 1.61621e-16)
(144.413 193.229 0)
(-86.3344 137.326 1.11037e-17)
(-86.1303 183.826 2.30021e-17)
(-129.115 259.711 -3.77898e-18)
(-169.315 320.055 0)
(-197.654 367.777 -5.42713e-18)
(-206.218 399.329 4.82923e-18)
(-210.924 429.146 3.48598e-18)
(-207.765 451.671 -1.91417e-18)
(-205.941 469.62 9.93207e-19)
(-199.997 481.45 -9.85597e-19)
(-192.811 492.57 1.05509e-18)
(-182.267 500.686 -5.11653e-19)
(-171.803 508.9 0)
(-160.459 514.787 4.27987e-19)
(-146.635 521.174 4.95621e-19)
(-132.348 525.49 -2.81657e-19)
(-117.572 529.496 -5.51685e-19)
(-101.035 532.833 -1.98004e-19)
(-77.815 533.878 9.3755e-19)
(-59.8646 534.663 -8.98518e-19)
(-29.738 532.475 0)
(-14.7745 530.778 0)
(12.882 524.293 -1.67069e-19)
(27.4748 512.668 -6.37738e-20)
(45.6979 509.493 -1.00854e-18)
(50.8611 511.187 9.10054e-19)
(45.7947 513.291 9.26482e-19)
(39.3483 516.719 -9.97145e-19)
(30.2706 524.265 -9.04211e-19)
(22.4135 529.47 9.56838e-19)
(17.8353 532.169 0)
(18.054 535.13 0)
(19.6935 535.373 -1.01873e-19)
(21.2724 535.476 5.38988e-19)
(23.5618 534.702 -4.34742e-21)
(27.4133 534.396 -6.83456e-19)
(30.296 533.724 4.41539e-19)
(32.5242 533.163 -4.55492e-19)
(33.8112 534.362 4.65293e-19)
(33.3765 535.927 -4.4821e-19)
(32.5891 538.969 1.33548e-18)
(32.506 541.934 8.66822e-19)
(32.9147 544.524 -8.91574e-19)
(33.1437 546.873 4.3462e-19)
(33.3303 549.201 -8.56247e-19)
(33.4001 550.893 2.36656e-21)
(33.4983 552.027 7.21793e-21)
(33.6567 552.776 8.20123e-19)
(43.2789 555.454 1.51332e-19)
(53.3513 558.315 4.61681e-19)
(59.925 561.911 0)
(69.1063 563.712 3.88025e-19)
(77.2252 566.717 -3.91366e-19)
(87.5602 565.556 0)
(100.076 562.99 3.00773e-21)
(109.159 559.993 2.42422e-20)
(115.407 557.064 6.89301e-19)
(114.141 555.201 -7.50077e-19)
(85.9642 563.169 -6.71966e-19)
(-55.9508 573.577 1.5211e-18)
(-114.45 549.355 -1.46583e-18)
(-111.498 549.622 7.45228e-19)
(-107.053 551.014 0)
(-100.45 551.401 -1.84009e-18)
(-91.4167 552.562 1.63998e-18)
(-81.9764 552.406 6.23452e-19)
(-73.3347 552.973 9.39455e-19)
(-65.6975 552.096 -1.14542e-18)
(-58.1493 549.864 0)
(-50.3392 544.868 -2.17891e-19)
(-40.0852 542.46 9.80456e-19)
(-35.9117 534.666 -1.10452e-18)
(208.495 379.944 -8.09185e-17)
(-104.152 437.677 7.91987e-18)
(-30.9619 523.085 1.24576e-16)
(-100.911 496.676 6.66685e-17)
(131.913 451.071 -7.32835e-17)
(-22.8805 63.5008 0)
(-99.2418 495.937 0)
(-222.3 410.296 -4.44084e-17)
(-1.73193 554.857 2.27396e-16)
(112.655 542.647 -3.33032e-17)
(-24.5793 56.6774 -1.28714e-16)
(-24.2193 62.7212 -2.9164e-19)
(-19.5399 54.659 -7.40429e-19)
(-17.6259 52.4612 1.23471e-16)
(-38.7778 79.2596 -1.18907e-16)
(-17.9821 127.041 0)
(15.0443 302.773 1.83888e-16)
(23.1175 426.819 8.2701e-17)
(-33.4535 488.026 0)
(-22.3414 531.293 -5.89678e-17)
(23.2539 554.995 7.84695e-17)
(-6.10152 533.344 -1.3428e-16)
(3.88194 545.168 1.26624e-16)
(237.954 508.194 0)
(170.339 469.744 -7.28307e-18)
(232.396 274.926 1.65469e-16)
(45.8191 321.078 2.05128e-18)
(-137.486 455.943 3.64612e-17)
(36.8434 559.18 8.36918e-17)
(-55.5905 532.547 -7.71604e-17)
(13.2934 546.519 -6.07219e-17)
(-8.85549 506.317 -2.22727e-17)
(154.1 443.721 8.85707e-17)
(-36.7766 494.563 3.95906e-17)
(133.947 532.269 -3.67304e-17)
(51.2849 508.167 -7.10189e-17)
(267.482 379.592 7.44533e-17)
(11.6551 489.874 0)
(-23.8071 411.509 -8.40368e-17)
(-10.2046 240.418 -9.64138e-18)
(5.00328 104.942 -1.26943e-16)
(10.2678 73.8537 0)
(15.4107 59.9376 0)
(34.3523 95.7895 3.40733e-16)
(54.0885 88.6856 -2.52528e-16)
(-203.038 401.4 -1.48795e-17)
(-241.562 448.607 -1.61251e-17)
(154.779 474.93 -1.54546e-17)
(186.735 449.253 -1.1143e-17)
(198.244 422.317 -3.60733e-17)
(205.795 412.684 7.70985e-17)
(192.203 403.05 3.10503e-17)
(109.511 486.263 0)
(138.886 516.293 1.17266e-16)
(170.942 524.346 -1.18921e-16)
(-170.517 8.90296 0)
(23.488 478.553 3.03239e-16)
(-66.1588 526.254 7.86834e-18)
(-22.6819 555.842 -1.00418e-17)
(-11.8951 582.007 0)
(-6.31682 592.664 0)
(-2.48207 596.265 -1.14483e-17)
(-1.01293 597.843 -2.72051e-18)
(-0.181558 597.648 8.67981e-18)
(1.07521 597.418 -1.43226e-18)
(2.2517 596.782 -1.1608e-17)
(5.21323 594.271 1.27727e-17)
(14.6973 585.923 -2.79809e-17)
(36.0267 553.526 3.05112e-17)
(-4.35653 534.702 -9.83643e-17)
(62.1538 458.014 0)
(266.551 442.764 0)
(-115.476 490.839 1.81321e-16)
(23.011 553.317 3.5402e-17)
(154.074 457.273 -1.59626e-17)
(-42.2678 537.172 0)
(-23.7777 64.7547 -3.88544e-17)
(-38.3781 88.7226 3.8428e-17)
(-32.4037 99.625 -1.75177e-17)
(-35.0767 128.909 0)
(-48.9362 169.254 0)
(-83.7698 226.59 1.74969e-18)
(-111.584 278.36 -7.86575e-20)
(-140.903 341.231 -1.28413e-18)
(-144.602 381.936 8.05345e-20)
(-148.323 420.366 -7.50315e-20)
(-134.631 441.529 -5.66216e-19)
(-129.235 460.15 7.00662e-20)
(-114.379 472.513 0)
(-103.729 482.76 3.02456e-19)
(-92.8201 491.902 1.54791e-18)
(-78.4935 496.596 -1.48913e-18)
(-65.0163 503.019 -8.22188e-19)
(-49.5564 503.408 -1.61383e-19)
(-33.7153 500.21 8.60836e-19)
(-18.1804 500.81 -1.05225e-18)
(-5.55441 500.417 9.57669e-19)
(7.36633 502.004 -1.02961e-18)
(12.6109 501.866 1.03712e-18)
(20.9745 504.931 1.13606e-19)
(17.8825 508.51 5.85529e-20)
(14.5513 512.575 -2.93879e-20)
(10.6873 517.292 -9.29544e-19)
(4.21086 519.493 9.68414e-19)
(3.16957 522.105 -8.80481e-19)
(5.58525 523.362 8.24509e-19)
(8.0373 523.883 1.09898e-20)
(11.7162 524.078 -9.35865e-19)
(14.9482 523.595 -5.80781e-20)
(20.1188 521.982 1.73091e-18)
(22.9148 522.592 -1.78318e-18)
(24.5667 522.239 8.38396e-19)
(27.0931 522.531 -2.27728e-19)
(27.7189 523.162 4.50334e-19)
(27.5986 524.503 -4.72433e-19)
(26.6154 525.866 7.03019e-19)
(25.4711 527.679 4.68548e-19)
(25.2355 529.358 -4.81271e-19)
(25.0618 531.455 -1.40304e-18)
(25.4873 532.882 9.26612e-19)
(25.9978 534.268 -4.56995e-19)
(26.8459 535.133 1.36611e-18)
(27.6116 536.476 -4.50397e-19)
(28.3685 537.093 9.14767e-21)
(28.6103 538.129 -2.14519e-19)
(28.8489 538.758 -5.81609e-20)
(33.8762 553.438 -3.92146e-19)
(43.1796 556.094 -5.01453e-21)
(53.3858 559.023 0)
(60.2875 562.592 3.88444e-19)
(69.5676 564.255 3.26168e-19)
(77.2648 567.411 -1.59135e-18)
(86.4262 566.766 7.76029e-19)
(98.695 564.258 7.73279e-19)
(107.736 561.95 -1.58829e-18)
(113.793 557.65 1.5201e-18)
(108.929 553.799 5.36613e-20)
(85.4798 543.716 -1.60957e-18)
(-58.3061 541.165 1.03694e-18)
(-108.682 545.894 -7.33762e-19)
(-110.014 549.34 8.18469e-19)
(-105.843 551.731 0)
(-98.8978 551.949 0)
(-90.225 553.169 -2.03079e-19)
(-81.096 553.16 -1.03816e-18)
(-73.0794 553.708 7.18904e-19)
(-65.8072 552.765 2.1036e-19)
(-58.3098 550.498 -8.49597e-19)
(-50.2966 545.619 1.7155e-18)
(-40.5304 543.56 -9.67193e-19)
(-36.6711 535.274 2.24181e-19)
(-21.7944 520.146 0)
(-21.0981 519.41 6.97748e-19)
(-20.5925 517.872 2.37411e-19)
(-19.8279 516.957 0)
(-19.3437 515.388 0)
(-18.6119 514.508 -2.37469e-19)
(-18.1601 513.061 0)
(-17.3911 512.199 0)
(-16.9539 510.698 0)
(-16.4142 509.799 2.44137e-19)
(-16.4562 508.27 -2.40056e-19)
(-16.6325 507.358 2.46806e-19)
(-17.7717 505.459 -2.3425e-19)
(-19.4726 503.835 -2.50861e-19)
(-22.1957 501.082 4.98148e-19)
(-23.688 498.733 -2.29243e-19)
(-24.5895 497.103 -7.28677e-21)
(-24.4935 496.084 2.49982e-19)
(-21.3476 496.011 -2.69213e-19)
(-17.1985 497.25 7.62813e-21)
(-8.19672 498.015 -2.51475e-19)
(-1.2406 500.318 -3.11284e-20)
(4.74617 500.882 8.01066e-21)
(8.26524 501.402 2.30297e-19)
(10.0385 500.239 4.98592e-19)
(2.01334 491.546 -4.58997e-19)
(-4.27745 483.899 -3.14792e-20)
(-14.2314 471.535 -5.14417e-19)
(-18.3088 466.694 5.02287e-19)
(-14.4034 459.862 -5.59222e-19)
(1.43446 458.556 2.49612e-19)
(10.2661 456.651 5.41397e-19)
(36.8536 475.244 0)
(49.989 485.421 1.28487e-18)
(78.8457 490.239 -1.08302e-18)
(92.6185 489.544 2.86155e-20)
(118.242 488.497 2.0973e-19)
(129.475 481.217 9.93487e-19)
(147.269 475.245 -5.28654e-19)
(154.816 464.582 -2.34429e-18)
(164.741 450.844 6.48903e-18)
(172.068 431.029 -2.92323e-17)
(184.72 402.008 0)
(166.758 374.187 2.10806e-17)
(190.409 354.454 -2.04284e-17)
(16.5673 521.38 6.91412e-17)
(226.696 327.396 0)
(-238.415 393.096 -2.10984e-17)
(92.4134 119.72 1.24168e-16)
(54.6194 83.5277 0)
(100.42 535.952 -4.17323e-17)
(22.0374 4.90663 4.45105e-16)
(-22.8195 482.346 8.65284e-17)
(10.3287 549.62 3.4861e-18)
(200.67 519.216 5.23316e-17)
(258.264 480.046 5.35107e-17)
(212.617 439.898 -8.32553e-17)
(155.913 494.071 0)
(268.114 368.63 -7.62839e-17)
(233.148 371.99 9.28479e-17)
(-44.2325 362.667 2.11127e-17)
(52.3515 420.291 1.49599e-17)
(-155.523 425.644 0)
(-11.8252 510.888 4.133e-17)
(-83.8729 506.111 -7.24681e-17)
(107.116 467.343 1.62543e-17)
(55.2107 473.547 -1.54146e-16)
(83.3074 471.66 9.58866e-17)
(169.773 420.673 -8.0566e-17)
(-40.5727 427.617 0)
(88.2655 383.567 3.20951e-17)
(18.6474 507.475 6.42453e-17)
(165.351 519.044 1.37298e-16)
(33.8177 392.81 -1.0316e-18)
(140.824 437.982 1.05275e-17)
(92.1065 467.839 9.18733e-17)
(-52.3023 513.961 2.27085e-17)
(-87.5013 459.441 1.24368e-16)
(-134.429 451.213 -7.82075e-17)
(25.7657 328.102 2.09817e-18)
(250.788 367.534 -8.01705e-17)
(191.456 473.5 -6.30273e-17)
(238.445 501.374 -5.34082e-17)
(-27.6759 540.965 -1.25917e-16)
(-58.5809 500.006 2.06947e-16)
(-23.2558 435.307 -9.06046e-17)
(47.8529 243.993 -9.83903e-17)
(-41.877 108.207 -2.30011e-16)
(27.5415 22.1979 1.19588e-16)
(13.742 37.0592 2.45398e-16)
(28.4831 21.1924 -1.13917e-18)
(21.3702 28.4457 1.25746e-16)
(10.6175 20.2136 1.27789e-16)
(15.3698 5.71615 -4.1374e-19)
(-50.9558 472.145 -1.61189e-16)
(235.628 306.994 0)
(94.8945 542.58 0)
(-33.6975 2.669 -1.17246e-16)
(-2.78014 32.629 -1.22097e-16)
(-38.1779 15.0247 -7.56855e-19)
(-27.1122 41.357 -2.05442e-18)
(-49.0054 42.1744 -2.74057e-18)
(6.13872 83.6864 -1.25814e-16)
(-43.5738 199.064 -2.30294e-16)
(-1.52033 425.735 -7.34819e-17)
(163.192 212.705 -1.04986e-16)
(168.072 508.795 -5.51459e-17)
(-71.5702 515.524 3.23381e-18)
(-114.976 498.222 7.73083e-18)
(-136.983 479.022 -8.27402e-18)
(-191.595 444.542 -1.29367e-19)
(-5.92597 550.087 -5.7947e-17)
(67.1092 455.27 0)
(169.051 497.695 1.61241e-18)
(105.736 399.08 -1.7071e-16)
(264.653 435.119 0)
(-5.25678 446.787 1.65662e-17)
(143.437 254.256 1.50152e-16)
(100.989 507.44 0)
(139.763 487.142 2.50772e-18)
(165.388 452.339 4.1702e-17)
(194.866 430.186 -5.35016e-17)
(203.227 416.308 0)
(204.451 412.54 0)
(132.427 488.361 0)
(205.575 490.433 0)
(-209.185 494.273 -5.06954e-17)
(65.126 43.1432 0)
(65.214 67.5792 0)
(70.4589 104.382 -3.05058e-17)
(59.4063 122.285 2.4991e-17)
(120.603 230.449 7.12027e-18)
(91.0447 252.045 0)
(104.37 295.506 -3.09258e-18)
(80.5918 327.158 0)
(71.6795 368.337 -4.64341e-18)
(52.8684 388.636 -2.91297e-19)
(40.7486 405.019 9.51958e-19)
(22.0795 409.156 1.32062e-18)
(14.6036 419.259 -2.51764e-18)
(-0.927987 424.241 1.26606e-18)
(-7.93036 430.597 0)
(-20.0523 431.954 -2.72027e-19)
(-21.6122 438.656 4.25203e-19)
(-13.5766 442.858 4.37064e-21)
(-3.64304 449.263 -1.09208e-18)
(7.96267 455.157 0)
(19.2293 458.031 -6.52931e-19)
(24.3833 458 -2.0513e-20)
(21.6446 458.327 3.38204e-20)
(14.0707 458.114 8.53778e-19)
(3.00974 458.209 -2.91116e-19)
(-9.05501 457.254 0)
(-15.4082 457.508 8.34192e-21)
(-20.1268 456.357 3.3655e-20)
(-21.5718 457.479 -2.82742e-19)
(-20.8759 460.235 2.8436e-19)
(-19.1143 464.649 2.89965e-19)
(-16.2052 469.159 -2.80834e-19)
(-13.7575 472.249 8.82865e-21)
(-12.0615 475.102 -2.20533e-21)
(-12.0154 476.72 2.51602e-19)
(-11.9284 478.472 -5.42197e-19)
(-12.9516 479.392 2.73332e-19)
(-13.8356 480.708 -2.67364e-19)
(-15.0451 481.494 5.72688e-19)
(-15.7766 482.974 -5.70726e-19)
(-16.5287 483.884 2.71266e-19)
(-16.9117 485.599 0)
(-17.4037 486.61 -2.66462e-19)
(-17.704 488.466 2.63858e-19)
(-18.1488 489.54 0)
(-18.4261 491.472 0)
(-18.8331 492.556 -5.2112e-19)
(-19.1311 494.426 -5.18475e-19)
(-19.5238 495.317 6.41469e-20)
(150.945 419.115 0)
(58.4731 463.861 -1.45121e-16)
(28.9101 539.983 2.22347e-19)
(33.9756 554.053 -3.95016e-19)
(42.8281 557.848 1.02773e-19)
(53.307 560.649 0)
(60.2731 564.217 4.81778e-20)
(69.5287 565.441 8.13436e-19)
(77.3385 568.686 -7.18422e-19)
(85.5925 568.924 -5.91825e-21)
(96.9582 567.133 1.51208e-21)
(104.757 564.202 -7.89267e-19)
(110.032 559.433 1.55094e-18)
(102.428 554.891 -7.30961e-19)
(77.883 540.866 0)
(-50.5413 533.213 7.5826e-19)
(-98.6709 545.092 -9.22536e-19)
(-106.235 550.572 2.15454e-22)
(-103.455 553.252 -1.00745e-19)
(-97.3838 553.869 2.51022e-20)
(-88.9179 554.951 1.01795e-18)
(-80.4253 554.823 -1.6421e-18)
(-72.8316 555.289 8.17561e-19)
(-65.7772 554.179 -8.32669e-19)
(-58.2996 551.819 -1.14107e-19)
(-50.3245 547.145 8.45655e-19)
(-40.4973 544.685 0)
(-36.9223 536.595 -4.42928e-19)
(-22.1874 521.433 4.53247e-19)
(-19.815 496.957 -3.23915e-19)
(39.8379 515.438 -3.01173e-17)
(-16.7465 571.736 -3.09664e-17)
(-6.95385 585.296 6.47314e-18)
(-5.30349 592.987 -1.99414e-19)
(-2.74486 597.093 2.82654e-18)
(-1.17106 598.224 2.82136e-18)
(-0.412766 598.69 0)
(0.207458 597.96 -1.22651e-17)
(0.972931 597.768 1.33013e-18)
(1.03352 597.154 1.15204e-17)
(2.60331 596.093 -1.45781e-18)
(6.46471 591.695 1.25232e-17)
(10.7129 576.1 -1.51507e-17)
(70.5606 566.693 5.26729e-17)
(-234.456 386.534 3.30026e-17)
(-237.62 377.743 -1.21985e-16)
(-205.734 393.082 1.22901e-17)
(-90.6249 530.714 -5.58243e-17)
(8.51323 -1.06549 0)
(-3.75137 6.33904 0)
(-28.8982 15.1717 0)
(-29.1617 31.1878 -1.77552e-19)
(-26.9226 41.6648 3.22336e-17)
(-34.4244 65.2237 -1.55963e-17)
(-44.7051 93.3392 1.11498e-17)
(-60.8544 129.917 0)
(-89.0683 188.1 -1.73972e-18)
(-99.0553 230.054 1.58074e-18)
(-111.849 286.814 0)
(-88.5371 309.408 9.15104e-20)
(-84.6876 347.647 6.96951e-19)
(-70.5264 370.614 -3.15881e-19)
(-57.8888 391.096 6.87246e-19)
(-54.5023 413.543 -1.82163e-18)
(-43.7146 425.691 2.72711e-19)
(-40.2686 438.47 -1.32615e-18)
(-29.9033 447.347 9.57659e-22)
(-25.3861 451.479 1.28602e-18)
(-19.2646 455.604 1.13467e-18)
(-16.8148 461.633 -9.97933e-19)
(-16.6711 467.669 3.61465e-20)
(-16.7653 472.569 0)
(-18.6592 475.188 1.02095e-18)
(-19.2818 479.401 -1.06831e-18)
(-17.0494 480.701 3.24888e-20)
(-14.2776 481.174 1.05919e-18)
(-8.70184 481.614 -1.12408e-18)
(-0.94746 480.017 0)
(6.02709 479.895 3.64291e-20)
(10.92 482.216 -5.47795e-19)
(13.8123 486.075 5.5594e-19)
(16.1278 488.314 6.58633e-20)
(16.4978 489.526 3.23566e-20)
(16.2291 489.651 5.15898e-19)
(15.604 489.633 -9.28115e-19)
(14.7027 489.684 6.0514e-19)
(14.1427 490.33 -6.52542e-19)
(13.8933 490.882 9.15224e-19)
(14.2149 491.471 -9.15967e-19)
(14.5347 492.938 0)
(14.9921 494.346 5.10362e-19)
(14.6913 496.081 0)
(14.7903 497.208 -4.94475e-19)
(14.299 498.507 5.04896e-19)
(14.2928 499.211 -4.89194e-19)
(14.6845 500.278 9.66477e-19)
(15.1015 500.766 0)
(15.5114 502.007 -2.37818e-19)
(15.3217 503.27 -2.53582e-22)
(16.2822 504.945 0)
(-60.4401 436.704 0)
(-129.254 426.923 8.48753e-17)
(8.81331 354.635 -2.48056e-17)
(-18.9207 411.695 0)
(253.018 434.658 0)
(224.617 440.67 1.34634e-16)
(192.27 516.833 -1.68024e-18)
(258.754 469.557 5.12122e-18)
(-68.8069 445.254 1.58659e-16)
(1.48596 471.668 -2.19862e-16)
(48.7067 -62.2363 0)
(-29.1199 461.299 0)
(-25.5233 539.963 -2.78236e-18)
(-104.977 -92.4254 -2.41335e-16)
(-102.37 -60.5464 3.15676e-18)
(-84.6618 -48.2455 -1.19797e-16)
(-82.0837 -31.6007 1.21881e-16)
(-71.1275 -18.3308 -1.24938e-16)
(-57.897 -13.1669 0)
(-17.0077 0.758607 3.80072e-16)
(-26.9069 21.6753 -1.19556e-16)
(11.5116 250.288 1.09685e-16)
(-93.333 477.155 3.12589e-17)
(-23.4409 565.785 -6.16054e-17)
(5.17591 535.061 6.88399e-17)
(-16.6796 528.134 2.27542e-17)
(-37.3701 516.894 -2.56014e-17)
(-60.164 498.314 7.93865e-18)
(63.9539 -41.2379 1.41855e-16)
(-62.7677 513.234 -1.06923e-16)
(-72.0278 425.865 -8.15166e-17)
(25.1698 244.644 9.03928e-17)
(59.943 -7.26516 0)
(-41.2303 6.9312 0)
(45.5246 -34.2247 -1.18563e-16)
(26.0221 2.50214 0)
(53.4743 -20.4128 -2.11756e-18)
(57.5933 -16.9575 -1.24058e-16)
(60.6339 -32.4961 -2.58795e-16)
(232.529 497.345 5.81811e-17)
(212.84 468.935 -5.93391e-17)
(243.504 432.972 -7.97187e-17)
(16.615 344.05 6.3543e-18)
(-114.968 440.799 -1.2444e-16)
(-102.977 428.611 -1.77977e-16)
(132.872 407.164 -6.11586e-17)
(116.659 434.768 0)
(-68.8865 -108.313 0)
(-68.3093 -87.5938 7.45571e-17)
(-39.7982 -67.2826 -3.53097e-17)
(-5.9869 -39.0519 -3.42072e-17)
(-5.61368 -1.22813 3.00616e-17)
(5.36487 -20.5962 0)
(49.7382 57.8858 0)
(38.5823 66.2149 0)
(66.9078 115.009 3.68952e-18)
(63.7486 149.613 0)
(62.976 201.408 1.77298e-18)
(52.3907 222.345 0)
(41.6037 251.642 4.14531e-19)
(42.6796 266.577 0)
(48.4751 292.258 0)
(52.3511 311.703 0)
(52.214 331.631 0)
(52.4215 345.506 -7.39741e-19)
(50.5718 354.094 1.88167e-19)
(47.856 360.5 7.21373e-19)
(40.0443 367.539 -5.43285e-19)
(31.0993 373.033 7.08655e-19)
(17.8582 376.12 7.68781e-19)
(9.26477 377.192 -3.73802e-19)
(2.70092 378.76 -3.53637e-19)
(-1.52701 382.154 3.39944e-19)
(-6.56201 389.443 -3.46576e-19)
(-9.22399 399.543 0)
(-10.6734 407.523 0)
(-8.4304 414.136 -3.1891e-19)
(-5.01136 418.798 3.38242e-19)
(0.650483 422.664 0)
(3.76462 425.12 0)
(4.33156 425.733 2.99243e-19)
(3.55334 426.002 -3.0111e-19)
(2.48773 426.967 -4.73275e-21)
(0.910273 428.37 1.53387e-22)
(-0.806846 431.207 3.14713e-19)
(-2.62089 432.962 -3.29577e-19)
(-3.79709 435.569 0)
(-4.84585 437.487 -3.3115e-19)
(-5.35265 440.265 4.75126e-20)
(-5.85009 442.13 3.16698e-19)
(-5.94391 444.71 -3.05828e-19)
(-6.20676 446.407 6.20058e-19)
(-6.30607 448.906 -4.54845e-19)
(-6.45275 450.511 -2.96645e-19)
(-6.53569 452.973 3.05569e-19)
(-6.6261 454.456 0)
(-6.82574 456.812 2.96853e-19)
(-6.95255 458.017 -1.50386e-19)
(-7.23921 459.945 2.58508e-19)
(7.92517 519.794 -2.60468e-17)
(22.9004 503.645 -1.74501e-18)
(60.4336 486.22 -1.71177e-18)
(99.9482 459.771 9.8531e-18)
(159.903 434.444 0)
(203.466 395.64 0)
(224.295 381.74 0)
(232.507 379.937 0)
(165.451 438.425 -2.5574e-17)
(251.255 472.453 -1.24768e-16)
(-72.5216 409.541 -1.23067e-17)
(35.6221 454.588 1.53028e-16)
(-94.615 411.023 0)
(48.6956 375.1 0)
(243.276 464.626 -8.79241e-18)
(183.85 512.553 -4.37218e-18)
(-132.503 415.107 9.40659e-17)
(-176.381 384.982 6.18118e-18)
(-180.163 365.431 0)
(-183.944 359.005 -6.87316e-17)
(-21.7867 534.857 -1.41851e-16)
(48.3821 552.524 -3.09585e-17)
(-19.666 582.491 1.07951e-17)
(-1.52813 588.389 0)
(0.201658 589.981 -3.61901e-18)
(-1.3812 594.45 -2.12153e-18)
(-0.0840015 597.59 -2.8494e-18)
(0.117666 598.56 -2.82759e-18)
(0.30949 598.882 -1.1319e-17)
(0.339429 598.017 1.39293e-18)
(0.489451 597.875 2.27241e-17)
(0.26485 597.352 2.6852e-19)
(0.49042 596.182 -1.13008e-17)
(1.97411 592.708 1.05095e-17)
(-1.89243 583.558 1.07184e-18)
(7.81709 592.612 -5.17891e-18)
(106.247 605.8 -8.19886e-17)
(241.382 241.578 0)
(16.5262 505.931 1.18822e-19)
(29.5892 540.603 0)
(34.3693 554.936 6.96453e-19)
(43.2378 558.746 -3.02096e-19)
(53.5309 561.345 -7.33677e-19)
(60.7229 564.813 7.32967e-19)
(70.1984 565.88 0)
(77.9095 569.056 0)
(85.4913 569.701 5.94027e-21)
(95.9474 568.003 0)
(103.255 565.912 5.98309e-21)
(106.137 559.515 2.43448e-20)
(93.6682 551.078 1.01394e-18)
(67.1607 527.583 2.01767e-19)
(-51.4242 514.874 -9.20072e-19)
(-87.7483 540.207 -6.3413e-21)
(-101.726 548.403 -2.51642e-20)
(-101.49 552.99 7.47241e-20)
(-95.839 553.844 -2.52804e-20)
(-87.7546 555.135 0)
(-79.5909 555.319 0)
(-72.5924 555.769 5.03031e-20)
(-65.8452 554.662 0)
(-58.3585 552.262 1.04132e-19)
(-50.2731 547.651 1.03939e-19)
(-40.7801 545.481 2.59751e-20)
(-37.4954 537.033 -5.35169e-20)
(-22.7357 521.926 -4.51565e-19)
(-20.1746 497.668 5.06922e-19)
(-7.29397 460.774 3.6859e-20)
(54.5103 -73.8659 0)
(46.0059 -75.914 6.64716e-17)
(29.4334 -66.7502 -9.6804e-17)
(19.0673 -60.9521 -1.87366e-19)
(10.301 -54.8894 0)
(-2.44349 -37.0752 7.57908e-18)
(-9.73373 -23.1758 -3.74362e-18)
(-18.056 -2.59514 0)
(-32.1723 34.7726 0)
(-38.2648 68.3895 0)
(-47.1375 120.168 -2.2907e-19)
(-48.6244 142.111 -4.78346e-21)
(-52.6886 188.058 -4.42348e-19)
(-50.2721 205.407 1.70367e-18)
(-50.5817 237.872 -1.24718e-18)
(-49.1506 265.121 -4.08254e-19)
(-43.4095 280.241 1.57276e-18)
(-38.6265 299.919 -7.74301e-19)
(-31.4352 313.443 -7.59341e-19)
(-27.7799 329.885 7.45019e-19)
(-24.891 342.213 4.57358e-20)
(-20.1032 350.759 -8.90993e-20)
(-16.4424 360.557 -4.36632e-20)
(-12.732 368.286 -6.94633e-19)
(-8.62731 373.534 6.96688e-19)
(-5.41269 382.402 0)
(-0.509308 388.911 -6.61738e-19)
(1.82385 394.918 6.56385e-19)
(2.89806 399.975 0)
(5.54149 403.394 9.97984e-21)
(7.04446 407.425 -1.49427e-20)
(5.71356 413.815 0)
(4.07817 419.2 0)
(3.16696 422.495 0)
(2.71937 425.184 6.45695e-19)
(2.94444 426.035 -1.19099e-18)
(3.12028 425.984 6.1501e-19)
(3.4519 426.003 -7.28933e-20)
(3.72891 426.485 1.46184e-19)
(4.73584 427.137 1.47597e-19)
(6.03769 427.8 -4.41675e-22)
(7.46034 429.305 0)
(8.47718 431.654 -2.99791e-19)
(8.79319 434.663 -5.91147e-19)
(8.70939 438.111 3.09532e-19)
(8.74718 441.385 -1.18793e-18)
(8.94534 444.129 1.20514e-18)
(9.69312 446.629 -5.97911e-19)
(10.5719 448.227 -5.90839e-19)
(11.3843 450.243 6.05669e-19)
(12.1369 450.8 -5.17715e-19)
(12.5654 451.521 3.06761e-19)
(12.2973 452.026 1.50468e-19)
(91.9482 423.904 0)
(-107.103 429.339 6.5689e-17)
(-14.3181 367.551 9.7657e-18)
(227.677 472.148 1.3064e-16)
(224.242 493.104 -5.34789e-17)
(-3.01149 352.014 -2.17952e-20)
(-2.91878 349.955 6.50502e-20)
(27.0354 88.277 -1.18063e-16)
(140.257 180.24 -1.89911e-16)
(-3.12198 353.614 0)
(-23.144 523.358 -4.29904e-19)
(-7.91736 463.1 0)
(-20.5862 499.67 4.84878e-19)
(-40.7782 546.935 -3.06588e-20)
(-37.6459 538.42 8.69554e-19)
(-58.1884 553.593 7.87053e-19)
(-50.0526 549.145 -1.68739e-18)
(-72.2085 557.3 -1.58348e-18)
(-65.5933 556.064 7.70197e-19)
(-85.8078 556.961 7.65236e-19)
(-78.6079 557.021 7.6817e-19)
(-96.2946 554.555 8.12343e-19)
(-93.016 555.724 -7.60378e-19)
(-46.5623 540.105 0)
(-89.0484 550.131 -7.47248e-19)
(39.9188 517.195 0)
(-33.7974 504.044 0)
(94.837 562.227 -7.18369e-19)
(61.4191 551.806 0)
(93.4343 570.171 -7.25971e-19)
(98.6895 567.943 1.45385e-18)
(77.8918 570.366 0)
(84.5351 571.449 0)
(61.5324 566.689 0)
(70.4796 567.507 0)
(44.0579 561.396 1.30081e-20)
(53.7294 563.342 7.09175e-19)
(29.4436 541.926 0)
(34.7267 557.033 -8.56162e-19)
(-0.678585 335.381 3.23492e-19)
(-0.497325 337.602 -3.24293e-19)
(11.8614 452.705 0)
(17.5453 508.007 -1.16702e-19)
(-0.319912 330.56 -6.55871e-19)
(-0.303016 332.999 6.63018e-19)
(0.319302 326.254 0)
(-0.0375742 328.281 0)
(1.01282 322.568 0)
(0.672456 324.414 0)
(1.7449 319.148 7.32808e-19)
(1.46885 320.832 3.54162e-19)
(1.86569 314.956 1.47206e-18)
(1.93806 317.322 -1.09714e-18)
(0.951893 308.406 7.37459e-19)
(1.54262 311.956 -1.29529e-18)
(-0.129846 299.645 7.71614e-19)
(0.250363 304.387 0)
(-1.19973 288.994 2.37438e-20)
(-0.34062 294.387 -8.01646e-19)
(-4.00922 276.272 7.62251e-19)
(-2.65772 282.949 -7.79297e-19)
(-7.22509 262.614 0)
(-5.39325 269.403 0)
(-11.738 246.451 -1.2734e-20)
(-9.85536 255.508 1.25483e-20)
(-10.5362 222.321 1.29338e-20)
(-11.6505 234.602 0)
(-7.6283 199.129 8.30406e-19)
(-9.38957 210.188 -8.39772e-19)
(0.484885 177.84 0)
(-4.42946 187.48 0)
(2.49893 161.752 -8.5995e-19)
(2.13586 170.271 8.66259e-19)
(-0.720558 137.392 0)
(2.90309 149.118 -5.46204e-20)
(-7.52926 113.006 -6.70172e-19)
(-8.19664 130.205 0)
(-6.24787 70.7186 -9.03756e-19)
(-6.35073 92.0922 9.01398e-19)
(-6.73886 26.5078 -9.28004e-19)
(-4.13109 48.1931 1.82225e-18)
(-5.39195 -26.7718 2.33296e-19)
(-7.98856 2.45045 -1.13576e-19)
(-5.58698 -84.2674 0)
(-9.3474 -47.786 0)
(1.35099 -135.254 0)
(-3.161 -107.762 0)
(3.82283 -148.687 -4.46913e-17)
(2.19891 -144.967 1.36398e-17)
(13.3727 -146.65 -2.80773e-17)
(9.83574 -148.827 5.53274e-17)
(34.3275 -136.108 0)
(22.2374 -143.72 -5.71984e-17)
(45.4257 -110.698 8.01332e-19)
(41.3486 -125.368 0)
(53.7466 -81.0499 3.50465e-16)
(50.2311 -95.1252 -1.21595e-16)
(55.1559 -56.8419 -7.0947e-20)
(54.8677 -68.3936 0)
(50.4055 -43.9747 0)
(47.0524 -32.91 -1.17458e-16)
(65.405 -80.551 -2.31361e-16)
(33.5705 -7.64458 0)
(-73.6007 342.913 -8.75741e-17)
(43.9698 56.5106 7.03782e-18)
(-76.1968 453.737 8.4202e-18)
(-88.368 428.291 1.47552e-16)
(-36.7427 428.848 4.38455e-19)
(-58.2593 435.745 -9.3922e-18)
(46.9567 419.966 1.82135e-17)
(-18.136 417.039 -3.23375e-18)
(157.029 347.665 -5.05633e-17)
(103.46 387.223 1.53829e-18)
(243.46 244.506 -1.03006e-16)
(212.808 289.647 -8.75342e-17)
(253.074 204.936 0)
(-7.6658 611.16 -4.76087e-18)
(53.6712 665.248 0)
(-3.16228 578.286 1.33948e-18)
(-8.16507 577.977 -2.79535e-18)
(-0.825198 577.408 1.22323e-17)
(-1.39034 578.643 -1.21908e-17)
(0.662421 577.831 -6.08407e-18)
(0.153957 577.408 0)
(1.04965 580.516 -6.00125e-18)
(0.715813 579.694 1.20692e-17)
(3.84815 582.954 0)
(1.79056 581.704 0)
(3.26942 592.811 0)
(5.77645 584.809 0)
(-134.396 483.081 -1.4939e-17)
(-3.39925 609.651 0)
(195.974 341.315 1.36676e-16)
(-91.9212 574.575 7.67615e-17)
(-228.226 123.045 -7.19992e-17)
(-192.422 267.944 0)
(-279.837 185.197 -5.21218e-17)
(-273.997 159.869 -6.16922e-17)
(-237.511 260.098 4.31922e-17)
(-272.429 205.767 1.09337e-16)
(-92.9218 383.631 8.67935e-17)
(-170.79 318.532 -5.91949e-17)
(-0.221291 406.775 -1.16397e-17)
(-43.5169 397.527 -9.77938e-17)
(28.6495 438.331 1.83002e-17)
(15.3089 423.283 1.1076e-17)
(71.9146 410.082 8.79527e-17)
(42.2995 446.512 -7.58768e-18)
(-43.5091 30.8931 -2.52014e-17)
(70.8004 296.256 -1.4137e-16)
(-46.7703 -28.395 3.89302e-16)
(-50.0772 -54.6788 -1.29399e-16)
(-68.0703 -73.1234 1.21477e-16)
(-65.45 -48.0731 -4.01898e-19)
(-78.3378 -113.632 0)
(-73.8841 -93.6824 0)
(-81.1514 -148.773 -1.23077e-16)
(-84.6606 -132.906 1.15743e-16)
(-55.8765 -171.966 0)
(-71.5734 -162.653 0)
(-22.0408 -170.081 0)
(-30.7859 -177.486 0)
(-3.20871 -168.22 1.38579e-17)
(-8.6643 -167.451 -2.91428e-17)
(7.75164 -121.622 7.82614e-18)
(-6.02494 -168.288 -2.11861e-17)
(14.7575 -50.0798 -1.81938e-18)
(15.2171 -101.308 -5.24389e-18)
(5.93339 5.97917 -1.867e-18)
(2.27844 -29.4877 0)
(4.64134 53.9795 0)
(6.78146 32.988 0)
(0.900576 93.6779 1.868e-18)
(4.21843 75.4606 0)
(-1.32587 137.143 1.82573e-18)
(-0.486326 117.127 -2.77008e-18)
(-13.8073 164.485 0)
(-5.75797 155.461 -9.00188e-19)
(-11.916 198.606 1.75581e-18)
(-15.1169 183.179 -8.85407e-19)
(-18.5875 209.173 -3.97708e-19)
(-16.5971 202.658 -8.72252e-19)
(-2.83332 220.271 0)
(-14.7552 217.401 4.34896e-19)
(19.4771 234.238 4.27089e-19)
(10.4941 225.63 -4.18112e-19)
(15.7459 256.269 -4.21634e-19)
(19.0205 246.341 4.10993e-19)
(5.68563 274.773 0)
(11.1413 266.361 -3.12758e-21)
(-3.9173 289.6 0)
(0.615466 281.991 0)
(-6.97573 299.766 0)
(-6.84719 294.822 0)
(-3.72089 305.906 -3.80761e-19)
(-5.3051 302.696 3.04271e-21)
(-2.32556 312.683 3.77772e-19)
(-2.8866 309.288 8.28915e-21)
(-1.49736 319.304 -2.31276e-20)
(-1.81429 315.986 0)
(-1.2413 325.846 7.25391e-19)
(-1.28061 322.594 -3.60871e-19)
(-1.43418 332.196 -3.5229e-19)
(-1.26624 329.031 -3.64001e-19)
(-1.90359 338.545 1.77593e-19)
(-1.62801 335.346 5.35292e-19)
(-2.44375 344.696 -8.80502e-20)
(-2.15302 341.673 2.63043e-19)
(-2.67358 347.481 -2.15451e-19)
(228.925 91.8991 2.13787e-16)
(181.308 264.161 -3.28454e-17)
(32.704 394.476 1.85412e-17)
(109.11 538.422 -3.86611e-17)
(-3.50578 355.412 0)
(-0.568562 446.61 1.83159e-17)
(-0.208975 340.086 1.60423e-19)
(-167.74 452.703 -6.63939e-17)
(169.905 18.3356 0)
(118.286 -116.269 -1.43684e-16)
(-109.234 -132.082 0)
(-76.3627 -226.623 0)
(78.1867 -205.798 -3.00819e-18)
(34.1683 -314.283 -1.19234e-18)
(-32.5324 -331.58 1.16424e-18)
(93.9381 546.407 2.32956e-18)
(-39.5696 539.907 2.97943e-17)
(-8.97758 406.164 0)
(-43.5962 430.072 -1.24107e-16)
(60.3533 414.863 7.33622e-17)
(-41.6988 563.979 -2.06242e-17)
(-4.56758 560.344 -3.3324e-17)
(-25.8472 563.022 2.88995e-17)
(-8.39907 533.898 1.4245e-16)
(18.6352 539.441 -6.73114e-17)
(9.02824 534.921 1.41698e-16)
(12.9308 528.231 2.71775e-18)
(42.1023 533.733 -1.38243e-16)
(29.007 530.749 -6.83589e-17)
(33.6983 520.988 -1.43752e-16)
(58.5117 526.543 3.19184e-18)
(47.3556 525.852 -6.79332e-17)
(50.6724 515.887 -1.48804e-16)
(79.2038 519.973 -1.36606e-16)
(64.4265 519.938 0)
(-7.58335 531.832 2.82606e-16)
(217.114 489.201 0)
(-188.252 79.7275 0)
(-217.266 477.552 1.12992e-16)
(271.884 173.173 0)
(157.344 517.223 2.21469e-16)
(148.693 420.796 2.17139e-16)
(-3.0792 533.347 -1.77884e-16)
(-146.596 512.935 0)
(-143.023 504.602 -1.10119e-19)
(261.532 377.29 0)
(22.7385 554.189 9.66548e-17)
(-20.2111 567.933 9.58064e-18)
(40.353 556.748 -2.06329e-16)
(118.27 238.618 -4.87277e-16)
(-11.3211 555.685 2.5351e-16)
(42.8199 -11.1225 -1.59941e-16)
(-138.6 443.361 0)
(79.8623 122.586 0)
(-131.935 520.328 0)
(262.428 446.923 0)
(-96.3281 536.097 3.01225e-16)
(-68.8663 519.557 -2.53616e-16)
(-11.7194 551.178 -1.18104e-16)
(153.456 423.749 -2.48604e-16)
(8.12851 556.485 -4.09349e-16)
(-100.44 469.466 -9.66584e-17)
(79.8674 546.307 -6.60912e-18)
(60.5308 551.136 -1.26522e-16)
(-58.3784 545.809 2.47833e-17)
(-67.6354 528.171 -1.65834e-16)
(198.035 102.612 -8.4291e-17)
(-101.435 514.695 1.81052e-16)
(-132.186 472.468 1.32388e-16)
(-5.01019 -5.13555 0)
(-90.6071 -107.007 0)
(25.6228 456.432 4.39501e-16)
(-182.17 438.953 0)
(180.685 433.734 -1.84334e-16)
(108.619 317.366 -2.60457e-16)
(-213.838 379.555 -2.57486e-16)
(245.471 420.643 4.07242e-17)
(212.31 528.392 -2.85577e-17)
(254.074 492.113 0)
(53.9491 108.92 -8.00145e-18)
(7.746 562.492 1.22621e-16)
(-176.258 431.141 -1.65098e-17)
(-85.9363 151.409 3.99164e-16)
(-94.0865 505.202 -3.46395e-16)
(58.0859 540.393 -9.36777e-17)
(18.1622 583.75 1.35727e-16)
(14.6425 588.986 -1.17946e-16)
(136.068 157.74 1.24483e-16)
)
;

boundaryField
{
    wall
    {
        type            noSlip;
    }
    outlet
    {
        type            zeroGradient;
    }
    inlet
    {
        type            fixedValue;
        value           uniform (0 50 0);
    }
    frontAndBackPlanes
    {
        type            empty;
    }
}


// ************************************************************************* //
