/*--------------------------------*- C++ -*----------------------------------*\
| =========                 |                                                 |
| \\      /  F ield         | OpenFOAM: The Open Source CFD Toolbox           |
|  \\    /   O peration     | Version:  2212                                  |
|   \\  /    A nd           | Website:  www.openfoam.com                      |
|    \\/     M anipulation  |                                                 |
\*---------------------------------------------------------------------------*/
FoamFile
{
    version     2.0;
    format      ascii;
    arch        "LSB;label=32;scalar=64";
    class       surfaceScalarField;
    location    "0.0138";
    object      phi;
}
// * * * * * * * * * * * * * * * * * * * * * * * * * * * * * * * * * * * * * //

dimensions      [1 0 -1 0 0 0 0];

oriented        oriented;

internalField   nonuniform List<scalar> 
4475
(
2.10416e-05
-2.06457e-05
3.07352e-05
-3.09108e-05
2.67883e-06
-1.8547e-05
4.78573e-07
1.50903e-05
6.17859e-05
-7.05972e-05
3.29405e-06
5.22583e-06
-9.05544e-06
2.75777e-05
6.53678e-06
-2.5636e-05
-2.11517e-05
1.94414e-05
2.06617e-05
-1.83979e-05
1.90745e-05
-1.45012e-05
-2.11439e-05
1.69497e-05
-5.97278e-06
5.49426e-06
2.83882e-05
-2.74622e-05
-1.67594e-05
-2.26131e-05
2.00513e-05
1.97408e-05
2.005e-05
-2.18205e-05
-1.88242e-05
-2.31605e-05
-3.36289e-07
2.90798e-06
2.06253e-05
-3.85678e-06
3.49489e-06
-2.27654e-05
-2.50713e-05
3.67046e-06
-2.00356e-06
2.34585e-05
-2.55668e-05
1.20838e-06
-6.18476e-07
-2.59155e-05
6.24622e-07
-1.30292e-07
-2.60255e-05
3.92576e-07
-7.97629e-08
-2.58503e-05
2.79206e-07
-2.0156e-07
3.4246e-07
-2.48287e-05
-1.07413e-06
2.43116e-05
-1.9573e-06
-2.35911e-05
1.52463e-06
2.58951e-05
-9.72109e-07
2.61028e-05
3.10435e-07
2.5969e-05
7.18186e-07
2.57093e-05
1.02522e-06
2.55824e-05
1.42807e-06
2.76984e-05
1.61311e-06
2.41147e-05
-2.35177e-07
2.26044e-05
1.2135e-06
2.83316e-05
3.72006e-06
-9.37097e-06
2.667e-05
4.27406e-07
1.37602e-06
2.92615e-05
-2.88454e-05
-5.76411e-06
-2.4159e-05
-2.31036e-06
2.61753e-05
2.8136e-07
4.27756e-07
2.59563e-05
2.68641e-07
2.57186e-07
2.59192e-05
2.50891e-07
2.11303e-07
2.59369e-05
3.18744e-07
2.15997e-07
2.60856e-05
2.69521e-07
2.70971e-07
2.62607e-05
3.36982e-07
3.16701e-07
2.65246e-05
3.55951e-07
3.49326e-07
2.68649e-05
3.46753e-07
4.15716e-07
2.72719e-05
3.45378e-07
4.70356e-07
2.76871e-05
4.08047e-07
4.96921e-07
2.81432e-05
4.01748e-07
5.27046e-07
2.85488e-05
4.26528e-07
5.7392e-07
2.8874e-05
4.52111e-07
6.12317e-07
2.91478e-05
4.10093e-07
6.37126e-07
3.28164e-07
2.93983e-05
6.17902e-07
-2.91423e-05
2.92039e-05
1.43697e-06
-2.89133e-05
1.48015e-06
-2.84826e-05
1.38875e-06
-2.80946e-05
1.42132e-06
-2.76493e-05
1.32036e-06
-2.71855e-05
1.24486e-06
-2.67321e-05
1.09448e-06
-2.65095e-05
1.21002e-06
-2.62119e-05
1.01377e-06
-2.59761e-05
9.17877e-07
-2.59461e-05
9.19196e-07
-2.58892e-05
8.07237e-07
-2.59679e-05
7.49601e-07
-2.6113e-05
7.23761e-07
-2.66261e-05
1.01026e-06
-2.81183e-05
2.06571e-06
-2.22006e-05
5.44179e-06
-1.12808e-05
-2.342e-05
4.17068e-06
-2.27643e-05
2.87128e-06
-2.33831e-05
1.36214e-06
-7.08728e-07
-2.52072e-05
-1.2882e-07
-2.57079e-05
-3.00669e-08
-2.5971e-05
2.67021e-07
-2.60397e-05
1.7809e-07
-2.57113e-05
-2.90935e-07
-2.55192e-05
-9.82843e-07
4.44569e-07
6.36472e-07
2.93443e-05
1.39452e-06
2.92537e-05
2.60329e-05
-1.78533e-06
-2.49022e-05
2.61475e-05
4.42274e-07
2.60576e-05
9.97562e-07
2.58682e-05
1.34995e-06
2.59635e-05
1.42084e-06
2.62521e-05
1.38068e-06
2.51052e-05
9.54992e-07
2.49193e-05
1.45182e-06
2.65143e-05
2.20789e-06
2.6466e-05
1.56461e-06
2.61334e-05
9.76197e-07
2.59639e-05
7.39682e-07
2.5905e-05
6.93944e-07
2.59618e-05
7.09166e-07
2.60853e-05
8.31202e-07
2.62485e-05
9.7606e-07
2.65373e-05
1.02061e-06
2.68641e-05
1.18089e-06
2.72515e-05
1.29155e-06
2.76667e-05
1.38558e-06
2.81357e-05
1.42454e-06
2.85557e-05
1.54249e-06
2.89381e-05
1.60301e-06
2.92138e-05
1.66665e-06
2.93341e-05
1.67509e-06
-2.80683e-06
-2.3686e-05
3.23309e-06
1.63376e-06
2.93453e-05
-4.64836e-06
-2.19907e-05
-2.49172e-05
-2.59016e-06
-2.91382e-05
2.91718e-05
2.29806e-06
-2.90685e-05
2.47203e-06
-2.87215e-05
2.36459e-06
-2.84411e-05
2.40999e-06
-2.79902e-05
2.29325e-06
-2.75345e-05
2.16973e-06
-2.71173e-05
2.07505e-06
-2.68437e-05
1.98012e-06
-2.64273e-05
1.84206e-06
-2.61553e-05
1.66278e-06
-2.60415e-05
1.59516e-06
-2.59141e-05
1.45123e-06
-2.58882e-05
1.31357e-06
-2.59443e-05
1.2193e-06
-2.61552e-05
1.24362e-06
-2.64364e-05
1.51022e-06
-2.65103e-05
2.28534e-06
-2.44782e-05
3.49914e-06
-2.36808e-05
3.42886e-06
-2.36996e-05
2.93098e-06
-2.4085e-05
1.79087e-06
-2.50108e-05
8.54815e-07
-2.56322e-05
6.78383e-07
-2.59458e-05
7.03337e-07
-2.61912e-05
5.89219e-07
-2.61939e-05
-8.32013e-08
-2.5919e-05
-1.00583e-06
-2.01105e-05
3.02743e-05
-2.64804e-05
1.203e-05
-2.32918e-05
-7.60966e-06
1.90872e-05
-1.48864e-05
-1.37489e-05
1.65104e-05
1.23931e-05
1.6466e-05
2.90872e-05
3.18362e-06
-5.4123e-06
-2.64627e-05
2.6616e-05
1.03413e-06
2.63422e-05
9.79772e-07
2.61026e-05
1.41287e-06
2.60097e-05
1.56754e-06
2.59585e-05
1.55718e-06
2.59441e-05
1.45319e-06
2.56016e-05
1.34856e-06
2.55344e-05
1.58277e-06
2.60125e-05
1.82524e-06
2.613e-05
1.5961e-06
2.6038e-05
1.29059e-06
2.59547e-05
1.13756e-06
2.59582e-05
1.11144e-06
2.59701e-05
1.23769e-06
2.60979e-05
1.37159e-06
2.63205e-05
1.55491e-06
2.65305e-05
1.74244e-06
2.68489e-05
1.91898e-06
2.72181e-05
2.08838e-06
2.77009e-05
2.15956e-06
2.81038e-05
2.33708e-06
2.8497e-05
2.48251e-06
2.89044e-05
2.50944e-06
2.9236e-05
2.58015e-06
2.93496e-05
2.68041e-06
2.92585e-05
2.67416e-06
-1.65985e-06
2.90696e-05
2.59843e-06
-5.98868e-07
2.90927e-05
4.73222e-07
2.90992e-05
1.47026e-06
2.90591e-05
-1.89176e-05
1.86415e-05
-2.18036e-05
2.89516e-05
2.43053e-06
-2.51062e-05
-2.34146e-05
2.88605e-05
-2.03117e-05
3.17721e-05
1.6987e-05
-2.83026e-05
-5.51019e-06
-2.37056e-05
2.34309e-05
-1.79991e-05
2.39085e-05
-2.88235e-05
2.0361e-05
1.98561e-05
-2.01933e-05
-2.965e-05
2.26709e-07
6.18541e-06
-2.59633e-05
-2.24412e-06
-1.49366e-06
2.49278e-06
2.86013e-05
-4.96914e-07
2.86835e-05
5.29739e-07
2.86771e-05
1.45331e-06
2.87177e-05
2.34583e-06
2.85809e-05
-2.88734e-05
3.18623e-06
2.84622e-05
-2.89595e-05
3.1599e-06
-2.91103e-05
3.28781e-06
-2.8883e-05
3.24892e-06
-2.87216e-05
3.33358e-06
-2.83345e-05
3.22836e-06
-2.79169e-05
3.10494e-06
-2.74494e-05
2.91835e-06
-2.70473e-05
2.83799e-06
-2.67169e-05
2.73413e-06
-2.64201e-05
2.53078e-06
-2.62102e-05
2.3241e-06
-2.60098e-05
2.14536e-06
-2.59054e-05
1.9759e-06
-2.58712e-05
1.79164e-06
-2.58843e-05
1.63665e-06
-2.60109e-05
1.67809e-06
-2.60733e-05
1.79718e-06
-2.58589e-05
2.226e-06
-2.50169e-05
2.7599e-06
-2.45698e-05
3.05063e-06
-2.41401e-05
2.55159e-06
-2.43969e-05
2.09259e-06
-2.49926e-05
1.50325e-06
-2.54578e-05
1.2087e-06
-2.59013e-05
1.24084e-06
-2.62245e-05
1.03742e-06
-2.6567e-05
4.17073e-07
-6.97859e-07
-2.66814e-05
3.35518e-06
-2.69724e-06
-2.68484e-05
2.66089e-05
2.50836e-05
-3.31365e-05
2.9793e-05
-2.14185e-05
1.96262e-05
-1.86127e-05
2.01736e-05
2.55654e-05
2.27389e-06
2.78441e-06
2.71123e-05
5.14608e-06
-6.38134e-06
2.76106e-05
5.32935e-06
2.74343e-05
4.76485e-06
-4.2462e-06
2.71331e-05
3.98951e-06
2.72106e-05
3.48278e-06
-3.24997e-06
2.77101e-05
2.96339e-06
2.69086e-05
2.06168e-06
2.64465e-05
1.62006e-06
2.62e-05
1.80139e-06
2.60904e-05
1.78115e-06
2.59709e-05
1.75067e-06
2.59221e-05
1.5601e-06
2.57284e-05
1.60233e-06
2.57175e-05
1.67183e-06
2.5904e-05
1.75104e-06
2.59869e-05
1.67738e-06
2.594e-05
1.57026e-06
2.58883e-05
1.50598e-06
2.59474e-05
1.46672e-06
2.59686e-05
1.74125e-06
2.61244e-05
1.8582e-06
2.62935e-05
2.15016e-06
2.65381e-05
2.38156e-06
2.68326e-05
2.62259e-06
2.7295e-05
2.72475e-06
2.7662e-05
2.97363e-06
2.80423e-05
3.18794e-06
2.85198e-05
3.24987e-06
2.89389e-05
3.31263e-06
2.91695e-05
3.49805e-06
2.93151e-05
3.55601e-06
2.92919e-05
3.55103e-06
2.90638e-05
3.48345e-06
3.32849e-06
2.86689e-05
6.2956e-06
6.83614e-05
-5.50563e-05
-1.98957e-05
-2.2699e-05
2.15667e-05
-4.0816e-05
4.15416e-05
9.22448e-06
-9.91366e-06
-2.22247e-06
2.42088e-05
2.286e-06
-2.48504e-05
-5.99029e-05
-1.42061e-05
2.51669e-05
4.88151e-05
-2.47767e-05
-1.86455e-05
-4.65245e-06
-2.64646e-05
-2.60862e-05
-3.27648e-06
2.7124e-05
-2.85727e-05
2.82074e-05
3.85616e-06
-2.89127e-05
4.01459e-06
-2.88686e-05
3.95148e-06
-2.8899e-05
4.15145e-06
-2.86149e-05
4.04993e-06
-2.82761e-05
3.96767e-06
-2.7893e-05
3.83089e-06
-2.75209e-05
3.65018e-06
-2.71669e-05
3.54875e-06
-2.67795e-05
3.34148e-06
-2.64742e-05
3.13185e-06
-2.62463e-05
2.90085e-06
-2.60333e-05
2.62969e-06
-2.59503e-05
2.48294e-06
-2.58943e-05
2.22188e-06
-2.59356e-05
2.06837e-06
-2.58975e-05
1.94492e-06
-2.58699e-05
1.99855e-06
-2.5656e-05
2.17912e-06
-2.52238e-05
2.44566e-06
-2.47992e-05
2.7083e-06
-2.44775e-05
2.28976e-06
-2.46299e-05
2.29144e-06
-2.50385e-05
1.95386e-06
-2.54348e-05
1.65271e-06
-2.58363e-05
1.70018e-06
-2.62373e-05
1.51348e-06
-2.6589e-05
8.66011e-07
-2.72672e-05
7.87252e-08
-1.70678e-06
-2.69739e-05
-2.04019e-05
-1.96143e-05
2.25141e-05
-1.0652e-05
-3.18076e-05
3.11651e-05
1.12124e-05
2.72152e-05
4.36922e-06
-2.90443e-05
2.76199e-05
4.96959e-06
2.77349e-05
5.43549e-06
2.75149e-05
5.20174e-06
2.73319e-05
4.37935e-06
2.72621e-05
3.74284e-06
2.72216e-05
3.17396e-06
2.68353e-05
2.58659e-06
2.63706e-05
2.19804e-06
2.62245e-05
2.03975e-06
2.60342e-05
2.04414e-06
2.59809e-05
1.86181e-06
2.58763e-05
1.71874e-06
2.57916e-05
1.75341e-06
2.57869e-05
1.7675e-06
2.58567e-05
1.80999e-06
2.59149e-05
1.79846e-06
2.59708e-05
1.75561e-06
2.60306e-05
1.76293e-06
2.59935e-05
1.9086e-06
2.61109e-05
2.12648e-06
2.6167e-05
2.40836e-06
2.63438e-05
2.68655e-06
2.65731e-05
2.97138e-06
2.69915e-05
3.12562e-06
2.73064e-05
3.41936e-06
2.76499e-05
3.70931e-06
2.81279e-05
3.82963e-06
2.85871e-05
3.91916e-06
2.88583e-05
4.13898e-06
2.90763e-05
4.29745e-06
2.92381e-05
4.28292e-06
2.91829e-05
4.32909e-06
2.89818e-05
4.21326e-06
2.85236e-05
4.10386e-06
-3.17765e-06
3.91153e-06
2.78936e-05
-2.33997e-06
2.80518e-05
-1.40939e-06
2.79764e-05
-4.4174e-07
2.80745e-05
4.23071e-07
2.81874e-05
1.44247e-06
2.80531e-05
2.36894e-06
2.79531e-05
3.17275e-06
2.78692e-05
2.76657e-05
3.80876e-06
-4.29847e-05
-1.06724e-05
1.28635e-05
3.08524e-07
1.68586e-06
-6.22625e-05
6.00012e-05
-1.75179e-05
1.45176e-05
-1.43612e-05
1.73721e-05
-2.96265e-05
-1.74037e-05
2.44079e-05
2.84956e-05
-3.15477e-05
-1.02888e-05
1.587e-05
2.40475e-05
-2.75631e-05
-1.26151e-06
-3.36214e-06
-2.79698e-05
-1.80619e-05
-2.14393e-05
1.953e-05
-2.34832e-05
-1.48119e-05
9.0999e-06
-3.0803e-05
1.69496e-05
-2.0073e-05
3.42983e-05
1.91841e-05
2.13645e-05
2.78152e-05
-2.79119e-05
4.57486e-06
2.7425e-05
5.44643e-06
2.74385e-05
5.49681e-06
2.73672e-05
5.34191e-06
2.72373e-05
4.57038e-06
2.71074e-05
3.92612e-06
2.69214e-05
3.40539e-06
2.66399e-05
2.90622e-06
2.63426e-05
2.52334e-06
2.61237e-05
2.28793e-06
2.60403e-05
2.15622e-06
2.59394e-05
1.99624e-06
2.5848e-05
1.85651e-06
2.5819e-05
1.85082e-06
2.58235e-05
1.86303e-06
2.58763e-05
1.89765e-06
2.59494e-05
1.91373e-06
2.60205e-05
1.93016e-06
2.60271e-05
2.06787e-06
2.60567e-05
2.26555e-06
2.6131e-05
2.52027e-06
2.62726e-05
2.82227e-06
2.64409e-05
3.16532e-06
2.6789e-05
3.36231e-06
2.70624e-05
3.67739e-06
2.73174e-05
4.06149e-06
2.7779e-05
4.20142e-06
2.82382e-05
4.35444e-06
2.8529e-05
4.60991e-06
2.87941e-05
4.81504e-06
2.90818e-05
4.86631e-06
2.90988e-05
4.99168e-06
2.90595e-05
4.92943e-06
2.88297e-05
4.81292e-06
2.83739e-05
4.7245e-06
2.77126e-05
4.53388e-06
-3.69561e-06
4.29614e-06
2.68856e-05
-2.99884e-06
2.71015e-05
-2.11208e-06
2.71774e-05
-1.39504e-06
2.73514e-05
-5.40636e-07
2.73609e-05
4.60692e-07
2.73426e-05
1.37508e-06
2.72766e-05
2.16506e-06
2.72497e-05
2.99088e-06
2.70486e-05
3.67811e-06
2.68766e-05
-2.73273e-05
2.65432e-05
4.23224e-06
-2.79589e-05
4.39502e-06
-2.84629e-05
4.51572e-06
-2.87222e-05
4.63282e-06
-2.8916e-05
4.69471e-06
-2.8761e-05
4.70857e-06
-2.85569e-05
4.68606e-06
-2.82643e-05
4.59911e-06
-2.78964e-05
4.42549e-06
-2.76061e-05
4.32591e-06
-2.7243e-05
4.12489e-06
-2.69113e-05
3.89256e-06
-2.65945e-05
3.62376e-06
-2.63809e-05
3.40971e-06
-2.62016e-05
3.08215e-06
-2.60435e-05
2.8646e-06
-2.59509e-05
2.57988e-06
-2.59153e-05
2.40087e-06
-2.58806e-05
2.20417e-06
-2.58017e-05
2.14912e-06
-2.56307e-05
2.18393e-06
-2.53543e-05
2.30081e-06
-2.51108e-05
2.56062e-06
-2.48875e-05
2.13321e-06
-2.49701e-05
2.41819e-06
-2.51019e-05
2.11415e-06
-2.53942e-05
1.96221e-06
-2.57408e-05
2.05517e-06
-2.61741e-05
1.951e-06
-2.68333e-05
1.53477e-06
5.59233e-07
-2.72832e-05
-2.12138e-05
-2.01922e-05
2.23266e-05
-2.58264e-06
-2.81525e-05
-3.1236e-05
-3.3495e-06
6.98863e-06
-2.25805e-06
-1.77576e-05
-2.33867e-05
2.69527e-05
-2.49134e-05
-1.64981e-05
2.58103e-05
-1.59614e-05
-1.54482e-05
2.27984e-05
-2.85728e-05
-1.29212e-05
3.06335e-05
3.96115e-06
5.07249e-08
2.8617e-05
3.55805e-06
-2.82104e-05
2.77126e-05
5.45126e-06
2.72495e-05
5.84731e-06
2.70071e-05
5.6593e-06
2.70543e-05
5.20854e-06
2.69551e-05
4.58375e-06
2.68505e-05
3.94518e-06
2.66089e-05
3.56165e-06
2.63905e-05
3.04692e-06
2.61717e-05
2.68088e-06
2.6006e-05
2.41317e-06
2.59357e-05
2.20691e-06
2.58611e-05
2.07555e-06
2.58106e-05
1.93936e-06
2.58012e-05
1.92391e-06
2.58406e-05
1.92792e-06
2.59227e-05
1.96062e-06
2.59755e-05
2.05098e-06
2.60529e-05
2.09295e-06
2.61071e-05
2.30897e-06
2.61784e-05
2.55004e-06
2.62858e-05
2.83413e-06
2.64461e-05
3.15311e-06
2.66977e-05
3.47947e-06
2.69223e-05
3.77733e-06
2.71221e-05
4.18448e-06
2.75553e-05
4.39341e-06
2.79703e-05
4.59467e-06
2.82384e-05
4.90926e-06
2.8509e-05
5.14779e-06
2.88381e-05
5.24622e-06
2.8931e-05
5.44157e-06
2.90456e-05
5.41316e-06
2.8973e-05
5.37545e-06
2.86168e-05
5.35524e-06
2.81476e-05
5.18189e-06
2.74897e-05
4.98653e-06
2.66603e-05
4.74619e-06
-3.99093e-06
2.56658e-05
4.46421e-06
-3.39723e-06
2.59084e-05
-2.73227e-06
2.61707e-05
-2.01456e-06
2.62913e-05
-1.13581e-06
2.63766e-05
-3.66601e-07
2.65404e-05
4.42837e-07
2.6496e-05
1.21894e-06
2.64465e-05
2.0627e-06
2.63057e-05
2.76824e-06
2.617e-05
3.48018e-06
2.58958e-05
4.0467e-06
2.55925e-05
-2.6194e-05
2.52393e-05
4.48504e-06
-2.7025e-05
4.68518e-06
-2.76982e-05
4.86128e-06
-2.82171e-05
5.01738e-06
-2.85382e-05
5.13182e-06
-2.86785e-05
5.19766e-06
-2.86723e-05
5.22694e-06
-2.85271e-05
5.19565e-06
-2.82969e-05
5.11377e-06
-2.80428e-05
4.96457e-06
-2.76792e-05
4.76732e-06
-2.73824e-05
4.61751e-06
-2.70859e-05
4.34493e-06
-2.68248e-05
4.05411e-06
-2.65681e-05
3.77615e-06
-2.63942e-05
3.45713e-06
-2.62077e-05
3.1524e-06
-2.61435e-05
2.91866e-06
-2.60277e-05
2.62194e-06
-2.59529e-05
2.40461e-06
-2.58458e-05
2.26604e-06
-2.56893e-05
2.20531e-06
-2.5492e-05
2.24086e-06
-2.51936e-05
2.36301e-06
-2.51882e-05
2.19481e-06
-2.50909e-05
2.35732e-06
-2.52004e-05
2.2318e-06
-2.53371e-05
2.0769e-06
-2.55936e-05
2.26086e-06
-2.59652e-05
2.2475e-06
-2.6492e-05
1.97105e-06
1.23882e-06
-2.72602e-05
-2.77681e-05
-7.46784e-07
-1.99369e-05
-2.22277e-05
-2.04262e-05
-2.24563e-05
2.32353e-05
1.25848e-05
2.59534e-05
-2.91714e-05
-9.3848e-06
-2.80401e-05
-2.24487e-06
-2.63314e-05
-1.09124e-05
5.45912e-06
-2.74485e-05
-1.42153e-05
-2.68889e-05
-1.63077e-05
1.60787e-07
-9.75718e-06
-2.13329e-05
-1.08131e-05
-2.26618e-05
1.43677e-06
-2.84042e-05
-2.86331e-06
-1.84856e-05
-2.38328e-05
-2.4744e-05
-1.83556e-05
-3.66337e-06
4.16661e-06
2.45445e-05
-3.13044e-06
2.48771e-05
-2.47673e-06
2.51217e-05
-1.76112e-06
2.52664e-05
-1.06584e-06
2.54357e-05
-2.6732e-07
2.55354e-05
4.47877e-07
2.55872e-05
1.21992e-06
2.54665e-05
1.91585e-06
2.53612e-05
2.63994e-06
2.51341e-05
3.29325e-06
2.48478e-05
3.82344e-06
2.45665e-05
4.21378e-06
2.42369e-05
-2.49292e-05
4.51325e-06
2.38844e-05
-2.58476e-05
4.73604e-06
-2.67168e-05
5.00896e-06
-2.74126e-05
5.16785e-06
-2.79826e-05
5.3768e-06
-2.83613e-05
5.48575e-06
-2.85448e-05
5.53618e-06
-2.8603e-05
5.60028e-06
-2.85047e-05
5.54298e-06
-2.83435e-05
5.49403e-06
-2.81215e-05
5.34025e-06
-2.78752e-05
5.14185e-06
-2.75456e-05
4.90596e-06
-2.72891e-05
4.68114e-06
-2.70492e-05
4.36611e-06
-2.67988e-05
4.02769e-06
-2.66273e-05
3.73282e-06
-2.64809e-05
3.39805e-06
-2.63032e-05
3.08014e-06
-2.62037e-05
2.81291e-06
-2.60934e-05
2.54132e-06
-2.59618e-05
2.34258e-06
-2.58004e-05
2.21547e-06
-2.55989e-05
2.17508e-06
-2.53449e-05
2.20777e-06
-2.51243e-05
2.03624e-06
-2.52003e-05
2.45581e-06
-2.50974e-05
2.10979e-06
-2.53078e-05
2.22231e-06
-2.53964e-05
2.2385e-06
-2.56559e-05
2.35195e-06
-2.61834e-05
2.30524e-06
1.97671e-06
-2.71466e-05
-1.57852e-07
-2.79492e-05
2.09627e-05
-1.69057e-05
-2.21731e-05
-1.83728e-05
-2.45114e-05
2.12127e-05
-5.94786e-06
6.95985e-06
-2.28042e-05
5.8827e-05
-3.33996e-06
-5.78735e-05
2.19922e-06
2.69633e-05
6.25755e-06
-2.79567e-05
2.66857e-05
5.91871e-06
2.66379e-05
5.47677e-06
2.66449e-05
4.96311e-06
2.65534e-05
4.44209e-06
2.64458e-05
3.82893e-06
2.62689e-05
3.52892e-06
2.60997e-05
3.03264e-06
2.59447e-05
2.69103e-06
2.58339e-05
2.41408e-06
2.57671e-05
2.20532e-06
2.57652e-05
2.05002e-06
2.57628e-05
1.95656e-06
2.58017e-05
1.94166e-06
2.58702e-05
1.95936e-06
2.59612e-05
2.01085e-06
2.61003e-05
2.0941e-06
2.61556e-05
2.26033e-06
2.62455e-05
2.48445e-06
2.63514e-05
2.754e-06
2.64845e-05
3.05935e-06
2.66562e-05
3.39174e-06
2.68704e-05
3.73023e-06
2.71027e-05
4.06413e-06
2.74545e-05
4.40244e-06
2.77148e-05
4.7445e-06
2.8012e-05
4.93247e-06
2.8284e-05
5.27369e-06
2.8606e-05
5.43876e-06
2.87526e-05
5.65423e-06
2.89231e-05
5.72649e-06
2.89599e-05
5.69894e-06
2.87096e-05
5.78566e-06
2.83636e-05
5.67936e-06
2.78621e-05
5.47317e-06
2.72033e-05
5.25401e-06
2.63235e-05
5.07513e-06
2.53404e-05
4.77217e-06
2.4247e-05
4.50549e-06
-2.03643e-05
-2.38577e-05
2.43276e-05
-2.1682e-05
-2.24907e-05
5.85113e-05
-1.89897e-06
4.88546e-06
-6.18229e-05
-2.43138e-05
-3.6914e-06
-1.84779e-05
-2.76266e-05
-3.17062e-06
-2.44949e-05
2.34383e-05
4.67573e-06
-2.55149e-05
4.91956e-06
-2.63633e-05
5.12461e-06
-2.71538e-05
5.36685e-06
-2.7712e-05
5.50913e-06
-2.81686e-05
5.69276e-06
-2.84436e-05
5.73469e-06
-2.85127e-05
5.75095e-06
-2.85273e-05
5.77114e-06
-2.83674e-05
5.64847e-06
-2.82077e-05
5.55999e-06
-2.79904e-05
5.33704e-06
-2.77626e-05
5.10039e-06
-2.74924e-05
4.82378e-06
-2.72837e-05
4.54683e-06
-2.70935e-05
4.19693e-06
-2.68861e-05
3.85126e-06
-2.67149e-05
3.51845e-06
-2.65681e-05
3.19213e-06
-2.64062e-05
2.88062e-06
-2.62677e-05
2.60757e-06
-2.6107e-05
2.36291e-06
-2.59224e-05
2.1859e-06
-2.57022e-05
2.08015e-06
-2.54532e-05
2.05124e-06
-2.54046e-05
2.03985e-06
-2.50997e-05
2.15919e-06
-2.50033e-05
1.97263e-06
-2.50644e-05
2.17954e-06
-2.51738e-05
2.18408e-06
-2.52851e-05
2.24278e-06
-2.56546e-05
2.39271e-06
-2.66678e-05
2.64812e-06
7.07488e-07
-2.82487e-05
1.94084e-05
-1.58634e-05
1.78574e-05
-2.58757e-05
-1.59724e-05
-3.85317e-06
4.20883e-06
2.31087e-05
-3.40997e-06
2.34365e-05
-2.87123e-06
2.3775e-05
-2.21948e-06
2.39947e-05
-1.60799e-06
2.42524e-05
-9.86529e-07
2.44657e-05
-2.92488e-07
2.45266e-05
4.72098e-07
2.45188e-05
1.12472e-06
2.44984e-05
1.81325e-06
2.43231e-05
2.46715e-06
2.40773e-05
3.00718e-06
2.38345e-05
3.51075e-06
2.35047e-05
3.93779e-06
2.31524e-05
4.23422e-06
2.28152e-05
4.34343e-06
2.2426e-05
2.5227e-05
-1.68653e-05
-2.48032e-05
2.8551e-05
-1.81926e-05
2.81405e-05
-1.57627e-05
2.75691e-05
-1.36022e-05
-1.198e-05
-1.89225e-05
1.84133e-05
2.01867e-05
-8.06487e-06
-2.94145e-05
-1.8649e-05
1.74446e-05
9.86274e-07
6.50715e-09
-8.70416e-06
-2.36344e-05
2.26779e-05
2.58001e-05
5.80516e-06
-2.56768e-05
2.59877e-05
5.38489e-06
2.61119e-05
4.98828e-06
2.61377e-05
4.56771e-06
2.6124e-05
4.09265e-06
2.59524e-05
3.65479e-06
2.5904e-05
3.26481e-06
2.57801e-05
2.88333e-06
2.56829e-05
2.56854e-06
2.56247e-05
2.31019e-06
2.56084e-05
2.11285e-06
2.56273e-05
1.97475e-06
2.56899e-05
1.89272e-06
2.57881e-05
1.89137e-06
2.59183e-05
1.91963e-06
2.60495e-05
2.00892e-06
2.61656e-05
2.14113e-06
2.62858e-05
2.33357e-06
2.64131e-05
2.57863e-06
2.65493e-05
2.86683e-06
2.67016e-05
3.18536e-06
2.68773e-05
3.52568e-06
2.7079e-05
3.87202e-06
2.73064e-05
4.2146e-06
2.75669e-05
4.5503e-06
2.7876e-05
4.86698e-06
2.81088e-05
5.13846e-06
2.83969e-05
5.41164e-06
2.85785e-05
5.64766e-06
2.87726e-05
5.78349e-06
2.88864e-05
5.83229e-06
2.87047e-05
5.96565e-06
2.85344e-05
5.88135e-06
2.81893e-05
5.77415e-06
2.76226e-05
5.61095e-06
2.68022e-05
5.47753e-06
2.59324e-05
5.20521e-06
2.49371e-05
4.92137e-06
2.38486e-05
4.68692e-06
2.27504e-05
4.39046e-06
4.15742e-06
5.74853e-05
-3.42799e-06
-2.566e-06
-2.77e-05
-1.6487e-05
8.84807e-06
-1.99488e-05
-2.58363e-05
2.59115e-05
-1.98756e-05
-2.58451e-05
-2.20776e-05
-2.37603e-05
-6.21641e-05
-5.87166e-06
6.57676e-05
6.158e-05
2.06167e-06
-5.75796e-05
2.20197e-05
-3.01473e-06
-2.81523e-05
3.95128e-06
-3.03315e-05
2.13301e-05
1.56516e-05
-1.62829e-05
-1.14269e-05
-4.54817e-05
1.39238e-05
1.29642e-05
-1.97853e-05
-1.77207e-05
2.4013e-05
1.40426e-06
-6.53627e-05
-6.03627e-06
6.96229e-05
-2.29935e-05
2.19078e-05
4.37632e-06
-2.40493e-05
4.66695e-06
-2.50357e-05
4.88208e-06
-2.59813e-05
5.13298e-06
-2.67595e-05
5.33214e-06
-2.74402e-05
5.52943e-06
-2.7877e-05
5.63499e-06
-2.82198e-05
5.74999e-06
-2.84123e-05
5.77013e-06
-2.84285e-05
5.74581e-06
-2.83875e-05
5.67122e-06
-2.82269e-05
5.53743e-06
-2.80571e-05
5.34917e-06
-2.78679e-05
5.11497e-06
-2.76786e-05
4.84517e-06
-2.74714e-05
4.5464e-06
-2.72914e-05
4.21366e-06
-2.71233e-05
3.86836e-06
-2.69522e-05
3.5213e-06
-2.6773e-05
3.17671e-06
-2.66104e-05
2.87389e-06
-2.64221e-05
2.57002e-06
-2.62298e-05
2.31471e-06
-2.60217e-05
2.1081e-06
-2.57753e-05
1.94376e-06
-2.54853e-05
1.84217e-06
-2.52572e-05
1.85642e-06
-2.51115e-05
2.01035e-06
-2.4974e-05
1.7687e-06
-2.49127e-05
1.98551e-06
-2.49307e-05
1.99919e-06
-2.50658e-05
2.09803e-06
-2.53751e-05
2.34929e-06
-2.57533e-05
2.60542e-06
3.64842e-06
-2.59219e-05
2.43477e-05
-1.46218e-05
-3.96999e-05
3.551e-05
-1.63247e-05
2.33269e-05
-1.63175e-05
-4.65376e-05
-3.8817e-06
4.10295e-06
2.16526e-05
-3.52764e-06
2.19942e-05
-3.1137e-06
2.23603e-05
-2.57811e-06
2.26619e-05
-2.03356e-06
2.2946e-05
-1.44829e-06
2.32219e-05
-7.89694e-07
2.34058e-05
-1.46904e-07
2.35099e-05
4.25543e-07
2.3582e-05
1.05748e-06
2.34931e-05
1.67295e-06
2.33067e-05
2.23092e-06
2.30752e-05
2.77207e-06
2.27914e-05
3.26622e-06
2.2439e-05
3.64745e-06
2.21175e-05
3.9378e-06
2.17747e-05
4.13963e-06
2.13611e-05
4.15099e-06
2.0902e-05
-1.90843e-05
3.00912e-05
-1.74091e-05
2.88759e-05
-1.44934e-05
2.76189e-05
-1.23769e-05
2.5831e-05
-1.0318e-05
-1.19507e-05
2.4614e-05
3.90645e-06
-5.13721e-06
2.44642e-05
-2.98105e-05
2.53202e-05
6.13002e-06
-2.48672e-05
-6.94247e-06
2.53673e-05
5.34988e-06
2.54955e-05
4.8176e-06
2.56078e-05
4.41091e-06
2.56714e-05
4.03233e-06
2.56502e-05
3.65349e-06
2.55781e-05
3.28925e-06
2.55069e-05
2.94069e-06
2.54268e-05
2.62632e-06
2.53795e-05
2.34302e-06
2.5373e-05
2.11514e-06
2.54081e-05
1.94175e-06
2.54803e-05
1.82804e-06
2.55898e-05
1.76853e-06
2.57354e-05
1.78342e-06
2.58955e-05
1.83819e-06
2.60674e-05
1.94794e-06
2.62336e-05
2.10947e-06
2.6399e-05
2.32117e-06
2.6561e-05
2.58113e-06
2.67219e-05
2.87867e-06
2.68886e-05
3.19995e-06
2.70648e-05
3.5405e-06
2.72557e-05
3.88419e-06
2.74604e-05
4.22575e-06
2.76849e-05
4.55236e-06
2.79228e-05
4.85857e-06
2.8147e-05
5.13414e-06
2.83675e-05
5.38548e-06
2.85754e-05
5.58627e-06
2.86957e-05
5.73241e-06
2.86135e-05
5.87615e-06
2.85346e-05
5.8721e-06
2.82611e-05
5.82636e-06
2.78306e-05
5.70722e-06
2.71367e-05
5.64001e-06
2.63939e-05
5.40217e-06
2.5493e-05
5.15983e-06
2.44123e-05
4.96752e-06
2.33593e-05
4.6645e-06
2.22531e-05
4.42985e-06
2.11937e-05
4.15367e-06
2.60868e-05
-1.66856e-05
-2.58597e-05
-3.17597e-06
-2.78642e-05
2.14922e-05
-2.88185e-05
-2.70146e-05
2.68986e-05
-1.72413e-05
1.77383e-05
-2.70549e-05
-1.80502e-05
1.85072e-05
-1.92187e-05
-2.73527e-05
-2.75009e-05
-3.3965e-06
-2.8408e-05
-2.58529e-05
-2.15772e-05
-2.5185e-05
-2.39358e-05
6.49315e-05
-6.36055e-05
-2.04007e-07
3.14995e-05
-1.85917e-05
1.49142e-05
-2.77654e-05
-6.38054e-05
5.73301e-05
-7.88265e-06
2.0704e-05
-1.36e-05
2.45031e-05
3.29541e-07
-1.17746e-05
2.4995e-05
1.14042e-05
6.027e-05
-6.06059e-05
4.8863e-06
5.192e-06
5.89076e-05
2.50959e-05
2.56367e-06
2.48214e-05
2.42645e-06
2.46769e-05
2.11112e-06
2.46039e-05
1.86764e-06
2.46779e-05
1.70026e-06
2.48427e-05
1.67601e-06
2.48713e-05
1.66723e-06
2.52416e-05
1.63039e-06
2.54998e-05
1.63861e-06
2.57521e-05
1.66345e-06
2.60116e-05
1.77874e-06
2.62492e-05
1.97253e-06
2.64632e-05
2.1998e-06
2.66647e-05
2.45794e-06
2.68624e-05
2.74921e-06
2.7029e-05
3.06696e-06
2.71961e-05
3.39658e-06
2.73495e-05
3.74484e-06
2.75102e-05
4.07187e-06
2.76754e-05
4.3889e-06
2.78274e-05
4.68499e-06
2.79756e-05
4.93534e-06
2.80927e-05
5.16445e-06
2.81632e-05
5.34328e-06
2.81681e-05
5.46118e-06
2.80618e-05
5.53867e-06
2.78256e-05
5.56032e-06
2.74575e-05
5.52173e-06
2.69083e-05
5.42987e-06
2.62012e-05
5.32789e-06
2.53718e-05
5.11469e-06
2.44015e-05
4.94705e-06
2.33491e-05
4.71021e-06
2.22945e-05
4.47556e-06
2.12066e-05
4.24721e-06
2.02163e-05
4.00095e-06
4.42893e-06
5.7381e-05
-4.62783e-06
-3.79067e-06
3.88858e-06
2.01877e-05
-3.56277e-06
2.06321e-05
-3.24063e-06
2.09781e-05
-2.80257e-06
2.13092e-05
-2.29057e-06
2.16059e-05
-1.77341e-06
2.19421e-05
-1.18696e-06
2.21954e-05
-6.29319e-07
2.24422e-05
-1.20338e-07
2.26158e-05
4.19193e-07
2.26646e-05
9.59511e-07
2.25702e-05
1.47532e-06
2.23864e-05
1.98859e-06
2.21236e-05
2.5116e-06
2.17851e-05
2.96666e-06
2.14451e-05
3.35212e-06
2.11272e-05
3.68457e-06
2.07586e-05
3.8597e-06
2.04066e-05
3.94057e-06
1.99276e-05
3.82456e-06
1.93069e-05
2.63852e-05
-1.45989e-05
-6.45739e-06
-2.7466e-05
-1.6484e-05
2.66245e-05
1.70849e-05
1.46782e-05
6.80213e-05
-5.32986e-05
-2.97267e-05
1.00646e-05
-5.78672e-05
7.124e-06
-5.92209e-05
6.16499e-06
-5.99785e-05
6.00128e-05
5.43428e-06
-5.9583e-05
5.908e-05
5.50525e-06
5.828e-05
5.67539e-06
-6.81417e-06
9.49923e-06
5.53023e-05
2.46734e-05
-1.27629e-05
2.29859e-06
5.49533e-05
-5.5265e-05
-2.27026e-06
1.33151e-05
3.06058e-05
-1.24065e-05
1.16417e-05
3.53284e-05
-3.91406e-05
-7.87245e-06
3.45976e-05
-2.80241e-05
-1.65579e-05
2.76416e-05
-2.83237e-05
-1.74121e-05
-1.83677e-05
-2.88092e-05
-3.72388e-06
-2.67726e-05
2.59696e-05
-1.6189e-05
-2.61316e-05
6.58338e-07
1.9889e-06
3.23496e-05
-1.41839e-05
3.02011e-05
-1.23568e-05
2.82393e-05
-1.05002e-05
2.75571e-05
-9.79381e-06
-1.01724e-05
2.55495e-05
-1.93294e-05
2.90937e-05
1.45206e-05
1.26791e-05
-6.67449e-06
-2.20055e-05
1.58025e-05
2.47302e-05
7.44044e-06
-8.11299e-06
-2.44552e-05
2.4813e-05
5.61318e-06
2.49302e-05
4.75925e-06
2.50344e-05
4.20155e-06
2.5097e-05
3.80776e-06
2.51244e-05
3.46027e-06
2.51163e-05
3.13251e-06
2.508e-05
2.8264e-06
2.50296e-05
2.54209e-06
2.5e-05
2.27333e-06
2.49925e-05
2.04608e-06
2.50334e-05
1.85025e-06
2.51166e-05
1.71122e-06
2.52377e-05
1.62739e-06
2.53914e-05
1.59498e-06
2.55841e-05
1.62014e-06
2.57886e-05
1.69983e-06
2.60017e-05
1.82553e-06
2.6209e-05
2.00341e-06
2.64103e-05
2.2231e-06
2.65973e-05
2.49195e-06
2.67743e-05
2.78564e-06
2.69507e-05
3.0936e-06
2.71204e-05
3.42846e-06
2.73004e-05
3.75153e-06
2.74751e-05
4.08912e-06
2.76647e-05
4.39029e-06
2.78532e-05
4.68097e-06
2.80378e-05
4.93388e-06
2.81872e-05
5.18074e-06
2.83228e-05
5.33521e-06
2.83617e-05
5.49254e-06
2.83411e-05
5.58463e-06
2.81613e-05
5.60553e-06
2.78144e-05
5.57489e-06
2.7245e-05
5.51897e-06
2.65672e-05
5.40502e-06
2.57676e-05
5.14905e-06
2.47629e-05
5.00134e-06
2.37492e-05
4.74702e-06
2.26613e-05
4.49397e-06
2.15564e-05
4.30338e-06
2.05284e-05
4.02559e-06
1.95754e-05
3.80121e-06
3.05343e-05
1.55416e-05
-3.10606e-05
2.94181e-05
1.45002e-05
-1.18393e-05
1.36973e-05
2.75798e-05
-5.82011e-05
5.43234e-08
5.93808e-05
-1.42057e-06
2.73484e-05
-8.60954e-06
-4.21182e-06
-2.72235e-05
1.18097e-06
6.16034e-05
-1.22681e-06
1.29769e-05
2.484e-05
-1.05402e-05
5.54024e-06
5.8453e-05
-8.72085e-06
-5.5591e-05
-2.66503e-05
-2.3928e-05
-2.74526e-05
-2.08439e-05
-2.76531e-05
1.56426e-05
-2.97989e-05
2.8792e-05
2.88877e-05
-1.63736e-05
-2.96709e-05
2.81883e-05
5.6211e-05
-3.04579e-05
6.26479e-05
1.70354e-06
3.14466e-07
-6.04196e-05
1.33652e-05
5.62315e-05
2.96936e-05
-2.72627e-05
-3.52923e-05
-3.23315e-05
-7.19986e-06
3.08431e-05
-1.01758e-05
-6.12391e-05
6.17447e-06
-6.16129e-05
5.57086e-06
-6.06347e-05
4.17222e-06
2.42118e-05
2.03926e-06
2.42268e-05
1.93955e-06
2.41741e-05
1.78469e-06
2.41682e-05
1.57065e-06
2.42226e-05
1.42459e-06
2.44226e-05
1.33902e-06
2.46127e-05
1.41122e-06
2.49271e-05
1.31207e-06
2.51784e-05
1.43059e-06
2.54461e-05
1.46517e-06
2.56964e-05
1.60779e-06
2.59803e-05
1.76091e-06
2.62292e-05
2.00323e-06
2.64604e-05
2.2501e-06
2.66612e-05
2.53476e-06
2.68322e-05
2.8389e-06
2.69873e-05
3.14552e-06
2.71295e-05
3.47007e-06
2.72614e-05
3.77326e-06
2.73864e-05
4.06448e-06
2.74975e-05
4.34017e-06
2.75879e-05
4.57107e-06
2.76515e-05
4.77568e-06
2.76669e-05
4.93435e-06
2.75952e-05
5.04907e-06
2.74261e-05
5.11152e-06
2.71337e-05
5.12437e-06
2.66895e-05
5.09176e-06
2.60829e-05
5.01186e-06
2.53552e-05
4.88707e-06
2.44331e-05
4.74511e-06
2.34379e-05
4.5589e-06
2.23924e-05
4.32041e-06
2.12899e-05
4.13871e-06
2.02378e-05
3.90553e-06
1.92249e-05
3.71219e-06
1.83659e-05
3.5121e-06
-2.81524e-05
-8.41028e-06
2.61803e-05
-2.98589e-05
-8.26073e-06
-3.16889e-05
-8.78907e-06
-3.43583e-05
-9.749e-06
-3.75415e-05
-1.10033e-05
-4.15914e-05
-1.22273e-05
-4.24256e-05
2.91845e-05
3.83039e-05
-1.12175e-05
2.60698e-05
-2.62315e-05
2.58043e-05
-1.57131e-05
2.71128e-05
1.48378e-05
2.77329e-05
-3.74023e-06
5.55695e-05
3.20709e-06
3.47563e-06
5.58982e-05
1.52849e-05
-3.36769e-05
-1.25471e-05
-1.71026e-05
-3.06523e-05
2.90138e-05
-9.62816e-06
6.6808e-06
-2.55837e-05
4.53492e-06
-4.29665e-05
4.31046e-06
-2.33146e-05
2.72316e-05
-1.56065e-05
1.09097e-05
-5.49876e-06
-5.53828e-05
4.97465e-05
-6.24238e-05
-1.97493e-06
5.79967e-05
-1.21806e-05
-4.56509e-05
-3.66192e-06
3.59808e-06
1.87448e-05
-3.56314e-06
1.93133e-05
-3.30927e-06
1.97032e-05
-2.94717e-06
2.00234e-05
-2.49604e-06
2.03315e-05
-2.00943e-06
2.06462e-05
-1.47571e-06
2.09785e-05
-9.82542e-07
2.13073e-05
-5.23421e-07
2.16134e-05
-5.55845e-08
2.17928e-05
3.95409e-07
2.18648e-05
8.35462e-07
2.17791e-05
1.29432e-06
2.1561e-05
1.77216e-06
2.12533e-05
2.24521e-06
2.08859e-05
2.68879e-06
2.0533e-05
3.11783e-06
2.01784e-05
3.42756e-06
1.98653e-05
3.63316e-06
1.95369e-05
3.69454e-06
1.91037e-05
3.60053e-06
1.85207e-05
3.35339e-06
1.75986e-05
1.28111e-05
-5.54573e-05
1.06735e-05
-5.60095e-05
8.07443e-06
-5.69196e-05
6.13281e-06
-5.83408e-05
4.78676e-06
-5.85107e-05
3.45352e-06
-5.95487e-05
-6.34132e-05
5.85416e-06
-5.34899e-06
-2.6655e-05
-1.57727e-05
2.64648e-05
1.39386e-05
2.65782e-05
-1.47828e-05
2.5156e-05
1.43314e-05
-2.40747e-05
2.74094e-05
9.0693e-06
3.23002e-06
5.90946e-05
-5.93169e-05
2.48773e-06
5.77197e-05
-2.76663e-05
-2.60253e-05
-6.79509e-05
1.02685e-05
-4.12301e-05
4.02753e-05
-1.97739e-05
-2.95144e-05
5.87175e-05
1.14406e-06
-2.64591e-05
-4.59735e-06
8.42854e-06
-6.07378e-06
-5.74734e-05
-3.30997e-06
-2.30033e-05
-2.81644e-05
1.98916e-05
-1.11483e-05
6.75414e-06
-1.57295e-05
2.22884e-05
6.50696e-06
-9.22796e-06
2.36736e-05
5.65645e-06
2.4104e-05
4.71704e-06
2.43114e-05
4.03758e-06
2.44108e-05
3.54355e-06
2.44395e-05
3.19502e-06
2.44578e-05
2.85502e-06
2.44448e-05
2.57731e-06
2.44243e-05
2.31768e-06
2.44082e-05
2.0835e-06
2.43956e-05
1.88628e-06
2.44246e-05
1.69809e-06
2.44963e-05
1.54943e-06
2.4621e-05
1.44396e-06
2.47881e-05
1.38664e-06
2.49844e-05
1.38137e-06
2.52096e-05
1.42294e-06
2.54554e-05
1.51226e-06
2.57046e-05
1.64734e-06
2.59476e-05
1.82726e-06
2.61726e-05
2.04764e-06
2.63882e-05
2.30113e-06
2.65881e-05
2.57469e-06
2.67532e-05
2.87856e-06
2.69158e-05
3.18105e-06
2.70579e-05
3.49179e-06
2.72168e-05
3.78126e-06
2.73703e-05
4.05637e-06
2.75107e-05
4.32524e-06
2.76239e-05
4.56337e-06
2.77374e-05
4.75622e-06
2.77637e-05
4.92613e-06
2.77372e-05
5.04241e-06
2.76162e-05
5.11354e-06
2.73614e-05
5.13339e-06
2.69562e-05
5.10573e-06
2.64174e-05
5.03239e-06
2.57495e-05
4.90175e-06
2.48053e-05
4.79655e-06
2.38582e-05
4.55758e-06
2.27365e-05
4.42393e-06
2.16003e-05
4.18125e-06
2.05392e-05
3.95858e-06
1.95306e-05
3.71835e-06
1.86207e-05
3.52457e-06
3.35577e-06
1.78339e-05
4.58405e-05
-2.4699e-05
4.73239e-06
-2.58842e-05
4.33238e-05
7.91885e-06
-4.45721e-05
-6.72156e-06
9.1364e-06
2.64582e-05
2.747e-05
5.56478e-05
-3.20759e-05
-3.06848e-07
3.52095e-06
-1.68086e-06
2.32795e-05
-2.54523e-05
2.00321e-05
3.17774e-05
-1.55864e-05
6.6119e-06
-2.55212e-05
2.3013e-05
8.26301e-06
-5.9849e-06
-2.75712e-05
-6.57643e-06
-2.96393e-05
-6.37839e-06
-3.19954e-05
-6.5792e-06
-3.47739e-05
-7.0707e-06
-3.79703e-05
-7.86022e-06
-4.17094e-05
-8.50185e-06
-4.532e-05
-8.55844e-06
-1.0042e-05
1.11391e-05
-4.66721e-05
-4.65428e-05
-8.80132e-06
-2.20376e-05
-8.84799e-07
-1.64193e-06
-1.5344e-05
2.06752e-05
-2.02607e-05
6.17604e-07
2.02679e-05
-1.81946e-05
1.94766e-05
2.35351e-05
-1.86665e-06
2.41569e-06
2.34424e-05
1.8254e-06
2.33325e-05
1.62836e-06
2.32969e-05
1.52234e-06
2.32997e-05
1.41157e-06
2.33291e-05
1.24722e-06
2.34457e-05
1.10626e-06
2.35734e-05
1.09516e-06
2.38488e-05
1.09279e-06
2.41076e-05
1.06566e-06
2.44379e-05
1.15301e-06
2.47368e-05
1.23712e-06
2.50301e-05
1.38155e-06
2.52974e-05
1.53808e-06
2.55615e-05
1.74512e-06
2.57927e-05
1.97422e-06
2.59935e-05
2.23145e-06
2.61585e-05
2.50339e-06
2.6289e-05
2.78014e-06
2.64104e-05
3.05424e-06
2.65037e-05
3.32917e-06
2.65894e-05
3.57499e-06
2.66601e-05
3.81318e-06
2.66985e-05
4.02024e-06
2.67039e-05
4.19298e-06
2.66526e-05
4.32929e-06
2.65224e-05
4.42528e-06
2.62867e-05
4.47673e-06
2.59202e-05
4.48766e-06
2.54094e-05
4.45653e-06
2.475e-05
4.38195e-06
2.39406e-05
4.27351e-06
2.30147e-05
4.13659e-06
2.19899e-05
3.97139e-06
2.08674e-05
3.79644e-06
1.97657e-05
3.60707e-06
1.86931e-05
3.40587e-06
1.77117e-05
3.22746e-06
1.68462e-05
3.05437e-06
1.61006e-05
2.94395e-06
-6.25618e-05
5.02319e-06
-6.145e-05
4.17873e-06
-6.12104e-05
3.68173e-06
-5.99355e-05
1.96468e-06
-6.63006e-05
1.03387e-05
3.36994e-05
-3.10313e-05
-6.6303e-06
2.21591e-05
-3.21465e-05
-6.21329e-06
-7.07118e-06
4.2899e-05
-1.10307e-05
-4.11699e-05
-7.90242e-06
-8.95912e-06
-9.89142e-06
1.56331e-05
-2.52214e-06
6.59973e-06
-2.38241e-05
-5.93716e-06
-2.60942e-05
-1.51576e-05
2.66652e-05
1.46234e-05
2.70627e-05
-1.53669e-05
2.62935e-05
1.40102e-05
-2.8111e-05
7.51535e-06
2.37403e-05
1.2297e-07
5.84042e-05
1.29396e-06
5.67973e-05
8.30382e-06
-4.35305e-05
-2.74306e-05
2.89169e-05
-1.74397e-05
6.05303e-05
-6.92212e-07
-7.75407e-06
2.49118e-05
6.59947e-05
6.70824e-08
-5.71808e-06
5.10689e-05
1.46161e-05
1.97516e-07
1.51177e-05
-3.8393e-05
-1.81768e-05
-3.19577e-05
5.91374e-05
-1.342e-06
4.09499e-06
-2.54487e-05
-5.15112e-06
2.50087e-05
6.40824e-06
4.47341e-07
-2.24568e-05
9.11144e-06
-6.58979e-06
1.95421e-05
2.52545e-05
-2.01676e-05
-4.68821e-05
4.41291e-05
8.52887e-07
1.83923e-06
-7.58356e-06
1.79285e-05
5.72398e-05
-3.6974e-06
-1.22283e-05
1.19357e-05
-1.54488e-05
-5.41484e-05
1.09307e-05
-5.45838e-05
1.00048e-05
-5.47567e-05
8.53344e-06
-5.47795e-05
6.77998e-06
-5.54171e-05
4.46329e-06
-5.6281e-05
2.80819e-06
-5.7082e-05
9.51628e-07
-5.7894e-05
-9.08871e-07
-5.82459e-05
2.62993e-05
-1.52703e-05
-2.61756e-05
-5.32201e-06
-3.02906e-05
-2.18713e-05
-2.47384e-05
-2.90786e-05
5.85808e-05
-9.61595e-07
7.83281e-06
5.62468e-05
-1.01634e-05
-5.40937e-05
7.00264e-06
-1.91922e-05
2.08617e-05
-9.11818e-06
1.98554e-05
4.08827e-06
2.17723e-05
4.25148e-06
2.27269e-05
4.28823e-06
2.30522e-05
3.91447e-06
2.32816e-05
3.27645e-06
2.34074e-05
2.84152e-06
2.34902e-05
2.51049e-06
2.34967e-05
2.245e-06
2.34783e-05
2.01324e-06
2.34552e-05
1.80333e-06
2.34389e-05
1.62671e-06
2.34594e-05
1.47011e-06
2.34977e-05
1.3483e-06
2.35982e-05
1.2356e-06
2.37482e-05
1.16482e-06
2.394e-05
1.13529e-06
2.41679e-05
1.14608e-06
2.44245e-05
1.20035e-06
2.46967e-05
1.29366e-06
2.49706e-05
1.42555e-06
2.52354e-05
1.59471e-06
2.54826e-05
1.79707e-06
2.57057e-05
2.0266e-06
2.58961e-05
2.27836e-06
2.60662e-05
2.53768e-06
2.62058e-05
2.81267e-06
2.63393e-05
3.07458e-06
2.64473e-05
3.3374e-06
2.65424e-05
3.57543e-06
2.6636e-05
3.79412e-06
2.67067e-05
3.99874e-06
2.67356e-05
4.16736e-06
2.6717e-05
4.3034e-06
2.6618e-05
4.3994e-06
2.64154e-05
4.45473e-06
2.60846e-05
4.4676e-06
2.56108e-05
4.43891e-06
2.49877e-05
4.37036e-06
2.42017e-05
4.26834e-06
2.33139e-05
4.15178e-06
2.22315e-05
4.02881e-06
2.11805e-05
3.82607e-06
2.00991e-05
3.62067e-06
1.90299e-05
3.44171e-06
1.80103e-05
3.25657e-06
1.71175e-05
3.07867e-06
1.63696e-05
2.93253e-06
-3.19827e-06
2.81362e-06
1.57629e-05
-3.39946e-06
1.71771e-05
-3.42259e-06
1.80346e-05
-3.28736e-06
1.85524e-05
-3.02041e-06
1.88988e-05
-2.65093e-06
1.91853e-05
-2.20958e-06
1.94737e-05
-1.73741e-06
1.97978e-05
-1.26618e-06
2.01629e-05
-8.22294e-07
2.05437e-05
-3.91829e-07
2.08821e-05
-2.10526e-08
2.11317e-05
3.46063e-07
2.12071e-05
7.24904e-07
2.11096e-05
1.13004e-06
2.08538e-05
1.57779e-06
2.04865e-05
2.02921e-06
2.00941e-05
2.48195e-06
1.97072e-05
2.88144e-06
1.93672e-05
3.2052e-06
1.90799e-05
3.44365e-06
1.87697e-05
3.53661e-06
1.83956e-05
3.47001e-06
1.7866e-05
3.23674e-06
1.69876e-05
1.55296e-05
2.83291e-06
1.42251e-05
2.65721e-05
6.32921e-07
5.79574e-05
1.08698e-05
-9.86406e-06
-4.75411e-05
1.15316e-05
-4.72827e-05
-4.28452e-05
1.45447e-05
-2.23024e-05
1.81403e-05
1.36944e-06
6.15247e-05
-4.9243e-05
-2.78902e-05
5.40034e-05
-5.31378e-05
1.02321e-06
2.40115e-05
-2.02246e-05
1.81355e-05
-2.49334e-05
2.32031e-06
-2.27687e-05
-5.78575e-06
-2.51373e-05
-4.43818e-06
-2.76022e-05
-4.11372e-06
-3.02236e-05
-4.12403e-06
-3.30466e-05
-4.37553e-06
-3.6125e-05
-4.871e-06
-3.93917e-05
-5.29084e-06
-4.22982e-05
-5.68348e-06
-4.46764e-05
-6.44468e-06
-4.57897e-05
-8.77617e-06
4.43591e-05
1.26325e-05
-1.98267e-05
-3.72092e-05
-1.1747e-05
-4.7263e-05
1.14528e-05
-1.3215e-05
-2.55068e-05
2.70206e-05
1.16065e-05
-1.3748e-05
5.6774e-05
-4.10086e-05
-5.43774e-07
5.00999e-05
6.71175e-05
9.46123e-06
1.34684e-05
-3.49243e-05
-4.17852e-06
5.74252e-05
-5.84497e-06
5.42463e-06
5.18008e-05
-2.27126e-06
-2.42098e-05
-6.7513e-06
8.11985e-06
3.92784e-05
-4.0484e-05
-7.80126e-06
3.65776e-05
-5.25664e-06
3.34813e-05
-4.85223e-06
3.07484e-05
-4.44296e-06
2.81271e-05
-3.73408e-06
2.44421e-05
-3.11452e-06
-1.79371e-06
2.7917e-05
-1.90779e-06
2.12053e-05
-3.80814e-06
-2.25633e-05
4.90306e-06
4.20698e-07
-4.22317e-06
-6.40096e-05
3.30928e-06
-6.18887e-05
2.64758e-06
-6.08125e-05
2.86278e-06
-5.95585e-05
2.22177e-06
-5.83173e-05
5.44871e-07
-5.68352e-05
-2.52914e-06
2.54798e-05
-1.47044e-05
-2.55513e-05
-5.94074e-06
2.98117e-06
-2.36526e-06
4.70976e-06
-2.44943e-05
-3.02151e-05
1.10944e-05
-5.14599e-05
-4.92705e-06
4.52068e-05
1.31864e-05
-5.14519e-05
1.1538e-05
-5.26488e-05
9.9002e-06
-5.3111e-05
8.23145e-06
-5.32693e-05
6.69069e-06
-5.343e-05
4.80037e-06
-5.37242e-05
2.63709e-06
-5.43121e-05
2.8928e-07
-5.49102e-05
-2.1993e-06
-5.55574e-05
-4.57364e-06
-5.59937e-05
-7.02144e-06
-5.44793e-05
4.45489e-05
-1.01877e-05
2.17511e-05
5.64507e-05
-1.76634e-06
-2.25754e-05
1.14432e-05
2.45184e-05
1.60607e-05
-6.65938e-06
2.13718e-05
-2.02388e-05
1.73873e-05
1.46751e-06
1.87238e-05
2.45272e-06
1.97195e-05
2.90215e-06
2.05827e-05
3.00896e-06
2.12556e-05
2.76534e-06
2.15758e-05
2.41601e-06
2.17485e-05
2.09014e-06
2.18264e-05
1.82961e-06
2.18448e-05
1.6245e-06
2.18336e-05
1.44947e-06
2.18106e-05
1.29781e-06
2.18119e-05
1.16941e-06
2.18371e-05
1.06668e-06
2.1918e-05
9.80393e-07
2.20345e-05
9.27372e-07
2.22045e-05
8.84959e-07
2.24213e-05
8.75067e-07
2.2676e-05
8.98847e-07
2.29604e-05
9.56182e-07
2.32594e-05
1.04427e-06
2.35579e-05
1.16314e-06
2.38431e-05
1.31047e-06
2.41038e-05
1.48308e-06
2.43322e-05
1.67609e-06
2.45277e-05
1.88432e-06
2.46854e-05
2.09769e-06
2.4815e-05
2.31836e-06
2.49143e-05
2.53613e-06
2.50019e-05
2.7402e-06
2.50628e-05
2.93788e-06
2.51045e-05
3.10939e-06
2.51216e-05
3.2698e-06
2.5096e-05
3.40448e-06
2.50117e-05
3.51038e-06
2.48445e-05
3.58451e-06
2.45709e-05
3.62519e-06
2.41699e-05
3.63162e-06
2.36268e-05
3.60423e-06
2.29351e-05
3.54529e-06
2.20988e-05
3.46061e-06
2.11438e-05
3.35947e-06
2.01134e-05
3.24211e-06
1.8999e-05
3.09605e-06
1.78489e-05
2.94954e-06
1.6779e-05
2.76053e-06
1.5782e-05
2.61683e-06
1.48984e-05
2.47757e-06
1.41636e-05
2.35965e-06
1.35972e-05
2.26023e-06
-2.69891e-06
1.31897e-05
2.17147e-06
-3.05683e-06
1.53081e-05
-3.2331e-06
1.66669e-05
-3.23667e-06
1.74685e-05
-3.08888e-06
1.79334e-05
-2.81782e-06
1.82344e-05
-2.45444e-06
1.84863e-05
-2.03003e-06
1.87551e-05
-1.57744e-06
1.90803e-05
-1.12903e-06
1.94713e-05
-7.12278e-07
1.98997e-05
-3.4441e-07
2.02977e-05
-2.62687e-09
2.05805e-05
3.1876e-07
2.06776e-05
6.52152e-07
2.05634e-05
1.0237e-06
2.02645e-05
1.42994e-06
1.98517e-05
1.86361e-06
1.94161e-05
2.2895e-06
1.90156e-05
2.68525e-06
1.86783e-05
3.02228e-06
1.84109e-05
3.26521e-06
1.81395e-05
3.37082e-06
1.78269e-05
3.34053e-06
1.73363e-05
3.14347e-06
1.65098e-05
2.73748e-06
1.51365e-05
-1.33909e-05
2.18248e-06
1.30245e-05
-1.39194e-05
2.25784e-06
-1.46207e-05
2.35504e-06
-1.55109e-05
2.47656e-06
-1.64991e-05
2.59295e-06
-1.75888e-05
2.75386e-06
-1.87102e-05
2.91186e-06
-1.98477e-05
3.0898e-06
-2.09245e-05
3.22491e-06
-2.19075e-05
3.3621e-06
-2.27695e-05
3.47982e-06
-2.34876e-05
3.57119e-06
-2.40569e-05
3.63545e-06
-2.44859e-05
3.66561e-06
-2.47858e-05
3.6574e-06
-2.49793e-05
3.61813e-06
-2.50886e-05
3.54074e-06
-2.51379e-05
3.43222e-06
-2.51408e-05
3.28986e-06
-2.51144e-05
3.1244e-06
-2.50735e-05
2.94047e-06
-2.49969e-05
2.73048e-06
-2.49072e-05
2.51866e-06
-2.47892e-05
2.29668e-06
-2.46291e-05
2.06723e-06
-2.44308e-05
1.84406e-06
-2.41958e-05
1.63035e-06
-2.392e-05
1.432e-06
-2.36211e-05
1.2595e-06
-2.32926e-05
1.11242e-06
-2.29839e-05
1.00478e-06
-2.26412e-05
8.78995e-07
-2.23727e-05
8.32506e-07
-2.21116e-05
8.15978e-07
-2.19271e-05
8.24688e-07
-2.1811e-05
8.1897e-07
-2.17624e-05
9.32326e-07
-2.16882e-05
9.83619e-07
-2.167e-05
1.07349e-06
-2.16378e-05
1.09362e-06
-2.12809e-05
9.21314e-07
-2.4492e-05
7.06195e-07
-2.06597e-05
2.79645e-06
-7.25307e-06
-2.28968e-05
2.25935e-06
4.24915e-06
-1.86365e-05
-1.39578e-05
-3.76153e-05
-2.20555e-05
-2.18908e-05
1.75114e-06
3.0586e-06
1.67424e-05
2.48987e-05
-1.91101e-05
-3.51916e-06
-3.09943e-05
-2.5194e-05
4.05573e-05
-3.12682e-05
-5.73275e-06
-2.60565e-05
5.03487e-06
-2.84601e-05
-9.4401e-07
1.43016e-05
2.69216e-05
-1.46708e-05
2.61437e-05
-2.6352e-05
9.31565e-06
2.6838e-05
1.3548e-05
3.76607e-07
5.67794e-05
-1.94863e-07
5.73761e-05
1.41236e-05
-4.60178e-05
4.91424e-05
3.43557e-06
-4.84052e-05
1.25884e-05
-4.57888e-05
1.69151e-05
4.98729e-05
1.70159e-05
-5.23428e-05
-2.02102e-05
-3.33355e-05
1.75249e-05
-4.12386e-05
5.75831e-05
-1.19871e-06
-5.46403e-05
5.62422e-05
3.34733e-06
-5.03626e-06
3.78606e-05
-7.35927e-06
-6.81767e-06
-2.46658e-05
-1.39728e-06
-3.74029e-05
1.75531e-05
1.01696e-05
-1.79791e-05
2.34308e-05
-4.10194e-05
3.5736e-05
-4.47169e-05
5.66843e-05
1.18139e-05
2.66507e-05
-2.66769e-05
4.12398e-05
-1.3955e-05
3.91111e-05
-6.6966e-06
3.66356e-05
-4.01844e-06
3.39358e-05
-3.04584e-06
3.11175e-05
-2.55758e-06
2.83903e-05
-2.25792e-06
2.58731e-05
-2.006e-06
2.3486e-05
-1.9174e-06
2.10922e-05
-1.92789e-06
1.8478e-05
-2.05377e-06
-2.44869e-06
1.48941e-05
-3.45854e-05
-5.46914e-06
-5.50229e-06
2.29842e-05
-2.15539e-05
-2.18506e-06
4.39262e-06
-2.22684e-05
-1.29329e-06
-2.42707e-05
-1.29367e-06
-2.66087e-05
-1.54909e-06
-2.91693e-05
-2.00665e-06
-3.18208e-05
-2.29952e-06
-3.42741e-05
-2.88201e-06
-4.28609e-06
-2.20961e-05
2.32541e-05
2.42263e-05
-5.6845e-05
5.59007e-06
5.55895e-05
-5.77499e-05
1.0057e-06
-5.73644e-05
-8.11606e-07
-3.86822e-06
2.57126e-05
-3.35555e-05
2.8165e-05
-2.0615e-06
2.5627e-05
-1.42179e-05
4.99076e-05
2.3333e-05
-2.38988e-05
9.06572e-06
5.42869e-05
-2.51378e-07
-1.43082e-06
2.09095e-05
-5.66011e-05
1.83467e-06
-5.56031e-05
1.44645e-06
-5.44501e-05
1.51636e-06
-5.32953e-05
8.89234e-07
-5.24408e-05
-4.43425e-07
-5.17889e-05
-3.29039e-06
-5.06104e-05
-8.27362e-06
-1.4753e-05
1.81307e-05
-2.62798e-05
1.46956e-05
2.22133e-06
-1.41648e-05
1.92845e-05
2.48447e-06
-7.4655e-06
1.66353e-05
7.78126e-07
1.70074e-05
1.25613e-06
-2.06194e-06
1.88315e-05
1.93828e-06
1.8969e-05
1.57058e-06
1.98385e-05
1.34417e-06
1.91593e-05
7.96235e-07
1.8924e-05
6.18414e-07
1.88911e-05
6.44291e-07
1.89274e-05
6.3075e-07
1.8972e-05
6.1098e-07
1.90974e-05
5.70845e-07
1.92423e-05
5.32098e-07
1.94813e-05
5.27565e-07
1.97684e-05
5.38673e-07
2.0092e-05
5.69085e-07
2.04336e-05
6.22758e-07
2.08158e-05
7.06518e-07
2.11796e-05
8.02725e-07
2.15184e-05
9.20872e-07
2.18218e-05
1.05396e-06
2.20857e-05
1.20244e-06
2.23057e-05
1.36104e-06
2.24822e-05
1.523e-06
2.26152e-05
1.6877e-06
2.27098e-05
1.84994e-06
2.27723e-05
2.00176e-06
2.28115e-05
2.14842e-06
2.28171e-05
2.28362e-06
2.27876e-05
2.40154e-06
2.27108e-05
2.50289e-06
2.25644e-05
2.58454e-06
2.23294e-05
2.64292e-06
2.19837e-05
2.67275e-06
2.15101e-05
2.67876e-06
2.08919e-05
2.65814e-06
2.01248e-05
2.61008e-06
1.92164e-05
2.54084e-06
1.8186e-05
2.45164e-06
1.70652e-05
2.34834e-06
1.59102e-05
2.23554e-06
1.47412e-05
2.10924e-06
1.36176e-05
1.99254e-06
1.25907e-05
1.86552e-06
1.17207e-05
1.75436e-06
1.10058e-05
1.66167e-06
1.04666e-05
1.58221e-06
1.01069e-05
1.51513e-06
-4.4552e-05
2.03352e-05
-2.37619e-05
-3.38138e-05
-2.59719e-06
2.09377e-06
1.29266e-05
-2.93706e-06
1.49991e-05
-3.10132e-06
1.63026e-05
-3.09841e-06
1.70477e-05
-2.95202e-06
1.7461e-05
-2.69076e-06
1.77167e-05
-2.34222e-06
1.79302e-05
-1.93801e-06
1.81761e-05
-1.50745e-06
1.84965e-05
-1.08006e-06
1.89044e-05
-6.81324e-07
1.93702e-05
-3.26452e-07
1.98177e-05
-3.14828e-09
2.01351e-05
3.08687e-07
2.02433e-05
6.28818e-07
2.01178e-05
9.78547e-07
1.97857e-05
1.3636e-06
1.93315e-05
1.775e-06
1.88603e-05
2.18461e-06
1.84484e-05
2.55956e-06
1.81268e-05
2.89172e-06
1.7872e-05
3.12724e-06
1.76504e-05
3.25376e-06
1.73795e-05
3.21441e-06
1.69648e-05
3.01873e-06
1.61862e-05
2.64042e-06
1.48764e-05
2.10993e-06
1.27996e-05
1.46457e-06
9.89357e-06
-4.09079e-05
-2.95336e-06
1.14448e-05
-1.06198e-05
-5.23473e-05
1.14953e-05
-5.15829e-05
1.02554e-05
-5.15094e-05
8.59022e-06
-5.1561e-05
6.87303e-06
-5.16781e-05
5.13276e-06
-5.18226e-05
3.28112e-06
-5.20084e-05
9.98924e-07
-5.21633e-05
-1.66785e-06
-5.23633e-05
-4.67012e-06
-5.26551e-05
-8.38612e-06
-5.23535e-05
-1.09746e-05
-5.19471e-05
-1.25693e-05
-4.90551e-05
-5.85193e-05
5.63561e-06
-4.62093e-05
4.83563e-06
-1.72656e-05
-4.91161e-05
-2.09508e-06
-6.72915e-06
-5.30558e-05
1.50486e-05
1.28739e-06
-1.52302e-05
1.52108e-05
1.01758e-06
1.59194e-05
1.42266e-06
1.68365e-05
1.61802e-06
1.76639e-05
1.75688e-06
1.82674e-05
1.67963e-06
1.86321e-05
1.51713e-06
1.8851e-05
1.29814e-06
1.89541e-05
1.13043e-06
1.89894e-05
9.97332e-07
1.89901e-05
8.88699e-07
1.89853e-05
7.95107e-07
1.89967e-05
7.25481e-07
1.90445e-05
6.6545e-07
1.91452e-05
6.20178e-07
1.93095e-05
5.94791e-07
1.95225e-05
5.82282e-07
1.97786e-05
5.93789e-07
2.00792e-05
6.21936e-07
2.04089e-05
6.74986e-07
2.07541e-05
7.49344e-07
2.10967e-05
8.45001e-07
2.14228e-05
9.59415e-07
2.17189e-05
1.09111e-06
2.19779e-05
1.23486e-06
2.2196e-05
1.38858e-06
2.23707e-05
1.54524e-06
2.25063e-05
1.70333e-06
2.26132e-05
1.85851e-06
2.26893e-05
2.00753e-06
2.2745e-05
2.14456e-06
2.27656e-05
2.27284e-06
2.27572e-05
2.38302e-06
2.27001e-05
2.47996e-06
2.25757e-05
2.55743e-06
2.23631e-05
2.61175e-06
2.20395e-05
2.64171e-06
2.15861e-05
2.64615e-06
2.09891e-05
2.62625e-06
2.02439e-05
2.58256e-06
1.93578e-05
2.51911e-06
1.83539e-05
2.44005e-06
1.72626e-05
2.34886e-06
1.61159e-05
2.2406e-06
1.49714e-05
2.12203e-06
1.38482e-05
1.99143e-06
1.28251e-05
1.87213e-06
1.19317e-05
1.76302e-06
1.1198e-05
1.66921e-06
1.06372e-05
1.59048e-06
1.02485e-05
1.51934e-06
1.00082e-05
1.46351e-06
5.26011e-05
5.04319e-06
1.59303e-05
-4.93099e-05
-3.00234e-07
5.56474e-05
-6.7783e-07
5.60699e-05
-2.53662e-05
1.04776e-05
1.3771e-05
2.65463e-05
-7.02381e-06
-2.52617e-05
7.74089e-06
-2.52543e-05
2.80218e-05
-2.10321e-05
-4.78645e-05
-2.70977e-05
-2.80556e-05
-1.0946e-05
1.03249e-05
-3.01155e-08
4.35633e-07
-3.34575e-05
-1.32193e-05
-8.68801e-07
1.03273e-05
-1.50923e-05
-5.36388e-07
-1.62885e-05
-3.04787e-07
-1.75154e-05
-2.5293e-07
-1.89545e-05
-2.72209e-07
-2.074e-05
-3.58112e-07
-2.26759e-05
-4.76228e-07
-2.50093e-05
-6.42259e-07
-1.21493e-06
4.33765e-05
-3.76617e-06
-4.36585e-05
-2.50545e-05
2.32443e-05
-4.86637e-05
-2.56819e-06
-4.36398e-05
3.83574e-07
-4.31514e-05
3.39049e-07
-7.67326e-07
-1.31253e-05
-4.91932e-07
3.18418e-05
-7.57688e-06
2.86355e-05
-3.55718e-06
2.61862e-05
-1.6362e-06
2.39788e-05
-9.22049e-07
2.19455e-05
-6.30962e-07
2.00399e-05
-4.85482e-07
1.82839e-05
-4.13684e-07
1.65889e-05
-4.15052e-07
1.48956e-05
-4.50811e-07
-5.14294e-07
-2.63557e-05
2.61065e-05
1.27607e-05
5.54762e-05
-4.97254e-05
1.34495e-05
2.2964e-05
-4.06502e-05
1.02208e-05
4.33461e-07
-1.0414e-05
1.03439e-05
4.39948e-07
-8.09475e-07
1.1522e-05
7.48802e-07
1.28781e-05
7.62187e-07
1.2714e-05
5.25511e-07
1.29202e-05
5.87366e-07
1.3656e-05
7.01491e-07
1.40658e-05
6.23388e-07
1.43373e-05
5.17252e-07
1.42069e-05
3.72937e-07
1.40219e-05
2.82807e-07
1.39423e-05
2.60799e-07
1.39397e-05
2.47377e-07
1.40121e-05
2.33368e-07
1.41513e-05
2.20286e-07
1.4355e-05
2.09163e-07
1.46367e-05
2.09077e-07
1.49826e-05
2.25653e-07
1.53807e-05
2.52017e-07
1.58104e-05
2.92532e-07
1.62634e-05
3.43719e-07
1.67097e-05
4.06652e-07
1.71375e-05
4.76967e-07
1.75311e-05
5.56895e-07
1.78835e-05
6.43654e-07
1.81906e-05
7.34404e-07
1.84495e-05
8.26665e-07
1.86625e-05
9.1684e-07
1.88378e-05
1.00583e-06
1.89761e-05
1.09164e-06
1.90824e-05
1.17405e-06
1.9157e-05
1.2495e-06
1.91876e-05
1.32078e-06
1.91624e-05
1.38148e-06
1.90613e-05
1.43461e-06
1.8865e-05
1.47633e-06
1.85492e-05
1.50338e-06
1.80978e-05
1.51498e-06
1.74962e-05
1.51159e-06
1.67383e-05
1.49212e-06
1.58337e-05
1.45773e-06
1.48017e-05
1.4102e-06
1.36722e-05
1.35515e-06
1.24928e-05
1.28839e-06
1.13085e-05
1.21242e-06
1.01807e-05
1.13211e-06
9.13861e-06
1.05512e-06
8.23272e-06
9.76753e-07
7.49024e-06
9.10436e-07
6.92515e-06
8.50604e-07
6.5325e-06
8.01947e-07
6.29743e-06
7.63717e-07
-4.24251e-05
1.49761e-06
-4.16393e-05
8.78673e-07
-4.12416e-05
8.80821e-07
-4.01573e-05
2.76044e-07
-3.93947e-05
-4.18472e-09
-3.93403e-05
-6.13848e-07
-4.02616e-05
-2.45228e-06
-4.25402e-05
-6.05287e-06
-4.25544e-05
-2.38756e-05
7.34653e-06
5.53565e-05
3.06263e-07
-2.98338e-05
-3.18322e-05
5.68164e-05
3.50884e-06
-5.12022e-07
5.45957e-05
-2.39355e-05
1.0295e-05
-9.02452e-06
-4.18407e-05
4.6347e-06
4.27022e-05
-3.84173e-05
1.30856e-06
-3.97454e-05
-8.36398e-07
-6.73685e-07
-1.90089e-05
3.53921e-05
1.73761e-05
-4.34905e-05
-2.69471e-05
1.29937e-05
-4.79819e-05
1.05256e-05
-4.91426e-05
8.68946e-06
-4.97125e-05
7.16094e-06
-5.00802e-05
5.79833e-06
-5.03684e-05
4.3818e-06
-5.04619e-05
2.85624e-06
-5.05398e-05
9.91164e-07
-5.03589e-05
-1.40064e-06
-5.00223e-05
-4.78822e-06
-4.93058e-05
-8.41854e-06
-4.87515e-05
-1.30197e-05
-4.73647e-05
-1.59897e-05
-4.60943e-05
-4.42914e-05
-1.42539e-05
1.63461e-05
-1.26931e-05
1.2416e-05
-2.02698e-06
1.42196e-06
9.88218e-06
-2.51117e-06
1.27828e-05
-2.83652e-06
1.48123e-05
-2.99763e-06
1.60685e-05
-2.99896e-06
1.67606e-05
-2.8674e-06
1.71278e-05
-2.62481e-06
1.73366e-05
-2.30243e-06
1.7514e-05
-1.92375e-06
1.77299e-05
-1.51806e-06
1.80388e-05
-1.10934e-06
1.84518e-05
-7.1888e-07
1.89398e-05
-3.5525e-07
1.94161e-05
-1.58363e-08
1.97583e-05
3.14647e-07
1.98745e-05
6.48259e-07
1.97429e-05
9.99335e-07
1.93911e-05
1.37709e-06
1.8907e-05
1.76907e-06
1.84166e-05
2.1558e-06
1.8002e-05
2.51542e-06
1.76944e-05
2.81467e-06
1.7476e-05
3.03186e-06
1.72958e-05
3.13311e-06
1.70792e-05
3.11292e-06
1.67011e-05
2.91399e-06
1.59967e-05
2.56085e-06
1.47254e-05
2.04841e-06
1.26928e-05
1.42431e-06
9.79618e-06
7.37785e-07
6.18616e-06
1.08877e-05
4.75303e-07
1.11525e-05
4.58502e-07
1.16699e-05
5.65707e-07
1.22755e-05
6.25292e-07
1.29062e-05
6.85984e-07
1.33766e-05
7.19602e-07
1.3713e-05
6.49505e-07
1.38949e-05
5.55099e-07
1.39712e-05
4.76685e-07
1.39786e-05
4.16061e-07
1.39584e-05
3.65992e-07
1.39411e-05
3.25355e-07
1.39612e-05
2.93069e-07
1.40283e-05
2.66924e-07
1.41638e-05
2.48335e-07
1.43693e-05
2.41985e-07
1.46391e-05
2.4253e-07
1.49673e-05
2.60292e-07
1.53433e-05
2.8456e-07
1.57543e-05
3.21608e-07
1.61849e-05
3.69932e-07
1.66168e-05
4.29695e-07
1.70326e-05
4.9907e-07
1.74193e-05
5.765e-07
1.77665e-05
6.5999e-07
1.80704e-05
7.47447e-07
1.83295e-05
8.3586e-07
1.8546e-05
9.22984e-07
1.87287e-05
1.00849e-06
1.88815e-05
1.09068e-06
1.90028e-05
1.16861e-06
1.90932e-05
1.24141e-06
1.91408e-05
1.30821e-06
1.91352e-05
1.36553e-06
1.90535e-05
1.41641e-06
1.88758e-05
1.45538e-06
1.85796e-05
1.48177e-06
1.81457e-05
1.49255e-06
1.75601e-05
1.49102e-06
1.68216e-05
1.47212e-06
1.5935e-05
1.44323e-06
1.49249e-05
1.39883e-06
1.38158e-05
1.35216e-06
1.26517e-05
1.288e-06
1.14785e-05
1.21599e-06
1.03429e-05
1.13394e-06
9.29503e-06
1.05727e-06
8.37837e-06
9.82272e-07
7.62204e-06
9.16776e-07
7.04261e-06
8.58058e-07
6.63356e-06
8.08787e-07
6.37961e-06
7.69635e-07
7.42989e-07
6.25125e-06
-4.73933e-05
2.05578e-05
5.51064e-05
-2.83326e-05
-2.44222e-06
2.22956e-06
-2.78688e-06
9.47884e-06
2.06791e-05
2.12948e-06
2.00943e-06
-2.49674e-06
-1.40409e-06
7.24154e-07
2.84324e-06
-3.02795e-06
3.06634e-06
-2.9716e-06
2.77378e-06
-2.49608e-06
2.16444e-06
-1.801e-06
1.42371e-06
-1.04719e-06
6.77829e-07
-3.20383e-07
-3.06771e-08
3.9705e-07
-7.77881e-07
1.16982e-06
-1.56424e-06
1.94717e-06
-2.2982e-06
2.59804e-06
-2.81766e-06
2.93591e-06
-2.9241e-06
2.76668e-06
-2.45046e-06
1.98782e-06
2.2556e-06
-2.47388e-06
2.1515e-06
-1.40108e-06
7.29004e-07
2.82498e-06
-3.32006e-06
3.95545e-06
-4.71658e-06
5.57118e-06
-6.48318e-06
7.40291e-06
-8.29189e-06
9.11099e-06
-9.83453e-06
1.04289e-05
-1.08838e-05
1.11934e-05
-1.13691e-05
1.14238e-05
-1.13802e-05
1.12594e-05
-1.10854e-05
1.08754e-05
-1.06416e-05
1.03899e-05
-1.01206e-05
9.83104e-06
-9.51739e-06
9.1723e-06
-8.79488e-06
8.38746e-06
-7.95649e-06
7.51293e-06
-7.07126e-06
6.64833e-06
-6.26134e-06
5.92645e-06
-5.65162e-06
5.45125e-06
-5.32729e-06
5.28509e-06
-5.3195e-06
5.41199e-06
-5.54508e-06
5.69622e-06
-5.83257e-06
5.92346e-06
-5.92953e-06
5.8189e-06
-5.60312e-06
5.37929e-06
-5.16774e-06
4.96528e-06
-4.82395e-06
4.62989e-06
-4.91464e-06
5.65617e-06
-6.41269e-06
7.08833e-06
-7.70396e-06
8.29e-06
-8.91891e-06
9.66583e-06
-1.06794e-05
1.23888e-05
-1.60153e-05
2.36792e-05
-1.9494e-05
1.81329e-05
-1.74001e-05
1.66651e-05
-1.65247e-05
1.66406e-05
-1.73375e-05
1.98536e-05
6.95684e-06
9.3863e-06
-9.47621e-06
5.10849e-06
-2.36801e-06
1.53134e-07
1.14719e-06
-2.14369e-06
2.75216e-06
-3.13106e-06
3.34489e-06
-3.57325e-06
3.94234e-06
-4.73934e-06
6.24973e-06
-8.63682e-06
1.79427e-05
2.30438e-05
-3.64677e-05
-9.63979e-06
-4.71157e-06
-1.45272e-05
1.92499e-05
2.84093e-06
-1.85466e-05
1.76554e-05
-1.88793e-05
2.33823e-05
-1.94527e-05
1.85311e-05
-1.87213e-05
1.89618e-05
-1.62686e-05
1.32152e-05
-1.10677e-05
9.76779e-06
-9.02949e-06
8.43885e-06
-7.94373e-06
7.51158e-06
-7.07676e-06
6.57102e-06
-5.82108e-06
4.74328e-06
-4.34993e-06
4.55224e-06
1.85642e-07
-4.72348e-06
5.15813e-06
-5.54295e-06
5.63142e-06
-5.7378e-06
5.92986e-06
-6.01634e-06
5.98532e-06
-5.8283e-06
5.61779e-06
-5.44123e-06
5.32706e-06
-5.28346e-06
5.32125e-06
-5.4413e-06
5.64466e-06
-5.92857e-06
6.27695e-06
-6.6791e-06
7.1164e-06
-7.57064e-06
8.02238e-06
-8.45982e-06
8.87391e-06
-9.25778e-06
9.60792e-06
-9.92248e-06
1.02088e-05
-1.04723e-05
1.07174e-05
-1.09417e-05
1.11418e-05
-1.13048e-05
1.14141e-05
-1.14468e-05
1.13812e-05
-1.11965e-05
1.08766e-05
-1.04121e-05
9.80468e-06
-9.06859e-06
8.23469e-06
-7.33569e-06
6.41029e-06
-5.50176e-06
4.65514e-06
-3.90203e-06
3.27501e-06
-8.59021e-06
-4.09473e-06
-3.0169e-06
2.77848e-07
5.75974e-05
-3.15879e-05
-3.3576e-05
-6.21922e-05
-2.19264e-06
4.09331e-06
-4.42364e-07
-4.77254e-07
-7.15355e-08
-6.59345e-08
-2.68337e-06
2.26522e-05
5.88345e-05
-2.71022e-06
-2.56985e-05
2.27144e-05
-1.88443e-05
-2.26866e-05
-1.73444e-05
-1.8236e-05
2.38424e-05
-1.89069e-05
-2.42894e-05
-1.7343e-05
-1.814e-05
2.49736e-05
-1.90351e-05
-2.5314e-05
-1.74246e-05
-1.79739e-05
2.58587e-05
-2.60693e-05
4.4363e-05
7.24428e-06
)
;

boundaryField
{
    wall
    {
        type            calculated;
        value           uniform 0;
    }
    outlet
    {
        type            calculated;
        value           nonuniform List<scalar> 
33
(
1.26595e-05
6.16866e-06
9.77955e-06
1.58884e-05
1.4665e-05
1.68766e-05
1.65492e-05
1.71872e-05
1.70492e-05
1.76586e-05
1.73727e-05
1.85577e-05
1.80642e-05
1.94161e-05
1.90511e-05
1.94271e-05
1.95569e-05
1.85838e-05
1.90714e-05
1.76855e-05
1.8092e-05
1.72085e-05
1.73964e-05
1.69013e-05
1.70706e-05
1.59283e-05
1.65796e-05
1.27181e-05
1.47154e-05
6.21848e-06
9.83975e-06
2.117e-06
2.13681e-06
)
;
    }
    inlet
    {
        type            calculated;
        value           nonuniform List<scalar> 
30
(
-2.96154e-05
-1.98645e-05
-2.71541e-05
-3.48874e-05
-5.32281e-06
-1.96823e-05
-4.17113e-05
-3.78792e-05
-4.65255e-05
-4.46112e-05
-4.90207e-05
-4.7995e-05
-5.01565e-05
-4.97489e-05
-5.01349e-05
-5.02435e-05
-4.89073e-05
-4.97045e-05
-4.55812e-05
-4.76213e-05
-4.17735e-05
-1.27274e-05
-1.2228e-05
-4.91514e-06
-1.74878e-06
-1.88635e-06
-4.05304e-07
-3.76046e-07
-6.58569e-08
-7.1452e-08
)
;
    }
    frontAndBackPlanes
    {
        type            empty;
        value           nonuniform List<scalar> 0();
    }
}


// ************************************************************************* //
