/*--------------------------------*- C++ -*----------------------------------*\
| =========                 |                                                 |
| \\      /  F ield         | OpenFOAM: The Open Source CFD Toolbox           |
|  \\    /   O peration     | Version:  2212                                  |
|   \\  /    A nd           | Website:  www.openfoam.com                      |
|    \\/     M anipulation  |                                                 |
\*---------------------------------------------------------------------------*/
FoamFile
{
    version     2.0;
    format      ascii;
    arch        "LSB;label=32;scalar=64";
    class       volVectorField;
    location    "0.00645";
    object      U;
}
// * * * * * * * * * * * * * * * * * * * * * * * * * * * * * * * * * * * * * //

dimensions      [0 1 -1 0 0 0 0];

internalField   nonuniform List<vector> 
2681
(
(0.316895 -0.836738 -1.9434e-18)
(3.27775 -69.3071 0)
(6.73539 -64.7584 -2.93852e-18)
(0.169047 0.0165089 -8.59167e-18)
(0.728698 -64.3667 2.00461e-18)
(-2.40449 -68.0143 4.87963e-18)
(-0.10022 0.0230092 -2.13698e-18)
(-0.171218 0.0102921 2.77847e-19)
(-0.191107 0.0124648 5.50889e-19)
(-0.199127 0.0141913 -1.3869e-19)
(0.154838 0.00867534 0)
(0.180417 0.0140253 -1.4731e-19)
(0.191337 0.0210479 -1.43034e-19)
(-0.0317434 -0.17479 0)
(0.151868 -0.0171539 -6.53769e-19)
(-0.12201 -0.0492459 1.07111e-18)
(-0.0866594 -0.0938321 0)
(0.175837 0.012014 -6.84693e-19)
(0.186107 0.0180526 3.03444e-18)
(0.199953 0.0243112 -3.50535e-18)
(0.204196 0.0180702 -1.12868e-17)
(0.197663 0.0188141 8.3106e-19)
(0.204266 0.0233281 -3.32021e-18)
(0.205852 0.0224414 2.23686e-18)
(0.169631 -0.010837 -1.24113e-18)
(0.186902 0.00950602 0)
(0.176252 0.0103841 -2.60139e-18)
(0.158015 0.0122844 2.43743e-19)
(0.159395 0.0083969 1.10741e-18)
(0.189089 0.0114845 1.3279e-18)
(0.183117 0.0129343 -6.27798e-19)
(0.200591 0.0254912 1.30171e-18)
(0.193263 0.0173095 -1.13606e-18)
(0.205393 0.0269113 5.75591e-19)
(0.204969 0.0264531 0)
(0.200173 0.025309 -8.52102e-19)
(-0.193961 0.00209648 2.15252e-18)
(-0.176071 -0.00347136 2.57943e-19)
(-0.159997 -0.0107514 -5.14337e-19)
(-0.170427 -0.00367035 -5.21432e-19)
(-0.151401 -0.0127417 9.59929e-19)
(-0.192641 0.0189285 0)
(-0.182459 0.00876898 -2.72196e-19)
(-0.202315 0.0116514 0)
(-0.197492 0.0128522 0)
(-0.624946 -68.4274 0)
(-0.205237 0.0157386 1.40502e-19)
(-0.181729 0.0118932 -1.09494e-18)
(0.133315 0.0102274 0)
(-0.164916 0.0162538 -2.78258e-19)
(-0.173029 0.0133248 2.78403e-23)
(-0.142188 -0.0225386 2.04806e-18)
(-0.106577 -0.0882807 1.53089e-19)
(-0.171834 0.0114718 -2.77219e-19)
(-0.160074 0.0103104 5.64118e-19)
(0.195177 0.0242601 1.42963e-19)
(0.185941 0.0205271 -4.29431e-19)
(0.143872 0.0112291 -2.89489e-19)
(-0.157076 0.019764 0)
(-0.168436 0.0227255 5.52177e-19)
(-0.160436 0.0253216 1.38433e-19)
(0.188588 0.0164687 0)
(0.175941 0.0134029 2.43371e-18)
(0.206802 0.026729 2.89083e-18)
(0.196955 0.0193746 -4.95494e-19)
(0.199534 0.0151833 -9.56193e-23)
(0.203657 0.0211006 0)
(0.171661 -0.00242979 0)
(0.189446 0.00634061 5.32034e-19)
(0.0355708 -0.00137892 0)
(0.166374 -0.00818234 1.09783e-18)
(-0.148622 -0.0210251 2.50329e-19)
(-0.133984 -0.0365096 -9.01684e-19)
(-0.191329 0.01738 -1.61118e-18)
(-0.165307 -0.00303874 -4.82828e-19)
(0.170854 0.00647063 5.9302e-19)
(-0.00469984 -0.0151188 0)
(-0.0790949 -0.166314 7.5737e-18)
(1.13771 -65.8968 4.81929e-18)
(0.1721 0.0101621 1.19376e-18)
(0.155596 0.00936957 -6.64883e-19)
(0.161104 0.00978998 1.68977e-18)
(0.186713 0.0125897 0)
(0.179447 0.0109681 1.23867e-18)
(0.199789 0.0180777 1.24669e-18)
(0.194769 0.0157355 -1.19986e-19)
(0.203448 0.0239225 0)
(0.202155 0.0210884 -5.97412e-19)
(0.200678 0.0253558 8.59843e-19)
(-0.172508 0.00639995 0)
(-0.16839 0.00561748 0)
(-0.199371 0.0146856 1.15021e-18)
(-0.187374 0.0104941 -1.13102e-18)
(-0.204029 0.0175713 2.90525e-19)
(-0.20567 0.0177532 0)
(-0.197645 0.0163412 0)
(-0.202559 0.0170272 -2.81977e-19)
(-0.18354 0.0175117 0)
(-0.190899 0.0162298 0)
(-0.175893 0.0198749 5.48663e-19)
(-0.149995 0.01117 -7.07735e-20)
(-0.153093 0.0146275 7.06668e-20)
(0.174803 0.0169415 5.66043e-19)
(0.137639 -0.0553873 4.59017e-18)
(0.139058 -0.0178736 0)
(-0.136455 -0.0364985 -2.0789e-18)
(0.147769 0.0130492 0)
(-0.170745 0.0271161 -1.37064e-19)
(-0.162049 0.0279768 -6.85094e-19)
(0.131973 -0.0438722 -6.75535e-18)
(0.0981453 -0.0772251 4.41214e-18)
(0.117185 -0.0664774 0)
(-0.114739 -0.0613412 0)
(-0.153684 0.00175194 -1.97548e-18)
(-0.14501 -0.016913 4.41106e-18)
(-0.142123 0.0057431 4.87305e-18)
(-0.148591 0.0104616 -5.62146e-19)
(-0.141013 0.0138108 1.14255e-18)
(-0.138215 0.0113053 5.72911e-19)
(0.123366 0.00353892 -2.20206e-18)
(0.0449248 -0.159703 1.36922e-18)
(-0.114731 -0.0631471 -3.02032e-19)
(0.326913 -57.4792 -1.02648e-17)
(0.160388 0.010241 1.11658e-18)
(0.154672 -0.00665764 -1.17243e-18)
(-0.148667 -0.0124071 0)
(0.139936 0.0155761 0)
(5.41841 -68.1527 7.36693e-18)
(0.13631 0.0128812 4.91633e-20)
(0.0378612 -0.665188 0)
(-0.0241235 -0.162173 2.30818e-18)
(0.16978 0.0119893 3.17694e-18)
(0.154247 0.00955531 -1.0326e-18)
(0.191651 0.0175466 -2.65352e-19)
(0.181821 0.0160369 2.71413e-19)
(0.203213 0.0168514 -1.52015e-18)
(0.1975 0.0187879 5.17903e-19)
(0.192662 0.00526336 0)
(0.201381 0.0136722 1.01961e-18)
(0.160674 -0.025435 5.04135e-19)
(0.177579 -0.00719419 5.80092e-19)
(0.140844 -0.0416053 9.4824e-19)
(-0.137957 -0.0343707 2.47657e-19)
(-0.124606 -0.0490109 -6.05071e-19)
(-0.174993 -0.00598922 1.2067e-19)
(-0.156017 -0.0196525 2.03306e-23)
(-0.102313 -0.0917 1.08123e-18)
(-0.161575 0.0116171 2.82096e-19)
(-0.380292 -71.457 2.36168e-17)
(-0.174407 0.0146783 -2.7386e-19)
(-0.160586 0.0114512 0)
(0.157839 0.012933 1.36164e-19)
(0.143347 0.0188853 1.03636e-18)
(0.150896 0.0162816 0)
(0.171718 0.00994496 -5.94856e-19)
(0.16432 0.0108222 -1.11786e-18)
(0.185443 0.00927622 3.05758e-19)
(0.179024 0.00899261 -3.00946e-19)
(0.196655 0.0134293 -6.02623e-19)
(0.191461 0.0111402 5.73559e-19)
(0.201343 0.018635 0)
(0.199102 0.0158632 -2.95497e-19)
(0.195205 0.0225002 0)
(0.198927 0.021057 -2.84842e-19)
(0.17784 0.0208716 -5.52753e-19)
(0.18768 0.0225566 0)
(0.0321091 -0.159756 0)
(0.164479 0.0162707 1.07296e-18)
(-0.180866 0.0137097 -5.7172e-19)
(-0.166502 0.00244292 1.24049e-18)
(-0.200091 0.0217027 -5.67607e-19)
(-0.191301 0.0185843 1.14546e-18)
(-0.205209 0.021967 -2.84699e-19)
(-0.204659 0.0224341 0)
(-0.198564 0.0224336 6.81506e-20)
(-0.202879 0.0222194 0)
(-0.185783 0.0241835 -1.08596e-18)
(-0.19215 0.0228959 6.1145e-19)
(-0.178436 0.0256992 5.46793e-19)
(-0.148765 0.023051 4.2053e-19)
(-0.1518 0.0279225 1.35872e-18)
(-0.151247 0.0271022 1.37574e-19)
(-0.144913 0.018239 -5.65132e-19)
(-0.0983063 0.024541 2.37617e-18)
(0.118802 0.00847699 -3.33797e-18)
(0.11699 0.00897745 -6.75452e-18)
(-0.0998498 -0.086289 -8.92285e-19)
(0.0874363 -0.0962097 -2.37339e-18)
(0.0793954 -0.114074 1.23918e-18)
(0.126063 -0.0400989 2.38993e-18)
(0.142121 -8.61083e-05 -3.34579e-18)
(-0.126418 -0.0459436 0)
(0.146974 0.0242147 1.94238e-18)
(-0.132827 -0.0188141 -2.19589e-18)
(-0.13273 -0.000949138 2.20695e-18)
(-0.149105 0.0104779 5.598e-19)
(-0.136947 0.00999082 -7.08519e-19)
(0.102988 -0.081442 1.18118e-18)
(-0.108971 -0.0664146 2.45411e-18)
(0.130784 0.0186884 0)
(0.132883 0.022212 -5.15502e-19)
(0.0651157 -14.7855 3.16641e-21)
(0.0664237 -16.6429 -4.1847e-21)
(-0.071301 -16.6408 -3.40162e-20)
(-0.0674134 -14.7832 3.39995e-20)
(-0.139727 0.0270166 -5.40404e-19)
(-0.151002 0.0255236 -5.37828e-19)
(-0.138658 0.0243114 0)
(0.108189 0.00686951 5.39263e-18)
(0.0699913 -0.134143 0)
(-0.110768 0.0226536 -2.54027e-18)
(0.12133 0.0111818 1.09108e-18)
(0.179274 -2.12457 -1.01627e-17)
(0.545277 -68.928 6.9064e-18)
(-0.122919 -65.6737 -2.74219e-18)
(0.133744 -0.0201129 0)
(-0.127732 -0.0303077 0)
(5.31596 -68.6612 1.16278e-17)
(0.127506 0.0160641 -1.11587e-18)
(-0.0350039 -0.424738 4.46333e-18)
(0.143397 0.00804343 -1.03347e-18)
(0.129016 0.00788074 1.05277e-18)
(0.170952 0.0124084 0)
(0.15734 0.00951516 1.042e-18)
(0.192303 0.0145303 2.60882e-19)
(0.182823 0.0137096 -5.25812e-19)
(0.199152 0.0108226 5.12128e-19)
(0.197796 0.0135842 -7.87787e-23)
(0.183507 -0.00627882 0)
(0.19448 0.00438301 -2.54336e-19)
(0.148554 -0.0350105 0)
(0.167069 -0.0201341 -6.3769e-20)
(0.113959 -0.0772564 -1.01417e-18)
(0.12528 -0.052518 0)
(0.0950109 -0.0956501 -5.39926e-19)
(-0.125417 -0.053815 4.95831e-19)
(-0.11466 -0.0701942 7.33097e-19)
(-0.161911 -0.0187687 -6.13332e-19)
(-0.142197 -0.0358774 -4.87634e-19)
(-0.194668 0.00751483 1.2725e-19)
(-0.180805 -0.00423057 3.10387e-19)
(-0.199255 0.0180794 -6.57869e-20)
(-0.201301 0.014878 0)
(-0.177381 0.0151032 -5.26225e-19)
(-0.190506 0.0174903 6.72761e-19)
(-0.162889 0.0123125 0)
(0.0712123 -18.5298 1.04952e-21)
(0.0735924 -20.5349 -1.04864e-21)
(0.0738736 -22.6217 -1.63202e-20)
(0.0687919 -24.8252 5.03199e-20)
(0.0648125 -27.1448 -2.48501e-20)
(0.0677214 -29.5958 -4.09359e-21)
(0.0560387 -32.21 -7.0582e-20)
(0.0220948 -35.0009 -1.28255e-19)
(-0.0145047 -37.9968 -4.0738e-21)
(-0.0330002 -41.2366 -6.57442e-20)
(-0.172389 -41.1638 0)
(-0.0590953 -44.7221 1.28703e-19)
(-0.021655 -48.4897 4.43424e-19)
(-0.192563 -48.2796 7.52832e-19)
(-0.204279 -44.6364 -2.59925e-19)
(-0.135353 -34.9711 1.36807e-19)
(-0.152925 -37.9369 2.59398e-19)
(-0.102947 -29.5928 2.50828e-20)
(-0.125139 -32.1965 0)
(-0.0885134 -24.8128 1.66222e-20)
(-0.086032 -27.133 3.85341e-24)
(-0.0842195 -20.5314 1.791e-20)
(-0.0890573 -22.6158 -3.77105e-20)
(-0.078936 -18.5269 -1.04953e-21)
(0.160613 0.0159435 0)
(0.153185 0.0196635 0)
(0.173228 0.0108961 5.80254e-19)
(0.167219 0.0131281 0)
(0.185423 0.00832519 -2.97607e-19)
(0.179512 0.0091053 -2.94275e-19)
(0.195394 0.00913313 2.99804e-19)
(0.190184 0.00848457 -2.6244e-19)
(0.199232 0.0116813 -5.75967e-19)
(0.196754 0.0100406 -2.91728e-19)
(0.194018 0.0152318 0)
(0.197073 0.0134966 5.65232e-19)
(0.178325 0.0161332 -5.41999e-19)
(0.187017 0.0160076 2.75047e-19)
(0.249927 -1.71827 1.04742e-17)
(0.167626 0.0146494 7.33156e-19)
(0.144743 0.0137141 1.18728e-19)
(-0.133465 0.00041 0)
(-0.118015 -0.00784462 -8.56362e-18)
(-0.113228 0.00621769 -8.58471e-18)
(-0.113724 -0.000962045 -1.92056e-18)
(-0.161012 0.0130521 5.88487e-19)
(-0.146513 0.00633228 0)
(-0.182659 0.0193182 -5.7302e-19)
(-0.170641 0.0149962 -2.94755e-19)
(-0.201461 0.0263165 -2.82162e-19)
(-0.193216 0.0235042 5.65157e-19)
(-0.206022 0.0281119 8.32884e-19)
(-0.20522 0.0279388 0)
(-0.198826 0.027344 4.76014e-19)
(-0.203122 0.0277345 -2.75007e-19)
(-0.186602 0.0271291 -5.41084e-19)
(-0.192894 0.027092 -5.94197e-19)
(-0.171281 0.0271115 1.36008e-19)
(-0.179433 0.0272407 2.71498e-19)
(-0.161925 0.0265758 1.3572e-19)
(-0.138834 0.0253566 -5.59551e-19)
(-0.140094 0.0276571 -5.48678e-19)
(-0.132267 0.0172046 -1.78528e-18)
(-0.135915 0.0215537 6.35452e-19)
(-0.126295 0.0108724 5.74375e-19)
(-0.128866 0.0135483 0)
(0.148826 -1.18696 0)
(-0.319129 -2.31311 -5.01604e-18)
(0.114488 -0.0562782 -1.16628e-18)
(0.124091 -0.0126844 4.36164e-18)
(-0.12045 -0.0225932 -4.40815e-18)
(-0.114821 -0.0551438 -2.32336e-18)
(0.13383 0.0239585 -4.87878e-19)
(0.0577884 -0.126216 4.36008e-18)
(0.064709 -13.0699 4.19038e-21)
(-0.0656424 -13.0677 0)
(0.147656 0.0217156 -2.2507e-18)
(-1.64565 -6.14186 0)
(0.164858 -41.2342 2.58793e-19)
(0.165242 -44.7114 2.56745e-19)
(0.0872518 -0.0962546 -4.79051e-18)
(-0.910721 -59.5092 2.8592e-18)
(-0.112368 -0.0104813 8.77714e-18)
(-0.0981417 -0.0869044 2.51808e-18)
(0.108087 0.0108712 1.15333e-18)
(0.103219 0.00754125 3.82308e-18)
(0.186622 -13.0729 -1.66572e-20)
(0.0696578 -11.3431 -5.26338e-21)
(0.1997 -11.3489 3.37054e-20)
(-0.12642 0.0258208 -3.37642e-20)
(-0.125487 0.023391 2.16402e-19)
(-0.150315 0.0212444 -3.57896e-24)
(-0.138055 0.0207406 0)
(0.0229409 -52.202 7.26875e-19)
(-0.100127 -52.3342 -4.90535e-19)
(0.109363 -0.00480892 1.52585e-18)
(0.0965085 -0.0112336 1.67352e-18)
(0.0646789 -0.138368 0)
(-0.078157 -0.0982483 2.75362e-18)
(-0.0884523 -0.0112644 1.25124e-18)
(-0.0854416 -0.00814641 -7.19569e-18)
(-1.09933 -68.4889 5.20126e-18)
(0.0236157 -0.260103 4.81959e-18)
(-0.0656156 -0.3037 4.30958e-18)
(-0.0328973 0.0135604 -4.85263e-18)
(-0.12489 0.00846992 -4.27546e-19)
(-0.116362 0.012884 -5.7633e-19)
(-0.114048 0.00973155 5.77167e-19)
(0.120309 -0.0344529 -5.85698e-22)
(-0.119502 -0.0387158 2.24614e-18)
(0.124281 0.0255932 1.07758e-18)
(0.121113 0.0218526 -5.35567e-19)
(0.123228 0.0244333 1.06516e-18)
(0.114626 0.0160748 1.09665e-18)
(0.118072 0.0191797 -5.1038e-19)
(0.11124 0.0134091 -1.11729e-18)
(0.143692 0.00587293 -5.12018e-19)
(0.12832 0.00414268 4.82024e-19)
(0.172203 0.00963233 0)
(0.158274 0.00786575 5.18752e-19)
(0.191295 0.00999166 -2.59669e-19)
(0.183391 0.0107528 0)
(0.193954 0.00273864 2.57554e-19)
(0.195208 0.00760314 3.87408e-19)
(0.172339 -0.0160909 -1.27117e-19)
(0.1865 -0.00504772 -7.63862e-19)
(0.132861 -0.0481899 -1.03867e-18)
(0.153808 -0.0306375 8.89844e-19)
(0.0930008 -0.0880449 1.00948e-18)
(0.111636 -0.0683909 -1.01142e-18)
(0.0670188 -0.110923 7.74009e-19)
(-0.0752332 -0.113447 -2.70102e-18)
(-0.00139423 -0.279708 -1.02644e-17)
(-0.0860855 -0.104597 -9.40649e-19)
(-0.0562326 -0.122103 6.72927e-19)
(-0.108335 -0.0674586 -9.8287e-19)
(-0.0919765 -0.0828969 1.21119e-18)
(-0.147515 -0.0350671 0)
(-0.126405 -0.0512803 4.8323e-19)
(-0.18491 -0.00634467 1.27095e-19)
(-0.168483 -0.0193705 -6.24381e-20)
(-0.196039 0.00881742 2.58131e-19)
(-0.194991 0.00293872 0)
(-0.178449 0.011852 -1.68464e-20)
(-0.190009 0.0116405 -2.62485e-19)
(-0.150044 0.00879849 5.58031e-19)
(-0.164567 0.010538 -6.809e-19)
(-0.136824 0.00806111 4.22336e-19)
(0.175303 -16.6379 0)
(0.180768 -14.7845 -1.77978e-20)
(0.181975 -20.5257 0)
(0.178412 -18.5201 0)
(0.189468 -24.8215 5.25849e-22)
(0.185945 -22.6158 -5.23905e-22)
(0.178915 -29.614 -1.67946e-20)
(0.18659 -27.151 3.66111e-21)
(0.181214 -35.0179 0)
(0.178319 -32.23 1.49686e-19)
(0.171352 -38.0114 -2.6367e-19)
(-0.185714 -13.0693 -3.37315e-20)
(-0.197442 -11.3463 -3.35329e-20)
(-0.0684627 -11.3417 9.43302e-21)
(0.301982 -56.3583 2.60822e-18)
(-0.767446 -56.1829 1.61592e-18)
(-0.842082 -2.78847 4.32179e-18)
(-0.300505 -48.2428 -1.16189e-18)
(-0.43828 -51.8577 -1.03196e-18)
(-0.268104 -41.1685 -2.62126e-19)
(-0.244074 -44.6288 0)
(-0.220562 -34.9442 -1.32666e-19)
(-0.242246 -37.9283 -1.32132e-19)
(-0.211057 -29.5716 -4.97411e-20)
(-0.2047 -32.1679 -1.6552e-20)
(-0.201309 -24.8035 -2.50453e-20)
(-0.214946 -27.1216 5.03158e-20)
(-0.189376 -20.5144 -2.09709e-21)
(-0.192708 -22.6006 2.10305e-20)
(-0.179226 -16.6318 1.73951e-20)
(-0.184312 -18.512 -1.56782e-20)
(-0.182746 -14.7799 3.32434e-20)
(0.164492 0.0185557 -2.83249e-19)
(0.157325 0.0208948 5.61002e-19)
(0.176044 0.0124893 -1.44537e-19)
(0.170793 0.0155328 -2.84511e-19)
(0.186375 0.00789373 1.46357e-19)
(0.181449 0.00980914 -7.28632e-20)
(0.194551 0.00608263 -2.88186e-19)
(0.190787 0.00681416 2.64187e-19)
(0.197892 0.00641429 -2.86054e-19)
(0.19655 0.00600606 0)
(0.192597 0.00761632 0)
(0.196303 0.00703799 0)
(0.178594 0.00821636 -3.37286e-19)
(0.186613 0.00807383 6.83674e-20)
(0.156609 0.00631214 -5.1908e-19)
(0.169449 0.00746668 -6.39132e-23)
(0.12106 -0.00288601 -1.6016e-18)
(0.144079 -0.000913481 9.029e-19)
(0.0848082 -0.00786156 -5.83565e-19)
(0.0902588 -0.011691 5.57302e-19)
(0.109953 -0.00501941 0)
(-0.0706549 -0.00104422 4.13224e-18)
(-0.080239 -0.00683221 -7.57688e-19)
(-0.0421154 -0.016524 2.643e-18)
(-0.0522382 -0.0228612 3.07147e-19)
(-0.0515476 -0.0119136 1.11029e-18)
(-0.0946389 -0.00449754 3.80464e-18)
(-0.0934072 -0.0145279 1.14989e-18)
(-0.13104 0.000364661 -1.56186e-18)
(-0.123765 0.00274394 1.18036e-19)
(-0.163174 0.0109102 1.40234e-18)
(-0.148624 0.00585445 1.09645e-18)
(-0.18739 0.0211598 -2.80863e-19)
(-0.175801 0.0157134 -8.50006e-19)
(-0.202888 0.0276523 2.78505e-19)
(-0.196616 0.0252355 5.60369e-19)
(-0.205658 0.0280838 -4.1204e-19)
(-0.205758 0.0285549 6.92448e-19)
(-0.198126 0.0258394 0)
(-0.20261 0.0270372 -4.10071e-19)
(-0.186167 0.0239381 0)
(-0.192407 0.0247617 -1.69527e-20)
(-0.170767 0.022697 -3.38369e-19)
(-0.179059 0.0233067 2.70459e-19)
(-0.16117 0.0219909 1.34944e-19)
(-0.127127 0.0263982 -1.74185e-20)
(-0.127276 0.0272389 7.68081e-20)
(-0.122626 0.0202002 4.99404e-19)
(-0.125466 0.0239799 -4.83092e-19)
(-0.119397 0.0163968 0)
(-0.837427 -69.7576 -1.04838e-17)
(-0.275593 -0.971806 -1.11317e-17)
(0.22767 -48.4186 -4.29729e-22)
(0.0995082 -0.0712691 2.34621e-18)
(0.114881 -0.0233641 4.50226e-18)
(-0.109033 -0.0273723 0)
(-0.102603 -0.0654785 -7.1463e-18)
(0.100538 0.00540267 -3.43714e-19)
(-0.979274 -72.5716 -2.49418e-17)
(-0.0259359 -0.290752 -2.36395e-18)
(-0.068696 0.00177234 -4.48149e-18)
(0.342761 -13.0824 3.37119e-20)
(0.366518 -11.3634 1.0501e-21)
(0.112427 0.0273381 -1.37846e-18)
(-0.318158 -1.88311 5.73324e-18)
(0.136822 0.0273626 9.21195e-18)
(0.122981 0.0276402 -5.77289e-23)
(0.11185 0.0278853 0)
(-0.125627 0.0204997 7.70725e-19)
(-0.123979 0.00556534 -7.06639e-19)
(-0.112321 0.00646152 4.33177e-23)
(-0.533942 -56.1264 -3.6998e-18)
(0.124227 -0.395829 4.35933e-18)
(0.141261 -0.546097 4.33527e-18)
(-0.770684 -71.8705 5.39875e-18)
(-0.0991393 0.0240902 0)
(0.431284 -41.1513 -5.27035e-19)
(0.465189 -44.5924 -5.51912e-21)
(-0.149834 -0.587478 4.68518e-18)
(-0.240211 -0.558746 2.00522e-18)
(-0.152588 -0.660166 4.45522e-18)
(0.0884942 -0.0192666 -5.00906e-18)
(0.0717955 -0.11161 0)
(-0.0795269 -0.103183 0)
(-0.0954003 -0.0148883 0)
(0.0410434 -0.33519 1.32123e-17)
(-0.340787 -13.0769 1.05025e-21)
(-0.363622 -11.3585 2.10052e-21)
(0.421069 -1.69595 5.34715e-18)
(-1.12783 -69.0587 -1.94314e-18)
(-1.25513 -66.9641 1.97944e-20)
(-0.106323 -0.447275 -4.46144e-18)
(0.0430526 -0.186581 0)
(0.0825105 -0.00941042 -5.99844e-19)
(0.0719921 -0.016131 0)
(0.0677498 -0.0123124 0)
(-0.0285491 -0.0220301 1.14292e-18)
(-0.0288864 -0.00784324 4.11632e-22)
(-0.0743956 -0.011355 4.51721e-18)
(-0.0552578 -0.166994 0)
(0.0253667 -0.429204 -1.01459e-17)
(0.229716 -52.1826 -1.51997e-18)
(0.0407223 0.0145727 1.81658e-17)
(0.017987 -0.313362 9.56815e-18)
(-0.334316 -1.25444 6.41713e-18)
(0.104409 -0.0458819 -2.29148e-18)
(-0.107461 -0.0487082 0)
(0.110361 0.0244017 3.09863e-23)
(0.111947 0.0261316 -8.12642e-19)
(0.104811 0.0192767 -5.47935e-19)
(0.107841 0.0218626 4.22201e-21)
(0.0979592 0.0133334 0)
(0.101485 0.0159865 5.62587e-19)
(0.092855 0.00834743 0)
(0.0943881 0.0100314 -1.2194e-18)
(0.089788 0.0051193 0)
(0.111622 0.00199151 3.1331e-23)
(0.102265 0.00297216 -3.23647e-19)
(0.144101 0.00506283 0)
(0.130313 0.00628666 -2.39769e-18)
(0.172769 0.00601012 1.39207e-19)
(0.15973 0.00545017 -1.38436e-19)
(0.189161 0.00421247 -2.59964e-19)
(0.182626 0.00565015 1.30087e-19)
(0.187875 -0.00438745 0)
(0.191389 0.000895493 1.04942e-23)
(0.160916 -0.0250695 7.65892e-19)
(0.177742 -0.0127418 1.28185e-19)
(0.115533 -0.0593682 -1.60621e-20)
(0.139727 -0.0409753 -3.83617e-19)
(0.0656296 -0.112469 -9.96992e-19)
(0.0922933 -0.0822693 0)
(0.00656787 -0.192513 1.38463e-18)
(0.0440626 -0.154013 7.3507e-19)
(0.00683627 -0.210886 -3.73627e-18)
(0.00354512 -0.231381 1.75016e-18)
(0.0420415 -0.272297 -3.59886e-18)
(-0.0567168 -0.128628 0)
(-0.0236185 -0.17662 -1.60026e-18)
(-0.0927183 -0.0756559 4.74912e-19)
(-0.0753982 -0.0997766 0)
(-0.134786 -0.0409556 -2.45235e-19)
(-0.112083 -0.0574028 0)
(-0.175977 -0.0153472 0)
(-0.157447 -0.026973 0)
(-0.19146 -0.000409997 5.13718e-19)
(-0.188356 -0.00636594 -5.08918e-19)
(-0.17731 0.00509155 2.67021e-19)
(-0.187451 0.00328513 1.29459e-19)
(-0.150337 0.00582493 -2.75894e-19)
(-0.164486 0.00574379 -6.75879e-19)
(-0.136723 0.00548803 5.57181e-19)
(0.314548 -16.6376 -1.47585e-20)
(0.329857 -14.7888 -3.13847e-20)
(0.306986 -20.5268 1.68476e-20)
(0.31104 -18.5178 2.09091e-20)
(0.298173 -24.8263 0)
(0.303033 -22.6197 -1.66813e-20)
(0.324156 -29.6048 -3.36256e-20)
(0.303914 -27.1505 -2.09163e-21)
(0.373588 -34.9935 -1.33841e-19)
(0.348595 -32.2149 -6.68914e-20)
(0.397889 -37.9699 3.96513e-19)
(0.0767801 -9.82642 0)
(-0.206416 -9.83049 3.1574e-20)
(-0.0738264 -9.82501 -2.30804e-20)
(-0.0381661 -0.0117455 -2.45179e-18)
(0.382227 -9.84934 -2.09923e-21)
(0.210782 -9.83251 2.09847e-21)
(-0.630973 -60.857 0)
(-1.38082 -63.5745 3.11294e-18)
(0.0813358 -54.8359 -1.12818e-18)
(0.243807 -57.5347 2.68614e-18)
(-0.582072 -48.0801 -9.29645e-19)
(-0.608204 -51.5997 1.3066e-18)
(-0.478609 -41.053 1.32212e-19)
(-0.485903 -44.4352 1.31649e-19)
(-0.40618 -34.9282 -1.32964e-19)
(-0.432765 -37.8762 -1.03288e-21)
(-0.338388 -29.5652 -6.71096e-20)
(-0.374877 -32.1633 2.66958e-19)
(-0.314174 -24.8058 -8.25062e-21)
(-0.312876 -27.1226 -8.31978e-21)
(-0.310996 -20.5121 -1.46401e-20)
(-0.314979 -22.6031 1.68493e-20)
(-0.315114 -16.6284 1.67378e-20)
(-0.313488 -18.5055 7.38233e-21)
(-0.32873 -14.7819 -1.68652e-20)
(0.131025 0.0247042 4.20566e-18)
(0.110598 0.027821 2.41648e-18)
(0.122308 0.0270151 -7.36738e-18)
(0.151187 0.0256043 -3.22248e-19)
(0.141751 0.0248043 -1.04081e-18)
(0.167842 0.0209349 -1.26764e-19)
(0.160105 0.0235216 4.42622e-19)
(0.179387 0.014684 7.21655e-20)
(0.174269 0.017902 -1.79555e-20)
(0.188316 0.0089396 7.63746e-20)
(0.184265 0.0116012 2.79014e-25)
(0.195189 0.00537423 -7.13301e-20)
(0.192323 0.00692757 -8.93724e-21)
(0.197995 0.00349184 4.22589e-19)
(0.197647 0.00433968 1.42192e-19)
(0.192385 0.00235123 1.37354e-19)
(0.196468 0.00284795 -3.275e-24)
(0.178783 0.00138029 3.37481e-19)
(0.186794 0.00192078 -4.09668e-19)
(0.157311 -0.00108305 6.5788e-20)
(0.169789 0.000368551 -4.69674e-19)
(0.130359 -0.00681667 -1.86052e-18)
(0.145264 -0.00436918 3.96016e-19)
(0.0961819 -0.0154314 -5.4352e-19)
(0.114967 -0.00953406 1.08145e-18)
(0.052084 -0.0205112 0)
(0.0575074 -0.0258667 -5.38087e-19)
(0.0782977 -0.0207721 5.41461e-19)
(0.0393654 -0.0306685 0)
(0.019102 -0.0336216 -1.32282e-19)
(-0.0144268 -0.02449 0)
(-0.014708 -0.0367488 2.70997e-19)
(0.00294182 -0.0369615 0)
(-0.0480743 -0.0322475 -3.52226e-20)
(-0.0309979 -0.0355854 2.78006e-19)
(-0.081293 -0.0315252 0)
(-0.0581631 -0.0327555 3.43354e-20)
(-0.104074 -0.0203851 7.93661e-19)
(-0.0955534 -0.0207576 -1.3472e-19)
(-0.139693 -0.00556373 9.85219e-24)
(-0.125694 -0.0157747 5.16392e-19)
(-0.168596 0.00744794 -2.74166e-19)
(-0.154409 0.00070829 0)
(-0.191087 0.017231 2.78119e-19)
(-0.180695 0.0127465 -5.56363e-19)
(-0.204007 0.0218956 1.37623e-19)
(-0.199128 0.0204468 1.38575e-19)
(-0.204475 0.020886 -6.82431e-19)
(-0.205542 0.0218643 4.11886e-19)
(-0.19668 0.0181825 -2.71011e-19)
(-0.201121 0.0194844 4.08464e-19)
(-0.185516 0.0168464 0)
(-0.191377 0.0172793 0)
(-0.17056 0.0169491 6.07788e-19)
(-0.178716 0.0168079 -2.02471e-19)
(-0.150364 0.0175971 3.83166e-24)
(-0.161006 0.017182 -2.69424e-19)
(-0.127326 0.0213634 -9.53611e-19)
(-0.137966 0.0186313 1.0462e-18)
(-0.111854 0.0217091 7.748e-19)
(-0.11236 0.0214588 1.44535e-18)
(-0.112524 0.0248986 6.7878e-20)
(-0.112039 0.023153 -3.82726e-19)
(-0.113624 0.0264006 -3.4759e-20)
(-0.113231 0.0263771 3.7573e-19)
(-0.111331 0.0223573 -7.10045e-20)
(-0.113043 0.0251714 5.6047e-19)
(-0.106049 0.0152971 0)
(-0.108859 0.0189932 7.15229e-20)
(-0.101209 0.00797226 5.23611e-19)
(-0.103428 0.011713 -5.40817e-19)
(-0.830661 -71.2358 -5.06301e-18)
(-0.541506 -60.214 -4.18479e-18)
(-0.188717 0.00987773 -9.78641e-19)
(-0.302776 -0.823475 9.08003e-18)
(0.489263 -48.2511 -5.27568e-19)
(-0.330246 -2.87468 9.53068e-18)
(-0.231534 -0.876737 -5.20026e-18)
(-0.309399 -1.55408 -2.30913e-21)
(-0.227258 -1.36802 6.90378e-18)
(-0.174831 -1.18664 -7.25275e-18)
(0.0938904 -0.0337019 2.3257e-18)
(0.0861581 -0.0879296 -2.31164e-18)
(0.0015488 -0.0271528 -5.30025e-19)
(0.0352375 -0.0237403 4.34593e-23)
(-0.0908912 -0.0777835 9.74674e-18)
(-0.0963299 -0.035098 0)
(0.0842906 -0.471075 -1.4379e-17)
(-0.158611 -0.374551 -3.75683e-18)
(0.163032 -0.671832 -8.47936e-19)
(0.0551012 0.0186779 -4.42903e-18)
(0.0619318 -1.21348 -1.58756e-17)
(0.190482 -0.518786 2.55297e-19)
(0.07141 -0.279345 1.83466e-18)
(-0.378891 -9.84542 -3.35287e-20)
(-1.08011 -69.5853 2.69351e-18)
(-1.45227 -66.9426 -1.06325e-20)
(0.0983337 0.0280841 5.95473e-19)
(0.0963959 0.0270622 -4.98316e-23)
(0.108835 0.0272782 3.0494e-18)
(-0.434169 -70.4733 1.2257e-17)
(-0.0761898 -0.567525 -9.78683e-18)
(0.0504615 -0.135063 0)
(0.0787787 -0.0233929 2.38183e-18)
(0.0496432 -0.0149267 -6.86122e-20)
(-0.0144171 -0.0162776 0)
(-0.0822026 -0.0246771 9.99632e-22)
(-0.0629866 -0.12258 -7.84958e-18)
(0.00665174 -0.304869 -5.17147e-18)
(0.0819346 0.010332 -4.5075e-19)
(0.0791568 0.00704067 1.50398e-19)
(0.113445 -56.1946 4.85924e-19)
(-0.306374 -1.44329 2.64392e-18)
(2.14868 -26.5703 -6.63839e-18)
(-1.10129 -70.9905 1.54597e-17)
(-0.0656745 -0.0112556 0)
(-0.0950434 -1.18584 5.99301e-18)
(-0.353416 -66.7339 -1.28159e-17)
(0.891273 -67.4768 -3.93569e-18)
(-0.0372161 -0.410697 -9.90933e-18)
(0.436422 -61.5986 -1.36724e-19)
(0.0146563 -0.214407 -1.50428e-17)
(0.0653277 -0.0146951 5.69328e-19)
(-0.0254063 -0.0134561 -2.21125e-18)
(-0.0261531 -0.200967 -3.03277e-18)
(-0.089941 0.00996686 7.24192e-20)
(-0.0992022 0.00448099 -2.70534e-19)
(-0.0877322 0.00618477 2.17151e-19)
(0.408225 -8.24407 0)
(0.533939 -9.86887 3.36793e-20)
(0.57907 -8.25966 0)
(0.480673 -52.0526 2.06806e-18)
(-0.0993465 0.0228547 2.66364e-19)
(-0.00115397 -0.210145 -5.69881e-21)
(0.00923849 -0.426273 -4.64814e-18)
(-0.202905 -1.06393 -3.38704e-18)
(-0.20534 0.0209765 -1.08914e-18)
(-0.198745 0.0168873 7.04769e-19)
(0.0889246 -0.0582512 2.29013e-18)
(0.015978 -0.0248357 6.61698e-19)
(-0.0951011 -0.0580606 -4.6714e-18)
(0.0733573 -0.523887 4.44631e-21)
(0.100163 0.0284505 1.11947e-18)
(0.0995302 0.0284663 -5.75466e-19)
(0.0986428 0.0263883 4.75935e-19)
(0.0998303 0.0276867 0)
(0.0941415 0.0220502 -1.12918e-23)
(0.0966738 0.0242713 -2.04056e-19)
(0.0878455 0.0162164 0)
(0.0911614 0.0188963 -2.79253e-19)
(0.0844497 0.0131567 -2.95169e-19)
(0.0879794 0.00193119 3.01656e-19)
(0.113264 0.000220504 2.2542e-18)
(0.10087 0.00084099 0)
(0.146129 0.0015335 -1.18584e-23)
(0.129835 -0.000357461 -2.64467e-19)
(0.172814 0.00229893 -8.23576e-21)
(0.160777 0.00219139 1.35801e-19)
(0.186601 -0.0010007 6.51946e-20)
(0.181527 0.00137306 1.35089e-19)
(0.181026 -0.0109583 6.45803e-20)
(0.186974 -0.00469536 -4.52678e-19)
(0.147983 -0.0325987 -7.67619e-19)
(0.167693 -0.020324 3.87405e-19)
(0.096694 -0.0702604 2.09741e-18)
(0.123846 -0.0488864 -1.02597e-18)
(0.035657 -0.131053 0)
(0.0693124 -0.0974283 -1.01175e-18)
(-0.0571788 -0.238803 1.43832e-18)
(0.00157354 -0.174351 0)
(-0.0875937 -0.327593 3.56654e-18)
(-0.0263107 -1.21397 -5.58874e-18)
(0.116558 -0.398303 1.73586e-21)
(-0.0336019 -0.141923 0)
(0.0059462 -0.196741 0)
(-0.0825792 -0.0826 -9.62066e-19)
(-0.061571 -0.106908 0)
(-0.124078 -0.0464738 -2.72292e-23)
(-0.101601 -0.0636566 1.21812e-18)
(-0.167994 -0.0188916 0)
(-0.14702 -0.0313093 3.11994e-20)
(-0.187452 -0.00543962 0)
(-0.182557 -0.0105629 1.27349e-19)
(-0.175429 -0.000638236 -1.31633e-19)
(-0.184537 -0.00244719 1.29169e-19)
(-0.149827 0.000856848 0)
(-0.163483 0.00033037 5.37152e-19)
(-0.122915 0.00198761 3.50315e-19)
(-0.136017 0.00135012 -1.38375e-19)
(-0.110761 0.00302527 -3.03798e-19)
(0.470312 -13.0986 0)
(0.509577 -11.3795 -3.45512e-20)
(0.414753 -16.6466 -3.5807e-20)
(0.44485 -14.8021 1.04946e-21)
(0.378425 -20.5262 -2.08935e-20)
(0.397193 -18.5203 4.18753e-20)
(0.369641 -24.8148 2.43921e-21)
(0.368758 -22.614 3.36769e-20)
(0.410776 -29.5661 5.89529e-20)
(0.381066 -27.1293 -3.53886e-20)
(0.538021 -34.9272 -2.66821e-19)
(0.461496 -32.1593 1.34916e-19)
(0.670582 -41.0715 5.36128e-19)
(0.602647 -37.9034 -1.33975e-19)
(0.751752 -48.0733 5.23664e-19)
(0.70195 -44.4698 -1.5912e-18)
(-0.220436 -8.2306 2.09692e-21)
(-0.529955 -9.86271 0)
(-0.573592 -8.25391 4.19663e-21)
(-0.404367 -8.24031 -6.16049e-21)
(0.0823544 -8.22769 2.09653e-21)
(-0.0784362 -8.22714 1.6804e-20)
(0.22788 -8.23281 -2.09678e-21)
(-1.00141 -61.272 0)
(-1.68977 -64.1195 -2.66277e-18)
(-0.607872 -54.788 -1.13948e-18)
(-0.583312 -58.1353 0)
(-0.761034 -47.8667 -6.64198e-19)
(-0.729827 -51.3539 -2.7224e-19)
(-0.645827 -40.9183 4.0158e-19)
(-0.688116 -44.3014 1.57083e-19)
(-0.526554 -34.8423 6.77559e-20)
(-0.584724 -37.7772 -1.32301e-19)
(-0.421265 -29.5352 -8.38911e-20)
(-0.463711 -32.1111 6.63007e-20)
(-0.378894 -24.789 0)
(-0.396652 -27.0999 5.0304e-20)
(-0.385915 -20.5104 8.35221e-21)
(-0.376255 -22.5949 -1.67667e-20)
(-0.416132 -16.6368 -2.09896e-21)
(-0.400899 -18.5073 -8.42924e-21)
(-0.469754 -13.0918 -3.40292e-20)
(-0.445405 -14.7941 1.04989e-21)
(-0.507512 -11.3734 3.15917e-20)
(0.13138 0.0266989 0)
(0.120425 0.0271154 1.86801e-18)
(0.152856 0.0250528 -6.24125e-19)
(0.142759 0.0264046 -3.22332e-19)
(0.170165 0.0221406 0)
(0.161875 0.0238679 5.98006e-19)
(0.182682 0.0167988 2.9019e-19)
(0.177269 0.0197477 -1.89041e-23)
(0.190985 0.0106025 6.71604e-20)
(0.187349 0.0136235 1.4279e-19)
(0.196944 0.00618264 1.41911e-19)
(0.194384 0.00813344 -1.42147e-19)
(0.198904 0.00333267 -1.3973e-19)
(0.198925 0.00467267 0)
(0.193443 0.00082529 -1.0544e-23)
(0.197435 0.00204882 -2.7657e-19)
(0.180371 -0.00176471 1.51915e-19)
(0.188053 -0.000382644 4.08957e-19)
(0.160146 -0.00564323 6.64023e-20)
(0.171319 -0.00354846 -2.85232e-19)
(0.134053 -0.0109392 2.656e-19)
(0.148038 -0.00867166 -1.33073e-19)
(0.10103 -0.0172669 0)
(0.11851 -0.013166 -1.33885e-19)
(0.0634061 -0.0266809 -5.34073e-19)
(0.0835258 -0.0218356 0)
(0.0231489 -0.0352315 -1.3348e-19)
(0.0437476 -0.0314892 5.99882e-19)
(-0.0146152 -0.0400181 -5.39553e-19)
(0.00448845 -0.038612 2.68416e-19)
(-0.0504478 -0.0376525 -6.86757e-19)
(-0.0319916 -0.0395873 2.73373e-19)
(-0.0818994 -0.0346395 -2.02675e-19)
(-0.0663542 -0.0366654 3.06979e-19)
(-0.113909 -0.0243006 -5.94973e-23)
(-0.0978882 -0.0279914 -1.3448e-19)
(-0.144305 -0.0111362 5.76134e-23)
(-0.1293 -0.0184634 -1.06085e-18)
(-0.173417 0.000817307 -1.08752e-18)
(-0.159568 -0.00487562 1.08011e-18)
(-0.194021 0.00856052 -6.88419e-20)
(-0.184845 0.00532271 5.4554e-19)
(-0.204043 0.0108458 1.36666e-19)
(-0.20051 0.0103798 -1.37446e-19)
(-0.203128 0.0094486 -2.71889e-19)
(-0.204646 0.0103516 -2.73044e-19)
(-0.195996 0.00855846 -3.38325e-20)
(-0.199973 0.0087402 2.71605e-19)
(-0.185963 0.00999695 -1.62638e-23)
(-0.191317 0.00900574 2.70602e-19)
(-0.171601 0.0128257 0)
(-0.17952 0.0113511 -3.71191e-19)
(-0.1522 0.0159812 4.76459e-24)
(-0.162383 0.0143561 -4.05691e-19)
(-0.128718 0.0180921 4.37139e-18)
(-0.1411 0.0173742 -5.42445e-19)
(-0.0984854 0.0244989 -6.79601e-20)
(-0.0986461 0.0235284 6.71351e-19)
(-0.0990675 0.0259357 -2.76693e-19)
(-0.0987085 0.025602 -3.41712e-19)
(-0.0982106 0.0235221 5.65744e-19)
(-0.0990183 0.0253729 6.97389e-20)
(-0.0945458 0.0174373 -1.43854e-19)
(-0.0966616 0.0208292 7.14133e-19)
(-0.092198 0.013851 0)
(-0.114895 0.0232203 0)
(0.732253 -69.1211 -1.1071e-17)
(4.89748 -71.2627 -4.44275e-18)
(0.0937015 0.0256935 1.21676e-18)
(-0.0863332 -0.994768 -1.20575e-17)
(-0.130764 -0.709211 1.60675e-17)
(0.0808048 -0.987654 1.0635e-17)
(0.0719751 -0.105302 2.34245e-18)
(0.0783733 -0.0463232 -4.65456e-18)
(0.0334538 -0.0163934 -3.35432e-19)
(0.00654332 -0.0193652 -4.66229e-23)
(-0.0836465 -0.0472127 -4.58071e-18)
(-0.0784199 -0.0974073 -2.46278e-18)
(0.0253535 -0.370499 2.82088e-21)
(-0.205338 0.0210641 1.80992e-18)
(0.0768177 0.00373741 0)
(-0.273109 -0.590809 -4.07574e-18)
(-0.220339 -2.04324 -1.61447e-17)
(1.61127 -70.3039 -5.94017e-18)
(0.323697 -0.688686 -3.28077e-18)
(0.170061 -60.4313 0)
(0.106775 0.0263728 -3.07171e-18)
(-0.509925 -1.39223 8.63214e-18)
(0.175339 -0.798022 -1.56532e-17)
(-0.720382 -9.89468 -3.15751e-20)
(-0.78586 -8.28139 -3.35136e-20)
(-1.16271 -71.9469 5.23272e-18)
(-1.80338 -66.7775 5.02598e-18)
(-0.04391 -0.0147975 -4.53638e-18)
(0.868156 -72.1697 5.37057e-18)
(-0.0486486 -0.996234 1.10807e-17)
(-0.0490169 -0.487009 -5.03891e-18)
(0.312624 -65.115 -4.79294e-19)
(0.839 -64.2461 2.66639e-17)
(0.0576936 -0.140069 6.61388e-18)
(0.0632144 -0.0278661 -1.14165e-18)
(0.0489212 -0.0172963 1.10277e-18)
(-0.0160873 -0.00603763 -9.48797e-19)
(-0.0670354 -0.028997 -9.0501e-18)
(-0.0522397 -0.14541 -1.77581e-21)
(-0.00890296 -0.227554 1.13114e-17)
(0.0852109 0.0279562 0)
(0.0832595 0.0265601 -4.22946e-18)
(-0.0972244 -6.75262e-05 0)
(-0.0856114 0.00181304 2.8941e-19)
(-0.077901 0.0118687 -1.45502e-19)
(-0.0759077 0.00801335 1.46286e-19)
(0.721261 -9.90115 6.71883e-20)
(0.788422 -8.28828 -3.36367e-20)
(0.414905 -6.94172 0)
(0.59074 -6.95352 0)
(-0.419425 -0.940542 -2.09378e-17)
(0.386939 -56.1094 1.00884e-18)
(-0.0859367 0.0242038 -1.92078e-23)
(-0.086485 0.0244845 -1.66035e-18)
(0.755152 -51.8211 -1.06087e-18)
(0.0117715 -0.0103519 -5.27819e-18)
(-0.0287606 -0.331453 1.10017e-17)
(0.0571692 0.0174509 0)
(-0.10503 -0.851562 -5.8424e-18)
(-0.201403 0.0186167 1.26889e-19)
(0.0730469 -0.0719328 -2.30835e-18)
(0.0169367 -0.0143635 3.91183e-19)
(-0.082057 -0.0711429 -1.27812e-21)
(0.0351187 -0.425753 1.66632e-17)
(0.0870653 0.0291735 8.38453e-19)
(0.0864781 0.0289348 -1.42968e-18)
(0.0860141 0.0279223 2.73132e-19)
(0.0868699 0.0289011 0)
(0.0824719 0.0243097 6.86753e-20)
(0.0845139 0.026295 -6.82874e-20)
(0.0770261 0.0188299 0)
(0.0799316 0.0215686 -1.39249e-19)
(0.0713492 0.0125596 -1.47248e-19)
(0.0739891 0.0159197 1.44051e-19)
(0.0660346 0.00593664 3.71905e-20)
(0.0685052 0.00943515 0)
(0.0637197 0.00234504 1.11866e-19)
(0.0863974 -0.00150407 -2.95768e-19)
(0.074684 0.000265496 3.71155e-20)
(0.114495 -0.00288616 0)
(0.099825 -0.00240376 0)
(0.146106 -0.00194086 4.02159e-19)
(0.130427 -0.00248432 0)
(0.171739 -0.0026303 -2.0637e-21)
(0.160482 -0.00196838 0)
(0.183246 -0.00591796 1.95934e-19)
(0.179446 -0.0038785 0)
(0.173623 -0.0163916 -6.49589e-20)
(0.181848 -0.00994413 -6.51326e-20)
(0.134192 -0.0410008 6.44521e-19)
(0.157261 -0.0264735 5.20861e-19)
(0.0750247 -0.0812136 9.73243e-19)
(0.106266 -0.05946 -1.03393e-18)
(0.000837389 -0.146586 3.08366e-18)
(0.0423244 -0.109367 -2.04382e-18)
(-0.11258 -0.267915 9.94231e-19)
(-0.0450035 -0.197106 -2.53593e-18)
(-0.199013 -0.378193 -1.9614e-18)
(0.318222 -1.41254 9.18158e-18)
(0.157055 -0.351509 1.84462e-18)
(0.243159 -0.482842 -3.73375e-18)
(0.0136698 -0.168941 -1.91349e-18)
(0.0766733 -0.240907 0)
(-0.0576571 -0.0888617 2.44533e-18)
(-0.0276067 -0.120505 1.00251e-21)
(-0.109033 -0.0478874 -2.52581e-23)
(-0.0828569 -0.0663852 -2.46991e-19)
(-0.15874 -0.0190655 -1.01198e-18)
(-0.13488 -0.0320905 3.13801e-20)
(-0.183991 -0.0055556 1.07151e-22)
(-0.176399 -0.0101226 3.8109e-19)
(-0.174251 -0.00347901 -1.31591e-19)
(-0.182755 -0.00370673 4.85008e-19)
(-0.148566 -0.00361979 -5.39725e-19)
(-0.162292 -0.00352836 -2.65813e-19)
(-0.121592 -0.00238608 -3.48336e-19)
(-0.134801 -0.00322139 6.92882e-19)
(-0.109071 -0.00143574 3.01224e-19)
(0.63708 -13.1296 -5.24643e-22)
(0.690332 -11.4082 -3.29723e-20)
(0.565378 -16.6712 0)
(0.604626 -14.8295 1.04902e-21)
(0.522629 -20.5428 -2.50205e-20)
(0.542787 -18.54 3.78809e-20)
(0.531367 -24.8045 -2.09533e-21)
(0.519745 -22.6208 -4.18989e-21)
(0.622316 -29.5008 7.57428e-21)
(0.565296 -27.0938 -6.74029e-20)
(0.788972 -34.8012 -6.80016e-20)
(0.696369 -32.0608 3.30483e-20)
(0.952988 -40.9192 -2.70355e-19)
(0.882745 -37.7539 4.00802e-19)
(1.00709 -47.8997 5.44281e-19)
(0.987076 -44.3056 2.65778e-19)
(-0.223839 -6.93055 -1.67458e-20)
(-0.584213 -6.94882 -2.09666e-21)
(-0.408067 -6.93754 3.35993e-20)
(0.0829066 -6.9274 -1.04739e-21)
(-0.0766767 -6.92829 2.09409e-21)
(0.231711 -6.9328 0)
(-1.08688 -61.5987 2.94931e-19)
(-1.42601 -64.7069 -6.63487e-18)
(-0.846327 -54.7288 -2.79679e-19)
(-0.951742 -58.2965 -2.88678e-19)
(-0.954417 -47.6151 -2.67411e-19)
(-0.920972 -51.1561 2.74664e-19)
(-0.877094 -40.7766 3.34549e-20)
(-0.897011 -44.1177 2.20569e-19)
(-0.765719 -34.7457 6.68275e-20)
(-0.822384 -37.666 0)
(-0.624378 -29.4798 3.57701e-22)
(-0.68911 -32.0327 -1.00345e-19)
(-0.536943 -24.786 -3.35347e-20)
(-0.569413 -27.0751 5.05178e-20)
(-0.525684 -20.5264 8.38779e-21)
(-0.525501 -22.6013 3.36142e-20)
(-0.566267 -16.6612 2.09896e-21)
(-0.5448 -18.5274 0)
(-0.637279 -13.1226 -5.08684e-20)
(-0.605172 -14.8214 1.46389e-20)
(-0.690273 -11.4018 6.82306e-20)
(-0.376562 -63.0951 -2.41712e-18)
(0.13085 0.0261244 -1.55783e-19)
(0.119087 0.0264882 2.46514e-18)
(0.152725 0.024868 -9.15053e-19)
(0.142115 0.0256094 0)
(0.171619 0.0226424 0)
(0.162607 0.0239021 1.19062e-18)
(0.185524 0.018396 -6.50951e-19)
(0.179461 0.0208451 -2.88053e-19)
(0.193849 0.0127245 4.98845e-19)
(0.190258 0.0155786 -1.43097e-19)
(0.198921 0.0078689 2.82745e-19)
(0.196708 0.0100651 -2.12692e-19)
(0.200249 0.00462617 3.47181e-20)
(0.200342 0.00609608 0)
(0.194839 0.00192614 -1.71171e-19)
(0.198681 0.00328522 -3.45251e-20)
(0.182081 -0.00115207 -1.35141e-19)
(0.189452 0.000476616 3.40393e-20)
(0.162419 -0.00501867 0)
(0.173078 -0.00295658 0)
(0.136861 -0.00968771 6.65196e-20)
(0.150276 -0.00741874 0)
(0.105142 -0.0149666 1.33801e-19)
(0.121768 -0.0119232 7.78402e-24)
(0.0683688 -0.0223486 0)
(0.0878415 -0.0184533 0)
(0.027934 -0.0300575 6.6683e-20)
(0.0484905 -0.026363 -6.65843e-20)
(-0.0123016 -0.0360142 2.68763e-19)
(0.00756469 -0.0336408 2.67389e-19)
(-0.0503048 -0.0367333 1.3557e-19)
(-0.0312267 -0.0370662 0)
(-0.0854419 -0.0352114 6.74494e-20)
(-0.0680954 -0.0370144 1.0164e-19)
(-0.119474 -0.0261202 -2.68348e-19)
(-0.102493 -0.0296054 0)
(-0.150795 -0.014742 -5.36621e-19)
(-0.135518 -0.0210545 2.72416e-19)
(-0.177396 -0.00551692 -5.42054e-19)
(-0.164896 -0.0096407 1.07926e-18)
(-0.195384 -0.00102154 6.84332e-20)
(-0.187573 -0.00265436 2.1304e-20)
(-0.203536 -0.000287157 -3.40462e-19)
(-0.200819 -0.000327234 2.73069e-19)
(-0.202696 -0.000399099 -2.71336e-19)
(-0.203976 -0.000465349 2.71819e-19)
(-0.196947 0.00187143 3.38008e-20)
(-0.200211 0.000340386 0)
(-0.187949 0.0065935 0)
(-0.192901 0.00404275 0)
(-0.173825 0.0118874 3.04885e-19)
(-0.181663 0.00927713 -2.36569e-19)
(-0.154749 0.0168567 0)
(-0.164756 0.0143785 -1.35937e-19)
(-0.133527 0.0221482 6.21839e-19)
(-0.144112 0.0194509 -1.12981e-18)
(-0.122123 0.0227012 1.31688e-21)
(-0.0843157 0.0247234 -2.13112e-19)
(-0.0850355 0.0243202 1.36004e-19)
(-0.08397 0.02553 1.37818e-19)
(-0.0839923 0.0252873 0)
(-0.0836595 0.0239061 -5.6072e-19)
(-0.0839559 0.025124 0)
(-0.0815323 0.018918 1.43346e-19)
(-0.0828732 0.0217999 -6.37456e-19)
(-0.0798017 0.0156253 -7.22455e-20)
(-0.795765 -1.93599 0)
(-0.482105 -2.03378 0)
(-0.80236 -6.97153 3.57207e-20)
(-1.32431 -72.7552 9.42694e-18)
(-1.74353 -71.8674 3.62952e-20)
(-1.85408 -71.4908 -1.76706e-17)
(0.0756676 -1.77603 -2.1377e-17)
(0.139442 -0.982293 0)
(-0.0314634 -0.0260539 4.36349e-18)
(0.0494364 -73.1972 9.69107e-18)
(-0.0553961 -0.834888 1.62516e-17)
(-0.0569799 -0.598532 -1.03071e-17)
(0.0310164 -0.81739 -1.03911e-17)
(-0.246017 -62.3894 6.30634e-18)
(1.03759 -3.37244 -9.27535e-18)
(0.0785699 -65.9286 2.75326e-20)
(0.0606952 -0.12884 -2.29474e-18)
(0.0650519 -0.0552446 4.57282e-18)
(0.0349663 -0.0176731 0)
(0.0108846 -0.0171494 9.24025e-19)
(-0.0678379 -0.0585164 4.54207e-18)
(-0.0626029 -0.116958 9.83427e-18)
(0.000752139 -0.292446 5.24762e-18)
(-0.204332 0.0222685 -1.30064e-19)
(0.0802283 0.0247456 -6.26488e-19)
(0.0551832 0.0080987 -1.29356e-19)
(0.0530292 0.00437632 -4.12155e-19)
(-0.404918 -0.567277 2.80177e-21)
(-1.7937 -69.6201 2.38525e-17)
(0.597163 -1.13224 1.19511e-17)
(0.489571 -0.890394 -5.32061e-21)
(-0.0738813 0.00378021 -6.55371e-24)
(0.807293 -6.9785 -2.09737e-21)
(-0.649441 -1.33025 5.0366e-18)
(-0.54056 -0.819552 -7.2105e-19)
(0.758824 -60.1514 -1.99509e-18)
(-0.0860751 0.0246709 5.72567e-19)
(0.594257 -2.33624 -4.43016e-18)
(0.824107 -55.7653 2.10161e-18)
(1.02008 -51.6124 -1.07445e-18)
(-0.0526998 -0.0369632 0)
(0.706757 -72.0312 -1.81672e-17)
(-0.00686276 -0.818764 -1.053e-17)
(-0.0157447 -0.386177 5.10678e-18)
(0.0638344 -2.53146 9.88741e-18)
(0.0139092 -0.178308 0)
(0.0494456 -0.0306562 2.22761e-18)
(-0.0355773 -0.180662 -1.99529e-21)
(-0.616299 -5.41281 -3.34717e-20)
(-0.848556 -5.43134 0)
(-1.71188 -72.3303 0)
(0.000991523 -0.288482 0)
(-0.751612 -3.25405 -8.15788e-18)
(0.0400175 0.00253738 -3.09666e-19)
(-0.000419671 -0.0362308 -8.24394e-18)
(-1.42362 -73.1443 -8.92353e-18)
(-0.484324 -73.2943 -3.59263e-20)
(-0.0557966 -0.70966 1.07155e-17)
(-0.201655 0.0176689 2.04691e-19)
(0.586403 -2.95485 0)
(2.53636 -70.6175 -3.71786e-18)
(0.0612053 -0.0848339 -4.59457e-18)
(0.01552 -0.0201948 -1.02533e-18)
(-0.0660905 -0.0856856 4.69345e-18)
(0.0125536 -0.344654 0)
(0.0671499 0.0234792 2.12282e-18)
(0.0714503 0.0276275 0)
(0.069762 0.0257437 3.91967e-18)
(0.0730417 0.0296221 -7.01555e-19)
(0.07252 0.0289841 1.14695e-18)
(0.0723067 0.029004 -3.07759e-19)
(0.0729407 0.0296715 -1.03763e-19)
(0.069571 0.0260261 6.84311e-20)
(0.0711887 0.0278122 6.82776e-20)
(0.0650337 0.0210128 0)
(0.0674975 0.0237433 -2.75587e-19)
(0.0598525 0.0147468 6.17327e-19)
(0.0624027 0.0181587 -3.55878e-20)
(0.0573723 0.0115272 -1.83597e-20)
(0.0610224 -0.00148041 -4.50548e-19)
(0.0503608 0.000769402 3.05457e-19)
(0.0841974 -0.00530257 0)
(0.0720854 -0.00369475 -7.39247e-20)
(0.113367 -0.00677476 5.60027e-19)
(0.0979633 -0.00626758 0)
(0.145628 -0.00649155 -4.05653e-19)
(0.129815 -0.00692088 5.53316e-19)
(0.16957 -0.00648949 2.07322e-21)
(0.159315 -0.00619717 -1.34415e-19)
(0.178646 -0.0110933 3.9447e-19)
(0.176148 -0.00788286 -1.31485e-19)
(0.16444 -0.0232902 -1.50298e-22)
(0.175328 -0.0161028 -8.05956e-19)
(0.118402 -0.0458978 0)
(0.14507 -0.0329571 5.24051e-19)
(0.0497019 -0.0871688 1.17173e-18)
(0.0861253 -0.0632265 -9.75544e-19)
(-0.0408163 -0.157491 0)
(0.0103589 -0.11898 2.59146e-19)
(-0.186056 -0.293398 0)
(-0.0969414 -0.215404 5.14093e-19)
(-0.278951 -0.420223 2.0385e-18)
(0.567533 -1.30321 -1.44112e-17)
(0.272982 -0.425942 -5.65076e-18)
(0.399924 -0.631198 5.65753e-18)
(0.0662244 -0.184121 0)
(0.159774 -0.274626 0)
(-0.036419 -0.0944041 1.48644e-18)
(0.0053038 -0.128273 0)
(-0.0953178 -0.0538624 2.50391e-19)
(-0.067245 -0.0712605 -1.99185e-18)
(-0.148859 -0.0262888 0)
(-0.122901 -0.0390269 -1.89442e-19)
(-0.180119 -0.00963901 -4.52074e-19)
(-0.169475 -0.0161747 0)
(-0.173848 -0.00605678 7.89908e-19)
(-0.181206 -0.00657455 5.52733e-19)
(-0.147396 -0.00709847 -1.33738e-19)
(-0.161681 -0.00671894 -5.3096e-19)
(-0.119632 -0.00662824 -6.96444e-20)
(-0.133147 -0.00712097 2.74755e-19)
(-0.0947282 -0.0040312 -5.73333e-19)
(-0.106827 -0.00543083 0)
(-0.0713449 -0.000462688 -2.94659e-19)
(-0.08301 -0.00245384 5.79148e-19)
(0.904652 -9.91038 0)
(1.02476 -6.97981 3.66701e-20)
(0.999795 -8.29376 -1.04905e-21)
(0.779949 -13.1314 1.39928e-25)
(0.858186 -11.4089 -4.59151e-22)
(0.682782 -16.6599 0)
(0.734039 -14.8232 -2.09852e-21)
(0.635019 -20.5108 2.92164e-20)
(0.657056 -18.5189 -3.36923e-20)
(0.647787 -24.7332 0)
(0.63325 -22.5694 4.19365e-21)
(0.736632 -29.3841 0)
(0.683234 -27.0005 0)
(0.883096 -34.657 6.61575e-20)
(0.803864 -31.9251 -1.35047e-19)
(1.02663 -40.8187 0)
(0.959166 -37.6269 0)
(1.06667 -47.8205 0)
(1.06133 -44.2284 0)
(-0.981845 -1.87077 0)
(-0.234806 -5.39567 4.48506e-23)
(-0.425795 -5.40289 1.6729e-20)
(0.0867556 -5.39464 0)
(-0.0782284 -5.39501 -9.17241e-22)
(0.435175 -5.40708 -1.30881e-22)
(0.242231 -5.39787 1.30829e-22)
(0.854906 -5.43887 0)
(0.623785 -5.41784 0)
(-1.43175 -61.7655 -2.43369e-19)
(-1.82154 -64.406 5.03446e-19)
(-0.956505 -54.8865 5.55902e-19)
(-1.15476 -58.3781 0)
(-0.917709 -47.6098 2.02133e-19)
(-0.932132 -51.2332 -1.36676e-19)
(-0.919489 -40.7148 -3.35339e-20)
(-0.90583 -44.0987 -1.01379e-19)
(-0.83886 -34.6167 -1.6841e-19)
(-0.884467 -37.5643 1.32861e-19)
(-0.730348 -29.3716 3.30523e-20)
(-0.783983 -31.9076 6.69507e-20)
(-0.649785 -24.7163 0)
(-0.682884 -26.9865 -6.74214e-20)
(-0.637591 -20.4953 -8.32257e-21)
(-0.636147 -22.5527 0)
(-0.68608 -16.6496 1.67277e-20)
(-0.660046 -18.5055 1.68526e-20)
(-0.781862 -13.1234 -3.34878e-20)
(-0.736946 -14.8147 -1.57966e-20)
(-0.904202 -9.90211 -4.1972e-21)
(-0.859127 -11.4009 3.26242e-20)
(-1.02232 -6.97175 -3.15299e-20)
(-0.998406 -8.28516 3.35114e-20)
(0.10369 0.0250184 1.82902e-18)
(0.075818 0.0223387 0)
(0.0899914 0.0240334 -1.20912e-18)
(-1.50967 -2.38972 -4.02417e-18)
(-0.0844687 0.0244951 5.90603e-19)
(-0.0718651 0.024951 -5.79337e-19)
(-0.0701716 0.0238844 5.94547e-19)
(-0.209858 0.0250901 0)
(0.129252 0.0254752 2.59905e-18)
(0.116835 0.025487 -3.05708e-18)
(0.151957 0.0242281 -2.9965e-19)
(0.140944 0.0250259 -2.42879e-18)
(0.171882 0.0222645 -1.16207e-18)
(0.162296 0.0233043 1.18053e-18)
(0.187254 0.0192406 -1.4264e-19)
(0.18036 0.0209668 0)
(0.19602 0.0143111 4.95415e-19)
(0.192319 0.0169576 -5.67702e-19)
(0.200371 0.00945284 1.39824e-19)
(0.19862 0.0117123 -1.40339e-19)
(0.201199 0.00621342 0)
(0.201357 0.00765792 0)
(0.195773 0.00364709 1.36773e-19)
(0.199367 0.00489625 -6.87819e-20)
(0.183357 0.000986978 8.45194e-21)
(0.190408 0.00240733 6.80009e-20)
(0.164122 -0.00263361 -1.00232e-19)
(0.174559 -0.000713066 5.8791e-20)
(0.138686 -0.00665376 -6.67156e-20)
(0.152095 -0.00467276 0)
(0.107726 -0.0106464 0)
(0.12381 -0.00856518 0)
(0.0717432 -0.0155133 -6.66536e-20)
(0.0905127 -0.0129506 -6.68627e-20)
(0.0315865 -0.0211909 -1.99996e-19)
(0.0520655 -0.0182951 1.33223e-19)
(-0.00984348 -0.0263627 5.96908e-23)
(0.0106444 -0.0240698 -4.63745e-23)
(-0.0499908 -0.0282861 0)
(-0.029958 -0.0278374 0)
(-0.087487 -0.0269453 -1.34775e-19)
(-0.0690578 -0.0281793 -1.35024e-19)
(-0.122923 -0.0212477 0)
(-0.105525 -0.024097 2.35726e-19)
(-0.154069 -0.0143735 0)
(-0.139083 -0.0178612 4.20657e-21)
(-0.178962 -0.0093629 2.70665e-19)
(-0.167487 -0.0114967 -3.37079e-19)
(-0.195221 -0.00748833 0)
(-0.188223 -0.00807554 -1.69911e-20)
(-0.202966 -0.00685682 6.7948e-20)
(-0.200243 -0.00720379 0)
(-0.203266 -0.00492736 -5.75804e-19)
(-0.203865 -0.00621099 2.71131e-19)
(-0.199109 0.000113746 0)
(-0.201641 -0.00278241 2.7058e-19)
(-0.190716 0.00688653 0)
(-0.195529 0.00344119 0)
(-0.176409 0.0133522 -1.69351e-19)
(-0.184354 0.0102311 1.35139e-19)
(-0.156999 0.0189273 2.7585e-19)
(-0.167227 0.0162505 0)
(-0.135192 0.023204 1.03363e-18)
(-0.146403 0.021325 -2.85465e-19)
(-0.109789 0.0247856 -1.20763e-18)
(-0.123089 0.0246199 4.55704e-19)
(-0.0816837 0.0236507 -1.79468e-18)
(-0.0959416 0.0246383 5.9689e-19)
(-0.0720361 0.0253848 -8.29209e-19)
(-0.0724805 0.0253472 1.12766e-18)
(-0.070033 0.0254079 7.67029e-20)
(-0.0710609 0.0253382 -1.36578e-19)
(-0.0687736 0.0253831 1.37587e-19)
(-0.0692395 0.0254506 0)
(-0.0682853 0.0238123 1.39473e-19)
(-0.0685046 0.0248346 0)
(-0.0671657 0.019622 -1.42402e-19)
(-0.0678878 0.0220297 4.22583e-19)
(-0.064803 0.0132255 -1.45628e-19)
(-0.0661056 0.0166618 0)
(-0.0617574 0.00551099 -3.16507e-19)
(-0.0633627 0.00950049 7.35677e-20)
(2.02039 -69.9354 -9.84771e-18)
(-3.81353 -69.5041 2.11605e-19)
(-3.22477 -71.3143 9.13315e-18)
(-3.75731 -70.7802 9.36174e-18)
(-4.16421 -67.3809 0)
(-4.10753 -65.5043 1.35452e-19)
(-0.848615 -1.2431 -5.11358e-18)
(0.94197 -55.3747 -3.33248e-18)
(1.01748 -51.4827 1.11313e-18)
(-0.038622 -0.0463278 0)
(-0.584606 -73.6531 -8.47248e-18)
(-0.0196869 -0.677773 -1.00752e-17)
(-0.0282306 -0.470315 -4.98726e-18)
(0.0055512 -0.660498 -1.00922e-17)
(0.217229 -2.99913 0)
(-0.0285971 0.0107153 2.47619e-18)
(0.736618 -4.07808 1.11747e-17)
(-0.113335 -3.0076 9.56059e-18)
(1.07693 -59.5342 2.17468e-18)
(0.0346871 -0.14799 -4.60711e-18)
(0.0512203 -0.0612471 -4.49621e-18)
(0.0332687 -0.0314459 2.16244e-18)
(-0.00830249 -0.0418775 9.94475e-19)
(-0.0525789 -0.0726282 4.45865e-18)
(-0.046581 -0.141692 1.58507e-21)
(-0.0167151 -0.229462 1.43605e-22)
(0.00634452 -0.343647 1.38663e-17)
(0.0530705 0.0222639 3.75806e-18)
(1.02103 -2.41374 2.6053e-20)
(-0.0595083 0.00152011 -3.01755e-19)
(1.09293 -5.43838 -8.68343e-23)
(-1.08848 -5.42998 -2.09685e-21)
(2.65812 -45.4973 -1.4576e-19)
(-2.83419 -71.9612 1.05698e-19)
(-1.95692 -72.7656 0)
(0.0563273 -67.8217 4.58203e-18)
(0.0067663 -0.299488 -4.99432e-18)
(0.0255858 -0.210616 5.15093e-18)
(0.0243007 -0.0032295 0)
(-0.0672403 0.0221325 1.20738e-18)
(-0.0220017 -0.101639 -2.25748e-18)
(0.00884882 -1.47824 2.17068e-17)
(0.0925207 -0.807585 -1.03856e-17)
(-0.037774 -11.8116 -9.22401e-18)
(0.0503438 -14.6132 8.90847e-18)
(0.720239 -15.0963 -3.64028e-18)
(0.0398914 -12.1825 0)
(-0.438992 -73.9979 1.11664e-20)
(0.895126 -55.1153 -5.59686e-19)
(0.0349516 -0.542382 1.5015e-17)
(-0.0192135 -0.0628314 0)
(-0.470109 -74.1711 -8.47395e-18)
(-0.0200654 -0.566374 9.9059e-18)
(0.0233756 -0.525442 9.62916e-18)
(0.428493 -3.45906 -1.01206e-17)
(-0.271627 -3.56973 0)
(10.0656 -67.1263 -5.57042e-18)
(9.36889 -68.4552 -5.44446e-18)
(-0.0414485 0.0138024 3.87567e-18)
(2.92011 -71.016 9.8534e-21)
(0.933755 -58.4745 1.17955e-18)
(0.893114 -58.8236 4.57655e-18)
(1.31107 -71.8469 1.58606e-17)
(0.0476011 -0.0996407 -6.7672e-22)
(0.0184695 -0.0343648 1.03318e-18)
(-0.0512676 -0.106942 0)
(-0.00369208 -0.270392 -4.78896e-18)
(0.0568746 0.0268343 0)
(0.0553805 0.0245682 -2.42543e-18)
(0.0580397 0.029379 3.49029e-20)
(0.0576713 0.0284182 4.9841e-19)
(0.0575003 0.0292812 4.27844e-20)
(0.0579581 0.0296494 2.5831e-20)
(0.0553702 0.0268623 -6.80801e-20)
(0.0566455 0.0283489 8.52276e-21)
(0.0518099 0.0223376 3.45679e-20)
(0.0537375 0.0248487 4.10836e-19)
(0.0475541 0.0161676 -6.24356e-19)
(0.0496729 0.0194087 5.78599e-19)
(0.0438531 0.00948334 2.19969e-19)
(0.0455621 0.0128083 -3.62199e-20)
(0.0421722 0.00581355 7.5208e-19)
(0.0562102 -0.00580863 2.98997e-19)
(0.0455915 -0.00358959 -1.23259e-18)
(0.0794371 -0.00966591 -5.04844e-19)
(0.0671727 -0.00802879 6.59647e-19)
(0.109052 -0.0112446 -1.39988e-18)
(0.0933739 -0.0106624 2.8498e-19)
(0.140906 -0.0110324 1.36043e-19)
(0.125461 -0.0113055 2.77082e-19)
(0.163017 -0.0116174 2.1701e-19)
(0.153836 -0.0108953 1.51234e-19)
(0.168281 -0.0169983 0)
(0.167933 -0.013802 -2.64164e-19)
(0.148894 -0.0274672 -1.56864e-22)
(0.162522 -0.021382 -5.20052e-19)
(0.0952911 -0.0481483 -3.27543e-20)
(0.12622 -0.0358638 5.22523e-19)
(0.0145845 -0.0871352 -6.53615e-20)
(0.0579077 -0.0651346 -6.56124e-20)
(-0.101444 -0.161859 0)
(-0.0341881 -0.118692 -1.31461e-19)
(-0.302992 -0.325434 -1.02919e-18)
(-0.180193 -0.228263 3.60925e-22)
(-0.609465 -0.676631 8.47159e-22)
(-0.432106 -0.478927 -1.55304e-18)
(-0.694569 -0.99528 -1.2036e-18)
(0.755433 -0.946354 3.81516e-18)
(0.90887 -1.38017 6.06609e-21)
(0.889293 -1.91011 7.01106e-18)
(0.408232 -0.430231 -1.96927e-18)
(0.591545 -0.649012 1.9428e-18)
(0.134807 -0.185843 -4.99431e-19)
(0.256768 -0.281224 0)
(-0.000465614 -0.0920497 2.01612e-18)
(0.0545233 -0.127134 -2.0077e-18)
(-0.072221 -0.053837 -2.02938e-18)
(-0.0392207 -0.069497 2.01976e-18)
(-0.131183 -0.0317319 1.27922e-19)
(-0.102954 -0.041903 6.3773e-20)
(-0.167817 -0.0166865 -6.48993e-20)
(-0.154051 -0.0233545 0)
(-0.167045 -0.0104079 -5.24752e-19)
(-0.171762 -0.0123776 6.54368e-20)
(-0.14286 -0.0103457 6.67489e-20)
(-0.156456 -0.00996126 5.30612e-19)
(-0.114891 -0.0109836 6.9054e-20)
(-0.128539 -0.0108094 -2.03065e-19)
(-0.0899985 -0.00917922 -4.25402e-19)
(-0.102106 -0.0104592 5.94349e-19)
(-0.0669285 -0.00517017 0)
(-0.078374 -0.00737641 0)
(-0.0554294 -0.00295568 8.67668e-24)
(1.39499 -5.31288 -3.35089e-20)
(1.31769 -6.83588 -1.04896e-21)
(1.28429 -8.12946 1.04909e-21)
(1.16124 -9.7365 0)
(1.09931 -11.2135 3.38618e-20)
(1.00245 -12.93 -4.97967e-20)
(0.951855 -14.6065 3.462e-20)
(0.89827 -16.438 -1.67252e-20)
(0.879073 -18.2911 3.36965e-20)
(0.864401 -20.2831 -3.5513e-20)
(0.873388 -22.3376 3.16167e-20)
(0.892321 -24.4979 -3.33843e-20)
(0.929545 -26.759 -4.19127e-21)
(0.984166 -29.1436 -5.07467e-20)
(1.04617 -31.6873 6.66903e-20)
(1.11265 -34.4208 1.35355e-19)
(1.17846 -37.3853 -6.51224e-20)
(1.23936 -40.5764 1.12536e-21)
(1.27164 -43.9824 -2.78924e-21)
(1.27261 -47.5895 2.72144e-19)
(1.21855 -51.294 0)
(1.09978 -54.9126 0)
(1.04206 -58.132 -1.18733e-18)
(1.05942 -60.7485 -6.24579e-19)
(1.8163 -62.7551 0)
(4.17305 -64.3325 0)
(11.8624 -61.8607 -3.71321e-20)
(-1.26265 -1.52094 0)
(8.5627 -69.394 -5.2307e-18)
(-1.07224 -4.39804 1.62318e-20)
(-0.843569 -4.41327 5.23611e-22)
(-0.615013 -4.41221 1.73243e-20)
(-0.423607 -4.41468 -3.29777e-20)
(-0.232919 -4.41541 2.40801e-20)
(-0.0766813 -4.41943 4.05209e-21)
(0.0868401 -4.41999 2.09182e-21)
(0.242716 -4.4174 -8.36669e-21)
(0.434459 -4.41791 -1.67355e-20)
(0.624259 -4.41686 2.617e-22)
(0.851354 -4.4197 1.62258e-20)
(1.07893 -4.40513 -3.33079e-20)
(1.34489 -4.29684 4.92907e-20)
(1.11386 -4.65559 1.83074e-20)
(-2.06779 -62.8585 -2.97677e-18)
(-1.51909 -61.0371 -3.52989e-20)
(-1.27048 -58.1303 7.02995e-20)
(-1.06587 -54.7313 -1.38701e-19)
(-1.11105 -51.1005 -1.70675e-19)
(-1.125 -47.4555 -3.35303e-20)
(-1.13247 -43.9146 3.39291e-20)
(-1.14098 -40.5389 1.00364e-19)
(-1.10777 -37.3754 -1.34123e-19)
(-1.0708 -34.4171 8.4287e-20)
(-1.01589 -31.6901 -3.35206e-20)
(-0.963854 -29.1427 -3.35368e-20)
(-0.916715 -26.7538 -3.33463e-20)
(-0.883443 -24.4883 5.04663e-20)
(-0.867643 -22.3251 8.38281e-21)
(-0.861369 -20.2707 2.50265e-20)
(-0.877958 -18.2801 -3.37023e-20)
(-0.897701 -16.4287 0)
(-0.952899 -14.5989 -3.2415e-20)
(-1.00404 -12.9223 3.36816e-20)
(-1.10086 -11.2051 0)
(-1.16225 -9.72671 3.56114e-20)
(-1.2834 -8.11838 -3.57313e-20)
(-1.31479 -6.82512 -3.45754e-20)
(-1.39088 -5.30244 7.12933e-20)
(-1.33966 -4.28854 -1.10897e-21)
(2.20464 -70.9523 -1.50226e-17)
(-2.76193 -72.4031 4.26629e-18)
(14.61 -62.8932 -6.0662e-18)
(0.0358863 -0.183741 -1.51143e-22)
(-0.0226203 -0.334375 8.19899e-18)
(1.2968 -7.49492 0)
(2.05766 -8.01565 -2.3632e-18)
(-0.0147602 -0.532413 7.925e-21)
(-0.00684412 -0.373752 -9.38603e-18)
(0.014162 -0.222668 -4.99027e-22)
(0.7278 -6.01525 6.31055e-18)
(-0.19281 0.0141424 6.85868e-20)
(1.04331 -19.7593 4.01681e-18)
(0.14991 0.00875994 2.07821e-22)
(-2.64984 -65.0906 -5.81279e-19)
(0.588218 -4.66663 -6.29725e-18)
(0.0754252 -3.59529 -1.88859e-17)
(1.87345 -71.0744 1.51448e-17)
(1.58228 -3.97592 1.38448e-17)
(0.487002 -20.0495 3.95252e-19)
(-0.451556 -11.3616 -1.76857e-18)
(0.822424 -62.912 -6.8662e-18)
(2.60117 -66.1763 -1.50686e-20)
(1.00337 -61.4336 0)
(1.34205 -72.8059 7.71885e-18)
(-0.889339 -73.1891 4.98466e-20)
(0.186412 -9.9811 -2.04637e-18)
(-2.85742 -21.4611 -9.03493e-19)
(-0.908346 -16.2348 -3.95323e-18)
(1.34025e-06 -12.8371 3.06859e-18)
(-0.09686 -1.44826 2.34873e-17)
(0.0288721 -0.161112 6.77996e-18)
(0.024003 -0.0956694 -3.13856e-18)
(0.0421891 -0.0643833 -4.30925e-18)
(-0.0393692 -0.0890232 -4.29931e-18)
(0.0187431 -0.280534 1.21798e-17)
(-0.0266641 -0.178542 1.93047e-21)
(-8.40402 -65.01 4.86846e-18)
(-8.28785 -67.0827 -9.46208e-18)
(-8.18864 -68.5366 -9.03851e-18)
(-7.11705 -69.8573 -2.64802e-17)
(-5.39158 -71.249 8.69037e-18)
(-3.56994 -71.8083 4.12734e-18)
(0.127263 0.00356881 -1.91769e-18)
(0.262198 -0.690115 0)
(0.144156 -65.9478 2.94689e-18)
(0.124227 0.0128225 1.07617e-18)
(-0.964197 -3.82103 0)
(-0.716645 -4.69634 0)
(-0.0438819 -0.00110833 1.27159e-18)
(-0.0474097 0.00270866 -6.21726e-19)
(-0.0489593 0.00632472 1.88724e-20)
(-0.0498806 0.00997293 2.21661e-19)
(-0.050663 0.0134338 -2.18221e-19)
(-0.0513904 0.0165549 0)
(-0.0519988 0.019222 2.82543e-19)
(-0.0524469 0.0214159 -5.60762e-19)
(-0.05277 0.0230922 -1.38971e-19)
(-0.0531188 0.0242451 0)
(-0.0536625 0.0250484 0)
(-0.054471 0.0255386 0)
(-0.0555034 0.0258506 -6.83372e-20)
(-0.0566136 0.0259861 3.43404e-24)
(-0.0575327 0.0258878 0)
(-0.0579314 0.0254852 0)
(-0.0573835 0.0244815 -2.90524e-19)
(-0.0558964 0.0226576 9.02474e-19)
(-0.0530895 0.020102 0)
(-0.0487304 0.01696 -2.46081e-18)
(-0.0627447 0.0197378 0)
(-0.0774813 0.0220564 1.18419e-18)
(-0.0923682 0.0238506 -5.86277e-19)
(-0.107048 0.0247889 -1.16616e-18)
(-0.121043 0.0250296 4.33201e-19)
(-0.134092 0.0243452 -1.42632e-19)
(-0.146197 0.0229046 1.40122e-19)
(-0.15735 0.0208381 -6.8454e-20)
(-0.167764 0.0183007 6.81025e-20)
(-0.177024 0.015446 -2.70553e-19)
(-0.185054 0.012377 1.35078e-19)
(-0.191485 0.00906826 -1.39188e-19)
(-0.19628 0.00553511 1.34957e-19)
(-0.199599 0.00188201 0)
(-0.201639 -0.00141923 -1.18214e-19)
(-0.202527 -0.00408248 1.69004e-19)
(-0.202281 -0.0061861 -1.35348e-19)
(-0.200702 -0.00762508 1.18576e-19)
(-0.197488 -0.00861809 0)
(-0.192423 -0.00927639 0)
(-0.185618 -0.00976242 0)
(-0.176941 -0.0103921 -3.04071e-19)
(-0.166277 -0.0113656 6.40757e-19)
(-0.153626 -0.0127658 -2.69374e-19)
(-0.139109 -0.0145461 -8.42797e-21)
(-0.123065 -0.016351 1.68513e-20)
(-0.10567 -0.0179221 -1.00976e-19)
(-0.087172 -0.0193149 1.34805e-19)
(-0.068021 -0.0197934 0)
(-0.0482867 -0.0194582 1.3443e-19)
(-0.0279626 -0.018642 1.34185e-19)
(-0.00748469 -0.0172027 2.67651e-19)
(0.013187 -0.0153346 -2.00183e-19)
(0.0337344 -0.0133092 0)
(0.0537772 -0.011418 6.2454e-20)
(0.0728839 -0.00976739 -6.66761e-20)
(0.0909998 -0.00830928 1.33475e-19)
(0.107969 -0.00690868 0)
(0.123773 -0.00544005 -8.08256e-21)
(0.138371 -0.00387383 -8.34171e-21)
(0.151637 -0.00221172 2.50407e-20)
(0.163386 -0.000539701 1.67373e-20)
(0.173473 0.000932442 4.19394e-21)
(0.181936 0.00219973 -2.10622e-20)
(0.188747 0.00337234 1.69249e-20)
(0.193993 0.00460534 -1.36241e-19)
(0.197509 0.0057973 1.37055e-19)
(0.199513 0.00697478 0)
(0.199896 0.00848809 0)
(0.199352 0.0103559 -6.96311e-19)
(0.197822 0.012477 1.32681e-18)
(0.195242 0.0148162 -1.05147e-18)
(0.191279 0.0169907 4.92458e-19)
(0.18563 0.0186824 1.41805e-19)
(0.178264 0.0200196 0)
(0.169463 0.0211901 0)
(0.159661 0.0223223 -2.47695e-18)
(0.14906 0.0233262 1.47678e-19)
(0.137681 0.0240409 6.63144e-23)
(0.125464 0.024319 4.89382e-18)
(0.112426 0.0240443 -2.41836e-18)
(0.0986755 0.0231338 3.01071e-18)
(-1.08582 -2.50426 -1.72836e-20)
(-1.36564 -2.43128 -5.02804e-20)
(1.65642 -4.56384 0)
(1.53553 -3.73482 -3.24801e-20)
(0.050544 0.0152614 -1.73558e-18)
(3.51738 -71.4043 1.52517e-17)
(1.72943 -3.02706 -9.01933e-21)
(0.084558 0.0214288 -2.54546e-23)
(0.0700213 0.0191326 -2.29768e-18)
(-0.239385 -1.68973 0)
(0.127046 -0.626085 5.98253e-18)
(-0.0391226 0.0178291 0)
(-0.0414215 0.0202673 -1.30249e-18)
(-0.0425162 0.0224063 6.57329e-19)
(-0.0428449 0.0237032 0)
(-0.0424782 0.0243407 -8.47368e-24)
(-0.0416479 0.0244931 2.75421e-19)
(-0.0405648 0.0241964 0)
(-0.0394943 0.0235865 0)
(-0.0385438 0.0226982 -6.85769e-20)
(-0.0378238 0.0215583 0)
(-0.0373285 0.0201432 -1.38643e-19)
(-0.0369233 0.0184205 0)
(-0.0365235 0.0163234 0)
(-0.036152 0.0138989 0)
(-0.0357108 0.0110357 7.22191e-20)
(-0.0341352 0.00104514 -1.2725e-18)
(-0.0349414 0.00451884 -1.81155e-18)
(-0.0353499 0.00787717 1.17573e-18)
(-0.0345578 -0.00555055 -1.33278e-18)
(-0.0452105 -0.0069921 -1.20175e-18)
(-0.0561743 -0.00939597 1.15445e-18)
(-0.0662884 -0.0115293 -5.68344e-19)
(-0.0764424 -0.0130392 -1.40112e-19)
(-0.0870487 -0.0139578 -3.45505e-20)
(-0.098575 -0.0144345 -3.41151e-20)
(-0.111027 -0.0146922 -3.36968e-20)
(-0.123591 -0.014787 6.67305e-20)
(-0.134774 -0.0151712 -6.65653e-20)
(-0.142195 -0.0167543 0)
(-0.143376 -0.0195888 -1.31454e-19)
(-0.136475 -0.0236917 -3.27482e-20)
(-0.12021 -0.0290458 0)
(-0.0948051 -0.0352776 -1.29436e-19)
(-0.0630902 -0.0432434 6.45776e-20)
(-0.027147 -0.053925 0)
(0.013762 -0.0687327 0)
(0.0639653 -0.0908486 2.56839e-19)
(0.13794 -0.126989 1.79647e-18)
(0.247658 -0.188022 -1.02523e-18)
(0.414322 -0.290811 0)
(0.626353 -0.453076 0)
(0.877047 -0.695403 0)
(1.13793 -1.02591 -4.06417e-18)
(1.62515 -2.12252 -1.19659e-17)
(1.37059 -1.50472 1.19494e-17)
(0.019274 -0.998301 1.60452e-17)
(-1.61685 -3.57483 0)
(-1.0444 -1.15085 -4.81562e-18)
(-0.993728 -0.805487 6.00762e-18)
(-0.719351 -0.536289 -2.06019e-18)
(-0.510569 -0.356551 -1.0418e-18)
(-0.327311 -0.230389 1.05212e-18)
(-0.209041 -0.157177 0)
(-0.117409 -0.111488 9.31456e-19)
(-0.0538747 -0.081065 -9.88937e-19)
(0.000843283 -0.0599169 6.60849e-20)
(0.0466771 -0.0459088 4.97155e-20)
(0.0837734 -0.0366181 0)
(0.110961 -0.0303486 2.06628e-21)
(0.128272 -0.0250431 2.73523e-19)
(0.137326 -0.020607 -2.83102e-19)
(0.140433 -0.0173932 0)
(0.138757 -0.0156477 -2.34648e-19)
(0.132352 -0.0150579 -6.71712e-20)
(0.121463 -0.0149564 1.36183e-19)
(0.107515 -0.0150478 -2.75753e-19)
(0.0923887 -0.0149406 4.19683e-19)
(0.0779604 -0.0146311 2.82424e-19)
(0.0653659 -0.0137802 -7.15435e-20)
(0.0543961 -0.0123202 0)
(0.034705 -0.00781244 1.21884e-18)
(0.0446858 -0.00985114 -1.17957e-18)
(9.64182 -69.4063 1.68261e-20)
(0.0287162 0.000795441 0)
(0.0301844 0.00446724 -3.00217e-19)
(0.0313299 0.00827005 -1.45569e-19)
(0.0324729 0.011576 7.1873e-20)
(0.0339378 0.0149027 1.42016e-19)
(0.0355449 0.0180173 1.40029e-19)
(0.0371863 0.0208431 -2.76722e-19)
(0.0386677 0.0232205 -4.13321e-25)
(0.0399214 0.0250384 0)
(0.040934 0.0262895 -4.25053e-20)
(0.0416419 0.0270673 0)
(0.0420607 0.0273161 5.50246e-19)
(0.0422152 0.0269434 0)
(0.0421162 0.0259233 -2.83839e-19)
(0.0417407 0.0242825 0)
(0.0410378 0.0220566 0)
(0.0379219 0.0166572 1.65307e-24)
(0.0400729 0.0193671 0)
(0.144116 0.00833167 1.02719e-18)
(-0.0548903 0.0168444 1.19758e-18)
(-0.0694195 0.0197938 -2.32387e-18)
(-0.0842527 0.0220973 1.71253e-18)
(-0.0989732 0.023455 -1.42074e-18)
(-0.113009 0.0239571 0)
(-0.126213 0.0236192 1.40369e-19)
(-0.1384 0.0225226 -1.37986e-19)
(-0.149535 0.0207724 0)
(-0.159637 0.0185396 0)
(-0.168595 0.0161271 0)
(-0.1763 0.0135393 0)
(-0.18246 0.0106983 -1.30682e-19)
(-0.18699 0.00768078 1.36935e-19)
(-0.189929 0.00459396 0)
(-0.191436 0.00163576 -1.68723e-20)
(-0.191656 -0.00109684 1.35075e-19)
(-0.190749 -0.00341023 7.29507e-24)
(-0.188681 -0.00522743 -2.53616e-19)
(-0.185156 -0.00668118 2.70644e-19)
(-0.180047 -0.00788919 1.35534e-19)
(-0.17338 -0.00888887 -5.42461e-19)
(-0.16521 -0.00970469 3.03859e-19)
(-0.155328 -0.0104428 -1.68697e-19)
(-0.143703 -0.0112148 1.51553e-19)
(-0.130249 -0.0120898 0)
(-0.115161 -0.0129408 -1.68735e-20)
(-0.0986827 -0.0136535 -1.68509e-20)
(-0.0810598 -0.014107 0)
(-0.062681 -0.0141471 0)
(-0.0437826 -0.0137348 -1.34313e-19)
(-0.0244869 -0.0129907 -1.34172e-19)
(-0.0050844 -0.0119264 1.33876e-19)
(0.0142662 -0.0106849 3.34064e-20)
(0.0332966 -0.00947259 -6.67252e-20)
(0.0517367 -0.00842843 4.16826e-21)
(0.0693351 -0.00756758 6.67193e-20)
(0.0860725 -0.00680887 -1.6687e-20)
(0.101916 -0.00598527 -3.33754e-20)
(0.116767 -0.00494033 -2.60856e-22)
(0.130454 -0.00366967 -2.08699e-21)
(0.142806 -0.00222497 -8.35348e-21)
(0.153667 -0.000858477 3.34608e-20)
(0.163001 0.000340723 -4.1922e-20)
(0.17082 0.00151412 7.56894e-20)
(0.177156 0.00267977 -3.48327e-24)
(0.18202 0.00385943 -1.35586e-19)
(0.18539 0.0050399 1.36264e-19)
(0.187352 0.00641578 -2.74685e-19)
(0.188006 0.00805791 -2.75656e-19)
(0.187756 0.00991359 5.53446e-19)
(0.186472 0.0119198 -6.25504e-19)
(0.18386 0.0137867 5.92054e-19)
(0.179721 0.0154017 2.80663e-24)
(0.173926 0.0166753 -1.12506e-18)
(0.166668 0.0178058 2.26799e-18)
(0.158192 0.0190259 -1.14192e-18)
(0.148736 0.0202902 1.44237e-19)
(0.138298 0.021372 2.17951e-18)
(0.126966 0.0220477 -2.42575e-18)
(0.114752 0.0221957 -2.44343e-18)
(0.101842 0.0218393 2.3818e-18)
(0.0884356 0.020986 -6.0028e-19)
(0.0749475 0.0194832 -2.44638e-18)
(0.062172 0.0173853 2.67564e-18)
(0.0810048 -0.665308 1.03995e-17)
(-0.72339 -4.01401 0)
(0.0422825 0.0137332 -1.41227e-17)
(0.0245127 0.00965227 6.18153e-18)
(-0.964218 -70.1407 1.25244e-17)
(-3.19542 -65.3066 -8.3321e-18)
(-6.05515 -71.8328 -4.36244e-18)
(-9.89208 -70.5403 -4.36587e-18)
(-12.8175 -67.6999 1.80046e-17)
(-14.4469 -64.993 2.2091e-19)
(-14.7759 -62.9045 8.89214e-21)
(-14.5604 -60.8267 1.52386e-17)
(-11.9781 -56.7923 1.3053e-17)
(-5.38278 -62.9973 -1.1891e-17)
(-1.8388 -61.7781 -1.20981e-18)
(-0.754743 -59.9829 5.77048e-19)
(-0.630583 -57.5113 -3.45953e-20)
(-0.638063 -54.1945 2.06909e-19)
(-0.795361 -50.5251 -6.74486e-20)
(-0.866886 -46.7976 2.04051e-19)
(-0.922146 -43.1126 -3.33327e-20)
(-0.975224 -39.6031 3.38793e-20)
(-1.00918 -36.3183 4.18966e-21)
(-1.02772 -33.2659 1.67562e-20)
(-1.03261 -30.4518 8.3762e-21)
(-1.03411 -27.8352 0)
(-1.037 -25.3953 0)
(-1.04177 -23.0921 -5.85356e-20)
(-1.05274 -20.8944 1.69363e-20)
(-1.05905 -18.8204 0)
(-1.08741 -16.8222 3.34356e-20)
(-1.11238 -14.9891 -3.57916e-20)
(-1.17798 -13.1912 -6.22559e-25)
(-1.23758 -11.5732 0)
(-1.34434 -9.91926 -1.3111e-22)
(-1.42307 -8.54454 0)
(-1.65146 -4.55244 3.04492e-20)
(-1.59215 -5.92135 -9.5395e-22)
(-1.55606 -7.05155 -3.1413e-20)
(-0.0148491 -0.20834 -1.3175e-17)
(-0.0300937 -0.136866 -4.35765e-18)
(0.0207136 -0.0682275 2.06137e-18)
(0.0398905 -0.105315 4.29456e-18)
(-2.29311 -5.66224 0)
(-0.0271386 -2.10521 1.07013e-17)
(0.439779 -10.6813 0)
(-0.465413 -22.4136 4.71969e-19)
(-0.217109 -16.7418 3.10935e-19)
(-0.178717 -13.2971 -1.62154e-22)
(0.180888 -11.4039 -2.22457e-18)
(0.918579 -9.2191 -6.21726e-19)
(-2.84914 -71.6748 -2.10136e-17)
(0.364601 -2.51552 -9.9225e-18)
(1.4014 -63.8192 -7.03635e-19)
(0.840178 -62.057 5.17048e-20)
(1.09386 -2.50916 0)
(0.859748 -2.49435 -1.77977e-20)
(0.626891 -2.47192 1.04624e-21)
(0.433258 -2.46115 1.67392e-20)
(0.242158 -2.45564 8.3672e-21)
(0.0860512 -2.45833 -1.56951e-21)
(-0.0756147 -2.45775 -4.18455e-21)
(-0.231099 -2.45408 -8.36763e-21)
(-0.421928 -2.45874 9.42932e-21)
(-0.616889 -2.46837 1.67462e-20)
(-0.850756 -2.49019 5.23376e-22)
(-0.0769037 -1.7527 -3.31278e-17)
(-0.766779 -64.0227 0)
(0.860905 -13.5732 -1.70409e-18)
(1.49626 -18.2366 -2.24859e-19)
(2.71948 -5.33999 4.39671e-18)
(0.234975 -0.972499 4.7127e-18)
(-0.069371 -0.133496 -3.90078e-18)
(0.143014 0.0087011 -1.0353e-18)
(0.763093 -66.05 7.2017e-18)
(2.25656 -71.0701 0)
(6.19873 -69.3283 1.14692e-17)
(-0.381979 -7.42728 7.69609e-18)
(15.8178 -65.0546 -6.11529e-18)
(15.9095 -63.8399 0)
(6.9544 -61.3607 0)
(3.89604 -60.7843 6.92329e-19)
(1.73981 -60.7667 6.46857e-19)
(0.773928 -59.9309 9.21278e-19)
(0.632849 -57.4583 1.49564e-19)
(0.775371 -54.1926 4.31998e-19)
(0.978055 -50.5234 0)
(1.07296 -46.7557 -6.83097e-20)
(1.06902 -43.0687 -2.03994e-19)
(1.05919 -39.563 -6.83584e-20)
(1.06956 -36.2841 6.68887e-20)
(1.06837 -33.2371 -3.3646e-20)
(1.05984 -30.4299 0)
(1.05292 -27.8249 -1.67925e-20)
(1.05223 -25.3948 4.19684e-21)
(1.05259 -23.0967 -3.3396e-20)
(1.05947 -20.9025 3.47703e-20)
(1.0634 -18.8289 -3.13261e-20)
(1.08897 -16.8303 1.3115e-21)
(1.11247 -14.997 3.47423e-20)
(1.17666 -13.1981 -1.04929e-21)
(1.23572 -11.5809 3.29589e-20)
(1.34288 -9.92824 -3.36604e-20)
(1.42264 -8.5552 0)
(1.55698 -7.06357 3.35136e-20)
(1.59494 -5.93291 -3.36253e-20)
(5.01213 -70.4037 -5.06126e-18)
(3.69055 -71.3833 -7.7069e-18)
(-0.142051 -4.46264 -8.60084e-18)
(0.297189 -4.0517 5.16384e-18)
(1.58046 -5.99151 2.62448e-18)
(2.73466 -30.6514 1.26796e-18)
(0.00356348 -0.420339 8.94408e-18)
(-0.00414663 -0.441037 9.21281e-18)
(-0.181922 0.0112419 0)
(0.151053 0.0119357 -1.93313e-19)
(-0.0307858 -0.00222013 2.21097e-20)
(1.37213 -2.43682 -2.89112e-22)
(-1.52939 -3.72544 1.04829e-21)
(-0.0165225 -0.296402 -4.16892e-18)
(3.87629 -59.8438 6.38647e-18)
(0.51202 -5.40872 5.83448e-18)
(0.708888 -69.3158 -8.20381e-18)
(-1.56428 -2.02001 -2.61986e-22)
(1.57089 -2.02709 3.32898e-20)
(-0.0273105 0.0096275 0)
(1.42427 -73.4029 -8.26903e-18)
(-0.446057 -34.9465 0)
(0.835419 -7.18798 -2.88344e-18)
(0.0628788 -0.517187 -1.07143e-17)
(0.0276122 -0.197408 -4.10949e-18)
(-0.0205879 -0.115637 2.00537e-18)
(2.51149 -9.95609 2.80118e-18)
(0.0260536 0.00931283 -6.21888e-18)
(-0.195993 0.0193457 -2.03297e-19)
(2.86947 -3.79817 -2.1152e-17)
(-0.184343 0.0148183 2.71957e-19)
(-1.29096 -55.4936 -6.7139e-18)
(0.0272467 -0.340817 -1.63852e-17)
(-4.23872 -6.44609 1.33217e-17)
(0.194042 -4.86395 1.45353e-17)
(3.05316 -70.5893 9.27482e-18)
(1.76088 -2.75051 -3.32689e-20)
(1.64169 -1.73029 1.04857e-21)
(1.76588 -1.96888 3.35969e-20)
(1.66715 -4.24925 -3.351e-20)
(1.753 -3.28317 3.36321e-20)
(1.50271 -6.45347 -3.2959e-20)
(1.58927 -5.18343 3.33961e-20)
(1.38318 -9.26703 -6.87261e-20)
(1.44785 -7.74095 3.42032e-20)
(1.31243 -12.7283 3.34282e-20)
(1.35207 -10.8772 -7.8751e-22)
(1.26182 -16.8788 0)
(1.29146 -14.7097 1.04914e-21)
(1.2228 -21.6933 4.22016e-20)
(1.24123 -19.1963 0)
(1.24205 -27.3586 3.36766e-20)
(1.22206 -24.4076 -3.34112e-20)
(1.2335 -34.008 1.68017e-20)
(1.25547 -30.5604 -1.18308e-19)
(1.27663 -41.3331 0)
(1.22474 -37.6295 -6.82383e-20)
(1.31031 -48.8186 -4.22385e-19)
(1.31807 -45.106 2.82792e-19)
(1.42793 -54.639 -1.51586e-18)
(1.35181 -52.2007 -2.89293e-19)
(4.86216 -54.1422 -1.23779e-18)
(2.44923 -54.6741 8.90912e-19)
(15.3196 -53.5641 5.16674e-18)
(8.98974 -53.8281 0)
(27.9306 -53.1344 5.28125e-18)
(22.086 -53.4478 0)
(27.0105 -58.8706 0)
(31.1234 -54.2403 -1.36223e-19)
(11.5975 -67.4892 0)
(21.248 -65.8649 0)
(4.32316 -33.9639 1.87193e-17)
(6.59847 -53.9393 -4.14236e-18)
(-0.218723 -18.0975 5.41071e-18)
(2.61562 -23.5472 -3.59552e-18)
(-1.87394 -11.9229 -6.32806e-18)
(-0.578993 -13.9639 -2.72548e-18)
(-2.54258 -9.67809 2.59883e-20)
(-0.940136 -2.10999 0)
(-1.5333 -1.95673 1.7825e-20)
(-1.19841 -2.07479 0)
(-0.453862 -2.12358 8.37581e-21)
(-0.674717 -2.11449 0)
(-0.0776559 -2.14389 -8.31062e-25)
(-0.24458 -2.13315 -2.09194e-21)
(0.256301 -2.13438 -1.56813e-21)
(0.0884508 -2.14438 5.22182e-22)
(0.685441 -2.11726 0)
(0.465834 -2.12556 1.04558e-21)
(1.20852 -2.07838 9.42321e-21)
(0.950573 -2.11285 0)
(-1.79345 -1.65716 -1.04822e-21)
(1.61346 -0.587207 1.67523e-20)
(1.8012 -1.66261 -5.2406e-22)
(1.54223 -1.96073 -1.6774e-20)
(1.07738 -64.6412 -5.42203e-18)
(0.260314 -1.15438 1.04339e-17)
(-0.020377 -0.00815125 -1.74365e-18)
(0.774324 -8.90001 2.37644e-18)
(-0.319965 -6.31866 -3.39913e-18)
(0.0180777 -0.129404 4.9154e-18)
(-0.0291293 -0.182037 -3.96527e-18)
(-1.6095 -0.57993 -1.64913e-20)
(-1.76315 -1.95736 -3.24673e-20)
(-1.63865 -1.72059 3.41275e-20)
(-1.75254 -3.27049 0)
(-1.7589 -2.73852 5.24429e-22)
(-1.59055 -5.17388 1.31173e-22)
(-1.66789 -4.23787 -2.62259e-22)
(-1.44894 -7.73521 -1.04937e-21)
(-1.50419 -6.44604 0)
(-1.35011 -10.8721 0)
(-1.3829 -9.2609 2.09866e-21)
(-1.28382 -14.7095 -2.08135e-20)
(-1.3077 -12.7243 3.37112e-20)
(-1.22287 -19.2158 3.37238e-20)
(-1.2489 -16.8864 8.38725e-21)
(-1.18768 -24.4748 -8.37921e-21)
(-1.19695 -21.7321 -3.33285e-20)
(-1.19992 -30.6862 -3.7474e-20)
(-1.19696 -27.4564 3.27406e-20)
(-1.11868 -37.8846 -3.3332e-20)
(-1.16605 -34.1837 1.71177e-20)
(-1.16429 -45.4435 6.70983e-20)
(-1.1231 -41.6635 -1.35946e-19)
(-1.17888 -52.3631 -3.22498e-19)
(-1.14559 -49.0902 -3.80677e-19)
(-3.43076 -55.3261 1.64913e-18)
(-1.3409 -54.8835 -5.84415e-19)
(-7.44398 -62.8895 -4.00187e-20)
(-6.84533 -54.609 0)
(-22.0847 -54.4217 5.43993e-18)
(0.141762 -1.4448 -1.03682e-17)
(-27.943 -57.5914 6.19226e-19)
(-26.5251 -55.6493 -9.77576e-18)
(-21.766 -66.6667 1.60554e-19)
(-26.5502 -61.0176 -1.33222e-17)
(-8.53337 -53.6748 8.56632e-18)
(-13.9489 -68.665 4.23725e-18)
(-3.51551 -22.2999 2.04746e-20)
(-5.01552 -32.4727 -8.01345e-18)
(0.197549 -14.22 -1.10175e-20)
(-0.459317 -18.06 3.20893e-18)
(1.2657 -12.1745 1.40082e-20)
(0.0288618 0.0105678 -1.9366e-23)
(0.027118 0.00958878 1.96602e-17)
(0.0438907 0.0142836 -5.2802e-18)
(0.0348729 0.0123215 0)
(0.0648574 0.0175046 5.88605e-19)
(0.0539403 0.0163008 6.00463e-18)
(0.0861368 0.0181665 0)
(0.075712 0.0180134 -7.28542e-20)
(0.105589 0.0174174 0)
(0.0961658 0.017982 1.08262e-19)
(0.121716 0.0152005 7.03859e-20)
(0.114139 0.0164229 0)
(0.133829 0.0129528 -1.14779e-18)
(0.128234 0.0140165 1.04995e-18)
(0.141715 0.0106361 -3.44871e-20)
(0.138406 0.0118836 3.4659e-20)
(0.144448 0.00754836 0)
(0.143654 0.00919223 0)
(0.14342 0.00431504 3.05867e-19)
(0.144282 0.00587498 -2.73192e-19)
(0.139304 0.00173985 -3.37491e-20)
(0.141842 0.00299111 3.38838e-20)
(0.130852 -0.000762321 -3.35714e-20)
(0.135658 0.000492642 -6.7346e-20)
(0.117904 -0.00311487 -1.67312e-20)
(0.124914 -0.00195009 6.70477e-20)
(0.100372 -0.00545837 -2.08762e-21)
(0.109745 -0.00427882 4.17889e-21)
(0.0784746 -0.00740422 4.17289e-21)
(0.0898611 -0.00652526 -4.17465e-21)
(0.0540534 -0.00856974 -3.23188e-20)
(0.0665159 -0.00807064 1.6687e-20)
(0.0273456 -0.00951732 0)
(0.0410179 -0.00901328 0)
(-0.00142635 -0.0108119 -4.35904e-24)
(0.0131579 -0.0101294 5.01303e-20)
(-0.0310619 -0.0118349 -6.7174e-20)
(-0.0162334 -0.0114349 -8.87176e-25)
(-0.0601299 -0.0119559 -8.41483e-21)
(-0.0457432 -0.0120341 -1.51449e-19)
(-0.0868676 -0.0110969 1.3475e-19)
(-0.073902 -0.0115947 1.68636e-20)
(-0.109111 -0.00991912 -1.5165e-19)
(-0.0986435 -0.0105488 1.34806e-19)
(-0.125982 -0.00827056 0)
(-0.118185 -0.00919468 8.43475e-21)
(-0.138014 -0.00569624 -1.05571e-21)
(-0.132572 -0.007074 0)
(-0.145212 -0.00266379 0)
(-0.142162 -0.00422538 0)
(-0.148593 0.000991235 0)
(-0.147291 -0.00098547 -8.43684e-21)
(-0.148644 0.00551296 0)
(-0.149131 0.00320563 -4.21426e-21)
(-0.143694 0.0101432 6.74291e-20)
(-0.14689 0.0078638 -6.95073e-20)
(-0.133183 0.0142567 -5.07122e-20)
(-0.139087 0.0122755 0)
(-0.118165 0.0177034 -6.91375e-20)
(-0.126211 0.0160642 1.79823e-20)
(-0.0990758 0.0198437 0)
(-0.109141 0.0190033 1.02379e-19)
(-0.0765602 0.0198493 2.77336e-19)
(-0.0881716 0.0201355 0)
(-0.0518906 0.0169628 2.22413e-18)
(-0.0643082 0.0189108 -1.10583e-18)
(0.131283 0.00888909 1.06111e-18)
(-0.0401821 0.0143099 -2.28849e-18)
(0.482904 -1.98369 1.56982e-17)
(0.0255741 0.0131255 0)
(0.0252119 0.0111856 -7.12816e-19)
(0.0261712 0.0165614 1.75266e-18)
(0.0259527 0.0150039 -1.21657e-18)
(0.0260313 0.0183229 -1.39407e-19)
(0.0261774 0.0176985 -8.51386e-19)
(0.025253 0.0180149 -6.83545e-20)
(0.0257044 0.018402 -3.44604e-19)
(0.0239379 0.0162423 -5.95342e-20)
(0.0246827 0.0173046 1.36188e-19)
(0.0219963 0.012723 1.37282e-19)
(0.0230241 0.0147273 -1.7052e-20)
(0.0198282 0.00769145 -1.40375e-19)
(0.0208904 0.0102921 -2.07993e-19)
(0.0180186 0.00218956 1.43744e-19)
(0.0187958 0.00492245 0)
(0.0156589 -0.00412512 -1.24728e-18)
(0.0170961 -0.00109913 0)
(-1.35633 -8.56037 0)
(0.0115587 -0.0075606 2.29014e-23)
(-0.508817 -8.76919 -9.37894e-18)
(0.0163765 -0.0136346 1.72187e-18)
(0.0105024 -0.0134156 1.18706e-18)
(0.0274174 -0.0152378 0)
(0.0212573 -0.0145359 0)
(0.0441291 -0.0161313 -4.15362e-19)
(0.0348724 -0.0157723 6.2922e-19)
(0.0627763 -0.0165417 2.71774e-19)
(0.0540857 -0.0163936 -2.74356e-19)
(0.0675406 -0.0171627 5.35663e-19)
(0.0677508 -0.0166365 -2.02348e-19)
(0.0523714 -0.0199285 1.66858e-20)
(0.0622795 -0.0183603 -2.67539e-19)
(0.011424 -0.0233129 -2.67874e-19)
(0.0363642 -0.0216015 2.66517e-19)
(-0.073964 -0.0322295 5.15375e-19)
(-0.0248685 -0.026749 -5.27076e-19)
(-0.205779 -0.0567353 -9.9783e-20)
(-0.133435 -0.0416459 -6.6359e-20)
(-0.422424 -0.115293 -1.33803e-19)
(-0.295053 -0.0787897 -6.67363e-20)
(-0.870212 -0.298982 2.12679e-18)
(-0.602349 -0.174302 0)
(-1.65676 -0.988129 -3.89997e-18)
(-1.23566 -0.52471 2.07408e-18)
(-2.26683 -2.22825 6.48089e-18)
(-2.06072 -1.64461 1.86237e-21)
(-2.94708 -3.4581 0)
(2.12899 -1.55715 -8.64673e-18)
(2.55993 -2.43921 1.29155e-17)
(1.31436 -0.550662 0)
(1.71686 -0.931686 0)
(0.675484 -0.181347 0)
(0.962989 -0.314319 0)
(0.314767 -0.071171 2.63095e-19)
(0.458991 -0.110911 -5.2961e-19)
(0.149636 -0.0353582 0)
(0.217036 -0.0481958 -3.27887e-19)
(0.0487491 -0.0232288 1.04852e-18)
(0.0955364 -0.0278416 0)
(-0.0262908 -0.0195772 1.64366e-20)
(0.00735484 -0.0205757 -1.04938e-18)
(-0.0636005 -0.0190677 7.45009e-20)
(-0.049846 -0.0193124 3.30032e-20)
(-0.0680692 -0.017814 -4.66759e-19)
(-0.069014 -0.0185648 0)
(-0.0571495 -0.0166414 -1.10226e-18)
(-0.0635421 -0.017226 1.03932e-18)
(-0.0446595 -0.016041 0)
(-0.0506451 -0.0164254 5.77034e-19)
(-0.0345103 -0.0150157 1.658e-18)
(-0.039462 -0.0155463 1.37849e-19)
(-0.0231883 -0.0137315 2.26991e-18)
(-0.029111 -0.01394 -1.10717e-18)
(-0.0159726 -0.0130519 4.81575e-18)
(-0.188129 0.0187415 -1.34872e-19)
(0.00657266 -0.0141779 0)
(-0.0194326 -0.00442003 1.24255e-18)
(-0.0162788 -0.00721948 0)
(-0.0205706 0.000935741 -3.4562e-18)
(-0.0203093 -0.0018381 2.93651e-18)
(-0.0209536 0.0055976 1.12988e-18)
(-0.020705 0.00337465 1.12819e-18)
(-0.0216049 0.00926078 5.55425e-19)
(-0.0212568 0.00751902 -1.04857e-18)
(-0.0225682 0.012315 5.49202e-19)
(-0.0220114 0.0108387 -1.03457e-18)
(-0.0241721 0.0149149 -6.82771e-20)
(-0.0232999 0.0136954 1.02592e-19)
(-0.0260057 0.0165616 -1.03199e-19)
(-0.0251081 0.0159039 1.70968e-20)
(-0.0271419 0.0164998 0)
(-0.0267213 0.0167809 0)
(-0.0266338 0.0140911 -6.26256e-19)
(-0.0271368 0.0156519 7.2463e-19)
(4.24816 -71.1557 -4.04608e-18)
(-0.0254799 0.0115465 0)
(3.76624 -6.39771 9.8099e-18)
(-0.00806834 0.00386343 -5.13448e-18)
(-1.95733 -0.683011 1.67937e-20)
(1.96127 -0.688774 -1.73149e-20)
(-0.20347 0.0223072 -6.66188e-19)
(-1.17929 -42.7098 -2.14233e-17)
(-0.0106859 0.00383767 4.2589e-18)
(-0.0107723 0.0034406 -1.27551e-17)
(-0.00974509 0.00221276 2.38652e-18)
(-0.00995997 0.00212941 1.80661e-20)
(-0.00989661 0.00147554 -1.27671e-18)
(-0.00966655 0.000642343 5.57733e-19)
(-0.00934441 -0.000287329 5.50919e-19)
(-0.00892451 -0.00132162 1.36683e-19)
(-0.00843103 -0.00244 -1.19154e-19)
(-0.00792455 -0.00356961 0)
(-0.00742922 -0.00461824 2.38257e-19)
(-0.00698326 -0.00551033 -2.72976e-19)
(-0.00662523 -0.00618159 6.16747e-19)
(-0.00633564 -0.0066483 -5.50772e-19)
(-0.00609758 -0.00704201 -6.91845e-20)
(-0.00588732 -0.00741963 -1.11295e-18)
(-0.00564546 -0.00790332 1.12654e-18)
(-0.00546414 -0.00842079 0)
(-0.00499664 -0.00906591 1.38466e-19)
(-0.00406875 -0.00920938 -2.24105e-18)
(-0.00182868 -0.0105041 0)
(-0.00227738 -0.0111238 0)
(-0.199031 0.021699 1.33625e-19)
(3.49429 -70.4197 -3.81402e-18)
(0.00659769 -0.00886505 0)
(0.00953312 -0.0102486 -4.16169e-18)
(0.0127116 -0.00983724 -1.04342e-18)
(0.0180856 -0.00963523 1.0721e-18)
(0.0230768 -0.00919068 4.06646e-19)
(0.0275628 -0.00889078 -5.42752e-19)
(0.030849 -0.00871962 0)
(0.0334849 -0.00895434 5.29802e-19)
(0.0361817 -0.00945585 -5.04588e-19)
(0.0400008 -0.0101503 0)
(0.047133 -0.0106791 0)
(0.0593685 -0.0103764 -8.34967e-21)
(0.0794608 -0.00977114 0)
(0.108369 -0.00901762 -1.08219e-18)
(0.145822 -0.00855417 1.06398e-18)
(0.189393 -0.00925401 0)
(0.236835 -0.0115764 2.13301e-18)
(0.289479 -0.015013 -2.13759e-18)
(0.353012 -0.0205363 6.70639e-20)
(0.443728 -0.030599 0)
(0.575305 -0.0507182 -4.37684e-18)
(0.783384 -0.0958206 4.5038e-18)
(1.08581 -0.196976 -5.76424e-19)
(1.4865 -0.391208 0)
(2.02142 -0.725716 4.72281e-18)
(2.63779 -1.32662 4.7303e-18)
(3.53945 -2.31094 -4.67211e-18)
(3.92414 -3.72924 4.24421e-18)
(-3.65212 -5.35282 -7.65838e-18)
(-3.42969 -2.96469 0)
(-2.7248 -1.45549 4.23919e-18)
(-2.01589 -0.683011 4.43234e-18)
(-1.47522 -0.330317 2.24183e-18)
(-1.07514 -0.148758 -3.35599e-18)
(-0.780501 -0.0688528 1.08029e-18)
(-0.590403 -0.0395019 -9.4583e-19)
(-0.460058 -0.0261453 6.70419e-20)
(-0.368106 -0.0185233 -5.01102e-19)
(-0.293485 -0.013404 5.33838e-19)
(-0.230217 -0.00998555 -5.32944e-19)
(-0.176549 -0.00890754 2.6653e-19)
(-0.13475 -0.00946435 2.66816e-19)
(-0.104094 -0.00971358 -2.66894e-19)
(-0.0811482 -0.00953615 2.67286e-19)
(-0.0629181 -0.00922011 1.33869e-19)
(-0.0484909 -0.00897794 -1.34207e-19)
(-0.0388719 -0.00891804 2.694e-19)
(-0.0345343 -0.0088871 -2.41586e-23)
(-0.0339515 -0.00890746 -2.7244e-19)
(-0.0346888 -0.00889676 5.48269e-19)
(-0.0345672 -0.00897695 4.82973e-19)
(-0.0323222 -0.0092576 -1.10848e-18)
(-0.0281699 -0.00971279 0)
(-0.0225906 -0.0105022 0)
(-0.0175316 -0.0115384 -4.10654e-23)
(-0.0136259 -0.0133785 -2.60812e-18)
(-4.2298 -41.6259 1.04924e-19)
(-0.00175232 -0.0109439 0)
(0.000209092 -0.0106411 -4.00933e-23)
(0.00298833 -0.00895147 -2.26025e-18)
(0.00406452 -0.00842872 -1.10932e-18)
(0.00481939 -0.00729502 9.78256e-19)
(0.00532745 -0.00644234 0)
(0.00580615 -0.00542183 -2.77048e-19)
(0.00626694 -0.00444188 3.43544e-19)
(0.00675848 -0.00339344 0)
(0.00723494 -0.00255783 3.4004e-20)
(0.00766014 -0.00194279 8.49142e-21)
(0.00804716 -0.00144851 -1.35822e-19)
(0.00838799 -0.000923979 1.36106e-19)
(0.00866818 -0.000332394 3.42027e-19)
(0.00892494 0.000215289 -6.90582e-19)
(0.0091512 0.000604401 5.60198e-19)
(0.00932631 0.000852897 -1.14123e-18)
(0.00945812 0.00106254 3.52381e-18)
(0.00957057 0.00135567 -2.37525e-18)
(0.00935074 0.0016094 0)
(-0.633945 -2.57585 0)
(-0.0101053 0.00499256 2.3513e-18)
(-0.0125013 0.00759552 2.24284e-25)
(-0.0175819 0.00913367 2.07629e-18)
(-0.0230133 0.00997383 -1.05614e-24)
(-0.0281326 0.0101258 5.42747e-19)
(-0.0325983 0.010011 0)
(-0.0367466 0.00973562 1.36264e-19)
(-0.0404226 0.00925675 -1.69848e-19)
(-0.0435075 0.00858034 3.38759e-20)
(-0.0459847 0.00777394 -1.90136e-20)
(-0.0479124 0.0069016 1.89918e-20)
(-0.0493743 0.00597365 0)
(-0.0502365 0.00497679 0)
(-0.0503527 0.00391526 0)
(-0.0497454 0.00281152 0)
(-0.0486721 0.00169576 4.21189e-21)
(-0.0474149 0.00060109 0)
(-0.0461971 -0.00039862 8.42982e-21)
(-0.045099 -0.00128965 0)
(-0.0439637 -0.00214801 0)
(-0.0425692 -0.00302364 1.05587e-21)
(-0.0407073 -0.00388731 0)
(-0.0383279 -0.00469511 0)
(-0.0355631 -0.00538464 -1.43391e-19)
(-0.0324072 -0.00595104 -4.47922e-24)
(-0.0287474 -0.00643217 1.34789e-19)
(-0.0245374 -0.006849 0)
(-0.0198726 -0.00719149 0)
(-0.0149785 -0.00744917 8.42071e-21)
(-0.0100204 -0.00759024 1.68251e-20)
(-0.00511072 -0.00750758 0)
(-0.000359064 -0.00744929 0)
(0.00407723 -0.00740368 3.34841e-20)
(0.00810487 -0.00720677 -8.35798e-20)
(0.0117777 -0.00696401 3.33961e-20)
(0.015175 -0.00673381 0)
(0.0183561 -0.00649242 -1.04282e-21)
(0.0214727 -0.00618784 3.33744e-20)
(0.0246948 -0.00579519 -5.42522e-20)
(0.0280093 -0.00529922 2.08733e-20)
(0.0311046 -0.00467882 2.08802e-20)
(0.0337158 -0.00397375 -3.76009e-20)
(0.0358583 -0.00323716 5.01716e-20)
(0.0377128 -0.00249196 -3.34851e-20)
(0.0393533 -0.00171191 0)
(0.0406534 -0.000910472 0)
(0.0415704 -0.000129313 3.36602e-20)
(0.0422589 0.000636292 -3.37473e-20)
(0.0429331 0.00145276 -3.04552e-19)
(0.0437564 0.0023394 2.7153e-19)
(0.0445723 0.00328475 5.44604e-19)
(0.0451574 0.0041859 -1.09233e-18)
(0.0453323 0.00496126 5.47485e-19)
(0.0448666 0.00564635 3.43395e-20)
(0.0439535 0.00630679 3.44549e-20)
(0.0427079 0.00696019 6.91865e-20)
(0.0410625 0.0076308 -1.18192e-18)
(0.0387546 0.00826655 1.1189e-18)
(0.0357252 0.00879999 0)
(0.0322321 0.00916721 -3.53606e-20)
(0.0285849 0.00937696 0)
(0.025021 0.00949062 7.10895e-20)
(0.021178 0.00944023 0)
(0.0167382 0.00875613 -1.1027e-18)
(0.0130084 0.00721275 0)
(0.0104188 0.00560554 -9.57158e-18)
(0.00921983 0.00447683 5.01397e-18)
(0.00915287 0.00335038 -2.01307e-17)
(0.00916341 0.00256301 -1.96613e-17)
(0.00937917 0.00206917 -2.4391e-23)
(2.21921 -7.2395 -2.39031e-18)
(0.934103 -10.9883 2.50551e-18)
(0.245055 -11.5788 3.6036e-20)
(-0.267159 -14.9901 -4.7838e-18)
(-3.22631 -20.8392 -4.6528e-20)
(-8.07201 -27.7136 0)
(-14.5809 -41.1541 -4.44662e-18)
(-23.8272 -57.6605 -4.65244e-18)
(-30.5776 -58.2849 9.44317e-18)
(-30.8266 -51.2859 0)
(-27.7666 -44.8297 -1.72978e-17)
(-21.4722 -38.2818 4.12186e-18)
(-14.5317 -33.4524 -1.41686e-17)
(-7.71228 -34.3744 -4.19429e-18)
(-6.82166 -33.9827 4.19163e-18)
(-2.46301 -29.4077 -1.0683e-18)
(-1.51818 -29.966 1.09448e-18)
(-0.412525 -30.7901 0)
(-0.425619 -29.0913 0)
(-0.444251 -25.8083 -2.33973e-19)
(-0.600738 -22.1616 2.74268e-19)
(-0.773172 -18.5312 0)
(-0.911894 -15.1972 0)
(-1.03255 -12.1903 1.67715e-20)
(-1.13081 -9.47454 0)
(-1.19452 -7.09405 1.04721e-21)
(-1.22354 -5.10547 0)
(-1.23317 -3.44 0)
(-1.22705 -2.01794 0)
(-1.19549 -0.797957 0)
(-1.14681 0.265381 2.91985e-20)
(-1.09584 1.128 -6.71276e-20)
(-1.05688 1.84501 3.36948e-20)
(-1.02674 2.33327 -3.34534e-20)
(-1.00907 2.73481 3.36741e-20)
(-0.997936 2.9363 -3.34769e-20)
(-0.98758 3.08861 1.69352e-22)
(-0.979491 2.97672 6.74125e-20)
(-0.949651 2.84863 -3.36265e-20)
(-0.929377 2.38939 3.30018e-20)
(-0.90161 2.1307 -6.71191e-20)
(-0.884054 1.52829 4.98474e-20)
(-0.866115 1.40649 -3.35483e-20)
(-1.07067 0.733255 1.67936e-20)
(0.00778157 -0.208426 7.59992e-18)
(0.0412075 -0.120475 -2.78685e-18)
(5.34141 -69.5651 1.49169e-17)
(0.150427 -8.08685 -9.03398e-21)
(0.0255125 -0.00622283 0)
(1.10716 -58.2967 0)
(1.95466 -66.6103 -2.94582e-20)
(1.47203 0.492275 -2.0962e-21)
(1.37138 0.544689 2.09546e-21)
(1.24975 0.238363 0)
(1.01849 0.0624556 -8.37003e-21)
(0.834514 0.00276355 0)
(0.613937 0.718816 0)
(0.418355 0.698324 0)
(0.226841 0.678738 0)
(0.0790651 0.673099 -5.30536e-22)
(-0.0678163 0.673308 -2.08188e-21)
(-0.214728 0.677913 5.22573e-21)
(-0.406067 0.697907 1.55094e-25)
(-0.602814 0.717206 -2.09161e-21)
(-0.823551 0.00198138 -4.18515e-21)
(-1.00772 0.0625915 4.18723e-21)
(-1.24008 0.237916 4.18723e-21)
(-1.36321 0.545177 -4.19339e-21)
(-1.46741 0.494246 0)
(-0.8701 0.179641 0)
(-0.200186 -2.47389 1.03249e-17)
(-1.11485 -10.1343 -9.24159e-21)
(0.741848 -12.4306 1.04327e-18)
(0.743496 -15.3524 1.30071e-19)
(3.9939 -21.6506 -2.11425e-18)
(8.01276 -29.0155 -8.61952e-18)
(14.7736 -43.0028 -1.79591e-17)
(23.8857 -58.483 4.69287e-18)
(30.7721 -59.3704 -1.27637e-17)
(30.3839 -51.1288 0)
(28.0405 -43.1886 -4.72022e-18)
(22.4872 -37.1457 -4.6951e-18)
(15.6023 -32.702 0)
(9.79192 -30.7402 4.55534e-18)
(5.68088 -29.6214 0)
(2.45007 -28.4596 -1.14002e-18)
(0.968361 -28.9412 -8.44626e-19)
(0.632837 -29.9509 1.18002e-18)
(0.600373 -28.109 5.62506e-19)
(0.640714 -25.0372 -7.1129e-19)
(0.710384 -21.5552 -2.74316e-19)
(0.807199 -18.0663 2.78069e-19)
(0.9327 -14.8453 1.35562e-19)
(1.05481 -11.9344 -8.51748e-20)
(1.15501 -9.29519 5.49438e-20)
(1.21202 -6.96527 -4.24181e-21)
(1.2336 -5.02513 0)
(1.2389 -3.39571 -4.17864e-20)
(1.23032 -1.99553 3.37635e-20)
(1.19846 -0.789124 0)
(1.14933 0.26632 0)
(1.09824 1.12504 0)
(1.0582 1.84183 -5.24461e-22)
(1.02762 2.32919 5.24459e-22)
(1.00987 2.73051 -5.24469e-22)
(0.998626 2.92992 3.34764e-20)
(0.988511 3.07967 -6.71373e-20)
(0.980892 2.96535 3.36465e-20)
(0.951064 2.83519 -3.35082e-20)
(0.930824 2.37598 3.33589e-20)
(0.903504 2.1179 3.35203e-20)
(0.885884 1.51754 -3.46493e-20)
(0.868017 1.39855 5.24314e-22)
(1.07195 0.727061 0)
(0.871537 0.177134 0)
(0.323527 -6.50082 -4.95749e-18)
(-0.514231 -5.23976 7.45056e-18)
(-0.0309704 -0.107936 1.89125e-18)
(-0.0114173 -0.214546 3.81846e-18)
(1.91746 -68.1075 2.9056e-18)
(-0.140139 -9.1643 7.76998e-18)
(0.147715 -6.00257 -4.16543e-18)
(0.476087 -73.1894 8.28568e-18)
(0.00217422 -0.0119509 0)
(0.0034419 -0.192842 -7.64974e-18)
(0.253169 -1.37554 -5.25214e-18)
(-2.49326 -7.64961 3.17937e-20)
(0.0412037 0.0132231 4.63306e-18)
(0.0149077 -0.182846 0)
(-0.0211798 0.00819471 1.87105e-17)
(0.00695137 -0.00908199 2.24197e-17)
(-1.54596 -5.02893 0)
(-14.9578 -51.3169 -2.39929e-17)
(-0.0048944 0.00313017 2.39998e-17)
(0.0497731 0.0195582 1.16273e-17)
(-2.75948 -9.5003 -3.4015e-17)
(-0.00972453 -0.00929913 -1.02635e-17)
(-0.302911 -0.894416 0)
(-0.273407 -0.830935 1.37359e-17)
(-0.11263 -67.5895 0)
(0.119782 -0.00500977 -9.90592e-18)
(-1.42203 -2.01107 -1.72644e-17)
(-0.554217 -1.05525 2.37951e-17)
(-0.555684 -70.3934 2.37201e-17)
(-0.0913091 -0.295068 -1.02298e-17)
(0.0362911 0.0142632 -2.73883e-17)
(-0.00315419 -0.242913 -5.84034e-18)
(0.0281529 -0.217388 0)
(0.00723919 -0.172216 -1.13319e-17)
(1.15096 -68.3998 1.1033e-19)
(-0.00541795 -0.00991834 0)
(-0.191468 0.0186126 0)
(0.134724 -0.022492 0)
(-0.216319 -59.9047 0)
(-0.119205 0.0237557 -1.13449e-17)
(0.799313 -1.84157 0)
(9.4096 -65.2092 7.05207e-18)
(-2.26168 -64.92 -1.0008e-17)
(0.399781 -0.974946 -1.72903e-17)
(-0.00844127 -0.00916261 2.42543e-17)
(3.74729 -68.0006 0)
(0.170729 0.00864112 1.10913e-17)
(-0.0658353 -0.0934404 -1.17765e-17)
(-0.0120023 -0.00904368 0)
(1.22569 -6.23445 -2.87738e-17)
(0.0053732 -0.0101924 9.75859e-18)
(-1.10929 -10.2237 2.87403e-17)
(-0.00424876 -0.0419599 1.54008e-17)
(13.8822 -64.0134 0)
(-3.37471 -29.8976 1.946e-17)
(-10.2652 -53.9347 -1.8607e-17)
(0.988312 -5.22821 1.80911e-21)
(0.0647822 0.0212895 0)
(-2.07643 -27.7654 1.13451e-17)
(-3.36107 -63.2382 1.18992e-17)
(-0.250628 -1.37714 -7.11669e-21)
(-1.25343 -68.9483 -2.48198e-17)
(0.184727 -0.63555 -4.16629e-18)
(-0.0616554 -0.013062 0)
(-0.0228221 0.00992438 3.5707e-17)
(-0.106234 -0.00598447 1.09305e-17)
(0.139761 0.028111 -2.17062e-17)
(0.0181006 -0.223849 -5.6651e-18)
(0.115139 0.00357008 1.3045e-17)
(0.194818 0.0238275 2.33681e-17)
(-0.146029 0.0051844 0)
)
;

boundaryField
{
    wall
    {
        type            noSlip;
    }
    outlet
    {
        type            zeroGradient;
    }
    frontAndBackPlanes
    {
        type            empty;
    }
}


// ************************************************************************* //
