/*--------------------------------*- C++ -*----------------------------------*\
| =========                 |                                                 |
| \\      /  F ield         | OpenFOAM: The Open Source CFD Toolbox           |
|  \\    /   O peration     | Version:  2212                                  |
|   \\  /    A nd           | Website:  www.openfoam.com                      |
|    \\/     M anipulation  |                                                 |
\*---------------------------------------------------------------------------*/
FoamFile
{
    version     2.0;
    format      ascii;
    arch        "LSB;label=32;scalar=64";
    class       volVectorField;
    location    "0.0435";
    object      U;
}
// * * * * * * * * * * * * * * * * * * * * * * * * * * * * * * * * * * * * * //

dimensions      [0 1 -1 0 0 0 0];

internalField   nonuniform List<vector> 
2308
(
(-133.133 574.828 -4.33335e-16)
(54.8789 133.052 0)
(4.60382 382.223 3.37842e-17)
(98.0792 589.522 -1.41836e-16)
(9.67512 640.777 0)
(64.9132 660.987 -4.4085e-18)
(-65.8191 668.934 1.43709e-18)
(-64.2707 650.116 -2.08864e-16)
(-7.28686 632.61 3.75937e-16)
(6.8393 732.439 -4.54806e-17)
(9.34936 732.658 7.85909e-17)
(12.3251 730.95 -1.19053e-16)
(13.642 728.089 5.97088e-17)
(13.9428 724.091 -2.93447e-17)
(14.4095 719.711 5.11619e-18)
(14.5809 714.912 4.35357e-17)
(14.4585 709.71 7.52224e-18)
(-6.74504 704.704 1.32768e-17)
(-6.37178 710.015 1.78404e-17)
(-5.7781 715.203 1.31638e-18)
(-5.12057 720.115 9.64733e-18)
(-3.9989 724.789 -2.9471e-17)
(-3.47123 728.83 3.67363e-17)
(-0.977568 732.42 -1.75818e-17)
(-0.700633 733.412 -7.19253e-17)
(-0.531039 733.048 -3.39975e-17)
(2.58305 731.399 1.72274e-17)
(1.91937 729.773 -1.95869e-17)
(-39.0603 668.225 0)
(13.5406 704.268 -1.21937e-16)
(1.62321 726.318 1.07673e-18)
(1.37138 719.295 2.79204e-19)
(2.15636 707.518 -4.97835e-18)
(5.27021 683.117 4.32811e-18)
(9.21998 649.206 -5.63946e-18)
(8.70011 600.247 4.33975e-18)
(6.92461 544.012 -2.77776e-18)
(3.40565 525.353 2.33737e-18)
(-0.898337 527.981 -2.52166e-18)
(-3.3587 529.874 1.29388e-18)
(-3.10123 531.223 2.47012e-18)
(-2.85389 530.601 3.63475e-18)
(-2.72954 528.555 -7.57478e-18)
(-2.51346 523.976 5.18001e-18)
(-1.92211 515.043 2.68275e-18)
(-19.6495 512.45 -2.57751e-18)
(-4.91381 519.494 2.62212e-18)
(5.17386 522.99 -3.88281e-18)
(18.2998 523.926 -3.94349e-18)
(23.0348 524.404 6.09086e-18)
(13.5781 527.746 -1.29297e-18)
(-13.6255 542.812 2.37338e-18)
(-41.6294 568.15 2.33498e-19)
(-84.0011 588.486 -3.74877e-18)
(-101.885 602.877 -1.06694e-18)
(-98.0663 627.57 2.58009e-18)
(-74.5314 663.833 0)
(-42.6606 696.649 -3.59242e-19)
(-21.91 710.855 -8.94469e-18)
(-9.53565 721.345 -3.08411e-17)
(-2.04239 725.255 3.68731e-17)
(3.18815 727.829 3.30606e-17)
(8.58643 728.445 4.25242e-17)
(15.0481 729.401 -1.55656e-18)
(21.0162 728.801 4.80221e-17)
(25.3795 727.478 -8.85919e-17)
(28.521 725.268 -2.04215e-17)
(31.1981 721.899 0)
(33.084 717.869 0)
(34.4878 713.237 0)
(35.154 708.173 0)
(-3.37464 498.182 -1.22297e-18)
(-24.0799 497.64 1.31059e-18)
(-27.3488 708.545 -6.08503e-17)
(-26.2915 714.095 -1.24276e-18)
(-24.6572 719.276 4.84733e-18)
(-22.3841 723.911 0)
(-19.8708 728.035 -9.31537e-18)
(-16.0613 730.726 -8.81965e-18)
(-11.5267 731.078 4.6138e-18)
(-6.92109 730.449 1.79886e-17)
(-0.898908 729.139 0)
(4.56983 726.421 -7.15853e-19)
(13.4093 721.724 3.47869e-20)
(26.2178 710.797 -4.72238e-18)
(52.4125 691.66 7.07774e-18)
(86.1598 656.945 8.37881e-19)
(109.32 627.28 -3.72097e-18)
(109.784 604.781 0)
(90.9734 592.272 -5.71987e-19)
(47.2965 574.279 3.81286e-18)
(15.3551 549.592 -5.07332e-18)
(-13.0428 528.339 -2.18959e-19)
(-28.1576 522.744 4.67827e-18)
(-23.7839 522.392 0)
(-10.6532 521.417 5.15783e-18)
(-0.537411 517.697 7.39281e-20)
(14.2687 511.087 -2.57537e-18)
(-10.2006 699.429 -5.4332e-17)
(18.1075 496.776 -2.60802e-18)
(11.0845 698.705 5.42478e-17)
(34.4338 702.673 -4.57119e-19)
(-33.807 487.194 -2.61415e-18)
(-12.9586 499.436 3.36061e-18)
(12.7262 504.298 0)
(22.6964 505.743 -9.46943e-19)
(14.1018 514.983 2.44564e-18)
(-14.8577 542.91 2.14513e-18)
(-42.7901 574.272 -2.72816e-18)
(-82.191 591.317 0)
(-104.724 603.022 -6.68576e-19)
(-122.239 611.246 1.28208e-18)
(-130.631 617.504 -7.21075e-20)
(-135.089 624.706 -1.20917e-18)
(-127.423 636.174 0)
(-101.742 653.298 1.41544e-18)
(-64.6272 684.786 -7.69458e-18)
(-33.0106 705.934 -4.48309e-18)
(-17.1807 714.949 1.82135e-17)
(-4.3174 719.785 6.43668e-17)
(4.99063 721.002 4.99713e-18)
(15.7795 721.787 4.64869e-17)
(25.5095 722.251 -2.19109e-17)
(34.343 721.613 0)
(41.4256 720.116 0)
(47.0611 717.769 0)
(51.2078 714.09 7.31156e-17)
(54.4357 709.649 -8.24984e-17)
(56.5596 704.739 8.75792e-17)
(-89.1454 643.14 -1.59652e-16)
(96.8109 662.157 0)
(63.5474 670.729 0)
(77.6825 666.087 0)
(-51.0583 698.969 1.25328e-16)
(-48.7525 705.818 3.43575e-17)
(-46.1614 711.97 -1.41453e-19)
(-43.0988 717.275 -5.80382e-19)
(-39.0534 721.602 5.93888e-19)
(-33.9578 724.716 4.56456e-18)
(-26.5479 725.663 -8.95655e-18)
(-18.5969 725.319 8.62622e-20)
(-9.20806 723.787 0)
(1.60985 721.792 2.11591e-17)
(16.7836 715.034 1.2804e-17)
(38.4458 704.925 -2.83627e-18)
(74.871 679.019 2.12171e-18)
(111.433 648.319 0)
(132.726 634.313 0)
(139.399 625.272 -2.8718e-19)
(134.707 618.96 0)
(126.718 613.221 1.80396e-18)
(109.823 606.643 -7.31958e-20)
(89.3176 595.868 -1.18526e-18)
(51.1721 580.264 0)
(18.3244 548.615 -1.90849e-18)
(-11.5982 515.095 1.86095e-18)
(-26.7605 504.094 -3.00736e-18)
(-19.317 502.677 0)
(3.56312 499.344 -5.58323e-18)
(25.4921 488.589 1.36242e-18)
(45.1368 469.952 1.21325e-19)
(29.1302 468.141 0)
(-1.28687 464.401 -6.65223e-19)
(-36.0144 469.054 -2.42459e-18)
(-44.1265 645.821 1.75201e-16)
(-54.3358 468.285 1.65041e-19)
(-111.982 635.759 -5.18963e-16)
(-152.041 631.151 -1.21935e-16)
(31.6269 696.803 0)
(-64.9852 623.01 1.74236e-16)
(-12.1612 647.885 -3.56266e-16)
(-12.2581 693.107 2.09139e-17)
(57.3352 699.321 -1.31073e-16)
(49.1554 430.236 -1.27732e-18)
(16.9737 414.766 -1.46845e-18)
(-5.36806 402.158 -1.67726e-19)
(-27.0095 415.822 2.50692e-18)
(-53.8094 431.584 1.72652e-19)
(-51.6175 436.451 0)
(-42.9223 452.489 1.40726e-18)
(-16.0863 458.104 2.62711e-18)
(3.13278 463.304 -7.54244e-19)
(8.32805 479.105 -2.81347e-18)
(-22.1391 529.785 -2.76019e-18)
(-48.9249 569.435 4.10253e-18)
(-88.7165 585.022 9.8736e-19)
(-105.231 602.042 -2.47912e-18)
(-121.562 609.029 1.83738e-18)
(-129.5 615.98 -5.35258e-19)
(-136.353 619.945 0)
(-139.947 623.431 0)
(-142.165 626.002 0)
(-139.439 629.831 2.34606e-18)
(-130.858 633.977 -1.30502e-18)
(-112.916 644.625 -8.06442e-19)
(-79.8389 670.578 -1.06673e-17)
(-45.856 694.238 0)
(-19.7703 703.032 -9.56239e-18)
(-2.28066 708.943 1.00141e-17)
(13.278 710.688 2.13853e-17)
(26.5304 711.9 9.98594e-18)
(38.6693 711.981 4.13504e-17)
(49.1415 712.008 -4.09607e-17)
(58.581 711.156 0)
(66.2474 708.65 1.00248e-17)
(71.5159 704.663 -2.08772e-17)
(75.5134 700.136 -4.23561e-17)
(-59.5679 684.571 1.94421e-17)
(-60.1198 548.256 0)
(27.3763 647.868 -7.26705e-19)
(-98.5638 651.098 2.30309e-16)
(-96.6006 659.853 -4.78057e-17)
(-91.7378 667.786 5.40804e-17)
(-87.5102 675.299 -9.46124e-18)
(-82.8435 682.527 2.06662e-17)
(-79.0423 689.649 -9.16456e-18)
(-73.9643 696.368 0)
(-70.0885 702.739 -9.16425e-18)
(-65.4527 708.489 -9.22124e-18)
(-60.1445 713.33 0)
(-52.477 716.444 0)
(-43.4194 717.33 5.77867e-19)
(-32.1101 717.184 -5.35979e-18)
(-20.3996 715.53 0)
(-3.88723 712.047 0)
(14.9907 704.432 -5.04554e-18)
(48.1132 689.833 -4.68298e-18)
(85.8479 662.436 9.07657e-18)
(117.923 641.366 2.1919e-18)
(133.366 633.168 6.06619e-19)
(140.642 629.889 2.38072e-18)
(143.17 626.987 -2.63236e-18)
(141.367 624.541 0)
(138.083 622.018 -1.20542e-18)
(131.623 619.543 0)
(124.622 612.424 0)
(110.292 606.403 0)
(94.5733 589.804 -5.14573e-18)
(53.4942 575.351 0)
(24.0897 537.716 -2.74572e-18)
(-10.4738 488.261 4.7075e-19)
(-12.1261 462.53 9.29917e-18)
(5.4751 460.169 0)
(32.7395 451.104 -5.66827e-18)
(51.4303 434.406 8.61409e-20)
(-34.0303 306.567 0)
(-88.0866 629.811 2.88247e-16)
(149.63 548.888 4.91831e-16)
(48.2383 533.229 0)
(-34.8939 449.92 -1.41301e-16)
(-128.178 628.215 5.88041e-16)
(55.7976 693.488 -3.85426e-18)
(-36.2996 685.045 4.30266e-17)
(-35.6445 425.518 -1.67324e-19)
(-26.5569 427.082 -1.28017e-18)
(-16.9921 428.688 1.19005e-18)
(-34.5948 473.07 0)
(-75.2904 533.791 0)
(-106.896 562.15 1.54632e-19)
(-114.535 584.54 -6.76025e-19)
(-124.621 598.722 -2.23182e-18)
(-129.063 610.555 1.61908e-19)
(-133.647 615.718 -3.09401e-19)
(-136.122 620.263 -3.65814e-19)
(-138.146 623.426 1.6359e-18)
(-138.333 626.308 1.42963e-19)
(-137.889 627.645 -1.21474e-18)
(-136.015 628.375 0)
(-132.907 629.466 4.76834e-18)
(-126.085 631.789 -2.99953e-19)
(-113.203 638.064 2.31042e-17)
(-84.2693 651.586 -2.0821e-17)
(-51.165 673.953 0)
(-18.9087 688.627 1.96197e-17)
(4.82075 695.485 -5.98895e-17)
(24.0292 699.599 3.14161e-17)
(38.7715 700.946 4.0621e-17)
(52.3453 701.373 -1.15363e-19)
(64.3847 700.985 -4.03051e-17)
(75.6231 700.388 4.06128e-17)
(84.7184 697.926 4.09132e-17)
(91.3045 693.993 -4.02124e-17)
(77.6376 695.199 -8.49538e-17)
(-38.9886 616.096 1.0735e-18)
(-192.779 621.822 -5.09807e-18)
(-122.549 649.731 -3.94539e-17)
(-118.899 657.932 -5.21277e-18)
(-113.945 665.264 -1.54838e-17)
(-108.869 672.452 -5.08846e-18)
(-103.807 679.565 0)
(-98.8671 686.352 9.53181e-18)
(-93.4032 692.756 -4.75108e-18)
(-87.6044 698.207 -4.58943e-18)
(-80.6006 703.135 2.43046e-18)
(-71.3307 706.01 2.35888e-18)
(-59.6654 706.942 4.86415e-18)
(-46.6849 706.483 0)
(-30.5843 705.117 4.46302e-18)
(-10.8704 699.228 -5.00188e-18)
(18.0495 691.023 -7.15514e-20)
(55.6466 669.657 -1.40725e-17)
(91.0657 645.156 1.23338e-18)
(115.471 635.294 -5.48671e-18)
(126.801 630.866 0)
(133.156 628.995 -1.93752e-18)
(135.634 628.757 1.51463e-19)
(137.285 628.468 2.71639e-18)
(137.493 627.838 0)
(137.697 626.084 0)
(136.571 623.565 -7.52874e-20)
(135.142 618.74 -2.30463e-18)
(131.146 614.4 2.41157e-18)
(127.707 603.706 3.17555e-18)
(116.776 592.872 -5.9616e-19)
(110.525 568.129 2.06064e-18)
(78.5675 548.682 -8.33811e-19)
(40.6366 491.293 -6.35268e-18)
(9.69542 424.728 4.34364e-18)
(18.2094 422.51 1.15904e-17)
(31.8878 421.085 5.3008e-18)
(31.6361 422.729 0)
(41.6331 420.125 -2.88915e-18)
(30.4646 399.359 -1.37543e-19)
(7.47891 379.351 2.9924e-18)
(-1.5361 379.735 9.97788e-19)
(-13.2 385.366 -1.4007e-18)
(-33.439 407.91 2.66956e-18)
(-42.128 426.56 -2.8037e-18)
(-33.5501 426.764 -1.30249e-18)
(111.86 535.407 -1.69053e-16)
(2.73987 398.786 -4.90082e-17)
(-171.371 147.883 -8.39346e-17)
(-106.914 621.634 -2.75872e-16)
(-114.095 579.358 -1.55222e-16)
(99.7615 405.128 5.0397e-17)
(95.7556 689.887 0)
(77.8576 689.815 1.68003e-16)
(-53.9485 608.092 4.30352e-16)
(-88.1221 612.506 1.73363e-16)
(-68.5027 566.631 -1.92408e-16)
(8.61832 654.249 3.61412e-16)
(-147.535 646.466 0)
(-142.112 654.075 5.11088e-18)
(-136.08 661.515 -1.23091e-18)
(-129.739 668.618 -2.3404e-17)
(-123.437 675.371 4.9351e-18)
(-116.539 681.621 0)
(-109.312 687.192 -1.58928e-19)
(-99.9675 691.31 -1.21588e-18)
(-88.763 693.771 0)
(-75.0393 694.456 -2.35652e-18)
(-58.8564 694.134 -2.16969e-18)
(-39.0291 690.808 0)
(-12.4359 684.513 6.11724e-19)
(24.3601 669.52 -1.65006e-18)
(61.0549 647.183 6.33231e-19)
(91.5066 633.945 8.82539e-18)
(107.117 629.193 0)
(116.622 627.757 1.24062e-18)
(122.048 627.275 -6.1814e-19)
(124.249 627.638 1.49611e-19)
(126.178 628.123 4.60391e-19)
(128.192 627.798 -2.73567e-18)
(130.984 626.774 0)
(133.37 625.386 6.15256e-19)
(136.626 623.208 1.21975e-18)
(138.103 619.7 1.21585e-18)
(140.385 613.942 1.26848e-20)
(141.323 605.076 -6.33378e-19)
(142.697 591.143 -1.87458e-18)
(141.652 574.077 -1.30305e-18)
(138.166 556.249 -1.28159e-18)
(123.986 527.136 0)
(78.6151 471.44 -6.32779e-18)
(32.5105 400.795 -5.54402e-18)
(28.5282 396.379 -4.08149e-18)
(21.5321 398.755 -7.28192e-18)
(13.398 410.368 3.44754e-18)
(27.4343 427.126 -2.60409e-18)
(27.4379 417.804 0)
(12.8088 397.026 1.37292e-18)
(0.158576 381.422 1.40539e-18)
(-0.274048 381.669 -2.66274e-18)
(-2.71777 387.359 2.73621e-18)
(-14.184 404.923 -4.01827e-20)
(-26.4698 423.668 -1.3706e-18)
(-26.9146 430.105 3.95127e-18)
(-13.4726 417.377 -4.16824e-18)
(-24.4595 403.646 7.61969e-19)
(-35.4256 399.122 -5.17332e-19)
(-42.538 399.653 9.44975e-19)
(-64.608 451.624 -3.506e-18)
(-116.373 512.404 1.40193e-18)
(-135.384 546.083 0)
(-140.858 566.082 1.53314e-19)
(-141.388 582.094 2.19251e-18)
(-140.266 598.752 -3.2188e-19)
(-139.184 609.063 7.68278e-19)
(-137.299 616.053 -2.86205e-21)
(-136.159 619.894 3.11918e-19)
(-134.009 622.662 -1.51725e-19)
(-131.661 624.152 1.06862e-18)
(-129.227 625.468 -3.66065e-18)
(-126.86 626.147 -3.71122e-21)
(-124.692 626.469 2.4453e-18)
(-121.441 626.82 -2.50782e-18)
(-114.991 627.724 -1.95565e-17)
(-103.847 630.629 1.92009e-17)
(-84.963 637.679 0)
(-54.2357 653.533 -4.17085e-17)
(-21.4449 670.966 2.93651e-17)
(10.0004 681.477 -3.0409e-17)
(31.4296 686.672 0)
(50.0751 688.865 0)
(64.7006 689.403 0)
(78.3362 688.842 -5.21251e-18)
(90.8692 687.782 -1.43867e-18)
(101.304 685.77 8.01466e-17)
(-21.0774 607.699 -1.86829e-16)
(97.9455 685.27 8.55059e-17)
(75.0979 684.037 -7.73357e-17)
(-63.6845 676.938 1.02136e-17)
(-72.784 601.948 2.12451e-16)
(-106.396 605.714 1.7713e-16)
(-128.412 613.65 3.5472e-18)
(-146.973 620.394 -1.75995e-16)
(-204.362 612.393 -1.20467e-16)
(-150.972 638.817 -1.24028e-16)
(-170.224 634.467 4.25675e-17)
(-165.755 641.316 -1.12416e-17)
(-159.614 648.837 -2.03955e-17)
(-152.711 656.202 0)
(-145.124 663.186 1.94283e-17)
(-136.98 669.133 0)
(-127.774 674.665 0)
(-116.327 677.953 4.63707e-18)
(-102.983 679.107 1.1455e-18)
(-86.5282 679.786 0)
(-67.0244 678.297 2.4152e-18)
(-40.7024 673.876 1.00412e-19)
(-6.55616 663.847 4.20383e-19)
(30.3316 644.829 2.7093e-18)
(62.589 629.877 2.07605e-18)
(83.2998 625.046 -2.85197e-18)
(95.4195 623.922 -4.85496e-18)
(102.784 623.471 1.54051e-19)
(107.075 623.736 -8.85651e-19)
(110.18 625.006 3.01451e-19)
(112.571 626.335 1.22638e-18)
(116.054 625.798 -9.15334e-19)
(120.049 624.413 1.20672e-18)
(124.406 622.547 -2.20436e-20)
(128.984 620.306 -3.05048e-18)
(133.889 617.109 1.22382e-18)
(138.948 612.827 1.25264e-18)
(144.287 606.445 -1.80664e-18)
(148.754 597.27 2.52097e-18)
(154.357 581.883 2.49961e-18)
(157.006 562.762 0)
(159.185 545.091 7.65191e-18)
(152.696 526.039 1.16936e-18)
(138.334 484.273 1.22156e-18)
(82.9132 421.658 0)
(53.1474 369.61 0)
(22.9365 372.565 4.53737e-18)
(-7.86015 384.441 -7.86369e-20)
(-24.174 409.382 -7.71427e-19)
(-0.81332 433.361 6.60079e-19)
(14.1765 434.401 0)
(9.26758 419.266 0)
(-1.03184 399.717 -7.0296e-19)
(-4.53715 386.579 2.07611e-18)
(1.06371 387.513 0)
(5.12647 391.674 -1.39763e-18)
(1.79024 407.024 -1.38538e-18)
(-7.69409 424.42 2.74647e-18)
(-10.6607 436.126 -1.38505e-18)
(3.37571 435.19 4.10611e-18)
(23.1782 413.545 4.52783e-19)
(7.74874 391.033 6.79024e-19)
(-18.2238 379.882 1.47041e-18)
(-47.3498 377.871 0)
(-77.9086 396.239 -5.45988e-19)
(-129.387 464.099 -1.51995e-19)
(-146.499 513.479 7.12537e-19)
(-157.035 535.256 -2.04297e-19)
(-155.237 553.178 -3.60923e-19)
(-154.242 571.153 -2.5617e-18)
(-148.785 589.28 6.13792e-19)
(-144.013 600.633 -1.55606e-18)
(-138.569 608.287 7.81275e-19)
(-133.786 613.066 -3.04135e-19)
(-128.971 616.743 0)
(-124.651 619.243 0)
(-120.498 621.381 0)
(-116.747 622.978 -1.25198e-18)
(-113.302 623.553 0)
(-110.467 622.668 -2.55657e-20)
(-106.53 622.447 9.81788e-18)
(-101.069 623.08 -4.88529e-18)
(-92.1352 623.991 1.00839e-17)
(-78.0765 626.639 2.86224e-17)
(-54.7085 634.689 -1.31592e-18)
(-22.9523 650.476 -1.13316e-17)
(9.22359 664.449 -1.97783e-17)
(37.7553 671.89 3.99296e-17)
(58.5997 675.406 -2.00728e-17)
(76.1888 676.146 -4.77995e-19)
(90.9048 675.437 8.57692e-18)
(104.648 674.155 -1.79218e-18)
(109.405 682.554 -1.21636e-16)
(-35.2842 599.001 -1.92758e-16)
(-2.33458 598.721 3.84884e-16)
(143.673 160.708 0)
(114.484 678.828 -8.39501e-17)
(-181.076 620.028 3.15801e-16)
(-171.209 612.628 -1.71461e-16)
(-148.657 607.283 -3.36701e-16)
(72.9113 677.958 -2.57136e-17)
(-72.2515 660.624 -2.50781e-17)
(-40.5241 676.895 -1.01985e-17)
(97.6701 680.454 2.15872e-18)
(-88.0855 595.542 -2.04999e-16)
(-127.299 598.171 1.6569e-16)
(-40.2223 432.332 -7.08503e-19)
(-21.7512 447.988 -6.97452e-19)
(-9.72171 442.366 0)
(-10.5892 421.915 -7.05968e-19)
(-14.8655 404.946 6.69722e-19)
(-8.22061 398.535 -7.089e-19)
(2.35951 400.102 7.19652e-19)
(11.4937 402.4 1.36201e-18)
(17.1885 410.414 -1.40028e-18)
(12.4579 426.284 2.60788e-18)
(13.4816 442.988 -4.21333e-18)
(25.5735 446.55 0)
(40.4523 432.392 -7.68895e-20)
(54.7131 401.789 0)
(38.3475 378.055 -4.26451e-18)
(12.9459 361.096 1.3458e-18)
(-25.9246 358.243 0)
(-66.723 361.009 0)
(-111.384 396.102 3.79611e-19)
(-149.443 448.634 -4.40772e-20)
(-156.335 491.237 0)
(-161.115 511.536 -1.65017e-19)
(-159.88 532.468 1.64051e-19)
(-158.103 550.493 6.33959e-19)
(-150.485 569.338 3.25372e-19)
(-142.762 583.283 6.23231e-19)
(-135.726 593.578 -3.50439e-21)
(-129.683 600.291 -1.24937e-18)
(-123.634 605.644 3.20501e-19)
(-118.09 609.51 1.24322e-18)
(-112.535 612.817 3.03208e-19)
(-107.283 615.428 -6.549e-19)
(-102.068 617.652 1.24584e-18)
(-97.8989 618.26 -3.68903e-18)
(-94.641 617.22 -5.02096e-18)
(-90.4828 616.174 2.63446e-18)
(-85.277 616.055 -5.16238e-18)
(-78.3321 616.657 0)
(-68.0787 617.44 -1.54288e-17)
(-52.4302 620.21 3.073e-17)
(-27.3726 629.854 0)
(3.68905 644.339 0)
(36.3933 654.712 0)
(65.2518 659.524 7.38603e-18)
(86.7027 661.28 -1.08067e-18)
(104.599 660.952 -1.56608e-18)
(116.29 672.747 -8.02972e-17)
(45.48 641.102 -1.85489e-16)
(-50.0402 591.244 1.00396e-17)
(77.0681 530.106 1.74391e-16)
(-1.86668 421.274 0)
(-182.947 634.107 -9.54469e-18)
(-174.376 642.013 0)
(-165.025 648.658 0)
(-154.161 654.079 4.79228e-18)
(-141.222 658.332 -9.94683e-18)
(-127.071 661.137 0)
(-109.881 663.229 5.15546e-18)
(-90.532 663.055 0)
(-64.8461 660.457 -1.36429e-18)
(-32.1669 652.385 1.15845e-18)
(3.29188 637.181 -6.32627e-18)
(34.8856 623.588 1.7574e-19)
(58.2088 618.467 -2.27012e-18)
(71.5516 617.907 4.92448e-18)
(80.1473 617.574 3.65641e-18)
(86.0454 617.842 -3.77923e-18)
(90.5158 619.293 0)
(94.1545 621.207 -9.31152e-21)
(97.5373 622.074 -1.87273e-18)
(102.078 621.411 0)
(107.466 619.35 0)
(112.885 617.009 6.30984e-19)
(118.519 614.045 1.84558e-18)
(124.15 610.516 -1.24063e-18)
(130.005 605.796 1.23518e-18)
(136.023 599.774 -2.48381e-18)
(142.187 591.535 -6.11887e-19)
(149.371 578.988 -5.03101e-18)
(157.819 561.46 2.47767e-18)
(162.638 541.86 0)
(163.762 523.41 -5.18854e-18)
(161.806 501.182 -2.6389e-18)
(155.112 473.385 0)
(133.435 416.918 2.18968e-18)
(80.1809 360.276 -2.67495e-19)
(34.1926 356.876 4.4333e-18)
(-9.52219 358.46 4.04232e-18)
(-39.5434 374.684 0)
(-56.7017 401.484 -1.33495e-18)
(15.7946 590.014 -1.92785e-16)
(-18.0944 588.784 -3.82571e-16)
(-4.77435 282.015 6.75913e-17)
(96.4213 675.139 -7.70342e-17)
(-103.495 587.493 3.47142e-16)
(117.294 674.684 -4.2973e-19)
(63.7194 354.619 7.15794e-19)
(43.6317 333.744 3.51035e-18)
(8.52762 324.413 -2.87086e-18)
(-31.8942 324.69 0)
(-74.7683 333.98 0)
(-121.031 368.685 0)
(-143.992 417.581 0)
(-150.02 450.898 6.6437e-19)
(-153.866 477.854 -3.49804e-19)
(-153.839 499.154 1.71716e-19)
(-151.558 519.286 -9.77433e-19)
(-145.113 538.951 6.75646e-19)
(-137.016 556.886 3.16982e-19)
(-129.512 570.896 -4.78358e-19)
(-123.372 580.426 0)
(-116.996 587.804 5.92759e-21)
(-111.047 593.606 -3.15388e-19)
(-104.942 598.396 3.07959e-19)
(-98.9557 602.436 6.15112e-19)
(-92.9078 605.894 -7.18429e-19)
(-86.9395 608.565 7.07548e-19)
(-82.1479 609.61 -1.88829e-18)
(-77.965 609.421 -3.79192e-18)
(-73.8241 608.554 2.39725e-18)
(-68.7869 607.792 0)
(-62.6167 607.95 -2.41859e-19)
(-55.2296 608.702 -1.49971e-17)
(-43.5943 609.631 1.29644e-17)
(-25.3869 611.283 -2.68345e-18)
(0.616858 618.376 0)
(30.2889 630.273 -2.31454e-18)
(62.3395 639.595 3.40422e-17)
(90.9371 643.242 -1.93147e-17)
(119.006 659.558 7.71769e-17)
(64.3405 648.086 3.94106e-16)
(-66.2143 585.097 1.13398e-17)
(-72.1594 423.653 -3.40367e-19)
(-58.3554 448.818 1.96352e-18)
(-45.8944 457.92 3.29005e-19)
(-36.7153 450.477 0)
(-30.855 430.838 -6.97121e-19)
(-20.131 421.479 6.71082e-19)
(-5.49604 421.624 -1.054e-18)
(2.65712 421.802 -2.35055e-18)
(10.1164 423.601 2.73582e-18)
(24.5416 424.658 0)
(33.924 433.411 -1.39063e-18)
(40.2582 450.479 3.98714e-18)
(49.6572 454.931 -2.86045e-18)
(59.606 445.671 -1.39645e-18)
(70.465 420.483 2.01232e-18)
(77.8118 378.095 -2.86609e-18)
(66.5513 634.241 3.75878e-16)
(-142.837 592.726 -1.54853e-16)
(-168.104 601.419 1.51945e-16)
(-187.032 608.291 3.06258e-16)
(-202.479 610.59 1.44804e-16)
(26.411 660.958 -7.75967e-18)
(85.1017 656.916 1.03854e-16)
(-115.126 362.555 0)
(63.1485 551.615 0)
(-186.233 624.563 0)
(-174.856 630.717 2.55053e-18)
(-161.595 636.856 -4.86e-18)
(-146.883 641.102 1.2294e-20)
(-129.085 643.78 1.44468e-17)
(-108.307 644.795 -9.84157e-18)
(-81.7531 643.677 2.56982e-19)
(-50.7837 637.521 5.16349e-18)
(-18.9489 624.916 -8.89096e-18)
(9.99703 613.796 8.24754e-19)
(32.5281 609.731 4.80291e-18)
(46.5364 610.15 -1.29276e-18)
(55.3597 609.84 1.22519e-18)
(62.1393 610.104 -3.69321e-18)
(67.6677 611.413 1.2755e-18)
(72.4739 612.969 3.70469e-18)
(76.8426 613.872 -2.49993e-18)
(81.9664 614.11 2.50727e-18)
(87.4975 613.185 9.31016e-19)
(93.5272 610.896 2.17783e-18)
(99.5735 607.706 -2.81909e-18)
(105.527 604.025 1.89148e-18)
(111.558 599.581 -3.44116e-18)
(117.443 594.29 -2.51919e-18)
(123.509 587.597 2.51408e-18)
(129.577 579.036 1.237e-18)
(136.122 567.217 -1.30385e-18)
(144.577 549.518 0)
(152.163 529.734 -2.64893e-18)
(156.628 508.349 1.32819e-18)
(156.716 489.304 -2.64377e-18)
(155.505 462.292 -4.06362e-18)
(148.189 434.987 -2.83363e-18)
(137.227 383.67 -5.77243e-18)
(87.8794 339.074 1.4164e-18)
(40.6647 324.523 -1.38618e-18)
(-4.09524 324.056 -3.00185e-18)
(-44.4412 332.386 0)
(-68.0482 354.221 0)
(-82.0931 380.807 0)
(-4.59777 303.319 0)
(125.652 670.233 -1.15123e-18)
(93.6917 670.109 3.85296e-16)
(32.3952 581.579 1.79355e-16)
(-34.1162 579.382 1.95021e-16)
(0.00525127 579.198 3.65862e-16)
(46.431 654.71 -1.94563e-16)
(-15.7405 292.738 -5.63198e-17)
(-46.8411 330.695 0)
(49.285 666.136 -2.16507e-16)
(118.269 669.884 -8.54944e-17)
(115.529 644.555 -3.24494e-17)
(11.468 666.547 -5.58395e-16)
(84.1886 515.659 1.92652e-16)
(117.815 526.365 1.77666e-16)
(-9.77345 351.895 -3.16783e-17)
(76.7856 324.713 -1.37619e-18)
(61.8663 301.861 -3.52703e-19)
(36.0711 285.84 -1.21816e-18)
(2.76563 280.777 1.08673e-19)
(-32.3333 282.807 0)
(-69.0773 295.233 0)
(-106.051 324.898 0)
(-125.806 365.154 -1.7044e-19)
(-133.575 400.106 -2.07366e-19)
(-137.941 429.235 2.21214e-19)
(-138.968 454.052 -1.63045e-19)
(-138.352 476.048 4.14323e-19)
(-134.487 497.655 -4.93652e-19)
(-128.054 518.909 0)
(-120.537 537.64 0)
(-114.412 550.842 0)
(-108.318 560.771 0)
(-102.345 568.924 0)
(-96.3908 575.601 0)
(-90.3248 581.399 -1.62412e-19)
(-84.2494 586.33 6.22841e-19)
(-78.0376 590.664 0)
(-72.1232 593.565 -1.61224e-18)
(-66.5155 595.109 2.81661e-18)
(-61.1795 595.805 2.51077e-18)
(-56.0846 595.924 0)
(-50.5566 595.658 7.65691e-18)
(-43.9838 594.931 -7.62097e-18)
(-35.9975 594.9 -2.50545e-18)
(-27.3355 595.788 5.08286e-18)
(-15.9536 596.349 -7.71872e-18)
(1.19784 597.3 3.81361e-18)
(25.7174 602.051 -9.62975e-18)
(53.3664 610.016 2.53604e-18)
(83.3866 614.558 7.37276e-17)
(82.7136 641.581 2.03013e-16)
(-144.567 572.294 2.92865e-16)
(-116.287 554.802 1.54656e-16)
(-94.6428 401.251 0)
(-88.0786 438.864 1.19467e-20)
(-78.4596 459.481 -6.84663e-19)
(-68.7559 466.774 -3.42155e-19)
(-58.1483 461.933 -8.72449e-20)
(-41.3048 450.242 8.16923e-20)
(-21.5422 447.168 0)
(-6.04858 444.464 0)
(2.70118 442.93 1.03354e-18)
(10.8901 445.999 -2.70242e-18)
(26.4463 449.142 3.37607e-18)
(45.4302 450.93 0)
(62.4623 460.963 -2.59694e-18)
(72.6474 462.944 2.82802e-18)
(80.0584 454.574 6.6844e-19)
(86.9708 433.458 6.964e-19)
(90.9485 395.778 0)
(87.7263 345.224 0)
(-48.7157 658.592 0)
(-161.728 587.714 1.58854e-16)
(-185.501 596.102 0)
(-206.421 600.746 -3.07336e-16)
(-215.202 599.712 1.4964e-16)
(-213.536 600.012 2.70933e-16)
(-24.2138 430.657 -4.56686e-17)
(-44.253 552.716 1.78219e-16)
(-189.183 602.625 4.95713e-18)
(-175.754 609.016 -4.03275e-17)
(-160.274 613.837 1.76808e-17)
(-140.666 618.583 -2.00012e-17)
(-116.823 621.569 -8.73825e-18)
(-90.5043 621.267 1.27598e-17)
(-62.831 615.841 2.43637e-18)
(-36.6823 607.119 -1.28579e-17)
(-12.0307 601.239 7.61752e-18)
(7.4494 599.519 0)
(20.329 599.547 -6.39326e-18)
(28.2443 599.142 3.79687e-18)
(35.8139 599.217 6.3195e-18)
(42.5142 599.978 1.20945e-18)
(48.5366 600.696 -5.09693e-18)
(54.2196 601.047 -2.53863e-18)
(60.304 600.968 0)
(66.4238 600.323 0)
(72.5982 599.009 -6.19296e-19)
(78.6901 596.731 -3.09657e-19)
(84.7 593.043 3.16805e-18)
(90.6682 588.26 6.35422e-19)
(96.5474 582.756 -2.22205e-18)
(102.475 576.26 -1.29986e-20)
(108.231 568.656 0)
(114.353 559.099 0)
(120.213 547.222 -2.62094e-18)
(127.607 530.134 3.85532e-18)
(135.17 508.103 -1.34609e-18)
(140.047 485.45 -8.80288e-20)
(141.614 462.857 1.29612e-18)
(140.664 439.593 1.3422e-18)
(138.199 411.306 8.18645e-18)
(130.594 378.558 0)
(118.14 338.478 4.2446e-18)
(80.8604 301.053 -4.05755e-18)
(40.0497 284.081 2.78866e-18)
(1.79284 281.344 -2.78526e-18)
(-34.8122 286.007 2.69988e-18)
(-64.7564 301.469 0)
(-81.417 325.879 0)
(-92.8109 349.862 -1.36076e-18)
(90.1443 627.999 3.73585e-16)
(131.371 657.96 -7.9892e-17)
(-103.347 559.727 -1.6149e-16)
(92.5124 598.632 3.57486e-16)
(69.7865 586.96 -9.85908e-18)
(49.9251 574.342 3.72028e-16)
(132.225 666.819 8.28831e-17)
(-49.5605 571.395 -3.94412e-16)
(15.8354 569.545 0)
(-15.6511 568.669 0)
(-15.2314 371.13 -3.30422e-17)
(164.229 567.396 -1.93376e-16)
(-25.0593 436.406 1.35975e-17)
(54.0158 676.636 -3.31019e-16)
(64.9969 578.119 -3.77872e-17)
(101.209 646.602 -2.35877e-16)
(3.54652 281.75 0)
(2.26182 302.399 -2.98549e-17)
(46.6445 573.09 0)
(27.9655 573.258 1.33052e-18)
(12.8396 574.459 2.45178e-18)
(1.97189 574.303 9.22114e-19)
(-7.9252 573.952 1.66469e-19)
(-17.3649 573.942 0)
(-25.6765 573.793 3.31004e-18)
(-32.7606 573.705 -3.31602e-18)
(-39.338 573.67 1.2875e-18)
(-45.5171 573.109 -2.58694e-18)
(-51.4224 571.904 6.43342e-19)
(-57.2537 569.899 0)
(-63.0569 566.945 1.26729e-18)
(-68.8729 562.449 -6.57915e-19)
(-74.7014 556.39 6.48541e-19)
(-80.3818 549.561 -1.14187e-18)
(-86.1283 541.645 1.32774e-18)
(-91.6271 532.651 2.02053e-21)
(-97.4084 521.729 -7.00099e-19)
(-102.805 508.696 3.34393e-19)
(-109.086 490.996 -3.73978e-19)
(-115.23 468.124 0)
(-118.648 444.574 1.67366e-19)
(-119.296 421.05 -8.4653e-20)
(-117.896 396.344 -3.47972e-19)
(-115.059 368.8 2.97871e-19)
(-109.288 337.808 4.32043e-20)
(-100.035 304.386 -1.73621e-19)
(-82.349 271.253 0)
(-55.1544 246.472 0)
(-26.7249 233.584 -6.91884e-19)
(0.156119 230.682 3.85525e-18)
(26.0473 234.445 -7.59345e-19)
(50.0326 246.342 0)
(65.9176 265.621 2.79678e-18)
(75.4466 285.685 -1.24312e-20)
(-2.73375 324.077 1.53644e-16)
(-101.241 369.305 1.38133e-18)
(-105.836 417.775 0)
(-102.615 452.28 -3.53896e-19)
(-95.1005 471.979 3.20514e-19)
(-84.4202 480.989 8.48772e-19)
(-69.5144 481.388 -6.46945e-19)
(-47.4397 476.401 1.59616e-19)
(-25.1882 472.305 3.20501e-19)
(-9.01334 467.594 2.37689e-18)
(2.44444 465.363 -3.35168e-18)
(13.5361 468.778 -2.66304e-18)
(30.0394 473.781 2.6483e-18)
(51.9361 476.649 -3.20378e-19)
(73.9722 479.817 6.44479e-19)
(88.0586 476.784 -2.60043e-18)
(96.5855 466.329 -5.13841e-19)
(101.837 445.744 2.81124e-18)
(102.712 410.749 0)
(96.3278 362.564 1.38109e-18)
(82.0647 304.014 -6.92723e-19)
(109.447 635.397 1.91726e-16)
(136.394 643.85 -7.60701e-17)
(116.588 609.144 -1.86409e-16)
(-30.8556 280.613 0)
(-20.339 269.122 0)
(-6.31981 260.685 -5.34629e-17)
(5.80812 260.925 -1.40486e-17)
(18.9729 265.63 -1.68368e-17)
(14.0599 286.466 -4.09941e-17)
(10.8577 307.649 5.80812e-17)
(5.94338 327.494 3.1456e-17)
(70.7221 493.051 0)
(-4.31174 345.497 -3.20738e-17)
(190.605 577.651 -5.66096e-18)
(205.422 552.067 1.60345e-16)
(178.481 562.13 -1.66936e-16)
(113.339 593.962 -1.81342e-16)
(89.3346 581.509 0)
(66.6496 567.829 0)
(136.531 662.983 1.77919e-16)
(115.573 622.482 3.61176e-16)
(-28.9585 331.205 -4.13397e-17)
(-175.049 583.968 1.42991e-16)
(-203.743 589.357 -1.61805e-16)
(-221.424 589.354 0)
(-226.262 584.319 -3.23049e-16)
(-224.732 579.462 1.62758e-16)
(-211.311 582.03 -2.1447e-16)
(-173.221 483.158 -1.51349e-16)
(-177.153 566.554 4.34176e-17)
(-161.287 576.462 -4.78383e-17)
(-141.805 583.289 2.13497e-17)
(-121.091 586.226 -2.06724e-17)
(-98.8335 584.682 0)
(-75.9174 582.25 -1.17561e-18)
(-54.0843 581.309 -1.66583e-18)
(-33.8704 582.016 7.55905e-18)
(-18.2985 583.07 2.43421e-18)
(-7.44771 583.001 -1.28155e-17)
(1.07489 582.377 5.16397e-18)
(9.56577 581.915 6.38907e-18)
(17.5739 581.596 -5.17254e-18)
(24.8328 581.093 3.2153e-18)
(31.6869 580.621 -3.24433e-18)
(38.413 580 -1.29422e-18)
(44.8801 579.077 3.85013e-18)
(51.1772 577.783 6.53955e-19)
(57.1841 576.004 2.5585e-18)
(62.9827 573.44 -2.5906e-18)
(68.5918 569.637 0)
(74.3391 564.041 -6.4652e-19)
(79.9884 557.23 -3.18405e-19)
(85.6735 549.412 -3.26075e-18)
(91.2403 540.521 2.93638e-18)
(96.8905 529.954 -3.34826e-19)
(102.585 517.319 2.6632e-18)
(108.414 500.971 -5.0067e-18)
(115.481 478.636 2.65006e-18)
(120.246 453.908 1.32904e-18)
(121.486 429.472 6.90104e-19)
(120.333 404.422 -1.38098e-18)
(117.527 377.911 4.10739e-18)
(112.996 347.559 -4.10727e-18)
(104.38 315.003 -1.35406e-18)
(90.3049 280.657 -4.09812e-18)
(63.7598 251.766 5.6269e-18)
(32.8154 235.379 -4.08839e-18)
(3.76804 231.128 2.75589e-18)
(-24.3427 235.137 -5.59866e-18)
(-50.8284 246.654 0)
(-69.9251 266.929 2.72974e-18)
(-80.74 289.643 -1.39753e-18)
(-87.3507 309.826 -1.37626e-18)
(142.228 573.11 -4.15569e-16)
(168.285 583.841 1.99881e-16)
(194.935 590.207 -1.88502e-16)
(18.1537 437.483 9.01272e-17)
(215.57 579.716 -2.04981e-16)
(140.717 656.275 0)
(-3.06245 402.511 -5.22642e-17)
(225.64 581.423 -2.04414e-16)
(-4.98584 369.611 1.48093e-16)
(-0.0028714 557.513 5.67292e-16)
(-30.6003 559.537 -3.82111e-16)
(32.7153 561.195 -1.79999e-16)
(147.936 587.692 0)
(108.567 577.791 -1.98575e-16)
(131.403 590.66 1.76807e-16)
(1.16833 323.137 -9.1185e-17)
(124.471 575.501 -2.05787e-16)
(-6.05466 394.607 2.08232e-17)
(10.3375 341.288 -5.37339e-17)
(-38.7206 528.567 -1.61619e-16)
(232.931 564.52 8.76129e-17)
(208.528 569.395 1.72996e-16)
(16.828 320.271 5.42708e-17)
(23.5711 299.115 -4.99616e-17)
(32.3993 277.442 0)
(37.2851 535.545 -2.73875e-18)
(28.4138 536.876 -1.64362e-18)
(18.7713 537.616 5.30181e-18)
(8.96247 537.499 -2.34624e-18)
(-0.598768 537.305 -2.99552e-18)
(-9.96253 536.757 3.39076e-19)
(-18.0188 537.097 -2.60156e-18)
(-24.6175 537.191 6.15723e-19)
(-30.6089 537.076 1.33251e-18)
(-36.3205 535.966 0)
(-41.902 533.977 -6.89461e-19)
(-47.3923 530.836 0)
(-52.8524 526.529 -6.70884e-19)
(-58.3353 520.397 3.15932e-19)
(-63.7202 512.598 0)
(-68.9882 503.807 0)
(-74.1808 493.829 -6.91233e-19)
(-79.1258 482.373 1.34672e-18)
(-84.1745 468.817 4.64491e-20)
(-88.6296 452.315 -6.7669e-19)
(-94.1711 430.28 6.36837e-20)
(-97.4081 404.983 7.82077e-19)
(-97.5098 379.994 -1.3374e-18)
(-95.6491 354.48 1.42844e-18)
(-92.5661 327.509 -6.89221e-19)
(-88.2102 298.786 2.69504e-21)
(-81.6189 268.197 -6.99445e-19)
(-71.9998 237.862 7.7526e-19)
(-57.5636 210.812 -1.71955e-19)
(-38.7609 190.819 1.71015e-19)
(-18.8116 179.417 -3.31334e-19)
(0.0292928 176.342 -1.38964e-18)
(18.0922 179.832 -2.76526e-18)
(35.5972 189.843 1.36387e-18)
(49.3775 205.402 2.05655e-18)
(57.9489 223.04 -1.38193e-18)
(63.7384 240.988 0)
(-231.038 546.144 0)
(-238.099 557.98 1.69154e-16)
(-238.915 568.47 -3.28558e-16)
(-231.046 573.894 -1.0726e-17)
(-207.784 572.563 1.48636e-16)
(-176.383 566.654 -1.49585e-16)
(-59.4865 461.891 9.70383e-17)
(125.699 641.324 1.92834e-16)
(125.835 626.877 3.01484e-16)
(135.383 605.09 0)
(172.267 597.258 1.83006e-16)
(2.97444 346.939 6.67245e-17)
(-0.535242 343.414 -1.17565e-16)
(114.677 560.417 2.0629e-16)
(84.8581 563.057 -1.75876e-17)
(12.6434 684.211 -6.08481e-17)
(8.34708 412.9 2.29012e-17)
(-47.4817 413.332 1.3545e-16)
(-65.4091 637.792 0)
(133.779 629.682 -3.5622e-16)
(-40.8958 258.086 -9.79654e-17)
(-15.7953 333.94 -1.5701e-16)
(-17.6076 307.833 1.04348e-16)
(-143.541 555.141 1.50194e-16)
(-92.5067 326.991 -2.74042e-18)
(-108.13 385.221 1.3647e-18)
(-115.375 431.941 6.8987e-19)
(-114.117 464.84 -6.57391e-19)
(-106.71 484.924 -3.40753e-19)
(-93.7967 496.133 1.82378e-18)
(-75.7571 499.731 -1.29404e-18)
(-52.4319 497.353 -1.48757e-20)
(-30.192 492.693 -3.47596e-19)
(-12.7301 487.612 3.47676e-19)
(2.10808 485.514 3.47857e-19)
(16.8109 488.597 2.63039e-18)
(34.8247 493.788 -7.64765e-19)
(56.9406 497.235 -2.34355e-18)
(80.0029 497.759 2.55061e-18)
(97.039 491.752 -2.71365e-18)
(108.004 478.988 3.92376e-18)
(113.498 457.798 -5.53098e-18)
(112.741 424.008 3.39461e-19)
(103.795 377.102 -1.3847e-18)
(87.7576 319.891 4.15262e-18)
(68.5563 257.27 -4.13667e-18)
(-26.4845 246.615 1.67899e-16)
(-17.2976 240.75 -1.65545e-16)
(-3.83829 236.431 8.29071e-17)
(9.27568 237.425 -4.07992e-17)
(23.0716 242.284 3.29488e-18)
(39.1956 253.563 1.04311e-16)
(7.67802 361.235 -4.39107e-17)
(147.606 643.48 1.52513e-16)
(136.198 618.052 -1.72546e-16)
(211.946 592.241 -2.47109e-19)
(237.036 574.175 0)
(92.0852 450.182 -7.76752e-17)
(1.46959 372.929 2.16367e-16)
(-1.55281 364.864 5.59895e-17)
(-14.6523 546.383 -5.5509e-16)
(-14.9518 419.645 0)
(120.56 544.313 -1.6543e-16)
(47.5113 553.51 0)
(4.3571 389.644 4.70472e-17)
(148.524 653.925 -1.68046e-16)
(-120.903 294.606 0)
(-62.23 283.299 8.81391e-17)
(16.4816 547.68 -5.60801e-16)
(-144.375 466.256 -8.90481e-17)
(-138.507 490.102 5.21071e-17)
(-131.423 507.253 -5.00451e-17)
(-118.509 517.005 4.57526e-17)
(-102.791 525.174 0)
(-86.008 531.65 -2.82302e-18)
(-70.3139 536.389 0)
(-57.3858 540.29 -6.87221e-19)
(-46.598 543.453 -6.45917e-19)
(-36.8374 545.509 0)
(-26.5613 546.636 1.35636e-18)
(-16.2955 547.296 3.92612e-18)
(-6.33831 547.02 -5.30282e-18)
(2.8774 546.384 -1.95441e-18)
(11.1363 545.612 1.97977e-18)
(18.2037 544.98 -3.26704e-18)
(24.5224 544.27 1.60766e-20)
(30.4276 543.194 3.3256e-18)
(36.0352 541.586 2.62032e-18)
(41.4078 539.417 -3.30722e-18)
(46.6523 536.526 0)
(51.8786 532.623 -2.63512e-18)
(57.2034 527.11 2.99676e-18)
(62.6621 519.62 3.26593e-19)
(67.9844 510.86 0)
(73.2964 500.909 4.9871e-19)
(78.3351 489.67 0)
(83.5395 476.326 3.31711e-19)
(88.2198 460.555 0)
(93.8406 439.571 -3.34702e-19)
(98.3404 413.924 0)
(99.4085 387.958 0)
(97.8082 361.852 1.08497e-20)
(94.7118 334.716 -3.4531e-18)
(90.4102 306.478 1.37239e-18)
(84.3758 276.1 1.37331e-18)
(75.5369 245.59 1.38066e-18)
(62.7148 217.281 1.39729e-18)
(44.3206 194.753 1.36865e-18)
(23.1345 181.172 2.75211e-18)
(2.51121 176.891 -1.3332e-18)
(-17.0197 180.216 5.82112e-21)
(-35.9499 190.235 -5.43066e-18)
(-52.0348 206.57 1.1212e-20)
(-61.9567 225.816 0)
(-68.0219 245.387 0)
(-72.6102 263.303 0)
(-176.872 139.175 4.0898e-16)
(74.3255 502.588 -1.13399e-16)
(-82.1197 369.678 1.23426e-17)
(153.419 601.569 -1.5092e-17)
(1.16032 343.505 9.49165e-19)
(100.3 560.766 1.89551e-16)
(-32.8342 353.604 4.60654e-17)
(138.119 408.35 -7.82339e-17)
(-28.5805 654.174 1.64185e-16)
(-9.92086 377.646 3.87197e-17)
(150.076 634.975 -1.55335e-16)
(-189.493 627.187 -1.72067e-16)
(-175.408 443.294 1.70186e-17)
(-216.373 490.482 -1.98238e-16)
(-237.056 513.817 -1.73537e-16)
(-244.281 534.494 3.35053e-16)
(-243.919 547.964 -1.62204e-16)
(-230.83 554.908 0)
(-203.028 556.944 1.02846e-17)
(-170.868 551.942 -3.36259e-16)
(-113.79 540.234 1.56709e-16)
(-138.602 542.378 -1.92863e-16)
(92.4089 403.864 1.3802e-19)
(245.639 555.733 9.0259e-17)
(82.3875 449.655 -2.11735e-16)
(-185.755 532.956 2.23937e-16)
(57.3179 469.978 8.96851e-17)
(49.1117 471.175 -2.88554e-18)
(39.7794 474.226 4.11802e-18)
(30.4964 476.325 3.3697e-19)
(21.0422 477.552 -5.47437e-18)
(12.0707 477.87 4.78504e-18)
(3.22836 477.961 8.08035e-20)
(-3.74446 478.977 2.36808e-18)
(-9.66287 481.632 -2.75429e-18)
(-15.1128 482.858 6.70163e-19)
(-20.5514 482.923 0)
(-25.9553 481.532 0)
(-31.3275 479.105 1.33612e-18)
(-36.6197 475.267 1.3495e-18)
(-41.8047 470.038 6.60046e-19)
(-46.9173 462.691 -1.02708e-18)
(-51.6356 453.522 -8.59883e-20)
(-56.2093 443.078 6.82877e-19)
(-60.4984 431.382 -6.83906e-19)
(-64.6229 417.709 -4.32853e-20)
(-68.3552 401.974 0)
(-72.0267 381.96 0)
(-75.1936 356.753 -4.30742e-20)
(-75.2512 330.71 -8.57234e-20)
(-73.1241 304.866 -4.30413e-20)
(-69.9368 278.312 6.53725e-19)
(-65.9075 250.959 -7.11154e-19)
(-61.0718 223.132 -6.51887e-19)
(-54.9799 195.67 -6.58636e-21)
(-46.6796 170.409 7.68533e-19)
(-36.3304 149.226 -5.12009e-19)
(-24.3308 133.918 1.18321e-18)
(-11.8317 125.334 7.44377e-21)
(0.281382 123.077 6.78013e-19)
(11.933 126.103 0)
(23.2077 134.33 -1.35502e-18)
(33.0027 146.995 -1.35579e-18)
(40.3927 162.292 0)
(45.5547 178.408 0)
(49.7165 194.065 1.36234e-18)
(23.9334 342.071 9.87678e-17)
(32.0821 320.718 5.17216e-17)
(47.3695 299.716 -1.00583e-16)
(56.5419 274.444 -2.32652e-16)
(-5.01512 402.111 3.62037e-17)
(-67.6656 420.039 -1.24093e-17)
(250.74 520.986 1.74194e-16)
(250.798 542.444 0)
(236.274 545.957 1.72859e-16)
(101.771 520.408 -1.73585e-16)
(170.366 544.911 1.71708e-16)
(136.264 535.85 1.91063e-16)
(24.5443 690.602 -1.75782e-16)
(-136.953 390.911 -2.62057e-16)
(111.522 572.186 0)
(153.455 628.812 0)
(155.562 613.636 -1.72961e-16)
(193.491 601.908 3.544e-16)
(237.127 550.819 0)
(186.84 504.321 3.01576e-16)
(0.112405 366.743 -5.74236e-17)
(-0.106518 363.185 4.35305e-17)
(-94.6174 533.876 -1.41111e-16)
(-28.37 536.96 7.34056e-16)
(40.2012 681.618 1.98558e-16)
(8.888 422.616 -1.3583e-16)
(109.743 652.487 0)
(29.9516 444.274 0)
(40.7677 469.42 -1.55482e-16)
(97.2023 542.275 -2.07868e-16)
(64.3417 547.26 1.81476e-16)
(8.12198 409.01 1.11221e-18)
(153.47 650.485 -2.01031e-18)
(152.595 641.283 9.11179e-17)
(136.088 519.903 -1.92019e-16)
(237.452 515.414 -1.56324e-16)
(-45.4831 469.509 1.33697e-16)
(-33.585 452.625 -6.434e-17)
(-10.7704 420.497 9.01556e-17)
(-216.664 559.631 -1.9261e-16)
(-212.129 520.902 2.38084e-16)
(-68.574 240.427 -2.66076e-17)
(-40.7413 219.336 2.66704e-17)
(-27.158 206.661 0)
(-15.3582 201.739 6.62483e-17)
(-2.03261 201.136 -1.21237e-17)
(12.772 203.215 0)
(28.5011 209.086 -1.73747e-18)
(47.128 220.816 0)
(65.6775 239.634 2.48987e-17)
(156.336 624.337 -1.60258e-16)
(157.09 642.289 -2.12779e-19)
(29.6602 538.768 3.68528e-16)
(2.60621 534.289 -2.07247e-17)
(-4.46815 391.573 2.61759e-17)
(48.9552 462.73 4.67917e-16)
(90.6173 323.024 0)
(-110.976 376.087 1.65112e-17)
(-105.65 395.645 3.61725e-17)
(-99.268 414.119 -6.39351e-18)
(-92.4435 429.817 0)
(-84.488 442.433 -1.17755e-17)
(-75.619 453.051 1.12861e-17)
(-66.2346 461.837 8.51304e-18)
(-56.9176 468.998 -4.89338e-18)
(-47.3252 474.593 2.77132e-18)
(-37.7533 478.53 -2.75831e-18)
(-28.1307 480.998 2.79673e-18)
(-18.5863 482.473 -1.40399e-18)
(-9.28264 483.329 0)
(-1.53221 484.825 1.34939e-18)
(4.79458 486.485 1.30866e-18)
(10.3598 487.454 -7.30923e-19)
(15.6384 487.416 -1.72391e-18)
(20.7486 486.537 -6.69353e-19)
(25.7313 484.888 2.69249e-18)
(30.5889 482.505 -2.73e-18)
(35.4551 479.103 0)
(40.3584 474.408 0)
(45.4179 467.752 -5.06313e-19)
(50.3047 459.02 -1.7182e-19)
(55.0153 448.762 -2.72736e-18)
(59.506 437.208 2.56271e-18)
(63.7514 423.946 2.82968e-18)
(67.7914 408.46 -2.73803e-18)
(71.4841 389.522 -2.73202e-18)
(75.4871 364.858 2.7247e-18)
(76.5343 338.166 0)
(74.8963 311.636 0)
(71.7869 284.678 -3.41081e-19)
(67.697 257.098 1.74198e-18)
(62.8512 229.358 2.50755e-20)
(57.079 201.646 -2.04656e-18)
(49.2328 175.781 1.36655e-18)
(39.4391 153.45 -1.35596e-18)
(27.5767 136.39 1.33956e-18)
(14.4471 126.371 -1.33053e-18)
(1.46433 123.256 4.00435e-18)
(-11.1418 126.141 2.67378e-18)
(-23.3543 134.381 -2.66068e-18)
(-34.3925 147.569 1.34351e-18)
(-42.8571 163.94 -2.68814e-18)
(-48.5599 181.299 -4.34291e-21)
(-52.648 198.198 -1.78794e-21)
(-55.2022 215.483 2.71389e-18)
(-75.2475 280.933 5.14853e-19)
(-95.7821 344.914 1.54135e-18)
(-111.977 401.569 0)
(-120.51 447.097 1.36256e-18)
(-120.035 480.01 -1.31476e-18)
(-112.177 501.339 0)
(-97.8651 513.978 9.91073e-21)
(-78.6743 518.788 7.89451e-20)
(-56.1499 517.304 2.48702e-18)
(-34.7283 513.022 -2.59101e-18)
(-15.9794 508.688 -2.48512e-18)
(1.67175 507.038 4.93401e-18)
(19.3053 509.531 -5.24736e-18)
(38.6896 513.858 2.65565e-18)
(60.1358 516.911 0)
(82.2465 516.611 -5.86161e-18)
(100.316 509.674 5.33608e-18)
(112.82 495.61 2.00267e-18)
(119.28 473.215 2.98318e-18)
(118.254 439.27 -3.76359e-18)
(108.443 393.424 0)
(91.6818 336.977 -6.90184e-19)
(71.8101 273.999 3.11073e-18)
(52.9531 210.603 -3.4192e-18)
(222.288 590.536 -1.77641e-16)
(3.83228 384.281 1.25573e-17)
(-108.52 527.668 3.67062e-16)
(-88.4716 521.452 1.86662e-16)
(88.3451 531.747 -1.75657e-16)
(-91.3641 266.73 0)
(-83.3099 258.329 0)
(-61.336 354.564 -1.08164e-16)
(-4.28506 673.026 6.45143e-16)
(138.49 658.17 -9.42852e-17)
(-117.377 310.57 -1.9674e-16)
(-169.481 390.92 -3.97964e-19)
(-212.933 435.493 4.09748e-19)
(-239.715 472.002 1.77224e-16)
(-248.746 498.921 -1.69299e-16)
(-246.746 518.525 0)
(-228.082 531.025 3.29755e-16)
(-195.915 535.094 1.59887e-16)
(-162.184 531.764 0)
(-127.496 523.168 -1.79126e-16)
(-65.0413 494.015 2.956e-16)
(-80.872 510.146 -4.16798e-16)
(-94.5738 510.603 4.29705e-16)
(147.333 605.798 0)
(174.006 609 -7.23029e-18)
(220.731 528.917 2.86474e-16)
(-0.420136 363.535 7.35049e-18)
(-68.3609 527.062 8.36148e-17)
(50.2591 687.359 2.36447e-16)
(39.1184 457.542 -2.38979e-16)
(-58.5508 489.903 -1.46813e-16)
(58.7189 494.069 9.44167e-18)
(80.1908 543.824 1.95755e-16)
(18.3077 430.335 8.98901e-17)
(155.115 646.499 -1.01407e-16)
(-19.3434 438.709 -1.69327e-16)
(178.483 540.917 1.80542e-16)
(160.974 520.82 0)
(197.758 526.924 -1.5672e-16)
(233.668 523.057 -7.21688e-18)
(253.222 510.832 -1.74147e-16)
(252.639 490.71 0)
(238.601 455.396 0)
(213.265 447.968 5.11087e-16)
(120.289 320.557 -3.68848e-16)
(-67.2755 308.848 -4.73609e-17)
(-201.638 594.066 -3.86245e-17)
(4.37336 385.237 -4.55917e-17)
(22.2344 367.933 -2.52645e-17)
(37.2652 347.884 -9.70321e-17)
(57.8842 326.971 1.98694e-16)
(68.5721 298.749 1.0269e-16)
(77.1559 258.787 0)
(165.841 628.671 3.04421e-16)
(164.168 640.655 -3.51457e-16)
(-125.953 42.0173 0)
(15.303 523.418 7.23782e-16)
(-82.329 181.12 2.8354e-17)
(-65.2154 170.267 -3.09667e-17)
(-60.5917 163.056 0)
(-45.2214 158.804 0)
(-29.1851 157.328 -5.25254e-17)
(-12.5794 159.23 -1.23888e-17)
(3.85158 160.871 3.99657e-17)
(17.9183 161.392 -6.62056e-18)
(33.2522 160.374 -5.05656e-17)
(48.9454 161.205 5.77016e-17)
(61.2831 170.015 -1.02629e-16)
(68.5435 184.09 1.2663e-16)
(84.2075 480.992 -2.9003e-16)
(-10.136 409.851 0)
(156.599 569.421 0)
(-91.4113 563.715 4.67604e-16)
(33.7847 671.993 9.81178e-17)
(124.432 304.597 -4.96376e-17)
(-47.3176 631.753 0)
(-84.1254 250.734 -5.95384e-17)
(-82.5728 260.193 5.79857e-17)
(-80.2388 276.057 -2.70822e-17)
(-76.7703 294.669 0)
(-72.4184 313.363 0)
(-66.8492 329.533 2.98082e-18)
(-60.3361 344.038 -3.27768e-20)
(-53.1098 356.662 -2.83761e-18)
(-45.6641 367.681 1.78339e-19)
(-38.0305 376.769 -1.77155e-19)
(-30.3496 383.622 -1.40851e-18)
(-22.946 388.882 2.34986e-20)
(-16.1165 393.201 0)
(-10.7872 398.118 7.00771e-19)
(-6.35852 403.66 4.14472e-18)
(-1.77703 407.734 -4.18394e-18)
(3.08492 410.297 -2.05988e-18)
(7.95 411.596 -2.99905e-19)
(12.5761 411.87 2.4316e-18)
(16.9777 411.083 -2.735e-18)
(21.2286 409.181 2.5972e-18)
(25.4737 405.834 -2.73588e-18)
(29.6829 400.775 2.762e-18)
(33.8996 393.426 3.42915e-19)
(37.631 383.799 1.70173e-19)
(41.0886 372.273 -8.6497e-20)
(44.2443 359.354 -2.75714e-18)
(47.1971 344.517 2.75617e-18)
(49.7697 327.338 -2.76973e-18)
(52.4866 305.735 2.62044e-18)
(53.8382 279.782 3.23709e-20)
(52.5436 253.723 -2.77898e-18)
(49.8808 227.949 -2.00275e-19)
(46.5308 202.376 4.99487e-18)
(42.6895 177.303 -5.14601e-18)
(38.4563 153.332 2.37648e-18)
(33.8144 131.126 -6.76659e-19)
(28.3122 111.502 1.34424e-18)
(22.3067 95.264 -1.32418e-18)
(15.5897 83.3846 1.97893e-18)
(8.41285 76.5411 1.31452e-18)
(1.19485 74.7608 -1.3081e-18)
(-6.12526 77.3692 -3.91866e-18)
(-13.5959 84.082 2.62201e-18)
(-20.9332 94.6419 -1.31571e-18)
(-27.2335 108.046 3.95656e-18)
(-31.9718 122.999 -1.33292e-18)
(-35.685 138.42 -2.2294e-21)
(-38.5953 154.604 -6.70923e-19)
(-41.2105 169.92 -2.1487e-19)
(-57.9143 231.026 -1.31463e-18)
(-77.003 295.59 2.90439e-21)
(-97.7415 359.592 0)
(-114.334 415.738 1.35738e-18)
(-123.054 460.447 1.18322e-18)
(-123.058 493.187 -5.45321e-18)
(-115.025 514.402 2.5939e-18)
(-100.314 527.364 2.61182e-18)
(-81.2371 532.553 -5.27969e-18)
(-59.7124 531.732 5.19787e-18)
(-38.5406 528.524 -1.04101e-19)
(-18.3916 525.416 -5.36801e-18)
(1.38917 524.3 3.09759e-18)
(21.2343 526.17 -2.58365e-18)
(42.0116 529.243 2.70249e-18)
(63.2751 531.247 0)
(84.221 530.325 0)
(102.157 523.249 -6.35262e-19)
(115.366 508.943 -3.28573e-18)
(122.108 486.703 2.33782e-18)
(121.025 453.019 6.81952e-19)
(111.293 407.7 -2.75056e-18)
(94.4643 351.35 5.51461e-18)
(74.8117 288.853 -3.08496e-18)
(56.423 226.043 6.84117e-19)
(39.9116 166.57 0)
(36.8971 151.551 2.02296e-18)
(33.7167 136.021 6.71034e-19)
(30.1149 121.478 0)
(25.8221 107.445 0)
(20.2431 94.7715 -6.63628e-19)
(13.6112 84.5446 0)
(6.6507 77.8055 0)
(-0.185985 74.9791 0)
(-6.97406 76.2084 6.57712e-19)
(-13.8449 82.0461 -6.63335e-19)
(-20.5859 92.7471 6.64703e-19)
(-26.8053 108.06 -6.53164e-19)
(-32.4318 127.08 -6.75664e-19)
(-37.2338 148.876 1.36636e-18)
(-41.4063 172.569 -6.57857e-19)
(-45.1589 197.272 -2.15689e-20)
(-48.4886 222.373 6.98862e-19)
(-51.341 247.548 -7.3865e-19)
(-53.1676 273.054 2.14719e-20)
(-52.7411 298.989 -6.8824e-19)
(-50.1091 321.516 -8.19749e-20)
(-47.7695 339.258 2.32081e-20)
(-44.9641 354.548 6.90402e-19)
(-41.9996 367.786 1.37841e-18)
(-38.7162 379.627 -1.29229e-18)
(-35.227 389.8 -8.65436e-20)
(-30.9998 397.851 -1.2955e-18)
(-26.5581 403.487 1.37046e-18)
(-21.8517 407.283 -1.38676e-18)
(-16.9455 409.393 6.74596e-19)
(-11.8095 410.117 1.28473e-18)
(-6.53106 409.407 0)
(-1.42622 407.192 3.50146e-18)
(2.96316 403.23 -2.75469e-18)
(6.54553 398.135 9.16219e-20)
(11.1102 394.299 6.89211e-19)
(16.9979 391.361 2.80581e-18)
(24.1962 388.203 -1.40401e-18)
(31.7925 384.014 -5.64849e-18)
(39.7429 378.999 1.42239e-17)
(49.0483 373.569 -8.03397e-17)
(60.0244 376.352 0)
(65.488 338.58 4.43365e-17)
(68.2264 339.194 -4.20154e-17)
(123.804 510.669 1.85458e-16)
(115.199 439.121 0)
(-185.971 554.863 -5.03465e-17)
(83.1078 258.04 1.83669e-16)
(93.7811 271.103 0)
(133.112 647.253 -1.07761e-16)
(58.4239 163.84 6.45981e-16)
(-10.8473 522.023 1.96777e-16)
(-66.8884 486.086 1.55631e-17)
(164.56 630.05 1.63147e-16)
(150.617 588.337 1.49307e-16)
(206.039 602.78 -1.77143e-16)
(172.859 618.835 0)
(211.266 553.389 -1.66361e-16)
(228.824 579.927 1.66885e-16)
(1.17107 383.219 3.69009e-17)
(-3.54584 385.956 4.11471e-17)
(-67.5542 514.248 0)
(-30.1114 458.292 1.07898e-16)
(-63.2029 500.97 -1.86114e-16)
(70.5803 508.965 1.16342e-17)
(35.5278 466.937 -3.5482e-16)
(44.2425 531.399 1.98033e-16)
(72.782 528.177 -1.88821e-16)
(5.66928 404.397 0)
(12.8624 445.003 4.06382e-17)
(122.196 495.559 1.41937e-16)
(169.126 638.831 3.77148e-16)
(10.6903 424.123 -2.98843e-18)
(57.9376 527.899 2.04135e-18)
(48.5708 488.952 1.8543e-16)
(-44.5592 479.066 9.97773e-17)
(-31.0524 506.493 2.97355e-16)
(-47.4525 507.639 -1.87013e-16)
(-1.14696 383.496 7.10456e-18)
(224.686 566.939 -1.56881e-16)
(189.953 611.799 -1.67803e-16)
(170.148 611.662 -1.51432e-16)
(-107.028 494.311 -3.76302e-16)
(-145.759 498.772 5.4961e-16)
(-182.711 499.08 -1.65825e-16)
(-217.614 491.358 -1.77269e-16)
(-242.597 473.952 -3.43886e-16)
(-244.123 445.666 1.74844e-16)
(-231.051 409.787 3.54937e-16)
(-197.275 360.609 5.32868e-18)
(-147.175 302.906 1.83967e-16)
(-99.2695 239.592 1.96425e-16)
(-66.9995 172.347 -1.32731e-18)
(-19.9786 511.114 -3.7387e-16)
(145.264 487.176 0)
(119.311 657.592 0)
(93.5067 238.238 -1.71102e-16)
(139.847 301.204 -1.60763e-16)
(193.091 349.833 2.85557e-18)
(229.894 401.305 1.20412e-18)
(244.756 440.138 -2.48974e-18)
(243.354 471.409 -1.63149e-16)
(213.631 490.643 -3.23513e-16)
(168.66 499.394 -1.85957e-16)
(117.001 394.783 -1.83427e-16)
(177.783 629.474 -1.42019e-16)
(13.9979 420.996 1.04085e-17)
(-7.27644 405.828 2.17142e-17)
(-18.6787 387.714 -2.23278e-17)
(-41.109 373.833 5.16009e-21)
(-9.21376 661.127 -1.62903e-16)
(134.8 444.481 0)
(182.287 621.313 2.94003e-18)
(24.7992 465.123 -3.57611e-16)
(197.008 575.319 0)
(-16.307 429.385 4.99252e-17)
(72.0064 312.865 2.66025e-16)
(5.05046 400.574 0)
(27.9338 391.215 1.4206e-18)
(42.3945 369.469 1.00398e-16)
(65.4997 347.905 -1.49556e-16)
(78.6765 313.666 0)
(90.8396 268.751 0)
(92.94 200.771 0)
(189.182 620.613 0)
(-195.598 618.652 -1.30753e-16)
(44.2882 130.659 0)
(50.145 166.713 0)
(44.3032 166.093 -4.5552e-17)
(43.2102 171.009 3.73784e-17)
(45.1046 205.871 1.21021e-17)
(43.071 220.269 0)
(38.9441 248.278 -5.58594e-18)
(33.6686 259.111 0)
(26.7851 268.849 -1.1048e-17)
(21.1434 277.297 -2.60221e-20)
(16.0874 284.595 2.11614e-18)
(12.3762 291.702 2.80044e-18)
(9.9032 299.507 -5.61485e-18)
(8.26766 306.514 2.81923e-18)
(5.2588 312.682 0)
(1.30895 317.533 -6.93566e-19)
(-2.89822 320.932 1.03152e-18)
(-6.98359 322.624 6.44414e-20)
(-10.8038 322.674 -2.43378e-18)
(-14.3506 320.827 0)
(-17.7084 316.882 -1.55053e-18)
(-20.7974 310.67 -3.20643e-20)
(-23.5696 301.959 9.17974e-20)
(-25.5962 290.858 2.07463e-18)
(-27.2642 277.958 -7.01663e-19)
(-28.7577 263.878 0)
(-30.1664 248.093 2.14728e-20)
(-31.4152 229.382 8.58709e-20)
(-32.5461 206.744 -7.04526e-19)
(-31.4083 183.327 6.85104e-19)
(-29.0933 161.15 7.32992e-19)
(-26.5131 139.98 -6.70864e-19)
(-23.8862 119.83 2.12639e-20)
(-21.2155 101.063 -5.28411e-21)
(-18.4952 84.0006 6.30212e-19)
(-15.7463 68.9654 -1.32614e-18)
(-12.946 56.369 6.54853e-19)
(-10.0102 46.5451 -6.53629e-19)
(-6.96892 39.8011 1.37997e-18)
(-3.88411 36.2129 -1.37927e-18)
(-0.670639 35.6925 6.47942e-19)
(2.7938 38.0365 0)
(6.65021 43.1985 -6.53392e-19)
(10.6041 51.0343 6.55712e-19)
(14.1642 60.9849 0)
(17.1513 72.5328 0)
(19.7151 85.0851 -1.32544e-18)
(22.0819 98.76 -1.33092e-18)
(24.2783 112.564 1.67134e-19)
(56.974 506.106 0)
(28.9334 514.076 -3.43713e-16)
(-43.0764 187.701 6.73422e-19)
(-59.3455 249.416 -1.35752e-18)
(-76.41 313.684 3.48083e-19)
(-95.1478 376.986 0)
(-112.137 433.014 1.68709e-19)
(-121.284 476.639 2.82948e-18)
(-120.575 507.853 -2.46042e-18)
(-112.544 529.773 -1.98512e-20)
(-98.9519 542.866 5.17895e-21)
(-81.0375 548.265 -2.59709e-18)
(-61.0445 548.243 5.07217e-18)
(-40.5157 546.319 -2.46351e-18)
(-19.7782 544.356 0)
(1.00399 543.669 2.48469e-18)
(21.8504 544.996 -2.56529e-18)
(43.05 546.93 -5.82251e-21)
(63.612 547.761 -3.11715e-19)
(83.118 546.202 7.82674e-20)
(99.9608 539.103 3.2413e-18)
(112.227 524.869 -5.22107e-18)
(119.468 502.16 2.63983e-18)
(119.327 469.966 -2.69903e-18)
(109.439 425.824 -3.82277e-19)
(92.9996 369.852 2.7253e-18)
(75.3858 307.712 0)
(58.4953 244.727 -1.37464e-18)
(42.1782 184.326 1.35614e-18)
(26.3507 128.683 -8.37962e-19)
(85.895 446.814 -9.05364e-17)
(-75.2039 139.457 -9.87233e-17)
(-56.8772 128.545 2.56658e-17)
(-46.5041 127.454 -3.06868e-18)
(-30.9277 129.84 1.00959e-17)
(-18.4811 134.762 1.01795e-17)
(-6.12311 141.437 0)
(5.48336 143.476 -5.71351e-17)
(14.8417 142.774 5.92093e-18)
(25.9666 138.048 5.09575e-17)
(38.2298 133.657 -6.23136e-18)
(49.7646 138.241 5.15583e-17)
(65.4133 149.285 -6.34125e-17)
(105.08 169.536 9.44032e-17)
(-75.4709 330.969 9.03731e-17)
(-78.163 292.816 -2.98133e-16)
(-86.3119 206.419 -1.56385e-17)
(-104.935 160.124 5.85784e-18)
(-48.2683 134.005 0)
(-48.1027 134.291 0)
(-47.1089 139.21 0)
(-46.7964 151.915 -3.37507e-19)
(-46.0445 169.885 4.92432e-17)
(-44.2933 189.049 -2.42791e-17)
(-41.6954 207.852 1.76822e-17)
(-38.3352 225.271 0)
(-34.398 241.308 -2.88427e-18)
(-30.0791 255.606 2.85672e-18)
(-25.3486 267.519 0)
(-20.5883 277.175 1.77702e-19)
(-16.1979 285.564 1.40716e-18)
(-13.0132 294.343 -7.21966e-19)
(-10.6327 303.078 1.37638e-18)
(-7.36569 310.353 -4.22237e-18)
(-3.41739 315.927 6.93966e-19)
(0.605923 320.02 -3.11393e-18)
(4.33908 322.697 4.31573e-20)
(7.72184 324.018 3.14274e-18)
(10.878 323.829 2.75176e-18)
(13.922 322.031 -2.44125e-18)
(16.9424 318.398 8.66475e-20)
(19.8784 312.691 0)
(22.6688 304.619 2.58625e-18)
(24.9175 294.072 -2.76595e-18)
(26.7154 281.558 8.58293e-20)
(28.339 267.824 2.7627e-18)
(29.8752 252.444 -2.84405e-18)
(31.2725 234.394 0)
(32.7218 212.21 9.65342e-20)
(32.0772 188.443 -1.4057e-18)
(30.0067 165.684 1.36707e-18)
(27.4451 143.905 1.70942e-19)
(24.7252 123.256 8.50987e-20)
(21.9369 104.101 1.35643e-18)
(19.1295 86.7509 -2.34297e-18)
(16.3844 71.368 1.48639e-18)
(13.6385 58.2975 -1.64234e-18)
(10.8109 47.8434 2.27557e-18)
(7.79615 40.3578 -2.26138e-18)
(4.59832 36.1009 0)
(1.20789 35.1173 1.29267e-18)
(-2.45981 37.1922 0)
(-6.5764 42.3195 -1.30193e-18)
(-10.9178 50.338 1.29869e-18)
(-14.9088 60.7219 -1.30874e-18)
(-18.187 72.8613 2.62592e-18)
(-20.8593 86.07 0)
(-23.1483 100.337 -6.60423e-19)
(-25.167 114.548 -6.023e-22)
(-27.0195 130.889 0)
(-23.5657 449.483 0)
(-48.1813 491.593 1.93299e-16)
(1.6561 403.602 -4.90748e-17)
(-6.6901 405.033 0)
(210.846 585.183 0)
(212.8 599.701 3.36334e-16)
(172.039 629.445 -4.14713e-18)
(180.201 592.006 -4.43353e-18)
(-21.9794 487.277 3.48202e-16)
(0.740935 509.181 -5.31967e-16)
(-19.5074 41.1356 0)
(-10.0571 494.686 0)
(-28.9236 639.603 -8.2199e-18)
(22.2755 53.4468 -3.63182e-16)
(35.9373 87.0451 -1.52014e-19)
(60.7235 126.805 -1.73041e-16)
(102.205 179.355 1.74237e-16)
(156.787 243.256 -1.78734e-16)
(198.815 300.767 0)
(222.278 353.622 5.55335e-16)
(224.872 392.443 -1.58064e-16)
(188.835 423.091 1.63109e-16)
(-28.7547 373.665 9.63775e-17)
(-31.1623 699.561 -1.76911e-16)
(49.1351 434.599 2.16806e-16)
(27.0508 412.106 6.87894e-17)
(4.9162 390.157 -7.51633e-17)
(-9.75524 378.586 2.43248e-17)
(-24.8482 56.9487 2.17677e-16)
(-108.635 452.736 -3.20079e-16)
(-147.606 444.196 -1.73044e-16)
(-186.945 423.795 1.82914e-16)
(-219.772 394.484 0)
(-220.628 359.401 0)
(-200.773 308.752 -1.81952e-16)
(-159.425 250.496 0)
(-105.327 183.518 8.9037e-18)
(-62.7002 126.856 -1.81831e-16)
(-39.5093 87.1328 -3.88399e-16)
(182.536 613.755 1.56179e-16)
(196.97 612.762 -1.65864e-16)
(215.426 592.156 -1.63381e-16)
(-3.24595 403.286 1.23038e-17)
(-34.5967 486.765 -2.79228e-16)
(-33.6944 469.811 -3.74442e-16)
(38.3869 486.739 -1.74212e-16)
(41.0848 508.029 0)
(15.4298 38.4836 0)
(17.116 37.8628 1.09483e-16)
(13.8256 42.4322 -5.12389e-17)
(16.5475 58.798 -4.73723e-17)
(16.2556 66.1815 4.51952e-17)
(16.598 75.1027 0)
(19.315 96.1174 0)
(20.2748 114.088 0)
(19.3299 134.787 5.57412e-18)
(17.4797 149.88 0)
(14.2799 161.539 2.79945e-18)
(11.2462 171.07 0)
(8.97958 180.142 7.00118e-19)
(7.84497 189.516 0)
(6.57811 198.071 0)
(4.92654 205.099 0)
(2.88901 211.031 0)
(0.674631 215.791 -1.38274e-18)
(-1.55048 219.204 3.69593e-19)
(-3.70638 220.79 1.40089e-18)
(-5.73243 220.46 -1.0313e-18)
(-7.67835 218.064 1.39451e-18)
(-9.51162 213.527 1.50569e-18)
(-11.1142 206.844 -7.42596e-19)
(-12.4116 198.018 -6.92427e-19)
(-13.213 187.241 6.78486e-19)
(-13.6185 175.34 -6.78376e-19)
(-14.0776 162.862 0)
(-14.6095 149.155 0)
(-15.1477 132.813 -6.83248e-19)
(-15.0244 114.857 6.92136e-19)
(-13.6118 98.1163 0)
(-11.8489 82.7356 0)
(-10.1996 68.4604 6.55495e-19)
(-8.78289 55.5747 -6.64832e-19)
(-7.55476 44.18 -1.03174e-20)
(-6.48051 34.3498 3.18803e-22)
(-5.48776 26.0082 6.50379e-19)
(-4.49745 19.2187 -6.58206e-19)
(-3.59777 13.9915 0)
(-2.7636 10.3274 -6.8569e-19)
(-1.92926 8.26229 7.7071e-20)
(-0.967009 7.86916 6.44263e-19)
(0.205484 9.15671 -6.50109e-19)
(1.79501 12.3127 1.29811e-18)
(3.66152 17.3817 -9.81241e-19)
(5.44036 24.2379 -6.59839e-19)
(7.09598 32.6341 6.53704e-19)
(8.55824 42.2017 0)
(9.94145 52.9575 6.60546e-19)
(11.1573 64.29 -3.29622e-19)
(12.631 77.3344 5.7871e-19)
(-19.7977 410.212 -8.16278e-17)
(-12.0454 388.907 -5.58511e-18)
(5.89203 376.38 -1.72547e-18)
(22.0625 365.646 2.45667e-17)
(57.54 346.251 0)
(77.7907 316.857 0)
(95.2701 271.768 0)
(107.132 212.747 0)
(128.868 184.148 -1.00236e-16)
(196.45 599.592 -3.43302e-16)
(-10.8271 425.154 -2.3332e-17)
(13.0656 497.264 3.40125e-16)
(-15.4082 445.211 0)
(3.43991 424.233 0)
(201.671 604.295 1.05663e-18)
(176.718 629.487 3.56678e-18)
(-47.6426 335.729 1.99419e-16)
(-71.1254 303.24 1.504e-17)
(-82.4368 242.155 0)
(-150.843 171.244 -1.67463e-16)
(-23.6514 624.337 -3.81363e-16)
(-44.2026 466.966 -1.09685e-16)
(-141.783 266.49 4.41e-17)
(-58.7865 321.387 0)
(-15.3764 347.854 -1.96654e-17)
(3.18033 362.647 -1.38453e-17)
(8.18302 367.969 -1.70017e-17)
(7.93168 373.631 -1.69717e-17)
(6.44771 377.824 -4.92208e-17)
(4.5709 377.375 8.26109e-18)
(2.37856 375.42 9.8898e-17)
(0.447195 369.758 1.10809e-18)
(1.70657 361.997 -4.84454e-17)
(11.3819 351.418 4.46598e-17)
(59.104 328.157 -2.66379e-18)
(148.624 287.697 -2.43276e-17)
(167.364 205.952 -1.85176e-16)
(195.249 142.257 0)
(-28.8852 143.501 3.33678e-19)
(-44.9901 200.389 0)
(-60.8485 261.517 2.37759e-18)
(-76.3868 324.818 -1.02759e-18)
(-92.8751 386.836 -2.51313e-18)
(-108.773 442.061 2.55843e-18)
(-118.691 487.031 0)
(-119.217 518.583 0)
(-112.006 538.122 2.05432e-20)
(-98.8424 550.742 0)
(-81.9202 556.836 1.95519e-20)
(-62.6315 558.03 8.26153e-20)
(-41.9542 557.508 2.64993e-18)
(-20.5846 556.572 1.4107e-20)
(0.866909 556.275 -2.63826e-18)
(22.4034 557.153 -2.07715e-20)
(44.1947 558.065 -8.28589e-20)
(64.8906 557.58 2.52417e-19)
(83.4894 554.861 -8.23908e-20)
(99.4917 547.303 0)
(111.705 533.687 0)
(118.02 513.345 1.60925e-19)
(116.852 480.814 0)
(106.643 435.357 3.39404e-19)
(91.5265 380.401 3.42115e-19)
(76.0474 319.382 8.57614e-20)
(60.4757 257.094 -1.71144e-19)
(44.4593 197.115 -1.35783e-18)
(28.4309 141.248 1.33845e-18)
(13.9821 88.4097 8.27791e-20)
(-16.2376 40.9737 0)
(-12.5323 42.9246 1.03155e-16)
(-14.1064 46.7197 -1.4797e-16)
(-17.3195 55.7342 -3.7344e-19)
(-19.5047 69.2081 0)
(-20.3289 85.3593 1.16112e-17)
(-20.2793 102.798 -5.77122e-18)
(-19.3764 120.066 0)
(-17.6832 136.078 0)
(-15.4825 150.337 0)
(-13.0707 162.227 -3.5388e-19)
(-10.8664 172.373 9.29797e-22)
(-9.33316 182.569 -7.0129e-19)
(-8.27595 192.78 2.8092e-18)
(-6.44598 201.367 -2.1133e-18)
(-4.18474 208.417 -6.92181e-19)
(-1.84058 213.945 2.79384e-18)
(0.329889 218.118 -1.40636e-18)
(2.2872 220.781 -1.38024e-18)
(4.05907 221.785 1.40012e-18)
(5.76923 221.088 8.66912e-20)
(7.45237 218.635 -1.72648e-19)
(9.08794 214.348 -8.62314e-20)
(10.6164 208.11 -1.37684e-18)
(11.9559 199.823 1.3852e-18)
(12.9089 189.527 0)
(13.396 177.946 -1.37802e-18)
(13.9182 165.716 1.3544e-18)
(14.5122 152.344 0)
(15.1348 136.463 2.14411e-20)
(15.3222 118.459 -3.20663e-20)
(14.0898 101.21 0)
(12.367 85.3491 0)
(10.6361 70.5905 0)
(9.11276 57.3247 1.42489e-18)
(7.79818 45.6724 -2.68337e-18)
(6.67556 35.6878 1.38368e-18)
(5.68923 27.1842 -1.62036e-19)
(4.73681 20.1548 3.22156e-19)
(3.87289 14.5817 3.21158e-19)
(3.06101 10.4752 2.29131e-22)
(2.21136 7.95116 0)
(1.2298 7.16552 -6.43609e-19)
(-0.0021943 8.1771 -1.29436e-18)
(-1.68658 11.1851 6.41546e-19)
(-3.70026 16.2839 -2.59874e-18)
(-5.70676 23.3487 2.5952e-18)
(-7.53414 32.1196 -1.3028e-18)
(-9.09039 42.1813 -1.31233e-18)
(-10.4889 53.4486 1.30766e-18)
(-11.6563 65.2072 -1.15257e-18)
(-13.0366 78.5698 6.57524e-19)
(-14.281 89.7905 3.29844e-19)
(23.252 488.332 0)
(-23.1557 466.376 1.64648e-16)
(-3.57891 424.045 2.13197e-17)
(202.077 608.726 3.62084e-16)
(189.705 615.81 -1.58522e-16)
(1.6563 29.3432 -4.0867e-20)
(0.95139 22.0809 1.22469e-19)
(166.233 392.989 -1.48245e-16)
(197.196 485.275 -2.88066e-16)
(1.48533 36.3104 0)
(45.9667 225.627 -1.34713e-18)
(15.1966 113.336 0)
(30.0987 169.253 1.3339e-18)
(73.779 345.584 -1.10265e-19)
(60.849 284.93 2.85646e-18)
(96.842 455.631 2.64596e-18)
(85.4634 403.957 -5.63703e-18)
(108.406 528.44 -5.16094e-18)
(105.721 497.739 2.51042e-18)
(93.2259 561.519 2.45237e-18)
(103.785 548.76 2.49179e-18)
(61.5205 571.94 2.5232e-18)
(78.5558 568.588 -2.44737e-18)
(21.5311 573.03 0)
(42.3561 573.22 -2.43158e-18)
(-20.6043 572.587 0)
(0.448468 572.531 0)
(-60.6246 572.295 -2.43404e-18)
(-41.2838 572.803 0)
(-93.13 564.187 -2.45018e-18)
(-78.0121 570.162 4.8716e-18)
(-109.955 532.928 0)
(-104.573 552.422 0)
(-97.9826 461.247 0)
(-107.47 503.01 0)
(-73.355 349.754 2.99623e-20)
(-85.5 408.934 2.50393e-18)
(-46.0206 228.319 0)
(-60.7261 288.442 -3.01058e-18)
(-1.72518 29.7766 6.52291e-19)
(-1.53772 36.8955 -6.53714e-19)
(-15.3587 114.727 0)
(-30.2573 171.249 -3.32554e-19)
(-0.514315 15.7184 -1.30262e-18)
(-1.00005 22.2791 1.29889e-18)
(-0.548621 4.80012 0)
(-0.319691 9.82735 0)
(-0.301962 -2.58076 0)
(-0.674917 0.503945 0)
(0.407579 -5.14608 1.27907e-18)
(0.160858 -4.3922 6.42898e-19)
(0.534369 -4.39732 2.55472e-18)
(0.449554 -5.06791 -1.92067e-18)
(0.905231 -1.60919 1.27689e-18)
(0.72057 -3.23118 -2.23073e-18)
(0.89226 2.89241 1.27055e-18)
(1.04827 0.448696 0)
(0.686243 9.17915 4.04157e-20)
(0.670316 5.75889 -1.36552e-18)
(0.671563 18.0302 1.32657e-18)
(0.681719 13.2027 -1.30079e-18)
(0.865274 30.555 0)
(0.701975 23.7385 0)
(1.87302 47.3788 -2.12007e-20)
(1.35712 38.4161 2.11354e-20)
(2.19277 63.8899 2.12971e-20)
(2.11205 56.2219 0)
(2.31709 78.0485 1.36584e-18)
(2.21563 70.9767 -1.36623e-18)
(2.30767 90.5893 0)
(2.35935 84.7688 0)
(1.93342 98.8968 -1.36621e-18)
(2.16299 95.3142 1.38082e-18)
(1.34364 102.508 0)
(1.63815 101.356 -8.55746e-20)
(0.639922 101.746 -1.0498e-18)
(1.05009 102.675 0)
(0.0280393 96.4177 -1.40029e-18)
(0.335792 99.6632 1.37658e-18)
(-0.924856 86.4662 -1.38732e-18)
(-0.395446 91.9478 2.78532e-18)
(-1.30289 72.7089 3.49314e-19)
(-1.31788 79.9502 -1.75408e-19)
(-1.91419 57.5861 0)
(-1.58371 65.4224 0)
(-1.60682 38.1041 0)
(-1.96603 48.396 0)
(-1.51716 16.561 -7.17646e-17)
(-1.42413 27.1484 2.22072e-17)
(-1.18405 0.973776 -4.50009e-17)
(-1.77694 7.65743 8.82028e-17)
(1.31638 -3.31156 0)
(0.253506 -2.8138 -9.07597e-17)
(1.73545 -2.85339 -2.47488e-18)
(1.8364 -2.77958 0)
(-5.24889 9.38556 5.53274e-16)
(-0.204689 1.00879 -1.91766e-16)
(-30.6042 36.2283 -4.07783e-18)
(-14.7066 19.4011 0)
(-89.8477 96.9466 0)
(-55.8572 58.1938 -1.83029e-16)
(-129.197 225.906 -3.84273e-16)
(-113.63 153.986 0)
(-96.1902 339.695 -1.73169e-16)
(-122.107 295.108 -1.0042e-17)
(-59.0898 339.611 2.09756e-17)
(-70.2513 349.555 3.19582e-16)
(-5.23561 275.036 1.46939e-19)
(-24.1802 294.982 -2.0691e-17)
(25.6456 281.208 2.74976e-17)
(5.97773 268.143 -9.58645e-19)
(77.9015 272.753 -1.07453e-16)
(57.1988 288.032 1.20045e-18)
(114.474 212.438 -2.17409e-16)
(97.6894 245.686 -1.85268e-16)
(178.636 101.424 0)
(41.026 462.336 -2.45258e-17)
(53.4914 411.958 0)
(7.67861 478.169 6.28332e-18)
(19.4895 473.003 -1.26423e-17)
(2.24906 484.366 4.39742e-17)
(3.62171 482.173 -4.3481e-17)
(1.33149 487.79 -2.17889e-17)
(1.70352 486.223 0)
(0.0745069 490.321 -2.1622e-17)
(0.802985 489.406 4.35108e-17)
(-3.40739 490.272 0)
(-0.85628 490.767 0)
(-21.1003 481.326 0)
(-8.85254 487.494 0)
(-147.563 220.977 -3.38313e-17)
(-45.4406 464.093 0)
(148.851 158.937 3.54909e-16)
(-170.717 239.893 1.70866e-16)
(-138.402 89.8739 -1.22841e-16)
(-134.665 180.57 0)
(-145.573 172.112 -1.00472e-16)
(-151.172 144.819 -1.13218e-16)
(-100.685 237.503 9.90063e-17)
(-124.979 208.956 2.21675e-16)
(-58.1306 293.408 1.73348e-16)
(-75.7204 264.843 -1.03572e-16)
(-22.2051 279.296 -2.41683e-17)
(-40.0275 290.594 -1.70619e-16)
(17.9025 312.956 4.30651e-17)
(-5.94585 288.286 2.33858e-17)
(74.8382 330.635 1.90821e-16)
(40.6238 329.895 -1.096e-17)
(137.421 263.59 2.23997e-17)
(111.115 308.645 -1.7737e-16)
(115.314 145.399 5.61975e-16)
(138.97 204.902 -1.8057e-16)
(55.4255 58.5153 1.79103e-16)
(88.9106 95.4352 2.4156e-18)
(14.5139 20.8 0)
(29.9418 36.4723 0)
(-1.35836 0.615353 -1.90026e-16)
(4.0716 10.0946 1.7736e-16)
(-3.40473 -4.61141 0)
(-2.25664 -4.05021 0)
(-0.778849 -2.77226 0)
(-2.15037 -4.07408 0)
(1.62029 6.51 2.17162e-17)
(1.472 1.5017 -4.39686e-17)
(1.6147 22.2129 1.11948e-17)
(1.16225 12.5063 -3.25629e-17)
(2.07915 45.3689 -2.75742e-18)
(1.7523 33.5367 -8.26763e-18)
(1.89121 64.0116 -2.76705e-18)
(2.37112 55.7117 0)
(1.06281 77.8828 0)
(1.31962 70.9725 0)
(0.536003 89.6579 2.76359e-18)
(0.948945 84.2861 0)
(-0.1614 97.9243 2.77178e-18)
(0.138954 94.2172 -4.17337e-18)
(-0.86676 102.081 0)
(-0.456514 100.545 -1.39471e-18)
(-1.68608 101.282 2.72869e-18)
(-1.36503 102.211 -1.35814e-18)
(-2.27305 95.0669 -6.39904e-19)
(-2.01918 98.8919 -1.38111e-18)
(-2.4141 83.8809 0)
(-2.40211 90.0358 6.88263e-19)
(-2.21657 69.6924 6.82781e-19)
(-2.33 76.8901 -6.72119e-19)
(-2.08772 54.6541 -6.79439e-19)
(-2.18094 62.5034 6.81899e-19)
(-1.23023 36.9726 0)
(-1.82101 45.7257 -5.29784e-21)
(-0.691172 22.9043 0)
(-0.8202 29.4228 0)
(-0.667113 12.7107 0)
(-0.666057 17.4131 0)
(-0.630539 5.28405 -6.43639e-19)
(-0.654925 8.71586 5.05173e-21)
(-0.999772 0.0313556 6.30676e-19)
(-0.876473 2.4192 -4.19122e-21)
(-0.633648 -3.23186 -3.99545e-20)
(-0.811277 -1.86193 0)
(-0.435456 -4.56214 1.28511e-18)
(-0.489951 -4.13572 -6.42569e-19)
(-0.100086 -3.48066 -6.4885e-19)
(-0.378956 -4.41035 -6.42427e-19)
(0.50838 1.4369 3.22787e-19)
(0.338206 -1.62369 9.69507e-19)
(0.250457 10.2345 -1.62358e-19)
(0.361478 5.52153 4.87128e-19)
(0.47195 15.8146 -4.08095e-19)
(133.009 93.8537 3.69147e-16)
(137.661 197.202 -6.38191e-17)
(7.20841 444.809 3.97428e-17)
(138.408 652.805 -1.03399e-16)
(2.53525 52.1001 0)
(1.29354 478.51 1.9735e-17)
(-2.57524 52.7828 3.28067e-19)
(-7.72403 327.151 -2.59143e-16)
(129.216 52.8694 0)
(78.6956 -52.3584 -2.39733e-16)
(-77.6318 -59.3351 0)
(-53.0636 -103.616 0)
(54.5392 -99.0402 -5.35025e-18)
(14.8286 -121.516 -2.23612e-18)
(-14.5751 -124.816 2.23648e-18)
(118.116 664.204 6.36492e-18)
(52.8544 482.005 9.09756e-17)
(-9.22836 444.939 0)
(-11.5803 466.582 -2.9219e-16)
(12.5501 465.442 1.54828e-16)
(-57.3834 691.643 -5.92526e-17)
(-9.2197 685.672 -9.73317e-17)
(-34.5341 692.734 8.28003e-17)
(-5.99572 616.611 3.87915e-16)
(27.0854 633.746 -1.82973e-16)
(10.9647 625.286 3.8198e-16)
(14.1527 608.424 7.42452e-18)
(47.4314 626.355 -3.71237e-16)
(31.0833 617.742 -1.84887e-16)
(32.5653 600.653 -3.75588e-16)
(68.5324 619.933 7.29853e-18)
(49.563 610.72 -1.81266e-16)
(50.143 593.296 -3.82396e-16)
(92.9433 614.106 -3.54855e-16)
(69.8232 604.19 0)
(80.0511 484.343 8.48147e-16)
(192.177 616.3 0)
(-111.869 56.1919 0)
(-202.827 612.49 2.57494e-16)
(127.356 87.9121 0)
(169.868 635.882 5.68283e-16)
(128.802 560.775 4.35024e-16)
(90.5177 498.934 -5.00753e-16)
(-172.177 628.946 0)
(-167.053 622.559 6.65328e-18)
(111.267 484.69 0)
(26.8986 676.75 2.46761e-16)
(-25.0972 704.298 2.58691e-17)
(-49.731 477.645 -7.0922e-16)
(65.2462 276.931 -8.24595e-16)
(-18.6365 678.117 6.90826e-16)
(44.7191 108.779 -2.23948e-16)
(-55.9982 363.078 0)
(75.8575 248.477 0)
(-28.7713 286.854 0)
(111.678 541.034 0)
(-124.926 641.635 7.98982e-16)
(19.276 444.056 -7.66007e-16)
(-20.2492 667.197 -3.17085e-16)
(151.746 266.541 -5.20435e-16)
(10.93 677.72 -1.08182e-15)
(-46.654 521.42 -2.20956e-16)
(103.095 666.254 -1.67725e-17)
(79.0832 672.605 -3.26708e-16)
(-77.5783 653.776 6.42204e-17)
(-73.3175 614.804 -4.19357e-16)
(116.077 58.6724 -1.40558e-16)
(-15.0662 309.782 4.88014e-16)
(-74.3781 544.464 3.13513e-16)
(-49.9105 126.17 0)
(12.1861 31.4438 0)
(19.3746 448.831 9.34538e-16)
(-80.3737 256.261 0)
(9.17542 355.488 -5.22618e-16)
(234.584 569.75 -4.35364e-16)
(-150.218 135.576 -6.03786e-16)
(70.7447 442.384 1.01891e-16)
(101.11 611.411 -8.45379e-17)
(60.7379 528.422 0)
(238.062 501.097 1.26045e-18)
(8.1448 693.495 3.29194e-16)
(-13.1838 350.859 -4.265e-17)
(-144.654 440.645 5.45578e-16)
(-79.8395 579.787 -8.64931e-16)
(78.8879 651.404 -2.39767e-16)
(13.1594 731.764 3.81499e-16)
(4.49555 730.976 -3.52111e-16)
(162.197 427.382 1.94798e-16)
)
;

boundaryField
{
    wall
    {
        type            noSlip;
    }
    outlet
    {
        type            zeroGradient;
    }
    inlet
    {
        type            fixedValue;
        value           uniform (0 50 0);
    }
    frontAndBackPlanes
    {
        type            empty;
    }
}


// ************************************************************************* //
