/*--------------------------------*- C++ -*----------------------------------*\
| =========                 |                                                 |
| \\      /  F ield         | OpenFOAM: The Open Source CFD Toolbox           |
|  \\    /   O peration     | Version:  2212                                  |
|   \\  /    A nd           | Website:  www.openfoam.com                      |
|    \\/     M anipulation  |                                                 |
\*---------------------------------------------------------------------------*/
FoamFile
{
    version     2.0;
    format      ascii;
    arch        "LSB;label=32;scalar=64";
    class       surfaceScalarField;
    location    "0.0462";
    object      phi;
}
// * * * * * * * * * * * * * * * * * * * * * * * * * * * * * * * * * * * * * //

dimensions      [1 0 -1 0 0 0 0];

oriented        oriented;

internalField   nonuniform List<scalar> 
4475
(
5.51222e-05
-4.61342e-05
-9.22419e-05
9.55912e-05
1.0005e-05
-8.88363e-05
-6.5619e-09
7.88606e-05
-0.000128391
0.000148843
1.70566e-05
-3.08468e-05
-3.4653e-05
-0.000164548
5.06594e-05
0.000148961
-0.000139897
0.000121754
0.000127556
-0.000115091
5.77381e-05
-0.000129549
-8.41736e-05
0.000151303
3.57214e-05
-7.65018e-05
0.000193411
-0.000166242
-0.000125228
-5.55801e-05
0.00014917
2.42386e-05
8.87952e-05
-0.000141667
-9.21493e-05
-0.000743398
-1.28171e-05
6.74104e-05
0.000705349
-0.000109651
6.52053e-05
-0.000678713
-0.000639084
0.000118466
-0.000101107
0.000643795
-0.00058807
4.24704e-05
-7.42527e-05
-0.000533819
2.86694e-05
-6.77548e-05
-0.00047746
2.12836e-05
-6.72262e-05
-0.000423886
1.93755e-05
-6.87113e-05
1.96421e-05
-0.000362081
-7.79292e-05
0.000368468
-4.18512e-05
-0.000325514
-3.4535e-06
0.000441714
-4.88723e-05
0.000499589
-3.3358e-05
0.000559223
-2.67517e-05
0.000622039
-1.67739e-05
0.000692694
-4.76005e-06
0.000827863
8.55403e-06
0.000783144
-4.18191e-05
0.000787382
7.3434e-07
0.00103531
9.57342e-05
-0.000324892
0.00100844
3.02079e-05
1.43856e-05
0.000246943
-0.00022413
-1.54656e-06
-0.000318783
-8.84374e-05
0.00100254
3.75885e-05
-2.11104e-05
0.000991898
4.60438e-05
-2.74924e-05
0.0009707
5.45295e-05
-2.79029e-05
0.000928717
6.42417e-05
-2.1698e-05
0.000869071
6.66938e-05
-9.82046e-06
0.000791908
6.80592e-05
4.32306e-06
0.000708088
6.37463e-05
2.15786e-05
0.000621796
5.48918e-05
3.85918e-05
0.000537302
4.46794e-05
5.00738e-05
0.000458437
3.73132e-05
5.19623e-05
0.000389784
3.33684e-05
4.41211e-05
0.000331647
3.44784e-05
2.95436e-05
0.000282238
3.81577e-05
1.27422e-05
0.000241219
4.2235e-05
-2.75082e-06
4.85026e-05
0.000207321
-1.77152e-05
-0.000247142
0.000214249
8.10681e-05
-0.000286794
8.26077e-05
-0.000333939
8.78751e-05
-0.000390761
9.79513e-05
-0.000457343
0.000109159
-0.000531585
0.000122849
-0.000609834
0.000134217
-0.000692451
0.000146137
-0.000768745
0.000143332
-0.000837353
0.000133832
-0.000895181
0.000123031
-0.000933358
0.000103648
-0.000955101
8.21563e-05
-0.000961144
6.08634e-05
-0.000959522
4.66724e-05
-0.000969449
5.77273e-05
-0.000705661
0.00014231
-0.00038778
-0.000684036
6.3236e-05
-0.000605438
3.94399e-06
-0.000563008
-5.30133e-05
2.68294e-05
-0.000551388
-9.68979e-05
-0.000505969
-0.000102692
-0.000456524
-0.000104292
-0.000406847
-0.000108202
-0.0003591
-0.000112974
-0.00031751
-0.000117643
5.32738e-05
-2.70438e-05
0.000175899
7.97746e-05
0.000185975
0.000398171
-0.000116335
-0.000325655
0.000457622
-8.70789e-05
0.000520003
-7.66342e-05
0.000586669
-6.48278e-05
0.000661052
-5.60507e-05
0.0007391
-4.79129e-05
0.000766827
-5.0256e-05
0.000815418
-3.06884e-05
0.000920492
6.06582e-06
0.000952457
-3.68533e-06
0.000953633
-1.21105e-05
0.000943338
-1.0011e-05
0.000918336
2.59926e-06
0.000874997
2.25859e-05
0.000813445
4.81512e-05
0.000736356
7.64731e-05
0.000654484
0.0001041
0.000570993
0.000127863
0.000491579
0.000138167
0.00041988
0.000132604
0.00035927
0.000112104
0.0003081
8.55103e-05
0.00026425
5.69866e-05
0.000226606
3.2021e-05
0.000193315
1.04258e-05
-4.77085e-05
-0.000297386
1.22079e-05
-4.75169e-06
0.000163541
-0.000105298
-0.000268002
-0.000282087
-0.000127596
-0.000216599
0.00019329
0.000104406
-0.000243837
0.000110554
-0.000276179
0.000118053
-0.000317134
0.000132996
-0.000364732
0.000152552
-0.000420482
0.000174539
-0.000483326
0.000197464
-0.000552214
0.000215303
-0.000617932
0.000221954
-0.000683295
0.000214316
-0.000744893
0.000195836
-0.000790332
0.00016883
-0.000822322
0.000138773
-0.000837601
0.000104741
-0.000839958
7.21288e-05
-0.00082735
4.51283e-05
-0.000788574
3.40433e-05
-0.000661949
3.3378e-05
-0.000579092
-2.12182e-06
-0.000516358
-4.2088e-05
-0.00046678
-8.61456e-05
-0.000431772
-0.000116382
-0.000391175
-0.000129807
-0.000348036
-0.000137083
-0.00030845
-0.000141026
-0.000273424
-0.000145317
-0.00024334
-0.000147203
-0.000143464
4.36814e-05
-3.24984e-05
0.000115339
-5.55408e-05
-9.37271e-05
3.09913e-05
-0.000133628
-3.95578e-05
0.000155999
1.36386e-05
3.62448e-05
0.000318552
-0.000102567
2.86358e-05
-0.000254267
0.000330426
-0.000124271
0.000376517
-0.000126265
0.000430712
-0.000118404
0.000493587
-0.000109218
0.000557884
-0.000100368
0.00061919
-9.179e-05
0.000666041
-8.19146e-05
0.000711681
-6.27263e-05
0.000769597
-3.94564e-05
0.000803431
-2.61467e-05
0.000814202
-1.34807e-05
0.000804745
5.70824e-06
0.000779413
3.26855e-05
0.000736747
6.6334e-05
0.000680481
0.000100648
0.000612337
0.00014085
0.000538754
0.000178072
0.000468718
0.000202279
0.00040547
0.000208165
0.000352068
0.000192827
0.000306186
0.000163092
0.000267799
0.000126789
0.000234091
8.97362e-05
0.000203856
5.81739e-05
0.000175954
3.21732e-05
0.000149824
1.30428e-05
2.61992e-05
0.000127219
-1.32716e-05
4.51732e-05
0.0001362
6.69386e-05
0.000147644
8.83671e-05
0.00016099
-0.000139031
0.00015373
-7.7827e-05
0.000172851
0.00010782
2.86666e-05
-0.000119997
-5.75374e-05
0.000105466
2.60814e-05
-0.000112395
-2.07541e-05
-0.000144105
-0.000249758
-1.72132e-05
-9.82408e-06
0.000138295
-0.000113305
0.000155331
0.000112609
-0.000153718
-0.000338729
-3.10354e-05
6.03109e-05
-0.000223398
-0.000150888
3.34213e-05
-2.55806e-05
0.000105895
4.72866e-05
0.000110885
6.45232e-05
0.000120676
8.25212e-05
0.000135135
9.99378e-05
0.000148939
-0.000181945
0.000115947
0.000160301
-0.000196752
0.0001238
-0.000214055
0.000126277
-0.000232241
0.000134207
-0.000256234
0.000147722
-0.000285164
0.000167519
-0.000318689
0.000193167
-0.000356967
0.000222771
-0.000400083
0.000252647
-0.000446913
0.000274851
-0.000495126
0.000281364
-0.00054364
0.000270571
-0.000587561
0.000243348
-0.000620931
0.000204483
-0.000641715
0.000164324
-0.000649186
0.000120233
-0.000645308
7.75625e-05
-0.000625354
3.67331e-05
-0.000582987
5.53922e-06
-0.000513079
-2.12239e-05
-0.000448424
-5.08998e-05
-0.000386956
-8.8318e-05
-0.000340512
-0.000118322
-0.00030234
-0.000142222
-0.000264983
-0.00015678
-0.000230686
-0.000163276
-0.000200448
-0.000166521
-0.000176719
-0.000167065
-0.00016379
-0.000160003
-9.57502e-05
5.64571e-05
-0.000202728
0.000225833
6.58627e-05
5.68657e-05
-5.90599e-05
-5.46106e-05
0.000150097
-0.000132631
0.000103997
7.0298e-05
-0.000131079
9.64226e-05
0.000103527
-0.000113307
6.98599e-05
0.000126394
-0.000112962
0.000141982
-0.0001192
8.75718e-05
0.00015692
-0.000127606
0.000176309
-0.000136212
0.000101559
0.000206868
-0.000142234
0.000235491
-0.000150338
0.000272102
-0.00015474
0.00031499
-0.000150234
0.000366429
-0.000143967
0.000417324
-0.000135343
0.000465343
-0.000126491
0.000505719
-0.000110911
0.000544102
-9.12687e-05
0.000581043
-6.71675e-05
0.000605263
-4.18389e-05
0.000612105
-1.346e-05
0.000602524
2.02728e-05
0.000580023
5.89657e-05
0.000544621
0.000103115
0.000496472
0.000146443
0.000440875
0.000194311
0.000386708
0.000232596
0.000338157
0.000253907
0.000299971
0.000250868
0.000268286
0.000228634
0.000242072
0.000191617
0.00021964
0.00014937
0.000197471
0.000109451
0.000174416
7.64159e-05
0.000154736
4.56858e-05
0.000134283
2.5016e-05
0.000117583
-6.78505e-06
-2.40946e-05
0.000100936
-1.30761e-05
-0.000141214
0.000115275
4.28787e-05
-0.00012872
0.000137053
1.68793e-05
-1.39233e-05
-8.58722e-06
1.14488e-05
0.000103581
-0.00012764
-7.21745e-05
9.67438e-05
9.6959e-05
4.64021e-05
-5.77651e-05
-7.78148e-05
6.47205e-05
-8.06834e-05
-0.000156339
-0.000216676
-0.000243195
-3.56443e-08
0.000285008
-0.000187423
0.000170112
0.000129399
-0.000198265
0.000138328
-0.000206439
0.000142099
-0.000217072
0.000152937
-0.000229278
0.000167395
-0.000245026
0.000189964
-0.000263155
0.000218725
-0.000282223
0.000251769
-0.000302305
0.000284966
-0.000324138
0.000309878
-0.000347625
0.000317114
-0.000373101
0.000305859
-0.000398793
0.000275312
-0.000421807
0.000232143
-0.00043283
0.000181849
-0.00043652
0.000132194
-0.000428884
7.90819e-05
-0.000410885
2.93952e-05
-0.000378473
-1.43653e-05
-0.000334676
-5.19604e-05
-0.000286299
-8.57891e-05
-0.000241209
-0.000120571
-0.000203794
-0.000144751
-0.000171791
-0.000164842
-0.000142923
-0.000177876
-0.000117682
-0.000182836
-9.74653e-05
-0.000183137
-8.3527e-05
-0.000179164
-7.36231e-05
-0.000173141
-0.000160676
-0.00015234
-0.000118425
-3.08275e-05
0.000138061
-9.95853e-05
8.35448e-05
-6.85917e-05
8.68164e-05
5.11236e-05
-0.00012224
-6.7948e-05
5.68684e-05
-0.000130181
6.55402e-05
-0.000135677
7.32356e-05
-0.000142934
8.04829e-05
-0.00015145
8.9565e-05
-0.000160027
0.000105147
-0.000166653
0.000127919
-0.000171814
0.00015615
-0.000174436
0.000188227
-0.000172975
0.000224528
-0.000167435
0.000261099
-0.000160009
0.000293887
-0.00014919
0.00032284
-0.000132588
0.000348307
-0.000110433
0.000369552
-8.25406e-05
0.000382833
-4.94581e-05
0.000385461
-1.08485e-05
0.00037646
3.35192e-05
0.00035688
8.19479e-05
0.000330278
0.000131484
0.000293471
0.000183074
0.000258206
0.000229153
0.000228561
0.000262878
0.000208401
0.000276062
0.000194099
0.000267688
0.000185823
0.000238722
0.000179394
0.000198326
0.000170472
0.00015663
0.000158274
0.000118656
0.000143585
8.65588e-05
0.000130656
5.28839e-05
0.000115004
3.25342e-05
0.000102602
-4.47517e-06
8.77373e-05
-2.56163e-05
7.15598e-05
-7.91616e-05
7.7102e-05
6.4201e-05
8.93752e-05
6.62325e-05
8.64044e-05
7.70765e-05
8.44019e-05
8.86102e-05
9.474e-05
9.98578e-05
0.00011019
0.000111804
0.000123403
0.000125543
0.000132889
0.000145457
0.000137761
2.25877e-05
1.38492e-05
-1.3603e-05
1.20457e-05
-1.94966e-05
0.000104816
-9.04667e-05
3.81061e-06
-4.78361e-06
1.09707e-07
1.03941e-06
3.19072e-05
-9.63415e-05
6.93787e-05
-8.48367e-05
8.1173e-05
9.06359e-06
-1.93182e-05
-1.72568e-05
-7.34931e-05
-0.000161383
-0.000152643
-0.000159669
-0.000103626
-1.07397e-05
-3.83182e-06
1.53546e-05
-9.95041e-05
0.0001172
2.86106e-05
7.46093e-05
-8.41101e-05
-1.1753e-05
0.000130512
0.000167195
1.07699e-05
-1.11041e-05
-0.000129214
1.04611e-05
-0.000140464
1.11215e-05
-0.000149704
1.06268e-05
-0.000157679
9.3151e-06
-0.000165833
9.2398e-06
-0.000173677
1.4224e-05
-0.000180003
2.68139e-05
-0.000183687
4.5024e-05
-0.000184728
6.38026e-05
-0.000184295
8.52552e-05
-0.00017993
0.000105514
-0.000172178
0.000122924
-0.000160649
0.00013764
-0.000143177
0.000149584
-0.000119067
0.000158138
-8.80972e-05
0.000161967
-4.97403e-05
0.000159496
-4.2737e-06
0.000151577
4.50649e-05
0.000139249
9.75203e-05
0.000122341
0.00015089
0.000105496
0.0002015
9.3351e-05
0.000242519
9.00238e-05
0.000267692
9.47531e-05
0.000273095
0.000104926
0.000258989
0.000116641
0.00022771
0.000123801
0.000190567
0.00012461
0.00015381
0.000121381
0.000119231
0.0001141
9.01214e-05
0.000105617
5.65182e-05
9.3813e-05
3.65743e-05
8.24582e-05
-3.17094e-06
6.86998e-05
-2.85265e-05
5.55967e-05
-8.02165e-05
0.000111609
-0.000127293
4.91225e-05
9.38748e-05
6.79826e-05
7.79797e-05
7.88866e-05
6.67443e-05
7.46627e-05
6.31987e-05
6.83998e-05
6.59805e-05
7.41148e-05
7.25262e-05
8.60089e-05
8.13696e-05
9.64604e-05
9.25235e-05
0.00010288
0.000104385
0.000116216
-0.000162754
0.000139905
0.000114194
-0.000180277
0.000145588
-0.000192186
0.000139129
-0.000196201
0.000147193
-0.000197912
0.000152537
-0.00019886
0.000162969
-0.000201165
0.00017796
-0.000204453
0.000200295
-0.000206504
0.000228439
-0.000206899
0.000261968
-0.00020399
0.000294173
-0.000200514
0.000319631
-0.000199089
0.00032835
-0.00020265
0.000320025
-0.00021025
0.000290852
-0.000217757
0.000247716
-0.000221762
0.000193994
-0.000219704
0.000138639
-0.000212763
8.10633e-05
-0.000198956
2.53365e-05
-0.000178419
-2.46467e-05
-0.000151735
-6.8249e-05
-0.00012228
-0.000105105
-9.44842e-05
-0.000138727
-7.0562e-05
-0.000160686
-4.91819e-05
-0.000179549
-3.1268e-05
-0.000190432
-1.64403e-05
-0.000193678
-4.60468e-06
-0.000192161
4.09021e-06
-0.00018582
-0.000173513
5.78204e-06
-0.000113847
-4.33793e-05
0.000125587
-0.000148493
-7.93236e-05
-0.000192646
-0.000135666
0.000163654
6.26222e-05
-9.45193e-05
8.55873e-06
-6.38518e-05
5.00645e-05
-8.14243e-05
-7.61963e-05
-8.05865e-05
-7.52131e-05
-7.94858e-05
9.74301e-05
-7.59397e-05
-0.000113334
-0.000118217
0.000128182
-2.72125e-05
-0.000120729
2.60203e-05
-2.51328e-05
-0.00013813
-2.69682e-05
-0.000148338
-3.27223e-05
-0.000156316
-4.07723e-05
-0.000163702
-5.03516e-05
-0.000170938
-5.91955e-05
-0.000177538
-6.32176e-05
-0.000183002
-5.96612e-05
-0.000185708
-5.30957e-05
-0.000185997
-4.62145e-05
-0.000185239
-3.95883e-05
-0.00018088
-3.36192e-05
-0.000173141
-3.02347e-05
-0.000161258
-2.85111e-05
-0.000143318
-2.82205e-05
-0.000118485
-2.9828e-05
-8.57739e-05
-3.26335e-05
-4.53883e-05
-3.65329e-05
1.87248e-06
-4.01567e-05
5.21684e-05
-4.33828e-05
0.000104741
-4.42336e-05
0.000155642
-4.00377e-05
0.000200633
-2.81574e-05
0.000233725
-8.55497e-06
0.000251062
1.56307e-05
0.000251552
4.144e-05
0.00023518
6.32041e-05
0.000206945
7.80896e-05
0.000175702
8.58281e-05
0.000145391
8.95147e-05
0.000114519
8.68872e-05
9.06152e-05
8.22169e-05
5.75498e-05
7.28914e-05
3.83573e-05
6.04636e-05
3.27477e-08
4.82177e-05
-3.1212e-05
3.28417e-05
-7.18961e-05
3.01751e-05
-0.000134819
0.000169479
9.41175e-06
-0.000151451
0.00017107
3.16636e-05
0.000151769
5.87672e-05
0.000121165
7.34704e-05
0.000107437
5.03865e-05
0.000114359
2.58223e-05
0.000103525
5.21183e-05
8.63902e-05
7.03141e-05
8.48535e-05
6.51597e-05
0.000103327
5.23759e-05
0.000123523
6.98312e-05
0.000143692
0.000104569
-0.00016567
0.000152006
0.000154514
-0.000180017
0.000121795
-0.000188184
0.000147308
-0.000193598
0.00014363
-0.00019171
0.000150609
-0.000186442
0.000156444
-0.000180592
0.000166561
-0.000174392
0.00018042
-0.000167382
0.00020064
-0.000157054
0.000225968
-0.000140438
0.000254948
-0.000119502
0.000284867
-9.63271e-05
0.000309508
-7.50863e-05
0.000320128
-5.80348e-05
0.000314424
-4.6132e-05
0.000290074
-3.82076e-05
0.000249215
-3.28956e-05
0.0001975
-2.60674e-05
0.000140563
-1.81032e-05
8.18316e-05
-8.30818e-06
2.45468e-05
3.00223e-06
-2.77932e-05
1.62705e-05
-7.37378e-05
3.02821e-05
-0.000112124
4.06927e-05
-0.00014267
5.18709e-05
-0.000166593
5.8697e-05
-0.000182101
6.3825e-05
-0.000192165
6.77394e-05
-0.000194867
7.0533e-05
-0.000192576
7.20617e-05
-0.000185138
-0.000171742
7.23575e-05
3.78841e-06
-0.00015881
-0.000101255
-2.21816e-05
-4.84244e-05
-0.000105039
0.000109979
-4.88724e-06
-1.42822e-05
1.78783e-05
2.02214e-06
-6.9526e-07
-0.000143902
7.57082e-05
-8.75327e-05
9.96438e-05
8.23399e-05
-7.63416e-05
7.96887e-05
-7.14917e-05
-9.27755e-05
1.73977e-05
-0.000121355
1.18935e-05
-0.000117704
5.19342e-05
-7.99104e-05
-0.000137955
-7.10459e-05
3.09258e-05
7.67097e-05
-7.14097e-05
0.000261028
-0.000269523
2.94257e-05
0.00023668
5.577e-05
0.000196082
8.04702e-05
0.000155023
9.26962e-05
0.000110833
7.44213e-05
6.34906e-05
5.57872e-05
3.68314e-05
6.40297e-05
2.31175e-05
7.28369e-05
1.39515e-05
6.74049e-05
1.79601e-05
4.4495e-05
3.75899e-05
4.91555e-05
5.46829e-05
9.0728e-05
7.29242e-05
0.000143983
-0.000190594
9.0705e-05
0.000188448
-0.000186415
0.000158374
-0.000192108
0.000128751
-0.000192316
0.000146228
-0.000191972
0.000144656
-0.000185623
0.000150051
-0.000175265
0.000155139
-0.000163489
0.000163959
-0.000150455
0.000175834
-0.000135683
0.000193044
-0.000116767
0.000214534
-9.16817e-05
0.000238869
-5.96501e-05
0.000263721
-2.32257e-05
0.000285433
1.35121e-05
0.000296429
4.88726e-05
0.000291443
7.82054e-05
0.000271769
0.000100915
0.000236442
0.000117913
0.000189801
0.000130645
0.000136619
0.000139847
8.0757e-05
0.000145978
2.59737e-05
0.000150399
-2.55863e-05
0.000153084
-7.09281e-05
0.00015371
-0.000108141
0.000152267
-0.000137499
0.00014936
-0.000160765
0.000144199
-0.000174721
0.000137364
-0.000183449
0.000131848
-0.000187462
0.000126893
-0.000185511
0.000123215
-0.000179059
-0.000168258
0.000122205
-0.000154039
6.92513e-05
7.09752e-05
-0.000106656
-0.000102026
-8.97546e-05
2.28881e-07
-7.87487e-05
-3.10137e-05
2.56281e-05
8.32883e-05
-0.000100449
2.29329e-05
0.000101466
-1.69295e-05
-4.3435e-05
-0.000148104
4.81234e-05
-5.06827e-05
-0.000149741
-6.30072e-05
-0.000155044
-7.81599e-05
-0.000161299
-9.43988e-05
-0.000167772
-0.000110209
-0.000172987
-0.000121193
-0.0001775
-0.000125904
-0.000179332
-0.000129636
-0.000179711
-0.000132417
-0.000178171
-0.000136787
-0.000173374
-0.000142494
-0.000165699
-0.00014957
-0.000153635
-0.000157801
-0.000135584
-0.00016661
-0.000110822
-0.000174453
-7.85913e-05
-0.000180378
-3.89541e-05
-0.000182197
5.95876e-06
-0.00017936
5.3666e-05
-0.000171119
0.000101987
-0.000156672
0.000146931
-0.000134839
0.000184316
-0.000105817
0.000209981
-7.14378e-05
0.000221634
-3.46403e-05
0.000219336
-5.45792e-07
0.000204873
2.46498e-05
0.000184513
4.35149e-05
0.000158633
5.57608e-05
0.000134636
6.25874e-05
0.000108571
6.41616e-05
8.86735e-05
6.12076e-05
5.85135e-05
5.36758e-05
3.94752e-05
4.05219e-05
5.99605e-06
3.01216e-05
-3.14236e-05
1.4669e-05
-5.74945e-05
1.36803e-05
-0.000133682
-4.42556e-06
-0.000131925
9.40455e-06
-0.000276725
-4.61781e-05
-9.06333e-05
8.90932e-05
-9.68525e-05
-2.84295e-05
-0.000140641
1.13274e-05
-2.15479e-05
0.000154323
-4.79941e-05
-0.000127717
8.23494e-05
-9.93091e-06
-0.000130087
-0.000219221
0.000221283
0.000100677
-0.000205863
0.000158109
-0.000203018
0.000134231
-0.000196555
0.000144516
-0.000189526
0.00014204
-0.000179209
0.000146057
-0.000164988
0.000149227
-0.000148724
0.000156014
-0.000131199
0.000166106
-0.000111108
0.000179714
-8.71214e-05
0.000197296
-5.69937e-05
0.000216551
-1.95277e-05
0.000235732
2.37225e-05
0.000253503
7.13486e-05
0.000261012
0.000116611
0.000257808
0.000157327
0.000241976
0.00019098
0.000212911
0.000216825
0.000173343
0.000235442
0.000126575
0.000247183
7.65298e-05
0.000252731
2.67759e-05
0.000252847
-2.0378e-05
0.000249061
-6.33152e-05
0.00024131
-9.7733e-05
0.000230796
-0.000125252
0.000218169
-0.00014701
0.0002044
-0.000160164
0.000191188
-0.000169362
0.000176792
-0.000171767
0.000163593
-0.000170477
0.000154469
-0.000167609
0.00015119
-0.0001625
-0.000150606
0.000120888
0.000145099
-9.94381e-05
2.02649e-05
1.90032e-05
-7.33582e-05
0.000228803
-0.000210705
-1.24898e-05
0.000249513
2.36998e-06
0.000243217
4.92291e-05
0.000201883
0.000101253
0.000143198
0.00012241
0.000141838
4.50211e-05
0.000165774
2.95646e-06
7.04498e-05
0.000135357
-3.51063e-05
0.000156878
-5.27415e-05
6.68346e-05
8.53769e-07
-2.84512e-05
5.77995e-05
-1.615e-05
0.00013071
3.46657e-05
0.000187583
0.00011707
0.000185104
0.000220159
0.000153032
0.000262005
5.78272e-05
-8.98595e-05
-7.90223e-05
-8.79889e-05
-5.83466e-05
-8.87341e-05
-6.12715e-05
-9.02867e-05
-6.58482e-05
-7.19683e-05
-0.000159
0.000100003
0.000182628
-8.62638e-05
-0.000102814
-3.11372e-05
4.21677e-05
-3.74189e-05
3.79675e-05
-1.78913e-05
0.00012119
-0.000138035
-4.0984e-05
-0.000129479
1.88511e-05
-5.99329e-05
-0.000137797
-7.96574e-05
-0.000144732
-0.000100624
-0.000151358
-0.000122716
-0.000157083
-0.000143073
-0.000162134
-0.000159132
-0.000165551
-0.000170263
-0.000167479
-0.000181583
-0.000167449
-0.000192656
-0.000165027
-0.00020381
-0.000160804
-0.000216785
-0.000152942
-0.00023119
-0.000140598
-0.000245748
-0.000123316
-0.000259308
-9.96673e-05
-0.000269415
-6.97268e-05
-0.000274021
-3.36096e-05
-0.000271218
6.67757e-06
-0.000260682
4.94871e-05
-0.000242549
9.15596e-05
-0.000216614
0.000129016
-0.000183151
0.000158985
-0.00014443
0.000178985
-0.000103399
0.000187715
-6.37266e-05
0.000186109
-2.92962e-05
0.000176074
-1.11626e-06
0.000160968
1.84243e-05
0.000143037
3.24258e-05
0.000124143
4.1177e-05
0.000102507
4.52955e-05
8.57955e-05
4.32313e-05
6.0542e-05
3.78813e-05
4.00251e-05
2.55447e-05
1.37431e-05
1.61731e-05
-2.80354e-05
8.28223e-07
-4.20643e-05
-6.99223e-07
-0.00012643
-1.4122e-05
-0.00011743
-2.91517e-05
-0.000261149
-4.07314e-05
-0.000202175
-2.11654e-05
-0.000132332
1.63968e-05
-0.000132248
5.83937e-05
-0.000123368
0.000108903
-3.87788e-05
-7.27794e-05
6.68246e-05
-8.57142e-05
-7.1099e-06
-2.88769e-05
-8.75697e-05
0.000150008
2.02608e-05
-0.000154801
-0.000112731
-4.87774e-06
0.000108197
0.000206161
-0.000117873
-2.2236e-05
-0.000167095
0.000170098
0.00020406
0.000106754
-0.000136501
1.66029e-05
3.16996e-05
-1.95273e-05
-3.72938e-05
6.34682e-05
6.94865e-06
-3.47927e-05
4.11509e-06
0.000129053
2.95709e-06
-0.000129755
-0.00025795
0.0003035
8.24382e-05
-0.000251155
8.914e-05
-0.000228653
0.000144733
-0.000218251
0.000135145
-0.000203313
0.000139047
-0.000189843
0.000136106
-0.000174428
0.00013781
-0.000156737
0.000139205
-0.000137478
0.000144049
-0.000116114
0.000151502
-9.28112e-05
0.000162229
-6.55201e-05
0.00017551
-3.30962e-05
0.000190233
5.34932e-06
0.000205501
5.10272e-05
0.000216519
0.000100434
0.000222138
0.000149581
0.000219361
0.000195521
0.000206425
0.000235242
0.000183041
0.000266992
0.000150698
0.000290008
0.000111672
0.000304314
6.9067e-05
0.000310419
2.59784e-05
0.0003089
-1.48033e-05
0.000300957
-5.26888e-05
0.000289519
-8.50167e-05
0.000274912
-0.000110315
0.000258506
-0.000130742
0.000240354
-0.00014223
0.000222465
-0.000151339
0.000205688
-0.000154212
0.000189916
-0.00015325
0.000172953
-0.000148658
0.000152113
-0.000139456
-0.000128155
0.000115143
3.72675e-05
-8.29746e-05
9.07992e-05
-9.08137e-05
-3.24894e-05
4.00573e-05
-3.41617e-05
9.80927e-05
0.000419533
-0.000356194
-0.00011206
0.000427192
-1.82136e-05
0.000405386
3.07861e-05
0.000367539
9.86404e-05
0.000313981
0.000159484
0.000243044
0.000180115
0.000133927
0.000129073
-5.80886e-06
0.000117938
-8.1147e-05
0.00019214
-0.000123543
0.000192592
-0.000175445
0.000128318
-0.000140914
-3.49187e-05
-6.05991e-05
-5.92285e-05
-2.10349e-05
1.84775e-05
-2.05934e-05
0.000132042
-2.67666e-05
0.000226632
-5.0829e-05
0.000257296
-9.78391e-05
0.000284054
-7.37582e-05
-9.11668e-05
-4.71643e-05
-9.12897e-05
-4.90099e-05
-9.33212e-05
-5.18819e-05
-0.000100212
-5.35678e-05
-5.17539e-05
-0.000112444
-2.15031e-05
2.5566e-05
7.13681e-05
3.05123e-05
-2.21662e-05
-0.00010375
1.07478e-05
0.000117853
-4.03107e-05
-0.000112827
-6.14215e-05
-0.000121736
-8.49366e-05
-0.000128933
-0.000110382
-0.000135318
-0.000136248
-0.000141097
-0.000160641
-0.00014587
-0.000180412
-0.000149297
-0.000195973
-0.000151303
-0.00021209
-0.000151538
-0.000227131
-0.000149582
-0.000242639
-0.000145468
-0.000259524
-0.000137936
-0.000276718
-0.000126293
-0.000293182
-0.000109998
-0.00030758
-8.81307e-05
-0.000317426
-6.09667e-05
-0.000319763
-2.987e-05
-0.000311677
4.93947e-06
-0.000294935
4.19092e-05
-0.000270198
7.67081e-05
-0.000237651
0.000106881
-0.000199176
0.000130959
-0.000157574
0.000147148
-0.000116325
0.000155071
-7.8447e-05
0.000155589
-4.62048e-05
0.000150037
-2.00888e-05
0.000140325
-1.96315e-07
0.000128127
1.47325e-05
0.000113809
2.44413e-05
9.69243e-05
3.03986e-05
8.1921e-05
3.01733e-05
6.16482e-05
2.69434e-05
3.9705e-05
1.75497e-05
2.08994e-05
1.03697e-05
-2.29393e-05
-1.96565e-06
-3.00986e-05
-9.92665e-06
-0.000114362
-2.17784e-05
-0.000105378
-5.54611e-05
-0.000237413
-7.29558e-05
-0.000190074
-0.000171076
-0.000277212
2.58451e-05
-7.10979e-05
-4.83761e-05
-0.000119259
0.000109181
5.2139e-05
9.50595e-05
-3.12989e-05
1.51112e-05
-3.73446e-05
5.28217e-05
-4.36568e-05
-3.47791e-05
4.77111e-05
-2.85003e-05
-5.18546e-05
4.79959e-05
-0.000119938
1.31382e-05
-7.33069e-05
-2.52641e-05
-1.03411e-05
-7.98661e-05
-0.000106358
0.00011135
4.74352e-06
-1.21366e-05
1.12036e-05
-4.94528e-06
9.65314e-06
0.000122404
-0.000109101
4.00419e-05
0.000230291
-6.19763e-05
-0.00014693
8.68989e-05
-7.95561e-05
2.88601e-05
8.43746e-05
-0.00014627
0.000152452
-2.40446e-05
-2.57828e-05
-0.0001377
-0.000162872
-0.000110831
-0.000180105
-0.000120617
-0.000198987
-0.000128335
-0.000218315
-0.000132954
-0.000238136
-0.000134102
-0.00025821
-0.00013169
-0.000276503
-0.000124826
-0.00029575
-0.00011245
-0.000310763
-9.58773e-05
-0.000323099
-7.21361e-05
-0.000331112
-4.30125e-05
-0.000331271
-1.16411e-05
-0.000323456
2.26453e-05
-0.000306885
5.85378e-05
-0.000281232
9.34035e-05
-0.000247109
0.000124952
-0.000205983
0.000150908
-0.000160009
0.000169639
-0.000112106
0.000180408
-6.51419e-05
0.000183405
-2.16546e-05
0.000179968
1.66821e-05
0.000172614
4.9806e-05
0.000161002
7.87225e-05
0.000150367
0.000104729
0.00014067
0.000128813
0.000132949
0.000151139
0.000128039
0.000172524
0.000125026
0.000192452
0.00012573
0.00021281
0.000125189
0.000234211
0.000128457
0.000253204
0.000124082
0.000277664
0.000117919
0.000281319
5.92019e-05
0.000301236
9.26942e-06
0.000274019
-0.000155885
-2.36103e-05
-0.000126008
2.13972e-05
0.000152705
-0.000121578
-0.00020983
0.000183373
-0.000152705
0.00021515
-6.25697e-05
0.000247114
-9.2997e-06
0.000214381
0.000119655
0.000107541
0.000264178
4.7733e-05
0.000255971
0.000165137
2.91753e-05
0.000227134
6.11109e-05
-9.40222e-05
0.00049237
-0.000364289
0.000451091
-0.000292894
6.75766e-05
-0.000199528
-0.000107121
-0.000152092
-9.31973e-05
-6.22185e-05
-5.37137e-05
6.12463e-05
1.53553e-05
4.2675e-06
0.000251933
-0.000113356
0.000298953
-0.000239223
0.000298022
-0.000289516
0.000261016
6.64443e-06
-6.74848e-05
-9.22518e-05
0.000144602
-3.63987e-05
-4.1604e-06
5.39381e-05
-3.81089e-05
-0.000154794
0.000128141
6.83957e-05
-3.0581e-05
0.000145737
-2.65002e-05
0.000153477
-2.66414e-05
0.000155817
-0.000147907
-2.65171e-05
0.000150993
-0.000141301
-2.6996e-05
-0.000134559
-2.84469e-05
3.0933e-05
-3.75105e-05
-0.000123777
-8.57046e-05
-1.1432e-05
-1.91306e-05
-0.000109692
0.000116662
1.66776e-05
-4.55683e-06
-1.2253e-05
7.52213e-06
-9.17926e-06
5.40149e-06
1.90283e-06
6.6796e-06
-6.87993e-06
-1.1959e-05
-2.27679e-05
-2.69318e-06
-2.34723e-05
-2.2128e-05
-1.78251e-05
-3.15562e-05
-0.000108312
3.70284e-05
-3.23411e-06
-5.24232e-05
-1.84027e-05
-6.40858e-06
-5.27419e-07
-8.93025e-05
-3.47607e-05
-8.65997e-05
-3.75657e-05
-8.43742e-05
-3.99708e-05
-8.14002e-05
-4.24758e-05
-3.91788e-05
-7.99889e-05
-2.32874e-05
3.16518e-06
-8.04707e-05
3.788e-05
-4.00009e-05
2.03404e-05
-7.42226e-06
1.41318e-06
-7.29445e-05
9.48185e-05
-1.52386e-05
-1.30177e-05
-8.50685e-05
-3.08871e-05
-9.44952e-05
-5.30684e-05
-0.000102476
-7.84729e-05
-0.00010951
-0.000106325
-0.000115553
-0.000135333
-0.000120899
-0.000163022
-0.000125619
-0.000186665
-0.00012927
-0.000205976
-0.000131861
-0.000225039
-0.000133111
-0.000243292
-0.000132105
-0.000261031
-0.00012868
-0.000279404
-0.000122253
-0.000297543
-0.000111847
-0.000313883
-9.71214e-05
-0.000326783
-7.78283e-05
-0.000334582
-5.41082e-05
-0.000333205
-2.76348e-05
-0.000320308
1.99969e-06
-0.000299815
3.20755e-05
-0.000271554
5.99584e-05
-0.000236603
8.44338e-05
-0.000197486
0.000103989
-0.000157459
0.000117802
-0.000119336
0.000125651
-8.52127e-05
0.000128336
-5.63208e-05
0.000126594
-3.27913e-05
0.000121297
-1.39804e-05
0.00011335
1.31386e-06
0.000102214
1.05383e-05
9.15748e-05
1.82989e-05
7.57982e-05
2.0118e-05
6.07387e-05
1.90277e-05
3.77126e-05
1.27808e-05
2.63011e-05
7.15198e-06
-1.91689e-05
-2.34361e-06
-1.98292e-05
-1.13928e-05
-0.00010556
-2.55985e-05
-9.37099e-05
-5.53693e-05
-0.000226081
-7.88935e-05
-0.000173763
-0.000100464
-0.00027641
-0.000146779
-7.90548e-05
-1.39178e-05
2.42232e-06
9.13025e-06
-1.80019e-05
1.53051e-06
4.92532e-06
2.45067e-07
-2.20181e-05
7.68243e-05
-1.45964e-05
-6.79077e-05
1.2364e-05
-1.13206e-05
5.70115e-06
-0.000104736
9.43764e-05
-2.48555e-05
-0.000125213
2.83546e-05
-6.26052e-06
-1.03536e-05
6.19102e-06
-2.44898e-05
-0.000102315
3.02047e-05
0.000102637
-6.99836e-05
-8.8881e-06
1.06574e-05
-1.83491e-05
-5.52106e-05
1.08158e-05
1.0338e-05
-1.83853e-05
-2.22205e-06
-1.0912e-05
-7.35363e-06
-1.35943e-05
-0.000126142
3.97874e-06
-9.35925e-05
-1.22482e-05
5.82581e-06
0.000133848
-5.01326e-05
-0.000116162
5.37767e-05
4.18365e-05
-3.04338e-05
3.24283e-06
7.83315e-06
-2.97865e-06
7.51043e-06
0.000140473
-3.05978e-05
0.000144797
-2.74317e-05
0.000145665
-2.40925e-05
-0.000150995
-8.66084e-05
-0.000173452
-9.70977e-05
-0.000195198
-0.000105665
-0.000216853
-0.000110768
-0.000238256
-0.000112739
-0.000259827
-0.000110834
-0.000279784
-0.000106101
-0.000298409
-9.5228e-05
-0.000313542
-8.16065e-05
-0.000325249
-6.07557e-05
-0.000330162
-3.73221e-05
-0.000328728
-1.09597e-05
-0.000319278
1.67876e-05
-0.000301393
4.57153e-05
-0.000275139
7.34634e-05
-0.000241504
9.84881e-05
-0.000202172
0.000119121
-0.000159256
0.000134077
-0.000115188
0.000142971
-7.21763e-05
0.000145974
-3.17161e-05
0.000143868
5.24172e-06
0.000138938
3.8136e-05
0.000130015
6.82355e-05
0.000122563
9.60676e-05
0.00011596
0.000122531
0.000110662
0.000147344
0.000108423
0.000171488
0.000107005
0.000195483
0.000108936
0.000221061
0.000108486
0.000246119
0.000111917
0.000266042
0.000104771
0.0002795
8.68213e-05
0.000265957
3.32834e-05
0.000242131
-3.38849e-05
0.000216808
-0.000191339
0.000134969
-0.000193221
5.47015e-05
-3.74818e-05
-4.11855e-05
6.4326e-05
-3.60828e-05
7.3305e-05
-3.31127e-05
8.11482e-05
-2.97964e-05
8.83273e-05
-2.69082e-05
9.49866e-05
-2.47998e-05
5.90014e-05
-3.36044e-05
-7.35949e-05
-6.63821e-05
-9.96431e-06
0.000162103
-0.000202643
-2.12691e-05
-1.89117e-05
8.9136e-06
-2.67869e-05
2.63125e-05
-0.000121886
-2.38632e-05
-2.41983e-05
-0.000116129
4.06906e-07
7.849e-06
4.17235e-06
-7.95154e-06
-1.42166e-05
0.000303229
-0.000135115
8.56384e-05
-0.000263667
1.79727e-06
6.30244e-05
-1.62e-05
-4.00372e-05
-2.29081e-05
-5.13845e-05
-2.44164e-05
8.58002e-06
0.000131052
-0.000112749
0.000135864
-5.92877e-06
-0.000121558
-2.58584e-05
0.000100197
1.70196e-05
-5.29456e-05
-0.000116593
0.000161769
-0.000349247
0.000331842
-0.000313717
0.000458625
-0.000176386
0.00046869
-1.04193e-05
0.000432853
0.000129133
0.000394842
0.000283215
0.00031787
0.000296289
9.48363e-05
0.000179687
-0.000172519
0.000271773
-0.000208491
0.000484623
-0.000229616
0.000449585
-0.000408633
0.000210151
-0.00059113
6.27936e-05
-0.000591464
-7.8374e-05
-0.000455597
-0.000192442
-0.00041653
-4.27483e-05
-0.000385501
0.000172761
-0.000418873
0.000236642
-0.000461126
0.000221279
-0.000443387
0.000228134
-0.000420141
0.000149968
-3.32378e-05
0.00013954
-3.19928e-05
0.000147125
-2.86824e-05
0.000152951
-2.65148e-05
0.000156383
-2.52964e-05
0.000152419
-2.3304e-05
0.00014632
0.000134852
-3.00268e-05
-8.34777e-05
0.000123936
-3.4268e-05
-2.48822e-05
-2.21573e-06
-2.56772e-05
6.80467e-06
-8.8845e-06
-7.6275e-06
1.05059e-06
-2.24382e-05
-1.73127e-05
1.37409e-05
-0.000128766
0.000137915
-2.22378e-05
-0.00010655
-6.33232e-05
1.01704e-05
0.000129912
-5.74627e-06
1.75892e-05
-1.5489e-05
-1.00275e-05
-3.592e-05
-9.49381e-05
-2.01991e-05
7.72402e-05
-9.20065e-05
-8.17484e-06
3.38322e-06
0.000124958
1.5749e-06
-4.73878e-06
-5.4358e-05
3.67187e-05
3.8241e-05
-3.06541e-05
-3.44024e-05
3.14294e-05
-4.25315e-05
5.87311e-05
2.18878e-05
-5.4168e-05
8.34953e-06
-6.51664e-05
-9.67386e-06
-7.37217e-05
-3.15122e-05
-8.16383e-05
-5.77269e-05
-8.76911e-05
-8.7335e-05
-9.28294e-05
-0.000118647
-9.76369e-05
-0.000149785
-0.000101788
-0.000177578
-0.000105662
-0.000201034
-0.000109148
-0.000222743
-0.000112053
-0.000243918
-0.000112666
-0.000263537
-0.00011069
-0.000282673
-0.000105866
-0.000300717
-9.73709e-05
-0.000316097
-8.48223e-05
-0.000327256
-6.8301e-05
-0.000332965
-4.854e-05
-0.000327447
-2.61154e-05
-0.000311496
-2.37408e-06
-0.000289655
2.17424e-05
-0.000260778
4.40289e-05
-0.00022626
6.36175e-05
-0.000189299
7.96494e-05
-0.000152542
9.15369e-05
-0.000118442
9.94404e-05
-8.85301e-05
0.000103684
-6.34244e-05
0.000104505
-4.25286e-05
0.000102216
-2.53277e-05
9.74673e-05
-1.13974e-05
8.95672e-05
-1.66781e-06
8.29214e-05
6.87728e-06
6.59254e-05
9.80906e-06
5.94586e-05
1.0435e-05
3.32082e-05
6.71544e-06
2.85732e-05
2.8648e-06
-1.82981e-05
-4.44508e-06
-1.20538e-05
-1.49412e-05
-9.86763e-05
-2.97648e-05
-8.36524e-05
-5.58175e-05
-0.000219364
-7.75814e-05
-0.000158278
-7.37819e-05
-0.000291932
-8.6019e-05
-6.85812e-05
-0.000182089
3.52805e-05
-3.7247e-05
2.93944e-05
-4.40499e-06
1.2826e-05
-2.55273e-05
-1.87324e-05
3.53926e-05
1.44319e-05
-1.35611e-05
-2.05384e-05
-2.63098e-05
-0.000119314
-2.71223e-07
2.7361e-06
3.23415e-06
-2.53911e-06
3.77838e-05
-3.8715e-05
0.000182771
-3.90386e-05
-5.38782e-05
-0.000142714
4.64523e-06
1.65213e-05
3.80524e-05
-4.36226e-05
2.31734e-05
-3.9004e-05
3.89593e-05
-3.43008e-05
5.2565e-05
-2.93438e-05
6.50189e-05
-2.54774e-05
7.6332e-05
-2.22567e-05
8.69381e-05
-2.03262e-05
9.54637e-05
-2.03309e-05
-2.89049e-05
4.21281e-05
9.93718e-05
9.81627e-05
-1.90469e-05
-7.66091e-06
-1.32997e-05
2.05398e-05
2.52944e-06
9.44539e-06
-3.83003e-06
-2.56756e-05
-2.89832e-05
6.09875e-05
2.61729e-05
-8.2734e-05
-4.45665e-05
4.12693e-05
-0.000100741
-5.41427e-05
-0.000123769
-6.31363e-05
-0.000148041
-7.21911e-05
-0.000172919
-8.01807e-05
-0.000197504
-8.57781e-05
-0.000221634
-8.86408e-05
-0.000244258
-8.88757e-05
-0.000266061
-8.54374e-05
-0.000284695
-7.78934e-05
-0.000301129
-6.63942e-05
-0.000311769
-5.09347e-05
-0.000316125
-3.30222e-05
-0.000313478
-1.24038e-05
-0.000303485
9.37773e-06
-0.000285694
3.18083e-05
-0.00026063
5.33063e-05
-0.000229314
7.26514e-05
-0.000193336
8.8664e-05
-0.000154739
0.000100473
-0.000115236
0.000107504
-7.63933e-05
0.000110082
-3.9153e-05
0.000108503
-4.00496e-06
0.000104407
2.8799e-05
9.90242e-05
5.97594e-05
9.32653e-05
8.92131e-05
8.88697e-05
0.000117288
8.58097e-05
0.00014392
8.56113e-05
0.000169723
8.54909e-05
0.00019606
8.794e-05
0.000223398
8.76416e-05
0.000248979
8.98586e-05
0.000261893
8.07465e-05
0.000260212
6.12991e-05
0.000231561
1.73153e-05
0.000167996
-2.48594e-05
0.000151589
-0.000190845
-6.29062e-08
-1.07925e-06
-4.73313e-05
-0.000319032
0.000135074
-2.59888e-05
0.00013446
-2.28137e-05
0.000135636
-2.19893e-05
0.000134755
-1.97878e-05
0.000128809
-1.93224e-05
-4.2272e-05
-1.84965e-05
5.17985e-07
2.27764e-05
-1.19099e-05
4.68938e-06
5.5594e-06
-1.78377e-05
1.48357e-05
9.72594e-06
9.32784e-06
1.19465e-05
-0.00016678
0.000211626
-4.14764e-05
4.13084e-05
0.000105118
-5.86679e-05
0.000137639
-1.82315e-05
-3.67916e-05
5.93073e-06
-3.51497e-05
2.1787e-06
-3.85886e-06
-6.87039e-06
-1.05666e-06
1.51979e-06
2.36281e-06
2.13931e-05
-0.000124283
-2.29026e-05
-0.000109958
6.87474e-05
8.3919e-05
2.83112e-05
0.000227475
-0.000139624
-8.03738e-05
-1.73091e-05
-8.23768e-05
2.13802e-05
-7.2982e-05
1.40165e-05
-1.28759e-05
-4.55556e-05
-3.41167e-05
1.4882e-05
-4.36877e-06
1.08415e-05
-1.97189e-06
-1.7996e-05
-8.6346e-05
-1.85794e-05
9.48666e-05
6.05635e-05
-7.99069e-05
-4.15998e-05
7.72754e-05
-7.7862e-05
3.09033e-05
7.47627e-06
-1.26207e-05
-2.69263e-05
2.3433e-05
-1.07259e-05
8.95815e-05
-8.75975e-05
3.23643e-05
-2.83362e-05
4.38067e-05
-5.68454e-05
-0.000114924
3.66865e-05
-2.99209e-05
-1.97514e-05
2.29252e-05
0.00012388
-2.2525e-05
0.000135936
-2.53056e-05
0.000144438
-2.60239e-05
0.000150002
-2.52082e-05
0.000154357
-2.24814e-05
0.000155873
-2.11735e-05
0.000153248
-1.89463e-05
0.00014616
-1.58266e-05
0.000133628
-4.81007e-05
-3.11343e-05
0.000105234
-7.38586e-05
-3.65374e-05
1.19759e-06
1.25716e-05
-5.04521e-05
-0.000122461
2.84723e-05
-1.92343e-05
-3.43461e-05
1.54304e-05
4.68541e-05
1.79346e-05
-3.36066e-05
4.4349e-05
-2.99799e-05
5.30567e-05
-2.99982e-05
5.61892e-05
-3.34443e-05
5.22012e-05
-3.91494e-05
4.10821e-05
-4.58096e-05
2.57087e-05
-5.39877e-05
4.26343e-06
-5.9581e-05
-2.18375e-05
-6.43134e-05
-5.18318e-05
-6.85677e-05
-8.47971e-05
-7.20983e-05
-0.000118449
-7.56426e-05
-0.000149899
-7.94007e-05
-0.000177769
-8.32368e-05
-0.000202931
-8.7456e-05
-0.000227244
-9.01652e-05
-0.000249384
-9.01931e-05
-0.000269715
-8.74766e-05
-0.000288089
-8.14311e-05
-0.000303153
-7.16539e-05
-0.000313446
-5.83891e-05
-0.000318115
-4.24621e-05
-0.000310635
-2.45404e-05
-0.000295344
-6.16589e-06
-0.000273814
1.2344e-05
-0.000245829
2.96595e-05
-0.000213666
4.50792e-05
-0.000179632
5.7837e-05
-0.000146414
6.78767e-05
-0.000115993
7.51807e-05
-8.95037e-05
7.98653e-05
-6.7207e-05
8.20764e-05
-4.89983e-05
8.18069e-05
-3.40975e-05
7.93569e-05
-2.22253e-05
7.43499e-05
-1.20781e-05
6.91665e-05
-5.58425e-06
5.58643e-05
-1.59861e-06
5.28272e-05
-7.11907e-07
2.61816e-05
-2.38602e-06
2.67786e-05
-5.90352e-06
-1.70352e-05
-9.77293e-06
-1.09182e-05
-2.30892e-05
-8.95816e-05
-3.78452e-05
-7.50952e-05
-6.33657e-05
-0.000208668
-8.43597e-05
-0.000142984
-2.64581e-05
-0.000348726
-2.48526e-05
-7.25836e-05
9.73905e-05
-0.000300354
-0.000395116
0.000338327
0.000146295
-0.000308173
-4.58551e-05
-0.000199435
-0.000225635
-0.000158544
-0.00038746
-0.000125288
-0.000341613
-0.000113268
-0.000202805
-0.000100615
-5.91477e-05
-0.000190294
0.000166276
-0.000363408
0.000394572
-0.000321251
0.000232184
-4.90426e-05
-0.000147502
-2.35279e-06
0.000150043
-0.000390479
0.000788259
-0.000593659
0.000559636
-0.000548613
0.000139458
-0.000544073
4.84184e-05
-0.000633694
1.57682e-05
-0.000678811
-0.000134392
-0.000523718
-0.000222175
-0.000394922
-2.55531e-05
-0.000319192
8.12683e-05
-0.000316993
0.000132136
-0.000165067
3.95435e-06
-1.16644e-05
-5.09135e-05
-0.000183353
8.55502e-05
-4.90655e-06
-2.83398e-05
-2.24959e-05
-9.78521e-05
2.50596e-05
-1.56705e-05
9.94828e-05
3.8034e-05
9.71202e-05
2.21445e-05
-1.23308e-05
-5.08421e-05
5.94539e-05
-3.202e-05
-0.000120608
0.000103842
4.17466e-05
-8.40413e-05
8.41854e-05
-1.76415e-06
0.000221541
-0.000196182
0.000166381
2.71805e-05
0.000102541
-2.49841e-05
-4.97726e-05
-5.99678e-06
-3.86637e-05
1.12358e-05
-3.22689e-05
2.75374e-05
-2.70453e-05
4.27306e-05
-2.29258e-05
5.67847e-05
-1.96718e-05
6.95881e-05
-1.76219e-05
7.9934e-05
-1.64276e-05
8.8248e-05
-1.46141e-05
9.32872e-05
-9.64305e-06
-9.31712e-05
3.37627e-06
1.57144e-05
8.05738e-05
-9.18771e-06
9.73024e-05
2.0245e-05
-1.54372e-07
0.000131566
-3.9692e-05
-3.27297e-06
-1.7354e-06
-0.000115391
5.51006e-05
7.01505e-05
-4.55725e-05
-6.49002e-05
2.00598e-05
-2.57247e-05
-2.18252e-06
-1.50587e-05
-7.62758e-05
-6.85289e-05
8.52172e-05
-0.000103415
3.94361e-05
3.05187e-05
-6.83876e-06
5.87129e-06
3.83132e-06
6.46072e-06
8.48103e-06
1.35951e-05
6.03048e-06
2.30053e-05
3.45844e-06
3.18281e-05
1.68948e-06
4.04397e-05
1.60471e-07
4.38096e-05
1.01612e-07
1.5764e-06
5.69546e-05
-1.27219e-05
6.52261e-05
-1.24062e-05
-5.87732e-05
6.65163e-06
-7.8098e-06
0.00011585
0.000125985
-2.11817e-05
0.000122747
-1.77056e-05
0.000120994
-1.69421e-05
0.000118669
-1.63756e-05
0.000116337
-1.49105e-05
0.000113969
-1.15571e-05
-7.7113e-05
-2.81686e-05
8.72314e-05
-6.34151e-05
-1.16836e-06
6.46097e-07
3.59316e-07
1.61961e-05
-3.36699e-05
-8.47867e-06
9.58662e-05
-4.16055e-06
-8.18901e-05
-1.55826e-05
0.000112438
-1.7674e-05
0.000127619
-1.92661e-05
0.000139167
-2.03032e-05
0.000147109
-2.09505e-05
0.00015239
-1.99545e-05
0.000155051
-1.79679e-05
0.00015555
-1.54927e-05
0.000152387
-1.2655e-05
0.000144862
-9.50744e-06
0.000131931
-4.7002e-06
0.000110529
-1.08663e-05
1.05007e-05
-2.46919e-05
-0.000114274
3.55225e-05
6.12665e-05
8.0785e-06
0.000243988
-5.8833e-06
4.18798e-06
0.000149232
-5.5131e-05
6.84805e-05
-3.10007e-05
8.02315e-05
-2.71056e-05
8.67606e-05
-2.57857e-05
8.74438e-05
-2.72371e-05
8.24552e-05
-3.11263e-05
7.05185e-05
-3.61875e-05
5.27768e-05
-3.94803e-05
2.94702e-05
-4.24697e-05
1.19294e-07
-4.44317e-05
-3.2098e-05
-4.66157e-05
-6.63077e-05
-4.91814e-05
-0.000100163
-5.17513e-05
-0.00013196
-5.5077e-05
-0.000160786
-5.94145e-05
-0.000188265
-6.34948e-05
-0.000213672
-6.55691e-05
-0.000236495
-6.50525e-05
-0.000256633
-6.1821e-05
-0.000272994
-5.5397e-05
-0.000284407
-4.58925e-05
-0.000289919
-3.40803e-05
-0.000284641
-2.10889e-05
-0.000271762
-8.1906e-06
-0.000252399
4.84467e-06
-0.000226897
1.74458e-05
-0.000197678
2.86337e-05
-0.000166872
3.81549e-05
-0.000136835
4.58943e-05
-0.000109463
5.18655e-05
-8.5881e-05
5.60742e-05
-6.65658e-05
5.86219e-05
-5.11016e-05
5.94635e-05
-3.8676e-05
5.86421e-05
-2.8925e-05
5.5942e-05
-2.04216e-05
5.18449e-05
-1.6121e-05
4.34589e-05
-1.09989e-05
3.96184e-05
-1.33897e-05
2.0568e-05
-1.18641e-05
1.94048e-05
-1.92658e-05
-1.2935e-05
-2.28657e-05
-1.09485e-05
-5.10248e-05
-6.55739e-05
-7.61312e-05
-5.64285e-05
-0.000165306
-0.000130188
-0.000231228
-8.16452e-05
-0.000414897
-0.000166061
-0.000494653
8.30419e-06
-0.000780209
-1.56725e-05
-0.000734587
0.000289194
0.000159589
-0.00112941
0.000237417
0.000265842
5.6149e-05
0.000165255
6.29683e-05
-8.29599e-05
4.74833e-05
-0.000344731
-0.000127958
-0.000486838
-0.000187502
-0.000318075
-0.000331245
-0.000137953
-0.000215681
6.42045e-05
-7.15913e-05
0.000265745
0.000153516
0.000276322
0.000201355
4.44133e-05
3.97333e-05
-0.000333707
0.0003097
-0.00045066
0.000695118
-0.000614577
0.000562345
-0.000897251
0.000313996
-0.000891427
7.77584e-06
-0.000474281
-0.000269796
-0.000145648
-0.000404312
-0.000410458
-3.16603e-05
-0.000550443
6.95931e-06
-0.000697558
9.40527e-05
-0.000631779
0.000192443
-0.000652408
0.000241997
-0.000752588
0.000163775
-0.00102323
0.000217494
0.00102954
-0.000499171
-0.00153479
0.000754001
0.000361693
0.000323264
0.000129113
0.000136848
0.000225408
-3.21064e-05
-5.71959e-06
-0.000147774
5.21127e-05
-0.000215184
3.70036e-05
-0.000239891
5.39592e-05
-0.000240263
6.0648e-05
-0.000219375
6.56152e-05
-0.000193069
6.37713e-05
-0.000166391
6.36009e-05
-0.000140118
6.10858e-05
-0.00011259
6.04786e-05
-8.36521e-05
5.9765e-05
-5.31437e-05
6.08551e-05
-2.14632e-05
6.3594e-05
1.12162e-05
6.75725e-05
4.45424e-05
7.13999e-05
7.84533e-05
7.44389e-05
0.000113198
7.56187e-05
0.00014802
7.39125e-05
0.000182072
6.87014e-05
0.000213874
5.9947e-05
0.000241785
4.81876e-05
0.000264322
3.40346e-05
0.000280256
1.84453e-05
0.000288823
2.32117e-06
0.000290003
-1.3286e-05
0.000283991
-2.77626e-05
0.000271944
-4.01771e-05
0.00025417
-5.00381e-05
0.000232925
-5.79252e-05
0.000208774
-6.21761e-05
0.000182843
-6.32962e-05
0.000155874
-6.1523e-05
0.000128456
-5.7947e-05
0.000100862
-5.21727e-05
7.46612e-05
-4.57332e-05
5.01094e-05
-3.86251e-05
2.86192e-05
-3.30387e-05
9.24241e-06
-2.60488e-05
-1.30692e-05
-1.96535e-05
4.07926e-05
-2.82715e-05
-1.19563e-05
-1.44023e-06
-4.56889e-05
1.57797e-05
1.22857e-05
-3.75711e-06
-7.25164e-05
6.0681e-06
1.04583e-05
5.53199e-05
-1.83985e-05
-7.85957e-05
-2.15741e-05
-4.61769e-05
3.13227e-05
-8.37528e-05
7.3655e-05
-5.49528e-05
0.000118123
4.23777e-05
0.000109506
-4.78489e-05
2.57683e-06
-4.33233e-05
-1.42012e-05
-5.59775e-05
3.0018e-05
8.98283e-07
-2.98914e-05
-5.62223e-06
-2.57282e-05
-0.000100365
2.71719e-05
-0.000116618
4.63158e-05
8.59121e-05
-9.72328e-05
3.35161e-05
9.68525e-05
2.96856e-05
2.9953e-05
-2.05932e-05
-4.00942e-05
-3.39883e-05
4.78555e-05
7.02332e-06
-1.83533e-05
-1.09434e-05
1.50261e-05
-8.59006e-05
-2.33958e-05
6.68467e-05
-5.19763e-05
-3.28312e-05
2.52656e-05
7.64522e-06
5.45176e-06
-5.20338e-05
6.87572e-05
-2.68555e-05
-5.64021e-07
-2.85665e-05
2.76884e-05
-4.26916e-05
3.96769e-05
5.41561e-05
-4.3343e-05
6.7811e-05
-0.000107578
-3.79973e-06
-5.28654e-05
0.000118209
-7.95564e-05
5.65996e-06
-7.03751e-05
-7.01057e-06
-5.96608e-05
-1.20868e-05
-4.75489e-05
-1.38877e-05
-3.38404e-05
-1.52693e-05
-1.88292e-05
-1.72089e-05
-2.96342e-06
-1.99554e-05
1.30672e-05
-2.31663e-05
2.85171e-05
-2.65835e-05
4.11566e-05
-3.03348e-05
-3.36483e-05
4.5864e-05
4.30566e-05
-9.41913e-06
-9.12007e-05
1.59414e-05
-7.60408e-05
-1.096e-05
1.0036e-05
-6.70843e-05
-4.83578e-06
-6.03772e-05
-3.03095e-06
-5.26696e-05
-2.89863e-06
-4.31998e-05
-2.44322e-06
-3.27353e-05
-9.54065e-07
-2.06595e-05
8.68102e-07
3.0498e-06
-3.21126e-06
-8.72617e-05
1.02581e-05
7.00105e-05
8.80052e-07
-6.22935e-05
7.88555e-05
3.07191e-06
8.4636e-05
4.31744e-06
7.57459e-06
0.000203457
-1.43282e-05
2.92518e-05
-1.33372e-06
-7.69191e-05
-9.71407e-06
-3.39699e-05
-4.43052e-05
5.66077e-05
8.99819e-06
-0.00010544
3.82534e-05
-1.36143e-05
4.31849e-05
0.000100374
-1.39809e-05
9.86932e-05
-1.0912e-05
9.59478e-05
-1.00358e-05
9.25323e-05
-9.71388e-06
8.90652e-05
-9.00381e-06
8.5709e-05
-6.3811e-06
8.24608e-05
-1.44312e-07
2.80955e-07
-8.28074e-05
-5.13101e-06
7.49658e-05
1.11165e-05
-7.62446e-05
8.84594e-05
1.0331e-05
-2.49151e-05
7.45661e-05
-1.01686e-06
7.11138e-05
-1.07241e-06
3.1759e-06
6.79868e-05
1.95088e-08
5.68361e-05
-2.55165e-06
4.27191e-05
-7.07698e-06
2.59497e-05
-1.04302e-05
6.81524e-06
-1.46786e-05
-1.42818e-05
-1.79619e-05
-3.81476e-05
-2.19144e-05
-6.45287e-05
-2.55564e-05
-9.2548e-05
-2.9525e-05
-0.000120723
-3.30539e-05
-0.000148691
-3.54832e-05
-0.000175463
-3.61677e-05
-0.00019978
-3.47457e-05
-0.000220176
-3.12752e-05
-0.000235953
-2.60675e-05
-0.000245628
-1.93951e-05
-0.000248052
-1.13516e-05
-0.000243087
-2.15938e-06
-0.000230938
7.55521e-06
-0.000212504
1.72031e-05
-0.000189128
2.61911e-05
-0.0001623
3.37417e-05
-0.000133414
3.93655e-05
-0.000103549
4.268e-05
-7.3206e-05
4.37224e-05
-4.26897e-05
4.29641e-05
-1.19164e-05
4.08594e-05
1.94846e-05
3.79618e-05
5.04985e-05
3.55816e-05
8.04627e-05
3.42618e-05
0.000109003
3.39554e-05
0.000135412
3.49905e-05
0.000160154
3.58266e-05
0.000185086
3.78374e-05
0.000208731
3.82485e-05
0.000224575
3.97658e-05
0.000221743
3.90384e-05
0.000199155
3.93186e-05
0.000144727
4.20458e-05
7.85077e-05
8.68901e-05
-4.99445e-06
9.13666e-05
-5.61405e-05
0.000323424
-0.000261882
0.000351287
-0.000353722
0.00039628
-0.00116676
0.000242091
2.18389e-05
-2.08228e-05
2.03131e-05
-1.58783e-05
-0.00133508
0.000211849
-4.02139e-05
-0.00129619
-1.24364e-05
-0.0012128
-5.67154e-06
-0.00117342
-9.27355e-07
-0.00130977
-1.89584e-07
-0.00151214
-1.18499e-06
-0.00183647
-2.82646e-06
-0.00207908
-1.49516e-06
-0.00218242
1.62704e-06
-0.00208354
2.86352e-06
-0.0018823
6.22137e-07
-0.00170341
-1.70219e-06
-0.00120892
6.80687e-07
-0.000345597
6.94877e-06
0.000413545
6.71512e-06
0.000882293
1.54131e-06
0.000937596
-3.38828e-06
0.000547651
-1.91737e-06
7.67137e-05
-1.75458e-07
4.75894e-07
-2.0916e-05
-2.92256e-05
-2.41624e-05
7.00166e-07
-1.79169e-05
0.000152117
-6.24931e-06
0.000358543
-1.03805e-05
0.000490192
5.73094e-06
0.000636441
8.91785e-05
-0.000773788
-4.69532e-05
-0.00181115
-8.9411e-05
4.26695e-06
-3.01929e-07
-8.10784e-06
3.32001e-06
0.000101704
-1.26921e-05
0.000118107
-1.54017e-05
0.000131477
-1.66481e-05
0.000141572
-1.69969e-05
0.00014862
-1.63541e-05
0.000152988
-1.5077e-05
0.000154981
-1.2591e-05
0.000154228
-9.31817e-06
0.000150234
-5.69598e-06
0.000142299
-5.0218e-07
0.000127724
2.13268e-06
0.000108818
4.237e-06
8.12573e-05
9.15609e-05
-1.23109e-05
6.7866e-05
-1.35253e-05
3.93724e-05
7.1532e-05
-6.37745e-06
-4.64302e-06
8.06195e-05
8.31305e-05
-1.70595e-05
-7.80391e-05
9.28814e-05
-2.21499e-05
0.000103717
-2.06713e-05
0.000113593
-1.94858e-05
0.000119756
-1.90494e-05
0.000120393
-2.04709e-05
0.000113572
-2.21813e-05
0.000102208
-2.4235e-05
8.47189e-05
-2.51321e-05
6.11402e-05
-2.51302e-05
3.24822e-05
-2.48958e-05
-3.2417e-07
-2.51846e-05
-3.26443e-05
-2.63699e-05
-6.42759e-05
-2.85516e-05
-9.42151e-05
-3.11014e-05
-0.000123323
-3.44591e-05
-0.000150817
-3.71904e-05
-0.000176048
-3.84602e-05
-0.000198377
-3.76683e-05
-0.000217217
-3.4501e-05
-0.000231526
-2.91815e-05
-0.000240001
-2.22037e-05
-0.000239375
-1.4393e-05
-0.000230868
-7.05019e-06
-0.000215486
3.4685e-07
-0.000193968
8.05845e-06
-0.000168621
1.48998e-05
-0.000141556
2.08489e-05
-0.000114938
2.58736e-05
-9.07632e-05
2.99775e-05
-7.03747e-05
3.30574e-05
-5.41007e-05
3.51899e-05
-4.16666e-05
3.6455e-05
-3.23019e-05
3.66257e-05
-2.54312e-05
3.55085e-05
-2.02555e-05
3.28623e-05
-1.79665e-05
2.82368e-05
-1.49357e-05
2.43321e-05
-1.87559e-05
1.36086e-05
-1.81189e-05
1.1147e-05
-2.70706e-05
-8.16398e-06
-3.38737e-05
-7.7535e-06
-6.59102e-05
-3.71572e-05
-0.000101129
-2.70039e-05
-0.000194484
-4.58543e-05
-0.000300139
1.89581e-05
-0.000527753
5.88654e-05
-0.000706357
0.000183263
-0.000962374
0.000235233
-0.00110572
0.000424004
-0.00159207
0.000726862
-7.11329e-05
-0.00133363
-9.93349e-05
3.56442e-05
3.33567e-05
9.15941e-05
-3.04163e-05
-8.6101e-05
3.41196e-05
-0.000108011
5.33947e-05
2.71952e-06
-9.70079e-08
-4.97003e-05
-4.64072e-05
9.96495e-05
2.72956e-05
8.85574e-05
3.11933e-05
-3.10273e-05
6.29048e-05
-3.04674e-05
3.51051e-05
-5.91154e-05
7.02345e-05
-1.67605e-05
2.40113e-05
5.25191e-05
-8.07211e-05
-1.04695e-05
7.07637e-05
-8.26078e-05
-7.24868e-06
-7.94773e-05
-5.14692e-06
-7.44146e-05
-4.30625e-06
-6.83757e-05
-4.24982e-06
-6.11723e-05
-4.11015e-06
-5.21966e-05
-3.49422e-06
-4.17475e-05
-2.52904e-06
-2.06729e-06
-4.58331e-05
4.47798e-06
5.33922e-05
-0.000298608
0.000330099
2.57419e-05
2.04991e-06
3.11287e-05
2.97367e-06
3.84298e-05
1.82379e-06
2.16108e-06
-5.24431e-05
-2.00341e-05
-5.45367e-05
-1.77797e-06
-4.26371e-05
-6.25057e-06
-3.30256e-05
-8.09827e-06
-2.25787e-05
-9.31971e-06
-1.07733e-05
-1.06153e-05
2.55279e-06
-1.2095e-05
1.57141e-05
-1.34705e-05
2.9063e-05
-1.5242e-05
4.16671e-05
-1.69837e-05
-1.90048e-05
9.7618e-05
-6.45733e-05
-1.25066e-06
-9.65278e-05
7.92817e-05
2.86644e-05
-3.33124e-05
5.68595e-06
7.42562e-05
1.30928e-06
-7.53076e-05
7.56928e-05
6.98719e-07
-2.45087e-06
8.28554e-05
3.31128e-06
8.88674e-05
3.23255e-06
8.5366e-05
9.36064e-07
8.21126e-05
4.66235e-07
7.98483e-05
5.77128e-07
7.49923e-05
4.61759e-07
6.67413e-05
-6.02324e-07
5.59856e-05
-1.13569e-06
4.28614e-05
-2.61564e-06
2.83146e-05
-4.09087e-06
1.16693e-05
-5.53319e-06
-6.90649e-06
-6.9361e-06
-2.71936e-05
-8.79595e-06
-4.96631e-05
-1.02064e-05
-7.37353e-05
-1.13966e-05
-9.84088e-05
-1.21221e-05
-0.000122014
-1.2225e-05
-0.000143338
-1.16926e-05
-0.000160994
-1.03511e-05
-0.000173803
-8.31468e-06
-0.000180608
-5.64185e-06
-0.000180642
-2.47368e-06
-0.000173969
1.082e-06
-0.000161461
4.93747e-06
-0.000144335
8.70979e-06
-0.000124077
1.20219e-05
-0.000101983
1.4577e-05
-7.87838e-05
1.60708e-05
-5.46472e-05
1.64755e-05
-2.97839e-05
1.60209e-05
-4.11697e-06
1.49559e-05
2.30833e-05
1.41769e-05
5.03103e-05
1.27485e-05
7.68121e-05
1.23591e-05
0.000101494
1.23201e-05
0.000123627
1.30151e-05
0.000143615
1.35537e-05
0.000163487
1.4595e-05
0.000181724
1.49198e-05
0.000190868
1.58494e-05
0.000184631
1.68476e-05
0.000163694
1.75579e-05
0.000131298
2.22624e-05
0.000146204
4.54872e-05
0.000210052
5.91632e-05
0.000428708
0.00016659
0.000596951
0.000240407
0.000745071
0.000215406
0.000396853
0.000552843
-0.000102337
-0.00134594
6.31635e-05
-9.37021e-06
6.2224e-05
-6.71291e-06
6.15228e-05
-5.01444e-06
5.90291e-05
-3.37218e-06
5.57445e-05
-3.26984e-06
5.21991e-05
-3.12959e-06
4.92704e-05
-1.72642e-06
4.96339e-05
7.11718e-07
4.97598e-05
7.38673e-05
2.19694e-05
-0.000100201
3.84549e-05
4.05028e-05
-1.34797e-05
-9.42393e-05
3.86805e-05
-3.82487e-05
-6.6506e-05
6.73238e-05
7.68998e-06
-4.16975e-05
4.86414e-05
-4.82194e-06
-5.31332e-05
4.04169e-05
-3.1308e-06
3.79322e-05
-2.37881e-06
-2.88716e-06
-6.17762e-05
-5.44957e-05
-1.67969e-05
7.44105e-05
2.36984e-05
-1.44347e-05
9.99906e-05
-1.41287e-05
0.000118469
-1.43982e-05
0.000132439
-1.45276e-05
0.000142393
-1.42514e-05
0.000149084
-1.31928e-05
0.000152656
-1.13478e-05
0.000153862
-8.6304e-06
0.000152201
-5.06583e-06
0.000147333
6.22145e-08
0.000137808
4.26089e-06
0.000124081
8.93307e-06
0.000104677
9.35763e-06
8.13393e-05
5.56819e-05
3.92799e-06
-2.73161e-06
1.61025e-06
-4.62541e-06
4.13849e-05
-0.000112027
4.8541e-06
4.12428e-06
8.1945e-06
-1.03248e-05
4.69578e-06
-1.44335e-05
6.83988e-06
-1.81044e-05
5.46527e-06
-1.76927e-05
7.65307e-06
-2.03694e-05
7.156e-06
-2.19261e-05
7.70609e-06
-2.61085e-05
7.06788e-06
-2.48485e-05
8.77248e-06
-2.34515e-05
8.17478e-06
-2.30464e-05
8.40007e-06
-2.4087e-05
7.71341e-06
-2.15443e-05
7.98631e-06
-1.73178e-05
1.24573e-05
-1.37054e-05
1.1077e-05
-1.09708e-05
5.16112e-06
-1.31693e-05
6.54542e-06
-1.52654e-05
7.98572e-06
-1.36966e-05
6.06177e-06
-1.32978e-05
-2.75987e-05
-1.07272e-05
-3.10388e-05
-6.53952e-06
-2.50149e-05
-1.18938e-05
1.9737e-06
-2.86073e-05
7.9779e-06
-2.1412e-05
5.9962e-07
-1.3861e-05
8.2846e-05
-5.92327e-05
3.73107e-06
-0.00014995
3.14923e-06
-0.000251411
6.94446e-08
8.56318e-05
-1.30392e-05
9.78796e-05
-1.37866e-05
0.000110472
-1.34155e-05
0.000121947
-1.27795e-05
0.000130653
-1.17742e-05
0.000134224
-1.12244e-05
0.000132373
-1.17556e-05
0.000125163
-1.20665e-05
0.000112902
-1.19511e-05
9.47206e-05
-1.09015e-05
7.22878e-05
-9.52721e-06
4.67289e-05
-8.47124e-06
1.9909e-05
-8.12835e-06
-6.75532e-06
-8.61127e-06
-3.02776e-05
-9.74016e-06
-5.28643e-05
-1.10608e-05
-7.51528e-05
-1.25794e-05
-9.6832e-05
-1.33775e-05
-0.000117291
-1.32304e-05
-0.000135937
-1.23082e-05
-0.000151447
-1.05292e-05
-0.000161973
-8.1165e-06
-0.000165429
-5.31966e-06
-0.000161425
-2.75343e-06
-0.000151116
-2.85856e-07
-0.00013489
2.51428e-06
-0.00011469
5.05363e-06
-9.24883e-05
7.34748e-06
-7.04981e-05
9.52395e-06
-5.07747e-05
1.14662e-05
-3.45247e-05
1.28494e-05
-2.23724e-05
1.41812e-05
-1.40902e-05
1.52453e-05
-9.15548e-06
1.58914e-05
-6.56123e-06
1.56591e-05
-6.21481e-06
1.48213e-05
-7.13927e-06
1.26439e-05
-8.19622e-06
1.03646e-05
-1.41929e-05
6.31968e-06
-1.61679e-05
4.72598e-06
-2.50425e-05
-3.54546e-06
-3.32195e-05
-3.07882e-06
-5.89286e-05
-1.45027e-05
-8.30266e-05
-7.93461e-06
-0.000127809
-8.6194e-06
-0.000141746
2.95981e-05
-0.000165031
8.4235e-05
-0.000133748
0.000152211
-0.00013979
0.000244695
-4.43771e-05
0.000312352
3.14281e-05
0.000655941
-8.0678e-05
-0.00123996
-0.000190931
1.85011e-06
2.07332e-05
2.28372e-05
-8.77981e-05
7.59368e-05
-0.00162691
0.00023545
-0.001067
9.52374e-06
3.18731e-05
-1.52409e-05
3.54871e-07
0.000126873
0.000230133
-0.000561852
-0.000161852
0.000207309
-0.000988685
0.000788659
-0.000744218
0.000562302
-6.75141e-06
-6.94275e-05
0.000229922
-0.000488379
0.000993131
-0.00132529
0.00161492
-0.00132602
0.000906868
-0.000550842
3.49528e-05
-0.000214411
0.000514843
-0.000260474
0.000137922
-0.000390756
0.000332009
-0.000199118
3.82318e-05
0.000133928
0.000209812
-0.00146472
2.11906e-05
0.000344261
-0.00108437
0.000783789
-0.000467517
0.000209641
-4.68105e-05
-4.43838e-05
7.27105e-05
-5.74011e-05
4.48384e-05
-2.71638e-05
2.06417e-05
-1.33653e-05
8.88896e-06
-8.20554e-07
-4.82817e-06
1.07417e-05
-1.56934e-05
1.93542e-05
-2.08819e-05
1.97225e-05
-1.5091e-05
6.46622e-06
5.6249e-06
-2.02582e-05
3.57122e-05
-5.04189e-05
6.26769e-05
-7.0972e-05
7.53371e-05
-7.47041e-05
7.0068e-05
-6.30362e-05
5.50486e-05
-4.68463e-05
3.83081e-05
-2.93147e-05
1.86794e-05
-6.39491e-06
-9.96068e-06
2.76805e-05
-4.52489e-05
6.18874e-05
-7.6446e-05
8.66233e-05
-9.31731e-05
9.51761e-05
-9.22267e-05
8.6386e-05
-7.90932e-05
7.05955e-05
-6.15234e-05
5.18222e-05
-4.60784e-05
4.28443e-05
-3.80987e-05
3.17987e-05
-2.47322e-05
1.77749e-05
-1.11418e-05
5.31471e-06
-2.5407e-07
-4.7389e-06
1.07821e-05
-2.07212e-05
1.53763e-05
-1.38044e-05
1.33271e-05
-1.34979e-05
1.42413e-05
-1.39383e-05
1.29125e-05
-1.25719e-05
-4.03159e-07
-2.19132e-06
1.5204e-05
-1.11554e-05
6.64242e-06
-1.74237e-06
-2.41829e-06
6.18326e-06
-9.04006e-06
1.11179e-05
-1.24124e-05
1.33655e-05
-1.40797e-05
1.5245e-05
-1.71472e-05
1.9495e-05
-1.1176e-05
-1.39559e-05
2.17931e-05
5.59915e-07
-3.67499e-07
-2.59362e-07
-3.65317e-06
1.01965e-06
5.59291e-06
-6.51495e-06
7.49392e-06
-8.83578e-06
-7.38795e-08
6.76714e-06
-1.42874e-05
2.37576e-05
-3.26157e-05
3.89862e-05
-4.4642e-05
4.93968e-05
-5.36425e-05
5.65538e-05
-5.8252e-05
5.89687e-05
-5.87595e-05
5.67776e-05
-5.15726e-05
4.22802e-05
-3.84695e-05
3.98772e-05
4.32796e-06
-4.02465e-05
4.28105e-05
-4.4956e-05
4.43974e-05
-4.30996e-05
4.17603e-05
-4.02838e-05
3.78695e-05
-3.51286e-05
3.12148e-05
-2.62282e-05
2.03419e-05
-1.35395e-05
5.41241e-06
4.5202e-06
-1.56451e-05
2.81716e-05
-4.13336e-05
5.46828e-05
-6.70257e-05
7.72582e-05
-8.43113e-05
8.75771e-05
-8.68846e-05
8.24795e-05
-7.51263e-05
6.58056e-05
-5.5338e-05
4.41188e-05
-3.2021e-05
1.85522e-05
-3.55105e-06
-1.45434e-05
3.26165e-05
-5.0118e-05
6.58754e-05
-7.8978e-05
8.93386e-05
-9.9177e-05
0.000107314
-0.000106028
8.94025e-05
-5.9758e-05
3.16284e-05
-5.31324e-05
0.000158686
-0.000428155
0.000786646
1.63847e-06
4.25103e-08
1.45712e-06
-4.26489e-05
-4.76386e-05
-1.29832e-05
6.18862e-05
0.000136586
8.08314e-07
-6.19219e-08
2.48754e-07
2.29965e-07
3.8592e-08
4.74477e-08
9.35168e-05
-7.69365e-06
-8.23012e-05
5.82245e-05
-0.000267302
0.000129254
-6.74733e-05
-0.000121332
-0.00010048
-8.82982e-05
0.000107437
-6.62398e-05
-9.62956e-05
-8.71967e-05
-8.01623e-05
8.14311e-05
-5.94173e-05
-6.70812e-05
-7.18308e-05
-6.77573e-05
5.5003e-05
-3.87835e-05
-2.92388e-05
0.000101473
)
;

boundaryField
{
    wall
    {
        type            calculated;
        value           uniform 0;
    }
    outlet
    {
        type            calculated;
        value           nonuniform List<scalar> 
33
(
4.77575e-09
3.80079e-09
4.439e-09
4.74886e-09
4.59328e-09
4.70594e-09
4.6578e-09
4.36207e-09
4.46755e-09
4.22175e-09
4.24412e-09
4.18029e-09
4.14829e-09
4.04503e-09
4.01225e-09
4.17846e-09
4.06806e-09
4.29105e-09
4.26798e-09
4.27623e-09
4.26906e-09
4.27053e-09
4.27393e-09
4.28003e-09
4.25015e-09
4.34969e-09
4.29876e-09
4.3035e-09
4.2646e-09
3.87193e-09
4.05339e-09
2.17422e-09
2.63213e-09
)
;
    }
    inlet
    {
        type            calculated;
        value           nonuniform List<scalar> 
30
(
2.76116e-05
8.65489e-06
2.59998e-05
4.8148e-05
1.71116e-07
1.08027e-05
7.74496e-05
5.17375e-05
0.000119353
0.000100329
0.000143797
0.000133867
0.000152034
0.000149583
0.000148379
0.000151609
0.000131512
0.00014192
9.78454e-05
0.000116789
7.47657e-05
2.78912e-06
4.38323e-06
7.0341e-07
5.60752e-07
4.19539e-07
1.92408e-07
2.0191e-07
4.78661e-08
3.87813e-08
)
;
    }
    frontAndBackPlanes
    {
        type            empty;
        value           nonuniform List<scalar> 0();
    }
}


// ************************************************************************* //
