/*--------------------------------*- C++ -*----------------------------------*\
| =========                 |                                                 |
| \\      /  F ield         | OpenFOAM: The Open Source CFD Toolbox           |
|  \\    /   O peration     | Version:  2212                                  |
|   \\  /    A nd           | Website:  www.openfoam.com                      |
|    \\/     M anipulation  |                                                 |
\*---------------------------------------------------------------------------*/
FoamFile
{
    version     2.0;
    format      ascii;
    arch        "LSB;label=32;scalar=64";
    class       surfaceScalarField;
    location    "0.79";
    object      phi;
}
// * * * * * * * * * * * * * * * * * * * * * * * * * * * * * * * * * * * * * //

dimensions      [1 0 -1 0 0 0 0];

oriented        oriented;

internalField   nonuniform List<scalar> 
4475
(
0.00131882
-0.00124204
0.00202351
-0.00210445
-1.16639e-05
3.47738e-06
-4.01679e-07
8.79121e-06
0.00220022
-0.00284249
0.00115536
-0.000516531
-1.15919e-05
0.00104439
6.50791e-06
-0.00103944
-0.0011462
0.00104173
0.00109904
-0.000994717
0.000967783
-0.000733451
-0.0010855
0.000851077
-0.000303046
0.00028968
0.00144829
-0.00143491
-0.000920622
-0.00120996
0.00107448
0.00105641
0.0010858
-0.00120597
-0.00102656
-0.000914677
-2.21994e-05
0.000136482
0.00080045
-0.000169604
0.000164188
-0.000908957
-0.00104403
0.000143916
-5.81195e-05
0.000958264
-0.00108232
4.24049e-05
-3.96581e-06
-0.00111572
1.86206e-05
1.49854e-05
-0.00114136
1.12641e-05
1.45305e-05
-0.00115352
5.79058e-06
6.68201e-06
1.14159e-05
-0.0011301
-3.47437e-05
0.00110916
-8.5429e-05
-0.00109819
7.44679e-05
0.00116156
-4.06813e-05
0.00115
1.77819e-05
0.00112264
3.90128e-05
0.00109174
4.98832e-05
0.00106449
6.97081e-05
0.00113604
7.2581e-05
0.000968092
-1.55328e-06
0.000889508
5.69519e-05
0.0010965
0.00014418
-0.000350481
0.00101097
3.3559e-05
5.25186e-05
0.00148399
-0.00150425
-0.000282614
-0.00112162
-9.38086e-05
0.000970979
2.57572e-05
1.46739e-05
0.000940555
2.34583e-05
7.31174e-06
0.00091586
2.15734e-05
3.50486e-06
0.000891269
2.26661e-05
2.20038e-06
0.000870086
1.93813e-05
2.03775e-06
0.000847756
2.05343e-05
1.87987e-06
0.000827088
1.9596e-05
1.06135e-06
0.000807158
1.83727e-05
1.40443e-06
0.000788585
1.69381e-05
1.27078e-06
0.000769493
1.79883e-05
7.08065e-07
0.000752349
1.62673e-05
2.58302e-07
0.000735113
1.63249e-05
4.43219e-07
0.000718573
1.5533e-05
4.48643e-07
0.000703658
1.39099e-05
5.50715e-07
1.11237e-05
0.000692551
-3.72561e-07
-0.000703332
0.000689354
2.47264e-05
-0.000717781
2.79772e-05
-0.000730189
2.74414e-05
-0.000746052
3.18493e-05
-0.000762201
3.19506e-05
-0.000778516
3.39567e-05
-0.000794788
3.29426e-05
-0.000817211
4.06206e-05
-0.000836068
3.84453e-05
-0.000855404
3.98978e-05
-0.000879693
4.38781e-05
-0.000901659
4.4808e-05
-0.000926511
4.66328e-05
-0.00095317
5.02191e-05
-0.000991083
6.3845e-05
-0.00106437
0.000107198
-0.000850523
0.000236989
-0.000450344
-0.000914352
0.00020041
-0.000903212
0.000153139
-0.000947988
9.44069e-05
-4.9411e-05
-0.00104028
3.42623e-05
-0.0010809
3.68046e-05
-0.00111218
4.63464e-05
-0.00113709
3.95394e-05
-0.00114437
1.40871e-05
-0.00115879
-2.0212e-05
1.29166e-05
1.19547e-07
0.000679077
2.1345e-05
0.000680559
0.00116754
-6.67578e-05
-0.00114104
0.00114994
3.60856e-05
0.00112528
6.40828e-05
0.00109397
8.14874e-05
0.00108031
8.35221e-05
0.00107171
8.13615e-05
0.00100844
6.21924e-05
0.000983737
8.22257e-05
0.00102475
0.000104091
0.00100344
7.46795e-05
0.00097151
4.74284e-05
0.000944352
3.50491e-05
0.000920306
2.81654e-05
0.000898064
2.47814e-05
0.00087696
2.36056e-05
0.000854501
2.44484e-05
0.000835145
2.05961e-05
0.000814463
2.18798e-05
0.000795295
2.01009e-05
0.000775659
1.99764e-05
0.000758262
1.69251e-05
0.000740473
1.79231e-05
0.000723725
1.64801e-05
0.000707368
1.65337e-05
0.000691696
1.49741e-05
-0.000133597
-0.00112268
0.000157838
1.29124e-05
0.00067852
-0.000211015
-0.00104441
-0.0011563
-9.61713e-05
-0.000685147
0.000673516
3.27202e-05
-0.000697456
3.66029e-05
-0.000706422
3.65464e-05
-0.000722097
4.26555e-05
-0.000734271
4.36871e-05
-0.000748487
4.57547e-05
-0.000763183
4.84011e-05
-0.000782846
5.23805e-05
-0.000797251
5.49021e-05
-0.000815269
5.65147e-05
-0.00083674
6.14324e-05
-0.000856954
6.42368e-05
-0.000878833
6.67836e-05
-0.000902945
7.07779e-05
-0.000930906
7.81716e-05
-0.00096106
9.40499e-05
-0.00098115
0.000127485
-0.000922527
0.000178642
-0.000906166
0.000184166
-0.000922616
0.000169586
-0.000957374
0.000129357
-0.00101428
9.12358e-05
-0.00106177
8.4321e-05
-0.00109661
8.10388e-05
-0.00113178
7.45862e-05
-0.00115692
3.90726e-05
-0.00117082
-6.44039e-06
-0.00114113
0.00168732
-0.00146648
0.000588626
-0.00117897
-0.000356003
0.000946124
-0.000741832
-0.000690142
0.000816002
0.000616059
0.000814431
0.00135812
0.000179182
-0.000278889
-0.00125796
0.00120915
8.30001e-05
0.00116539
8.05376e-05
0.00113095
9.91149e-05
0.00110391
0.00010898
0.00108136
0.000106466
0.00106036
0.000102871
0.00102804
9.50527e-05
0.00100813
0.000103034
0.0010069
0.000106133
0.000991117
9.13367e-05
0.000967821
7.1383e-05
0.000943525
5.99238e-05
0.000921613
5.05579e-05
0.000898094
4.86146e-05
0.00087767
4.43725e-05
0.000857837
4.44189e-05
0.000836763
4.17421e-05
0.000816687
4.17547e-05
0.000797758
3.87487e-05
0.000780778
3.64947e-05
0.000762577
3.47526e-05
0.000744905
3.51827e-05
0.000729956
3.10518e-05
0.000716406
2.97668e-05
0.000702274
2.87065e-05
0.000689449
2.54134e-05
-1.20031e-05
0.00067841
2.25348e-05
7.57701e-07
0.000665604
1.22177e-05
0.000667429
2.23203e-05
0.000670248
-0.00104509
0.0010038
-0.00116769
0.000660093
3.55146e-05
-0.00143011
-0.00136958
0.00165775
-0.00120766
0.00181708
0.00101609
-0.00162567
-0.000236418
-0.00113088
0.00131821
-0.00100098
0.00133296
-0.00165015
0.00107185
0.00105332
-0.0010831
-0.00144253
1.89795e-05
0.000300503
-0.00119786
-6.92712e-05
-7.80091e-06
2.05114e-05
0.000665507
2.64131e-06
0.000655036
1.21778e-05
0.000657635
2.23641e-05
0.00065991
2.69763e-05
0.000655235
-0.000686208
-6.03934e-07
0.000713582
-0.000677908
2.70883e-05
-0.000685738
4.01958e-05
-0.000699373
4.98663e-05
-0.000717088
5.39247e-05
-0.000726409
5.15922e-05
-0.000736164
5.31254e-05
-0.000746696
5.58802e-05
-0.000759044
6.04823e-05
-0.000773029
6.60531e-05
-0.000787843
6.95723e-05
-0.000803428
7.19796e-05
-0.000819722
7.76915e-05
-0.00083837
8.27667e-05
-0.000859142
8.75131e-05
-0.00088082
9.22478e-05
-0.000906051
0.000103284
-0.000928182
0.000116038
-0.000939776
0.000139136
-0.000926943
0.000165985
-0.000926919
0.000184278
-0.000929082
0.000171775
-0.000958249
0.000158471
-0.00100469
0.000137418
-0.00104611
0.00012562
-0.00108961
0.000124428
-0.00112835
0.000113113
-0.00117168
8.23236e-05
2.46749e-05
-0.00120304
0.000181301
-0.000137035
-0.00134058
0.00129615
0.00147803
-0.00212121
0.00189639
-0.00125086
0.0010299
-0.000985925
0.00105465
0.00138974
0.000139717
0.000157911
0.0014395
0.000297388
-0.000347153
0.0014224
0.00030671
0.00137895
0.000273725
-0.000230447
0.00132813
0.000231904
0.0013001
0.000212828
-0.000184931
0.00129321
0.000186337
0.00122568
0.000151096
0.00117402
0.000132728
0.0011352
0.000138579
0.00110583
0.000138885
0.0010769
0.000136146
0.00105342
0.000127118
0.00102442
0.000125075
0.00100537
0.000123167
0.000993014
0.000119521
0.000976838
0.000108584
0.000953573
9.53006e-05
0.000931419
8.29279e-05
0.000910615
7.17586e-05
0.000889046
7.05617e-05
0.000868671
6.52318e-05
0.000848746
6.43164e-05
0.00082815
6.2547e-05
0.000809321
6.01676e-05
0.000792655
5.51471e-05
0.000774509
5.39824e-05
0.000755665
5.31564e-05
0.0007426
4.76313e-05
0.000728637
4.43626e-05
0.000716235
4.19703e-05
0.000704076
4.01948e-05
0.000691163
3.79609e-05
0.000676855
3.62189e-05
2.45878e-05
0.000672779
-0.000858711
0.00326415
-0.0022247
-0.000180726
-0.00133603
0.00122392
-0.000968353
0.00100154
0.000590264
-0.000621125
-0.000375579
0.000852415
0.000337182
-0.000813676
-0.00178768
-1.0517e-05
0.000422603
0.00137587
-0.00146574
-0.00111336
-0.000184239
-0.00125017
-0.00128993
-0.000162446
0.00131503
-0.000777847
0.000945282
-0.000167374
-0.000721543
-2.86844e-05
-0.000692157
1.06217e-05
-0.000686694
4.4596e-05
-0.000689206
5.62488e-05
-0.000706523
6.88666e-05
-0.000718936
6.53911e-05
-0.000730096
6.69814e-05
-0.000740382
7.06097e-05
-0.000751952
7.75146e-05
-0.000764575
8.20534e-05
-0.000779935
8.72842e-05
-0.000794545
9.21464e-05
-0.000811742
9.99732e-05
-0.000829872
0.000105488
-0.000850596
0.000112721
-0.00086921
0.000121597
-0.000887872
0.000134425
-0.000900115
0.000151279
-0.000903769
0.000169574
-0.000907422
0.000187769
-0.000915757
0.000179747
-0.000942557
0.000184841
-0.00098127
0.00017578
-0.00102136
0.000165526
-0.00106332
0.00016619
-0.00110701
0.000156584
-0.00114919
0.000124358
-0.00120974
8.50894e-05
-2.89286e-05
-0.00124339
-0.00115806
-0.00109898
0.00125694
-0.000380827
-0.00187236
0.00172119
0.000528351
0.00148013
0.000294062
-0.00163547
0.00146859
0.000308115
0.00144024
0.000334629
0.00139418
0.000319021
0.00134678
0.000278846
0.00131191
0.000247674
0.00127516
0.000223479
0.00122889
0.000197933
0.00117752
0.000184707
0.001141
0.000175723
0.00110508
0.000175633
0.00107687
0.000164823
0.00104956
0.000155725
0.00102381
0.000151427
0.00100436
0.000144228
0.000986813
0.000137858
0.000970163
0.000126431
0.000951686
0.00011478
0.000934047
0.000100948
0.000910921
9.56122e-05
0.000893884
8.80101e-05
0.000870945
8.88043e-05
0.000852981
8.26413e-05
0.000833576
8.23135e-05
0.000820314
7.33895e-05
0.000802102
7.32904e-05
0.00078564
7.02767e-05
0.000773765
6.46e-05
0.000763764
5.7394e-05
0.000752099
5.52901e-05
0.000735072
5.8704e-05
0.000720045
5.40984e-05
0.000712451
4.54226e-05
0.000720166
2.64062e-05
0.000754193
-8.70785e-06
-1.04436e-05
-5.31281e-05
0.000814116
-1.54282e-05
0.000676537
-5.33998e-06
0.000655064
3.66369e-06
0.00064594
9.08699e-06
0.000651999
2.05437e-05
0.000648367
1.84511e-05
0.000657291
-3.42974e-05
0.000766694
0.00112673
-0.000213538
-0.00104943
-0.000558348
0.000638415
-0.000614026
0.000940959
-0.00209581
0.00176835
-0.00134179
0.00136247
-0.00185482
0.00183415
-0.00175681
-0.00104576
0.00151746
0.00181069
-0.00201217
-0.000876043
0.00102415
0.00112087
-0.00125117
1.24611e-05
-0.000111772
-0.00131614
-0.00105845
-0.0012217
0.00112154
-0.00139034
-0.000896627
0.000528774
-0.00189143
0.00100885
-0.00122003
0.0021032
0.000988981
0.00111312
0.00149582
-0.00153474
0.000332467
0.00143755
0.00036574
0.00140353
0.000367999
0.00136506
0.00035683
0.00132432
0.000318612
0.00128432
0.000287155
0.00124347
0.000263418
0.00119979
0.000241264
0.00115914
0.000225246
0.00112116
0.000214281
0.00109142
0.000205849
0.00106174
0.000195535
0.00103613
0.000182022
0.0010146
0.000174382
0.0009958
0.000164306
0.000978118
0.000156898
0.000960706
0.000144395
0.000943469
0.00013303
0.000921456
0.000123193
0.000901642
0.000116061
0.000879516
0.000110276
0.000862663
0.000105813
0.000842111
0.000103366
0.000829796
9.44631e-05
0.000811785
9.16594e-05
0.00079572
8.87847e-05
0.000786196
8.00022e-05
0.000777051
7.27781e-05
0.000761328
7.30663e-05
0.000742299
7.32696e-05
0.000740608
6.01822e-05
0.000750363
4.28803e-05
0.000797231
-2.62426e-06
0.000878201
-5.68798e-05
0.00104487
-0.000178905
0.00120195
-0.000222263
0.00018736
-0.000245604
0.0012605
1.71371e-05
0.000980771
-5.49551e-06
0.000698645
-5.09174e-06
0.000654205
8.11686e-07
0.000639806
9.0012e-06
0.000643574
1.45954e-05
0.000642634
-9.09641e-06
0.000680712
-0.000169761
0.000927914
-0.000224102
0.00118077
-0.00126847
0.00124918
-0.00020537
-0.00124474
-0.000237781
-0.0011819
-0.000230579
-0.000991473
-0.000216831
-0.000825493
-0.000154652
-0.000756946
-2.34234e-05
-0.000727252
2.62716e-05
-0.000712564
5.41927e-05
-0.000716144
6.8706e-05
-0.000732961
8.36876e-05
-0.000748351
8.57592e-05
-0.000760448
8.94514e-05
-0.000769238
9.06051e-05
-0.000785807
0.000103809
-0.000798249
0.000104566
-0.000812891
0.000114506
-0.00082636
0.000118808
-0.000842601
0.000128816
-0.000856699
0.000135633
-0.000871272
0.000148943
-0.000882221
0.000162338
-0.000891022
0.000178358
-0.00089981
0.000196605
-0.000912393
0.000192093
-0.000935276
0.000207597
-0.000963541
0.000203899
-0.00100005
0.000201788
-0.00104045
0.000206321
-0.00108596
0.000201828
-0.00114374
0.000181786
0.000135438
-0.00119429
-0.00120114
-0.00115871
0.00126143
-5.79154e-05
-0.00130524
-0.00149764
-0.000125384
0.000306439
-0.000122823
-0.00106883
-0.00138018
0.00160834
-0.00150271
-0.00100398
0.00154517
-0.000983167
-0.000905898
0.00133816
-0.00164886
-0.000453037
0.00171611
0.000302756
-2.17691e-05
0.00153764
0.000308334
-0.0015438
0.00145086
0.000417775
0.00138658
0.000429243
0.00133732
0.000415406
0.00130562
0.000387174
0.00127035
0.000352679
0.00123566
0.000320559
0.0012003
0.000298656
0.00116619
0.000275437
0.00113625
0.000255642
0.00110761
0.000243551
0.00108533
0.000228671
0.00106189
0.000219688
0.00104308
0.000200918
0.00102378
0.000194769
0.00100694
0.000181115
0.000991923
0.000173028
0.000973868
0.000161933
0.000957409
0.000150146
0.000937103
0.000143227
0.000918809
0.000134687
0.000900033
0.000128919
0.000883302
0.000122747
0.000868813
0.000117647
0.000852172
0.00011086
0.000839815
0.000103928
0.000829115
9.91786e-05
0.000811224
9.8053e-05
0.000787925
9.60842e-05
0.000787237
7.39638e-05
0.000803057
5.76196e-05
0.000850537
1.2654e-05
0.000939352
-4.57671e-05
0.00113415
-0.000197399
0.00130061
-0.000224406
0.00136832
-0.000248991
0.00137639
-0.000231441
0.00132739
-0.000198776
0.000245968
0.00127002
-0.000188494
0.000226241
0.0012803
5.99635e-05
0.0011362
6.35381e-06
0.000749295
1.50801e-06
0.00065852
4.42521e-06
0.000636746
6.94546e-06
0.000640718
-3.20322e-07
0.000649862
-4.52919e-05
0.00072605
-0.000209148
0.00109355
-0.000238036
0.00120936
-0.000188322
0.00119901
-0.00120075
0.00117743
-0.000165277
-0.00123313
-0.000173318
-0.00128918
-0.000182232
-0.00132354
-0.000196835
-0.00131029
-0.000230621
-0.0012324
-0.00023288
-0.00103449
-0.000220289
-0.000855387
-0.00015271
-0.000782456
-1.57431e-05
-0.000751356
3.72027e-05
-0.000735654
6.78892e-05
-0.000737511
8.72975e-05
-0.000752898
0.000104626
-0.000771945
0.000109367
-0.000780384
0.000112188
-0.00078972
0.000113807
-0.000799984
0.000124745
-0.000812831
0.000131664
-0.000824757
0.000140581
-0.000836963
0.00014766
-0.000847912
0.00015962
-0.000857046
0.000171238
-0.000866098
0.000187145
-0.000871802
0.000202156
-0.000889727
0.000209657
-0.000906849
0.000224237
-0.000933667
0.000230143
-0.000962918
0.000230568
-0.000998249
0.000241626
-0.00103884
0.000242148
-0.00108906
0.000231603
0.000198469
-0.0011525
-0.00124937
6.72835e-05
-0.00115158
-0.00127151
-0.00118164
-0.00128741
0.00131077
0.00133874
0.00259966
-0.00226767
-0.00167096
-0.00129396
-1.3725e-05
-0.00160511
-0.000557433
0.000287546
-0.00167217
-0.000839391
-0.00164535
-0.00101016
2.16861e-05
-0.000487932
-0.00103171
-0.000567883
-0.00121431
7.14372e-05
-0.00134682
-8.43955e-05
-0.00114002
-0.00143135
-0.00151846
-0.00113223
0.000220044
-0.000185796
0.00123901
0.000246274
0.00125588
0.000209276
0.00117492
3.49024e-05
0.000920238
6.69495e-06
0.000685611
6.31786e-06
0.00063661
3.31673e-06
0.000643441
-2.14289e-05
0.000674516
-0.000183197
0.00088806
-0.000223025
0.00113341
-0.0002144
0.00120043
-0.000183253
0.00116765
-0.000161809
0.00115594
-0.00117444
-0.000142295
0.00115489
-0.00119202
-0.000147893
-0.00121461
-0.000151222
-0.00123953
-0.000157547
-0.00127542
-0.000161303
-0.00133735
-0.000169204
-0.00137889
-0.000191813
-0.0013906
-0.000209204
-0.00130891
-0.000234934
-0.0011075
-0.000219987
-0.000912921
-0.000157413
-0.00082768
-1.96015e-05
-0.000784223
4.37341e-05
-0.000763006
8.32399e-05
-0.000757022
0.000103145
-0.000767859
0.000122789
-0.000788176
0.000133872
-0.00079725
0.000133733
-0.000803421
0.000137778
-0.000817364
0.000154503
-0.000828793
0.000159103
-0.000842811
0.000173639
-0.000852573
0.000180942
-0.000863549
0.000197848
-0.000870482
0.000208997
-0.000880562
0.000219294
-0.000895791
0.000239238
-0.000909465
0.000243516
-0.000931276
0.000252468
-0.00095277
0.000263051
-0.000980899
0.000270026
-0.00102416
0.000274495
0.000262958
-0.00108897
0.000132004
-0.00121761
0.00108788
-0.000896308
-0.00117815
-0.00108908
-0.00144348
0.000824266
0.00012413
-5.00138e-05
-0.000897739
0.00186677
0.000351906
-0.00205714
-0.000176366
0.00135232
0.000528486
-0.00146431
0.00128847
0.000492002
0.00125299
0.000450704
0.00121978
0.000419945
0.00119136
0.000380632
0.00115991
0.000351646
0.00113486
0.000322192
0.00110599
0.000304287
0.00108293
0.000278657
0.00106085
0.000266239
0.00104047
0.000249919
0.00102424
0.000237114
0.00100283
0.000223291
0.000987455
0.000211352
0.000969741
0.000200643
0.000955523
0.000187752
0.00094247
0.000176854
0.000925045
0.000167545
0.000910764
0.000158561
0.000894082
0.00015143
0.000882283
0.000141417
0.000868605
0.000136172
0.000863131
0.000123807
0.000854206
0.000119744
0.000835119
0.000123533
0.000819648
0.000114421
0.000829503
8.84186e-05
0.00086028
6.49955e-05
0.000930762
4.36232e-06
0.00103502
-4.54622e-05
0.00127711
-0.000227559
0.00145536
-0.000222254
0.00149622
-0.00023732
0.00147071
-0.000197516
0.0014075
-0.000185938
0.00134631
-0.000173511
0.00130898
-0.000163815
0.00128088
-0.00016029
0.00125355
-0.000156008
-0.00116874
-0.00137407
0.00136212
-0.00124873
-0.00130876
0.00163439
-0.00021735
0.000175708
-0.00159273
-0.00118884
-0.000136876
-0.00114135
-0.00130813
-7.09698e-05
-0.00117076
0.00115458
-0.000125383
-0.00118966
-0.000128628
-0.00120768
-0.000133844
-0.00122961
-0.000135797
-0.00125103
-0.000140291
-0.00128199
-0.000139309
-0.00133026
-0.000144009
-0.00139103
-0.000149171
-0.00145826
-0.000168175
-0.00148494
-0.000193717
-0.00140695
-0.000235898
-0.00121099
-0.00021432
-0.000974394
-0.00019342
-0.000882326
-9.22243e-06
-0.000833257
5.36894e-05
-0.000805011
9.48325e-05
-0.000790189
0.000118843
-0.000800166
0.000143648
-0.00082589
0.000163449
-0.000835813
0.000164426
-0.000844199
0.0001674
-0.000852329
0.000181693
-0.000860083
0.000188793
-0.000866783
0.000204503
-0.000870818
0.000213103
-0.000879526
0.000227708
-0.000881037
0.000240544
-0.000885401
0.000247614
-0.000897393
0.000264164
-0.000905505
0.000271082
-0.000922918
0.000287291
-0.000953122
0.000304658
-0.00102331
0.000333364
0.000213828
-0.00117117
0.00101303
-0.000836191
0.000910953
-0.00155855
-0.000961752
0.000180935
-0.00015254
0.00122874
0.000205467
0.0012193
0.000254779
0.00121189
0.000224881
0.00120657
7.36738e-05
0.00106269
1.6699e-05
0.000742059
5.10475e-06
0.000647456
-5.17745e-06
0.000652845
-5.71414e-05
0.000726793
-0.000206186
0.00103803
-0.000237597
0.00116476
-0.00019585
0.0011585
-0.000176966
0.00114863
-0.000157296
0.00113629
-0.000139819
0.00113722
-0.000125874
0.00114071
0.00133205
-0.00090698
-0.00132142
0.00182856
-0.00115095
0.00179887
-0.000982735
0.00176054
-0.000805726
-0.000452487
-0.000982316
0.000936718
0.00103505
-0.000413627
-0.00149944
-0.000145063
0.000151355
9.95748e-06
-1.77836e-05
-2.81589e-05
-0.000987685
0.00100488
0.00121214
0.000526899
-0.00121316
0.00120332
0.000499283
0.00118755
0.000465995
0.00117758
0.000429827
0.0011598
0.000398462
0.00114535
0.000365927
0.00112437
0.000343566
0.00111091
0.000317875
0.00108805
0.000301718
0.00107473
0.000280044
0.00105674
0.000268537
0.00104348
0.00025112
0.00102736
0.000240958
0.0010105
0.000228084
0.000996828
0.000215292
0.000980112
0.000204901
0.00096531
0.000191404
0.000949213
0.000183939
0.000935897
0.000171656
0.000923626
0.000162996
0.000909027
0.000155144
0.000896243
0.000149934
0.000864764
0.000155494
0.000860286
0.000124512
0.000882601
0.000101261
0.000931184
6.61692e-05
0.00102205
1.16664e-07
0.00117526
-8.81272e-05
0.00142784
-0.000243281
0.0015823
-0.000194008
0.00156627
-0.000206868
0.0015372
-0.00019137
0.00146161
-0.00016433
0.00141135
-0.000151451
0.00136645
-0.000143989
0.0013271
-0.000136051
0.00129811
-0.000136196
0.00127209
-0.000134365
0.00124868
-0.000131059
0.00122924
-0.000130125
0.000170519
0.00176579
-0.000301867
9.91095e-06
-0.0012419
-0.000790521
0.000415658
-0.00114415
-0.00148072
0.00145671
-0.00116777
-0.00152388
-0.00130064
-0.00138218
-0.00157548
-0.000971762
0.00232993
0.00309122
-0.00114577
-0.00280396
0.00109775
-7.90148e-05
-0.00136685
0.000412397
-0.0012221
0.00109075
0.000793212
-0.000848375
-0.000626078
-0.00116314
0.000739318
0.00059351
-0.000857987
-0.000356594
0.000620227
-0.00102417
-0.00292323
0.00113891
0.00280858
-0.00116009
0.00114285
-0.000108385
-0.0011749
-0.000108622
-0.0011913
-0.000112904
-0.00121294
-0.000114383
-0.00123165
-0.000116768
-0.00125446
-0.000117036
-0.0012763
-0.000118925
-0.00130638
-0.000114426
-0.00134113
-0.000115498
-0.00139502
-0.000115016
-0.00146756
-0.000121897
-0.00156635
-0.000137297
-0.00160671
-0.000174696
-0.00160829
-0.000192978
-0.00142515
-0.000193231
-0.0011475
-0.000224585
-0.0010221
-3.74538e-05
-0.00093809
3.45336e-05
-0.000882069
8.74757e-05
-0.00084082
0.000121991
-0.000826366
0.000149902
-0.000835171
0.000176073
-0.000841228
0.000187603
-0.000847606
0.000195257
-0.000842881
0.000199652
-0.000839772
0.000210289
-0.000843048
0.000230917
-0.000847355
0.000245
-0.000860694
0.000260885
-0.000866767
0.000269925
-0.000888383
0.000292442
-0.000901925
0.000300295
-0.000921016
0.000323654
-0.000924377
0.000336682
0.000371216
-0.000883086
0.00128089
-0.000785734
-0.00248115
0.00214073
-0.000909975
0.00146962
-0.000858718
-0.0030907
0.000153841
-0.000131105
0.00120987
0.000180315
0.00120587
0.000204811
0.00120013
0.000236055
0.00118602
0.000247509
0.00119773
0.00020736
0.00110223
4.15377e-05
0.000908479
8.8887e-06
0.000679585
-2.48565e-05
0.000686798
-0.000182244
0.000884838
-0.000223312
0.00107925
-0.000222711
0.00116415
-0.000191875
0.00112745
-0.000170519
0.0011269
-0.000152504
0.00111793
-0.000136881
0.00112121
-0.000120247
0.00112344
-0.000104704
0.00112619
-0.000997371
0.00199429
-0.00112878
0.00186181
-0.000856459
0.001598
-0.000546825
0.00141961
-0.000284122
-0.000322428
0.00128022
-9.89843e-05
0.000182738
0.00144555
-0.0018572
0.00107373
0.000531796
-0.0010299
-0.000579353
0.00110293
0.000495151
0.00111859
0.000481768
0.00112128
0.000461903
0.0011131
0.000437551
0.00109829
0.000412233
0.0010789
0.000385098
0.00106217
0.000360359
0.00104125
0.000338866
0.00102788
0.00031561
0.00100767
0.000300696
0.000999472
0.000277547
0.000980979
0.000269556
0.000976058
0.000246989
0.000966279
0.000239365
0.000960026
0.000219251
0.000955484
0.000210247
0.000949096
0.000196306
0.000948004
0.000185248
0.000938164
0.000179265
0.000925013
0.000175446
0.00090449
0.000174011
0.000911672
0.000140863
0.000948579
0.000115618
0.00100407
6.82622e-05
0.0011063
6.22057e-06
0.00128762
-0.000110712
0.00152032
-0.000206539
0.00163618
-0.000205845
0.00158632
-0.000194328
0.00156613
-0.00017559
0.00150314
-0.000143213
0.00144501
-0.000134101
0.00140591
-0.000126753
0.00137569
-0.000123054
0.0013431
-0.00011413
0.00131898
-0.000114407
0.00129489
-0.000113356
0.00127086
-0.000109593
0.00125429
-0.000111853
0.00123914
-0.000110691
0.00122457
-0.000112312
0.00140141
-0.000917307
-0.0013905
4.47988e-05
-0.00120671
0.00133389
-0.00196739
-0.00152993
0.00150117
-0.000982824
0.0010097
-0.00154351
-0.00104272
0.00105735
-0.00110564
-0.00158128
-0.00127015
-4.33605e-05
-0.00171655
-0.00151486
-0.00126714
-0.00150061
-0.00140398
0.00239684
-0.00280229
-0.000618479
0.00125073
-0.000755037
0.000762295
-0.00125796
-0.00189147
0.00161536
0.000274131
0.00100765
-0.000679557
0.000897239
-0.000228231
-0.00060452
0.0012962
0.000588864
0.00163195
-0.00154298
8.68219e-05
-1.34859e-05
0.00181645
0.000905054
0.000363498
0.000900089
0.000341587
0.000897628
0.000326412
0.000894717
0.000303195
0.000893022
0.000294003
0.000886503
0.000276283
0.000881025
0.000266272
0.000871299
0.000254855
0.000858491
0.000243921
0.00083934
0.000229551
0.000833554
0.000205669
0.000845544
0.000182844
0.000890184
0.000143161
0.000945792
0.000119724
0.00100346
9.19456e-05
0.0011101
1.39215e-05
0.00131989
-0.00012409
0.00156097
-0.000210864
0.00169811
-0.000167243
0.00164057
-0.000165892
0.0015777
-0.000129919
0.00148578
-0.000100297
0.0014005
-8.90887e-05
0.00134727
-8.42501e-05
0.0013125
-8.74816e-05
0.00128639
-8.9574e-05
0.00126452
-9.45039e-05
0.00125295
-0.000103821
0.0012412
-0.000107635
0.00122619
-0.000102406
0.00120819
-9.88755e-05
0.00118815
-9.42748e-05
0.00116748
-9.26432e-05
0.00114919
-9.14293e-05
0.00112882
-8.87759e-05
0.00111217
-8.87411e-05
0.000275403
0.00231075
-0.000820427
0.000133709
-0.000114024
0.00120743
0.00015406
0.00119256
0.000175585
0.00118775
0.00019906
0.00118099
0.000222143
0.00116799
0.000253809
0.00116916
0.000230847
0.00112645
0.000107739
0.0010336
9.59289e-06
0.000773134
-6.80858e-05
0.000762604
-0.000210719
0.00102825
-0.000233634
0.00110226
-0.000202729
0.00113319
-0.000184378
0.00110896
-0.000165847
0.00110826
-0.000149589
0.00110131
-0.000133158
0.00110414
-0.000119276
0.00110869
-0.000101667
0.00110775
-8.51661e-05
0.0010955
0.00139577
-0.000780367
-7.34192e-06
-0.00117072
-0.000936038
0.00148438
0.000952871
0.000480452
0.00207216
-0.00131235
-0.00124021
0.0003112
-0.00140622
0.000200155
-0.00148174
0.000162183
-0.00150502
0.00153062
0.000101394
-0.00146984
0.00173986
-0.000122557
0.00251117
-0.000784969
0.000118202
-0.000587876
0.00297963
0.000889097
-9.40302e-05
0.00108228
0.00228665
-0.00232249
-0.00104657
0.00070833
0.00106659
-0.000528475
0.000674017
0.000503759
-0.0008197
-0.000357443
0.000919309
-0.00160646
-0.00095168
0.00157322
-0.00164377
-0.0010039
-0.0010587
-0.00169054
-7.27415e-05
-0.0012769
0.00141302
-0.000905383
-0.00142538
0.00156492
-0.00122411
0.00187801
-0.000875358
0.00156542
-0.0005503
0.00126123
-0.000248986
0.0011096
-0.000139675
-0.000119483
0.000902086
-0.000493281
0.00110284
0.000666578
0.000130141
-3.82278e-05
-0.000264527
0.000170453
0.00086409
0.000416575
-0.000548522
-0.00073668
0.000969892
0.000421409
0.00103139
0.000431005
0.00107892
0.000433997
0.00110402
0.000435837
0.00111528
0.00042639
0.00111861
0.000410024
0.00111039
0.000394109
0.00109885
0.000372721
0.00108304
0.000355641
0.00106817
0.000331645
0.00105185
0.00031806
0.00103447
0.000295593
0.001021
0.000283045
0.000997796
0.000271264
0.000986937
0.000250543
0.00096945
0.000237538
0.00096426
0.00021477
0.00094763
0.000212484
0.00093534
0.000197188
0.000937564
0.000173971
0.000969969
0.000143221
0.00102127
0.000118876
0.00109043
7.09036e-05
0.00119876
7.29551e-06
0.00143462
-0.000159014
0.00162522
-0.000172343
0.00170908
-0.000195093
0.00167612
-0.000167393
0.00161165
-0.000137127
0.0015265
-0.000115323
0.00145934
-0.000108132
0.00141968
-0.00010569
0.0013909
-0.000109019
0.00136662
-0.000105676
0.00134258
-0.000101387
0.00132308
-9.74066e-05
0.00130628
-9.92019e-05
0.00128712
-9.34992e-05
0.00127352
-9.3887e-05
0.00125825
-9.32034e-05
0.0012417
-9.09153e-05
0.00122473
-9.2718e-05
0.00120655
-9.40813e-05
0.00192175
0.000888949
-0.00204816
0.00173366
0.000895532
-0.000470681
0.000805501
0.00139499
-0.001672
0.000581327
0.00150331
-0.000412409
0.000848769
-0.000256157
-2.45054e-05
-0.00122648
-0.000552933
0.00201466
0.000742136
0.000403098
0.000740417
-0.000296496
0.0011514
0.00207486
-0.00158318
-0.00164268
-0.00157951
-0.00143514
-0.00167436
-0.00121925
-0.00162973
0.000947398
-0.00197411
0.0019216
0.00172845
-0.000950265
-0.00178021
0.00172408
0.00221005
-0.00203619
0.00200561
0.000870461
-0.000479449
-0.00268796
-0.000643015
0.00274215
0.00177102
-0.00177226
-0.00211714
-0.000798439
-0.000155695
0.000694759
-0.000410328
-0.00253343
-0.000939496
-0.00186926
-0.000786215
-0.00150858
-0.000259322
0.000867963
0.000348005
0.00086673
0.000342814
0.000862723
0.000330368
0.000855973
0.000309943
0.000859103
0.000290839
0.000853392
0.000282263
0.000858965
0.000260873
0.000871987
0.000242538
0.000904051
0.000212288
0.000954856
0.000178935
0.000999523
0.000160969
0.0010705
0.000111923
0.00118573
2.6182e-05
0.00134953
-4.46496e-05
0.00161879
-0.000178913
0.00176628
-0.00013499
0.00178421
-0.00014359
0.00167819
-0.000105896
0.00158797
-7.66718e-05
0.00148561
-6.30882e-05
0.00141044
-5.37327e-05
0.00136773
-5.69759e-05
0.00133673
-5.75738e-05
0.00131819
-6.60632e-05
0.00130882
-7.85209e-05
0.0013102
-9.11868e-05
0.00130955
-9.42708e-05
0.0012939
-8.83451e-05
0.00126894
-8.28089e-05
0.00124261
-7.62767e-05
0.00121783
-7.44099e-05
0.00119601
-7.30346e-05
0.00117634
-7.36842e-05
0.00115525
-7.09895e-05
0.00113763
-7.16041e-05
0.00111863
-7.00425e-05
0.00110389
-7.03801e-05
-0.000436977
-5.74616e-05
0.000369772
-0.00050889
-7.2923e-05
-0.000666131
-9.68216e-05
-0.000976905
-0.000240426
-0.00132965
-0.000523157
-0.00141334
-0.0008258
-0.00108784
0.000838165
0.000697938
-0.000572308
0.00136398
-0.00111277
0.00111144
-0.000923044
0.0015591
0.000904399
0.00182237
0.000612701
0.00307828
-0.000710261
0.000324713
0.00306863
0.00083527
-0.00232366
-0.00056245
-0.000978017
-0.0018612
0.00141548
-0.000469416
0.000320546
-0.00126688
-0.0002807
-0.00117884
-3.21506e-06
-0.00128688
0.00145956
-0.000826655
0.000240064
-0.000246393
-0.00141459
0.00142093
-0.0026653
0.00111489
0.00268929
-0.000498462
-0.00175906
0.000114604
-9.44752e-05
0.00118759
0.000133211
0.00119132
0.000152208
0.00117583
0.000173454
0.00116988
0.000195049
0.00116359
0.000212669
0.001155
0.000244755
0.00114141
0.000249313
0.0011243
0.000206045
0.00107605
1.56141e-05
0.000954947
-0.00017003
0.000946444
-0.000217838
0.00107718
-0.000223216
0.00110754
-0.000192796
0.00110279
-0.000177492
0.0010936
-0.000160929
0.00109184
-0.000144633
0.001085
-0.000130588
0.00108999
-0.000116352
0.00109408
-0.00010086
0.00109212
-8.62574e-05
0.00108121
-6.91543e-05
0.00108667
0.000299845
-0.00137215
0.000277781
-0.00138415
0.000233014
-0.00143697
0.000202224
-0.00147422
0.00018404
-0.00145165
0.000150755
-0.00147525
-0.0028788
-0.000609805
-1.22616e-05
-0.0011838
-0.000885511
0.00146574
0.000624384
0.00118503
-0.000218319
0.000656837
0.000298808
-0.000633069
0.000755786
0.000471373
0.000926783
0.00225765
-0.0020317
0.00102358
0.0024147
-0.00165529
-0.00159565
-0.00225799
0.000504366
-0.00173727
0.00181934
-0.00113811
-0.00177217
0.00199761
0.00101642
-0.00123908
-6.06803e-05
0.000889064
-0.00117315
-0.00152134
-0.000949768
-0.00138079
-0.00168395
0.000289696
-0.000250282
0.00011093
-0.000151952
0.000491303
0.00014985
-0.00035358
0.00069029
0.000215511
0.000813714
0.000295287
0.000870414
0.000370722
0.000922489
0.000379481
0.000967866
0.00039119
0.000996525
0.000398895
0.00101357
0.000393761
0.00102135
0.000387515
0.00102477
0.000368758
0.00102702
0.000353698
0.0010253
0.000332414
0.00102943
0.000313744
0.00103148
0.000293202
0.0010387
0.000275011
0.00104361
0.000264563
0.00103037
0.000263167
0.00104384
0.000221561
0.00104773
0.000212443
0.00108272
0.000172616
0.0011333
0.000143968
0.00120577
9.87186e-05
0.00130478
2.98872e-05
0.00144722
-2.51319e-05
0.00169387
-0.000140413
0.00180739
-0.00011328
0.00178901
-0.000145648
0.00174087
-0.000128358
0.0016334
-9.49329e-05
0.00154396
-8.0221e-05
0.0014826
-7.54009e-05
0.00144736
-7.92542e-05
0.00141833
-7.78587e-05
0.0013979
-8.51461e-05
0.00138324
-9.72439e-05
0.00136945
-9.48221e-05
0.00135533
-8.93443e-05
0.00134103
-8.57911e-05
0.00131784
-7.79318e-05
0.00130258
-7.75528e-05
0.00128183
-7.1255e-05
0.00126318
-7.17221e-05
0.0012482
-7.15049e-05
0.00123317
-7.33317e-05
0.00121694
-7.41213e-05
-7.53226e-05
0.0011998
0.0039367
-0.00199219
0.000571789
-0.0025163
0.000889682
0.000572406
-0.00103345
-0.000428543
0.000252586
0.00182939
0.00170368
0.00314781
-0.00218066
-0.0009352
-7.21522e-05
3.27025e-05
0.000283405
-0.000243786
0.00106047
0.00166843
-0.000782695
0.000562561
-0.000192753
0.000171806
5.08476e-05
-3.14666e-05
-0.000209002
-4.2221e-05
-0.000236754
-4.68085e-05
-0.000274901
-6.02814e-05
-0.000408855
-0.000107609
-0.00070847
-0.000229154
-0.00101596
-0.000510059
-0.000917682
-0.000576316
-0.000494618
0.000569689
-0.00182564
-0.00101033
-0.00041323
-0.000514853
0.000146729
-0.000264143
-0.000110543
0.000289135
-0.000397798
0.000252207
0.000628956
-0.000554288
0.000429473
0.000824451
0.000253579
-0.00019078
0.000837467
0.000323752
0.000860754
0.000324386
0.000869361
0.000333727
0.000884965
0.000314478
0.000890422
0.000304206
0.0009243
0.000256909
0.000963032
0.00024288
0.00100922
0.000215712
0.00106211
0.000187286
0.00115005
0.000124668
0.00125044
7.85324e-05
0.00140618
4.50538e-06
0.00162471
-0.000106849
0.00173855
-8.71813e-05
0.00178854
-9.3536e-05
0.00168363
-7.34768e-05
0.00160141
-5.18007e-05
0.00149781
-3.98883e-05
0.00142454
-3.23096e-05
0.00137908
-3.07443e-05
0.00135145
-3.43286e-05
0.00134502
-4.62749e-05
0.00134754
-5.8708e-05
0.00136245
-7.12873e-05
0.00137333
-7.6262e-05
0.0013687
-7.36808e-05
0.00133984
-6.19989e-05
0.00130319
-5.74936e-05
0.00127021
-5.52051e-05
0.00124063
-5.3133e-05
0.00121672
-5.22445e-05
0.00119358
-5.16432e-05
0.00117283
-5.29834e-05
0.00115096
-5.25717e-05
0.00113209
-5.28937e-05
0.0011135
-5.33812e-05
0.00109636
-5.30635e-05
0.0010786
-5.27281e-05
0.00105971
-5.05954e-05
-0.00296246
-0.000854845
-0.00269938
-0.00104764
-0.00199509
-0.000965058
-0.00157697
-0.000267958
-0.00243125
7.16143e-05
0.00158253
-0.000190441
-4.26653e-05
0.000119938
-0.000265908
-8.27193e-05
-0.000174734
0.000850756
-0.000586986
-0.000813194
-0.000624843
-0.000521952
-0.000459586
0.000744042
-1.24129e-05
-4.32184e-05
-0.000992571
1.35201e-05
-0.00113867
-0.000860299
0.00153703
0.000840234
0.00161279
-0.000115228
0.000567875
0.000201614
-0.000584558
-1.80963e-05
0.000529971
0.000832843
0.00317079
0.000353214
0.00373971
0.000257169
-0.00277493
-0.00173933
0.00140348
-0.000865455
0.00167863
0.000671219
-0.00038841
0.00127061
0.00169225
-0.00044884
0.000435783
0.00131452
0.000775849
-0.000396699
0.000828302
-0.00265015
-0.00102564
-0.00197378
0.00222682
0.000444461
0.000116876
-0.00123957
-0.000116377
0.00125957
0.000287486
0.000121054
-0.000704653
4.96737e-05
3.4233e-05
0.000621006
0.000292956
-0.000121528
-0.00127898
0.00116077
0.000412395
-0.000286018
0.000207371
0.000124523
0.00181496
0.000472569
-0.000152701
0.000215232
-0.00040534
-0.0013312
0.000175732
-0.00137508
0.000192575
-0.00138899
0.00020769
-0.00139926
0.000213823
-0.00144311
0.000197565
-0.00145795
0.000205657
-0.00145974
0.000203068
-0.00147265
0.000124268
-0.00149812
0.00145847
-0.000819876
-0.00121038
-3.44284e-05
-0.00185123
-0.00130145
-0.00152131
-0.00175903
0.00217303
0.000830409
0.000554585
0.00107274
-0.000540811
-0.00108725
-3.20849e-05
-0.000271805
0.000327691
-2.24922e-05
0.000203286
5.75054e-05
0.000289947
6.18105e-05
0.000417298
8.79863e-05
0.000585209
0.000132868
0.000763174
0.000198893
0.00088612
0.000260999
0.000912425
0.000369283
0.000965711
0.000349548
0.00100913
0.000354598
0.00104093
0.000361701
0.00105799
0.000359177
0.00107083
0.000345527
0.00108219
0.000327241
0.00107522
0.000323584
0.00108113
0.00029255
0.00110449
0.000253637
0.00115827
0.00021424
0.0012138
0.00020215
0.00126469
0.000164222
0.00134151
0.000139545
0.0014393
6.84183e-05
0.00154712
2.26994e-05
0.00171988
-7.00608e-05
0.00182036
-6.10058e-05
0.00187912
-7.99203e-05
0.0018162
-7.75905e-05
0.00176803
-6.03923e-05
0.00166871
-4.94649e-05
0.00158018
-4.42491e-05
0.00151951
-3.80486e-05
0.00147581
-4.03797e-05
0.00145157
-5.14195e-05
0.00143903
-6.27173e-05
0.00142615
-7.62411e-05
0.00142242
-8.16581e-05
0.00139264
-7.61226e-05
0.00136215
-6.91228e-05
0.00134061
-6.70928e-05
0.00132198
-6.38663e-05
0.00130565
-5.93993e-05
0.00128441
-5.41566e-05
0.00127044
-5.24436e-05
0.00125687
-5.25584e-05
0.00124243
-5.12579e-05
0.00122598
-5.21364e-05
0.00120984
-5.39975e-05
0.00119246
-5.56235e-05
7.80347e-05
-5.70061e-05
0.00117268
9.84042e-05
0.00118034
0.000118624
0.00116766
0.000137135
0.00117325
0.00015512
0.00115981
0.000174091
0.00115352
0.000194279
0.00114707
0.000214666
0.00113789
0.000230093
0.00112945
0.000254858
0.00110193
0.000239915
0.00109245
2.11654e-05
0.00117587
-0.000216379
0.00117876
-0.000228226
0.00108872
-0.000204637
0.00108407
-0.00018902
0.00108753
-0.000172157
0.00107669
-0.000156041
0.00107588
-0.000141951
0.00107109
-0.000128393
0.00107669
-0.000113878
0.00107969
-9.84302e-05
0.00107684
-8.32668e-05
0.00106619
-6.74061e-05
0.0010709
0.00104171
-4.97255e-05
0.0004389
0.00103769
0.000594575
0.00283492
0.000593843
-0.000509914
-0.001098
0.000564496
-0.00179224
-0.00178623
0.000687465
-9.58216e-05
9.27313e-05
-1.03761e-05
0.00223991
-0.00130085
-0.00134446
0.00246172
-0.00300726
-0.000599733
0.00121311
-0.00104314
0.000921062
-0.00122789
6.77636e-05
-9.40089e-05
-3.35924e-05
-9.3536e-05
-4.33479e-05
-9.51989e-05
-4.79625e-05
-0.000105861
-4.92914e-05
-0.000156602
-5.49734e-05
-0.000287381
-9.84406e-05
-0.000598895
-0.000197484
-0.000676731
-0.000468273
-0.000733432
-0.000364082
-0.000835253
-0.000415417
0.000838314
0.000535797
-0.000642971
-0.00072796
-0.000549486
-0.00113583
0.000580151
-0.000553215
-0.00106912
0.00168749
8.91042e-05
-0.000107233
0.00433399
-0.00272883
-0.000227704
0.00321806
0.0016089
0.00056059
0.000723383
-0.00237909
-5.00399e-06
0.00266884
-0.000174828
0.000194724
0.00167867
0.000344019
-0.000749172
3.04805e-05
1.48605e-05
0.00059763
-0.000628416
-0.000491344
0.000363072
-0.000386946
0.000161916
-0.000157677
8.93812e-05
-0.000102902
7.98334e-05
-7.40451e-05
8.75703e-05
-5.14459e-05
-3.78604e-05
0.000122441
2.26987e-06
0.000105076
-3.41253e-06
-0.00010732
5.06825e-06
-0.0015139
-0.000480543
-0.00263238
-0.000414907
-0.00283637
-0.000643468
-0.00311441
-0.000768038
-0.00304912
-0.00103531
-0.00229956
-0.00101602
-0.00155526
-0.000619605
0.00136132
-0.000686552
-0.00122918
-9.72474e-05
0.00120728
-0.00152837
0.000970092
-0.00149533
-0.00187529
2.87764e-05
-0.00146517
-0.000156679
0.00161924
5.96961e-05
-0.00133528
9.28751e-05
-0.00136439
0.00011323
-0.00139544
0.000138112
-0.00141387
0.00016711
-0.00142826
0.000179443
-0.00145544
0.000185997
-0.00146451
0.000197832
-0.00147158
0.000212472
-0.00148729
0.000210384
-0.00149605
0.000101816
-0.00144699
0.000753503
-0.000501397
0.000820741
0.00227476
0.000374774
-0.000920586
0.000113245
0.00121131
0.0014231
-0.00129333
0.00116478
-0.00111731
9.92959e-05
7.64884e-07
0.000125622
2.85145e-05
0.000152973
3.19671e-05
0.000207627
3.23197e-05
0.000285925
5.47576e-05
0.000405112
8.44336e-05
0.000548493
0.000126373
0.000740491
0.00018828
0.000891775
0.000209534
0.00101187
0.000245345
0.00110315
0.00028121
0.00116135
0.000312368
0.00121729
0.000298849
0.00128433
0.000272357
0.00137391
0.000241647
0.00147081
0.00020195
0.00155142
0.000172343
0.00163407
0.000131396
0.00171931
0.000107941
0.00178782
7.61126e-05
0.0018653
7.29698e-05
0.00188607
4.8741e-05
0.00188623
2.82997e-05
0.00182238
8.66014e-07
0.00176927
5.0718e-06
0.00170736
8.64549e-06
0.00161422
8.74484e-06
0.0015458
5.59848e-06
0.00149951
1.56864e-06
0.00147214
-1.46214e-05
0.00146425
-3.06052e-05
0.00146973
-4.44315e-05
0.00147126
-5.6673e-05
0.00145457
-6.02191e-05
0.00141605
-4.88895e-05
0.0013649
-4.46908e-05
0.00131529
-4.32917e-05
0.00128386
-4.47889e-05
0.00125964
-4.44166e-05
0.00124066
-4.29526e-05
0.00122577
-3.9889e-05
0.00121492
-3.64587e-05
0.00120476
-3.35298e-05
0.00119385
-3.19143e-05
0.00118482
-3.31194e-05
0.00117277
-3.2962e-05
0.00115798
-3.32085e-05
0.00114007
-3.39427e-05
0.00111992
-3.49421e-05
5.96684e-05
0.00109817
-3.65387e-05
8.05692e-05
0.00115182
9.98422e-05
0.00116122
0.000119738
0.00114762
0.000138465
0.00115757
0.000154784
0.00114544
0.000172076
0.00113869
0.0001885
0.00113296
0.000202689
0.00112608
0.000214652
0.00111925
0.000226034
0.0010925
0.000181369
0.00113995
1.88504e-05
0.00134945
-0.000165192
0.00135586
-0.000212245
0.00113314
-0.000191041
0.00106306
-0.000180105
0.00107641
-0.00016632
0.0010629
-0.000152389
0.00106195
-0.00013925
0.00105791
-0.000126229
0.00106392
-0.000111919
0.00106576
-9.68291e-05
0.0010619
-8.21849e-05
0.00105156
-6.54484e-05
0.00105402
-4.92363e-05
0.00102532
-0.000989878
-3.16128e-05
0.000971942
-0.00100792
-3.22459e-05
-0.00102689
-3.25458e-05
-0.00104767
-3.25765e-05
-0.00106665
-3.44556e-05
-0.00108538
-3.45981e-05
-0.00110387
-3.42701e-05
-0.00112393
-3.29225e-05
-0.00114372
-3.36397e-05
-0.00116336
-3.26182e-05
-0.00118423
-3.15693e-05
-0.00120721
-2.99211e-05
-0.00123194
-2.9476e-05
-0.00125912
-2.94987e-05
-0.00128842
-3.20385e-05
-0.0013271
-3.4002e-05
-0.00136418
-3.82587e-05
-0.00138903
-4.50619e-05
-0.00138898
-5.726e-05
-0.00136871
-6.48749e-05
-0.00134717
-5.56325e-05
-0.00133275
-4.48287e-05
-0.00134131
-2.33964e-05
-0.00137819
-2.73574e-06
-0.00144427
1.48129e-05
-0.00153881
2.14632e-05
-0.00166903
3.71941e-05
-0.00178514
2.934e-05
-0.00189992
9.307e-06
-0.00189155
1.07474e-06
-0.00182191
6.70092e-06
-0.00169505
8.54825e-07
-0.00153858
2.82357e-05
-0.00137839
5.49928e-05
-0.00126514
0.000130715
-0.00116866
0.000161578
-0.00108725
0.000225154
-0.000995152
0.000223349
-0.000912517
0.000251856
-0.000843101
0.000255028
-0.000784002
0.000264712
-0.000773364
0.000244133
-0.000574262
0.000336794
-0.000534982
-0.000529537
0.000209088
0.000263409
-0.000320194
-0.000645325
-0.000570719
-0.000511879
-0.000125802
-6.09425e-05
6.4457e-05
0.000122317
0.0012626
2.1696e-06
-1.79962e-06
-0.00188502
-0.00161382
0.000692839
-0.000488555
5.78758e-06
-0.00117932
-9.27394e-05
-0.00117921
0.000278288
0.000633815
0.00141422
-0.000779863
0.00149629
-0.000832364
6.67632e-05
0.000923193
0.000315196
0.000158268
0.00417572
0.000539222
0.00346346
0.000602364
-0.00281001
0.00174074
0.000357275
-0.00178298
0.000569228
-0.00195699
0.000913949
0.00213177
0.000996845
-0.00235296
-0.00116054
-0.00211606
0.000935932
-0.00290048
0.00301374
0.000266979
-0.0034795
0.00394227
-0.000152855
-0.000313243
0.000517434
-0.000413031
-0.000176137
-0.00122775
-0.000471958
-0.00260432
0.000898075
0.000523015
-0.000949507
0.0013848
-0.00277719
0.00234386
-0.00307468
0.00503186
0.000182831
0.00153968
-0.00115495
0.00064577
-0.000506987
0.000537452
-0.000315594
0.000504947
-0.000340208
0.000258186
-0.000205188
8.66402e-05
-1.51578e-05
4.12331e-05
-4.98861e-05
2.47359e-05
-3.37933e-05
2.03839e-05
-4.43637e-05
1.90037e-05
-4.62844e-05
8.2389e-06
-3.18045e-05
-2.40703e-05
-8.70872e-07
-0.00227103
4.83712e-05
-0.000229743
0.00114422
-3.13564e-06
-3.55078e-05
4.06993e-05
-8.57944e-06
-3.2351e-05
-8.37438e-06
-5.14939e-05
-2.6086e-05
-5.61527e-05
-6.38327e-05
-6.46812e-05
-0.00017419
-4.71778e-05
-0.000412399
-0.000148459
-0.000382592
-0.000963909
0.00121731
0.00110698
-0.00163218
-0.000148631
0.00149965
-0.00185183
-0.000259571
-0.00213788
-0.00033268
-0.000611433
0.00132547
-0.000609771
0.000340418
-0.000143557
0.00141118
-0.000602402
0.00354768
0.00139154
-0.00098057
7.4845e-05
0.00265426
-3.5215e-05
6.1707e-05
0.000414132
-0.00232884
-0.000160493
-0.00268396
-0.000259202
-0.00308557
-0.000371849
-0.00346883
-0.000659871
-0.00354852
-0.000931336
-0.00314237
-0.00102596
-0.00202647
-0.00101432
-0.00057055
0.00101715
-0.00123366
4.34134e-05
1.50517e-05
5.81871e-06
0.000111081
3.22348e-05
-9.98291e-05
0.000142242
3.0569e-05
0.000203628
3.3069e-05
-9.42884e-05
0.000357803
0.000109457
0.000468107
9.9282e-05
0.000651637
0.000153139
0.000747294
0.000149862
0.000863279
0.000149091
0.000990082
0.000128716
0.00112675
0.000115377
0.00123592
0.000113246
0.00134106
0.000121819
0.00140185
0.000100859
0.0014424
8.98956e-05
0.00143046
6.63219e-05
0.00139853
5.98106e-05
0.00133921
6.16057e-05
0.00130073
4.67034e-05
0.0012645
3.71103e-05
0.00123813
3.61198e-05
0.00123301
3.44149e-05
0.00124464
2.54123e-05
0.00125242
1.33228e-05
0.00127261
-4.30111e-06
0.00129617
-2.67075e-05
0.00129783
-2.61838e-05
0.00127915
-2.61264e-05
0.00124626
-2.25592e-05
0.00119715
-1.6469e-05
0.00115273
-1.29446e-05
0.001118
-1.04442e-05
0.00108907
-9.43152e-06
0.00106464
-9.2042e-06
0.00104582
-1.24162e-05
0.00103096
-1.38058e-05
0.00101639
-1.43255e-05
0.00100197
-1.53065e-05
0.00098719
-1.65535e-05
0.000972133
-1.7309e-05
0.000956815
-1.78109e-05
0.000942406
-1.75693e-05
0.000926649
-1.76393e-05
0.000909193
-1.68805e-05
0.000891902
-1.71605e-05
0.000876225
-1.70638e-05
0.000860337
-1.67637e-05
0.000844923
-1.67219e-05
0.000830356
-1.673e-05
-0.00314524
0.00116645
-0.00141963
-0.00219082
6.14283e-05
-3.78458e-05
0.00107664
8.27446e-05
0.00113166
0.000101694
0.00114308
0.000120667
0.00112906
0.000138358
0.00114294
0.00015436
0.00113216
0.000168904
0.00112618
0.000182958
0.00112091
0.000196075
0.00111482
0.000203511
0.00111337
0.000212925
0.0010848
0.000172053
0.00118031
3.70481e-05
0.00146538
-0.000147056
0.00155071
-0.000191182
0.00117836
-0.000182641
0.0010547
-0.000173923
0.00106793
-0.000161798
0.00105088
-0.000149235
0.00104947
-0.000137357
0.00104591
-0.000124651
0.00105115
-0.000110839
0.00105219
-9.55103e-05
0.00104649
-8.12481e-05
0.00103707
-6.59387e-05
0.00103899
-4.93092e-05
0.00100855
-3.17154e-05
0.00095446
-1.66405e-05
0.000815842
-0.000943792
-0.000167988
-0.000125102
0.00019033
-0.00153099
-1.68957e-05
-0.00144344
4.73098e-05
-0.00142859
8.38812e-05
-0.00143201
0.000111415
-0.0014414
0.000134461
-0.00145131
0.000149361
-0.00147034
0.000159184
-0.00147434
0.0001708
-0.00148324
0.000182436
-0.00149887
0.000179306
-0.00149285
0.000210563
-0.00147817
-0.000180738
-0.00165131
-0.00408316
-0.000438018
-0.0029536
-0.000854939
-0.000275109
-0.00198654
-0.00114571
1.62981e-05
-0.00181245
7.83042e-06
-2.01832e-05
-2.97526e-08
1.89621e-05
-1.31677e-05
3.78287e-05
6.91603e-06
5.76908e-05
9.25809e-06
7.81287e-05
9.79157e-06
0.000110596
2.2443e-05
0.000164613
3.26224e-05
0.000241763
5.28217e-05
0.000346247
8.91065e-05
0.000461232
9.30748e-05
0.000588943
0.000117228
0.000746975
0.00012429
0.000916045
0.000143772
0.0010654
0.000141407
0.00118799
0.000136022
0.0012815
0.0001336
0.00134346
0.000122769
0.00139113
0.000110278
0.00141698
9.36592e-05
0.00142753
8.2272e-05
0.0014365
5.49726e-05
0.00146033
4.58699e-05
0.00146471
4.02742e-05
0.00145187
3.61082e-05
0.00141668
3.32552e-05
0.00139013
2.88951e-05
0.00137432
2.09746e-05
0.00136612
1.35061e-05
0.00136228
7.015e-06
0.00135449
2.68246e-06
0.0013546
-6.72275e-06
0.00135289
-1.39516e-05
0.00133317
-1.74621e-05
0.00129038
-1.6107e-05
0.00123739
-1.63645e-05
0.00119618
-1.73293e-05
0.00116285
-1.75198e-05
0.0011343
-1.83554e-05
0.00110984
-2.02773e-05
0.0010865
-2.19426e-05
0.00106663
-2.24755e-05
0.00105345
-2.15922e-05
0.00104572
-1.99204e-05
0.00103924
-1.7622e-05
0.00103153
-1.62266e-05
0.00102016
-1.58621e-05
0.00100626
-1.57343e-05
0.000990355
-1.58171e-05
0.000971765
-1.59633e-05
0.000951717
-1.66129e-05
0.000931332
-1.72275e-05
0.000911098
-1.85875e-05
0.00294094
7.26916e-05
0.000690584
-0.00292853
-0.000246694
0.00468972
5.0148e-05
0.00378222
-0.00109498
0.000182261
0.000481509
0.00124733
-6.91134e-05
-0.00120789
3.71898e-05
-0.00110351
0.00169406
-0.00119223
-0.00327942
-0.00169566
-0.00179208
9.2806e-05
-9.39538e-05
-1.1364e-07
6.61007e-07
-0.00227163
0.000137685
5.30267e-06
-0.000144238
0.000119955
-1.69071e-05
0.00010251
-1.45512e-05
7.93567e-05
-2.75075e-05
5.83649e-05
-3.41585e-05
2.71496e-05
-3.1675e-05
-6.86681e-06
-1.07183e-05
-0.000131729
-2.32098e-05
-0.000172837
0.00187303
-0.000220338
-0.00226379
-0.00118728
0.00106647
-0.00131279
-0.000171387
-0.00138208
-7.98137e-05
-0.00159761
-4.36404e-05
-5.75261e-05
8.53947e-05
-1.38041e-05
0.000448984
-0.000258994
0.000336967
-0.000209098
0.000189154
-0.00020718
1.53956e-05
-1.13199e-05
-4.41163e-06
1.92195e-05
-3.15259e-05
-1.84159e-05
-4.04081e-05
-2.23113e-05
-5.93095e-05
-2.47946e-05
-7.62077e-05
-2.68961e-05
-1.81206e-05
-0.00118761
0.00141472
0.000336352
0.00484172
-0.00357388
0.000539626
0.00130162
-0.00285234
-0.000120084
-1.25667e-05
0.000132416
-9.67368e-05
-8.74582e-06
-1.45092e-05
-6.88207e-05
-1.25773e-05
-4.14586e-05
4.9488e-06
-1.52704e-05
4.73508e-06
1.524e-05
2.79038e-06
8.10867e-05
4.35678e-05
0.000135385
4.46968e-05
0.000225011
6.29736e-05
0.000319885
5.45142e-05
0.000411974
5.63075e-05
0.000490127
4.91031e-05
0.000565457
3.88965e-05
0.000637675
4.07424e-05
0.000713935
4.51309e-05
0.000770082
4.5588e-05
0.000820916
4.01233e-05
0.000847587
3.93328e-05
0.00086881
3.86988e-05
0.000895798
3.4765e-05
0.00092403
1.80772e-05
0.000952629
9.36942e-06
0.00098317
5.51457e-06
0.00101389
3.79226e-06
0.00103384
5.71885e-06
0.00104142
5.41496e-06
0.00102583
1.17959e-05
0.000980656
1.85752e-05
0.000940858
1.23236e-05
0.000908646
5.63979e-06
0.000886433
8.22395e-08
0.000871626
-9.15001e-07
0.000862599
-2.55407e-06
0.000856536
-2.79315e-06
0.000852492
-3.37909e-06
0.000848956
-3.50601e-06
0.000841801
-3.6109e-06
0.000831739
-2.75541e-06
0.000820369
-2.44788e-06
0.000808207
-2.88627e-06
0.000795109
-3.46574e-06
0.000781533
-3.85491e-06
0.000767634
-4.19668e-06
0.000754082
-4.40349e-06
0.0007405
-4.56788e-06
0.000727719
-4.71601e-06
0.000714773
-4.77564e-06
0.000702382
-5.1873e-06
0.000690663
-5.26175e-06
0.000679377
-5.53131e-06
0.000668393
-5.56379e-06
0.000657659
-5.53446e-06
-0.00137665
-2.71879e-05
-0.00153014
4.02154e-06
-0.00175926
2.21928e-06
-0.00206586
-9.02118e-05
-0.00254586
-0.000193258
-0.0031523
-0.000315439
-0.00364293
-0.000536161
-0.00382799
-0.000828506
-0.00265389
-0.00110647
7.7828e-05
0.00415759
-0.000410275
-0.00184835
-0.00213435
0.00426839
-3.84555e-05
-0.000222518
0.0044403
-0.00118102
0.000259289
-0.000167016
-0.00325629
-4.49151e-05
0.00286357
-0.00385431
-0.000257117
-0.00453529
-0.000464657
-0.000582312
-0.00106586
0.00101142
-1.85103e-05
-0.00147576
-0.000318155
-4.9355e-05
-0.00150013
-7.52828e-06
-0.00148527
3.21921e-05
-0.00146831
6.39986e-05
-0.00146381
9.13636e-05
-0.00146877
0.000113074
-0.00147302
0.000125074
-0.00148234
0.000136304
-0.00148559
0.000145394
-0.00149234
0.000141021
-0.00149437
0.000152657
-0.00150443
0.000181578
-0.00150712
0.000113848
-0.00158343
-0.00213907
-0.000400823
0.00225468
-0.00179553
0.000963955
3.92409e-05
-1.9025e-05
0.000890967
6.2323e-05
0.00105511
8.25812e-05
0.00111174
0.000100554
0.0011263
0.000118638
0.00111197
0.0001356
0.00112827
0.000150832
0.00111943
0.000164343
0.00111424
0.000176995
0.00110956
0.000187535
0.00110559
0.000198178
0.00110372
0.000192922
0.00109112
0.000159791
0.00121184
2.68341e-05
0.00158758
-0.000136275
0.00172973
-0.000170266
0.00121378
-0.000180049
0.00106469
-0.000165857
0.00105431
-0.000156237
0.00104142
-0.000145615
0.00103898
-0.000133604
0.00103381
-0.000121615
0.00103896
-0.000108351
0.00103903
-9.40988e-05
0.00103219
-7.92239e-05
0.00102192
-6.65015e-05
0.00102636
-4.92692e-05
0.000991236
-3.19142e-05
0.00093734
-1.6605e-05
0.000801155
-5.43087e-06
0.000647004
-9.8781e-05
-1.75878e-05
-9.90793e-05
-1.50486e-05
-8.88895e-05
-5.96498e-06
-7.67172e-05
-4.85022e-06
-6.17296e-05
-5.99506e-06
-4.01475e-05
1.65494e-06
-1.23529e-05
6.14905e-06
2.92541e-05
1.29705e-05
8.74207e-05
3.12136e-05
0.000145732
3.27678e-05
0.000222247
4.11057e-05
0.000305804
4.39074e-05
0.000398329
5.28651e-05
0.000483046
5.10511e-05
0.000564453
5.04856e-05
0.000643911
5.16394e-05
0.000713332
4.7555e-05
0.000772381
4.49437e-05
0.00082483
3.82406e-05
0.00087699
3.00266e-05
0.000912817
2.38012e-05
0.000945387
1.80617e-05
0.000975609
1.47536e-05
0.00100287
1.63972e-05
0.00102114
2.12027e-05
0.00103047
2.4576e-05
0.00103339
1.88769e-05
0.00103023
1.08721e-05
0.00102656
8.70458e-06
0.0010219
1.16711e-05
0.00100616
9.80347e-06
0.000980939
4.66773e-06
0.000955142
2.69983e-08
0.000928899
-1.38099e-06
0.000904594
-2.59941e-06
0.000882531
-3.9192e-06
0.000861121
-4.69271e-06
0.000840568
-5.40031e-06
0.000822109
-6.10248e-06
0.000804658
-6.79473e-06
0.00078962
-7.05072e-06
0.000777822
-6.65013e-06
0.000768555
-5.72054e-06
0.000761533
-4.63799e-06
0.00075519
-3.66126e-06
0.000748822
-3.38742e-06
0.000742036
-3.29946e-06
0.000734992
-3.63539e-06
0.000727378
-3.87218e-06
0.000719033
-4.46569e-06
0.000709455
-4.88563e-06
0.000698225
-5.59788e-06
-5.88361e-06
0.00068659
-0.00339791
0.00123333
0.00420965
-0.00127676
-0.000429751
0.000424636
-0.000434869
5.47693e-05
0.000238849
0.000419569
-3.24167e-05
4.9866e-05
1.71625e-05
-5.94257e-06
-6.59854e-05
8.03099e-05
-9.33219e-05
0.00010732
-0.000120282
0.00013187
-0.000143238
0.000153382
-0.000162474
0.000160698
-0.000126338
8.03278e-05
1.85447e-05
-0.00011846
0.000155831
-0.000185181
0.000183764
-0.000173581
0.000162006
-0.000148826
0.000134623
-0.000117905
0.00010036
-8.29682e-05
6.34888e-05
-4.04823e-05
0.000437129
-0.000441799
0.00043117
2.07574e-05
-6.95173e-06
0.000445424
-0.00044802
0.000449722
-0.00045102
0.000452041
-0.000452891
0.000453624
-0.000455032
0.0004577
-0.000462321
0.000469121
-0.000477766
0.000486799
-0.000494756
0.000501578
-0.000507079
0.000510387
-0.000511761
0.000512282
-0.000508865
0.00049843
-0.000484726
0.000473609
-0.000460912
0.000439337
-0.000412192
0.000390847
-0.000374262
0.000361752
-0.000345457
0.000321978
-0.00029391
0.000259449
-0.000217749
0.000173338
-0.000124364
7.47119e-05
-2.3679e-05
-3.39013e-05
8.27211e-05
-0.000126465
0.000161581
-0.000196683
0.000212165
-0.000220899
0.000224913
-0.000218584
0.000213321
-0.000206042
0.00019058
-0.000170217
0.000164218
-0.00015426
0.000140851
-0.000119029
9.69863e-05
-7.58511e-05
6.42662e-05
-8.33105e-05
6.99787e-05
0.000148275
-0.000366457
0.000627819
-0.000625789
0.000651889
-0.000646887
0.000644613
-0.000736161
0.000918699
-0.00123441
0.00177124
0.000583698
0.00167097
-3.94019e-05
-0.000122467
0.000124152
-0.000130511
0.000129501
-0.000125164
0.000114049
-9.9229e-05
7.88349e-05
-5.48574e-05
2.69155e-05
-3.05225e-06
-3.45513e-06
-1.92272e-05
0.000727809
0.00246405
-0.00208482
-0.000884733
-0.000970092
-0.00178191
0.00235369
5.22455e-05
-0.00177138
0.0013067
-0.00104963
0.00100462
-0.000784497
0.000726834
-0.00068311
0.000603211
-0.000432017
0.000263851
-0.000120639
-5.16539e-05
7.25462e-05
-8.14778e-05
0.000111413
-0.000144411
0.000170955
-0.000184831
0.000200908
-0.000195199
0.000206533
-0.000218996
1.16306e-05
0.000227159
-0.000239387
0.000234079
-0.000229076
0.000226145
-0.000182523
0.000137526
-7.43392e-05
1.95103e-05
3.69293e-05
-8.61817e-05
0.000125629
-0.000167149
0.000213338
-0.000258783
0.000298215
-0.000337963
0.000378292
-0.00041359
0.000430127
-0.000437181
0.000443951
-0.000450569
0.00045733
-0.000460834
0.000470885
-0.000488573
0.00050029
-0.000505397
0.000505413
-0.000504407
0.000501538
-0.000498723
0.000495576
-0.000492553
0.000489329
-0.000486774
0.000484258
-0.000480933
0.000477015
-0.000472899
0.000468721
-0.000464447
0.000459874
-0.000455063
0.000450187
-0.000445062
0.000440053
-0.000702433
-0.0010931
-0.00112169
-6.60492e-05
0.0043514
-0.0020588
-0.00234563
-0.0020281
-0.00153925
0.0010931
-0.000960389
-0.000955098
-0.000443468
-0.000444779
-0.00015544
0.00017829
0.00410415
-0.00014669
-0.00128466
0.00125384
-0.00105837
-0.00122451
-0.00094954
-0.000997961
0.00130843
-0.00105564
-0.00131915
-0.000953225
-0.00100968
0.00137774
-0.00107113
-0.00138222
-0.000962025
-0.00101479
0.0014421
-0.00143529
0.000999075
0.000345835
)
;

boundaryField
{
    wall
    {
        type            calculated;
        value           uniform 0;
    }
    outlet
    {
        type            calculated;
        value           nonuniform List<scalar> 
33
(
0.000920333
0.000636305
0.000786661
0.00101207
0.000975084
0.00101821
0.00100894
0.00102718
0.00102607
0.00102906
0.0010225
0.0010567
0.00103276
0.00126263
0.00110027
0.00167994
0.00183055
0.00111904
0.00124486
0.00109629
0.00110302
0.00110163
0.00109878
0.00111242
0.00110605
0.00111108
0.00109656
0.00103356
0.0010942
0.000673838
0.000870573
0.000413861
0.000423967
)
;
    }
    inlet
    {
        type            calculated;
        value           nonuniform List<scalar> 
30
(
-0.00126905
-0.00105771
-0.00119292
-0.00140156
-0.000648998
-0.00100579
-0.00142599
-0.00115006
-0.00149809
-0.00150542
-0.00149667
-0.0014955
-0.00149716
-0.00149672
-0.00149275
-0.00149341
-0.00149217
-0.00149176
-0.00147745
-0.00149177
-0.00142338
-0.000850602
-0.000874078
-0.000675544
-0.000578852
-0.000573273
-0.000511629
-0.000515611
-0.000444779
-0.000443468
)
;
    }
    frontAndBackPlanes
    {
        type            empty;
        value           nonuniform List<scalar> 0();
    }
}


// ************************************************************************* //
