/*--------------------------------*- C++ -*----------------------------------*\
| =========                 |                                                 |
| \\      /  F ield         | OpenFOAM: The Open Source CFD Toolbox           |
|  \\    /   O peration     | Version:  2212                                  |
|   \\  /    A nd           | Website:  www.openfoam.com                      |
|    \\/     M anipulation  |                                                 |
\*---------------------------------------------------------------------------*/
FoamFile
{
    version     2.0;
    format      ascii;
    arch        "LSB;label=32;scalar=64";
    class       volVectorField;
    location    "0.0795";
    object      U;
}
// * * * * * * * * * * * * * * * * * * * * * * * * * * * * * * * * * * * * * //

dimensions      [0 1 -1 0 0 0 0];

internalField   nonuniform List<vector> 
2308
(
(-133.308 574.912 -4.33253e-16)
(57.7176 139.598 0)
(4.60375 382.224 3.37839e-17)
(105.143 594.191 -1.4093e-16)
(9.68099 640.897 0)
(65.2731 661.269 -4.38559e-18)
(-66.2993 669.321 1.47238e-18)
(-64.5254 650.336 -2.08856e-16)
(-7.2994 632.717 3.75901e-16)
(8.64448 736.832 -4.54551e-17)
(11.1254 736.34 7.81791e-17)
(14.0787 732.978 -1.18512e-16)
(14.9069 729.847 5.96047e-17)
(14.9336 725.596 -2.92584e-17)
(15.2143 721.003 5.11135e-18)
(15.2448 715.986 4.35087e-17)
(14.9882 710.636 7.57109e-18)
(-6.86153 705.394 1.32645e-17)
(-6.41598 710.83 1.78271e-17)
(-5.74681 716.184 1.31507e-18)
(-5.00772 721.283 9.62503e-18)
(-3.69739 726.134 -2.9434e-17)
(-3.14639 730.406 3.6632e-17)
(-0.273602 734.438 -1.76049e-17)
(-0.460197 737.175 -6.98159e-17)
(-0.528885 737.224 -3.28482e-17)
(3.42817 736.2 1.73418e-17)
(3.23137 734.857 -1.96251e-17)
(-39.3152 668.51 0)
(13.9206 705.032 -1.2178e-16)
(2.85682 732.154 1.06929e-18)
(3.10743 727.046 2.76277e-19)
(3.01518 717.532 -4.88274e-18)
(4.92925 700.739 4.2967e-18)
(6.01372 664.385 -5.59555e-18)
(9.81996 629.283 4.23559e-18)
(7.71472 587.428 -2.91567e-18)
(5.55053 545.201 2.18602e-18)
(-0.440233 544.437 -2.47384e-18)
(-2.48019 547.325 1.23612e-18)
(-1.97769 551.03 2.55422e-18)
(-1.47703 558.591 3.73641e-18)
(-1.01188 565.372 -7.61204e-18)
(-0.463187 569.731 5.12003e-18)
(-0.204221 572.054 2.50572e-18)
(5.7368 570.249 -2.55863e-18)
(11.7814 565.479 2.48095e-18)
(16.8472 561.072 -3.65597e-18)
(19.2451 559.305 -3.84757e-18)
(20.0752 557.444 6.01232e-18)
(0.137229 556.609 -1.3054e-18)
(-26.0721 568.329 2.36043e-18)
(-60.768 589.378 2.92976e-19)
(-89.5865 601.397 -3.65409e-18)
(-95.9734 623.168 -1.02857e-18)
(-88.7896 646.994 2.54249e-18)
(-58.2184 681.565 0)
(-30.713 708.17 -3.39313e-19)
(-14.3382 720.217 -8.91325e-18)
(-3.92341 727.645 -3.07438e-17)
(2.66857 731.09 3.65384e-17)
(7.42818 732.916 3.33015e-17)
(13.6291 733.477 4.22841e-17)
(19.2669 733.532 -1.27728e-18)
(24.9069 731.756 4.79101e-17)
(28.4824 730 -8.83486e-17)
(30.8223 727.393 -2.0396e-17)
(32.9267 723.573 0)
(34.6 719.274 0)
(35.7552 714.42 0)
(36.2225 709.187 0)
(-0.10437 573.376 -1.25998e-18)
(1.42644 573.75 1.25685e-18)
(-27.7928 709.319 -6.07958e-17)
(-26.7765 715.025 -1.24144e-18)
(-25.0733 720.355 4.84102e-18)
(-22.8533 725.262 0)
(-20.3043 729.613 -9.28509e-18)
(-17.2383 733.217 -8.85168e-18)
(-12.9861 734.922 4.5946e-18)
(-8.19195 734.747 1.79037e-17)
(-2.27296 733.73 0)
(3.22681 731.877 -6.6138e-19)
(10.4016 728.305 3.42613e-20)
(21.87 719.934 -4.6173e-18)
(40.6705 707.154 6.91377e-18)
(71.715 677.861 7.91297e-19)
(101.2 643.521 -3.64997e-18)
(107.001 623.92 0)
(98.3748 605.96 -5.68029e-19)
(69.3431 596.439 3.69926e-18)
(30.3966 576.15 -5.00678e-18)
(3.87235 557.242 -1.92561e-19)
(-22.6201 555.343 4.58433e-18)
(-22.5293 557.517 0)
(-19.6048 559.388 4.75653e-18)
(-14.3953 563.579 9.08778e-21)
(-7.59001 568.882 -2.55692e-18)
(-10.3997 700.001 -5.43158e-17)
(-2.62148 572.517 -2.50112e-18)
(11.2939 699.283 5.4223e-17)
(35.3133 703.534 -3.98735e-19)
(15.3283 571.422 -2.56396e-18)
(20.2034 566.246 3.0712e-18)
(22.9502 564.124 0)
(23.594 562.357 -9.16299e-19)
(6.22581 561.726 2.32147e-18)
(-18.1547 578.77 2.12997e-18)
(-48.5073 600.229 -2.63642e-18)
(-81.407 613.392 0)
(-104.691 619.784 -6.55573e-19)
(-118.895 625.474 1.25165e-18)
(-127.379 629.072 -4.07333e-20)
(-129.2 637.548 -1.19727e-18)
(-115.717 646.761 0)
(-86.4936 671.241 1.40863e-18)
(-50.2777 700.261 -7.53778e-18)
(-24.3445 714.101 -4.46604e-18)
(-8.76774 722.527 1.80277e-17)
(2.27124 725.441 6.40242e-17)
(12.016 726.675 4.97009e-18)
(22.1873 726.783 4.64974e-17)
(31.5752 726.167 -2.17116e-17)
(39.3147 724.832 0)
(45.4788 723.061 0)
(49.7586 719.851 0)
(53.5684 715.725 7.30663e-17)
(56.3281 711.035 -8.23031e-17)
(58.1311 705.914 8.75223e-17)
(-89.5444 643.349 -1.59554e-16)
(97.807 662.642 0)
(64.053 671.157 0)
(78.371 666.52 0)
(-51.8385 699.627 1.25259e-16)
(-49.5558 706.593 3.43162e-17)
(-47.091 712.904 -1.52506e-19)
(-44.1517 718.407 -5.79064e-19)
(-40.2757 723.063 5.93598e-19)
(-35.8817 726.955 4.58829e-18)
(-29.4469 729.058 -8.93243e-18)
(-21.5539 728.824 9.27246e-20)
(-12.5511 728.36 0)
(-2.48945 726.324 2.09701e-17)
(11.0055 722.504 1.27552e-17)
(27.755 713.584 -2.67624e-18)
(59.1797 696.202 2.1212e-18)
(96.849 666.424 0)
(124.131 645.976 0)
(135.771 636.931 -2.79768e-19)
(132.903 629.88 0)
(125.719 627.332 1.75961e-18)
(112.684 623.414 -6.80178e-20)
(92.306 617.348 -1.17852e-18)
(60.7076 606.107 0)
(25.2561 585.1 -1.84845e-18)
(0.241623 561.778 1.82295e-18)
(-24.7164 559.826 -3.00786e-18)
(-24.6725 562.281 0)
(-22.3069 564.179 -4.79067e-18)
(-17.3175 569.161 1.23468e-18)
(-11.3268 574.97 -3.5522e-20)
(-0.626857 575.014 0)
(-0.0729626 574.372 -6.30464e-19)
(-0.257869 576.12 -2.03827e-18)
(-44.2504 646 1.75141e-16)
(9.74288 576.712 1.56788e-19)
(-112.616 636.051 -5.18618e-16)
(-152.976 631.587 -1.21981e-16)
(32.2822 697.539 0)
(-65.113 623.136 1.74235e-16)
(-12.2169 648.025 -3.5621e-16)
(-12.4327 693.581 2.08842e-17)
(58.6105 700.313 -1.309e-16)
(-6.93359 578.867 -1.27484e-18)
(-0.588639 576.866 -1.25411e-18)
(-0.0451447 575.432 -1.57444e-19)
(-0.0241566 577.827 2.53424e-18)
(5.99198 580.432 1.57548e-19)
(21.289 575.543 0)
(26.6642 570.209 1.23952e-18)
(29.4645 567.944 2.37749e-18)
(30.5054 566.162 -6.26159e-19)
(14.954 565.836 -2.57272e-18)
(-11.6781 583.484 -2.69502e-18)
(-42.732 605.792 3.94086e-18)
(-77.5216 620.362 9.74081e-19)
(-98.6795 626.603 -2.42137e-18)
(-113.892 631.708 1.79989e-18)
(-123.922 632.99 -5.26134e-19)
(-131.316 634.456 0)
(-135.555 635.305 0)
(-137.064 636.449 0)
(-133.761 639.186 2.31963e-18)
(-124.539 644.719 -1.33466e-18)
(-100.526 658.204 -8.82253e-19)
(-66.5501 683.715 -1.06485e-17)
(-33.5973 702.611 0)
(-10.9807 710.354 -9.51639e-18)
(6.13259 714.524 9.93282e-18)
(20.6034 715.706 2.12313e-17)
(33.7829 716.303 9.97538e-18)
(44.7624 716.247 4.11645e-17)
(54.8603 716.167 -4.07429e-17)
(63.2353 714.215 0)
(69.7029 710.664 1.00184e-17)
(74.4935 706.439 -2.07746e-17)
(77.7561 701.564 -4.2202e-17)
(-60.2765 685.084 1.94381e-17)
(-60.158 548.279 0)
(27.3996 648 -7.42861e-19)
(-99.1863 651.41 2.30275e-16)
(-97.3467 660.275 -4.78061e-17)
(-92.5904 668.304 5.40646e-17)
(-88.4331 675.903 -9.44764e-18)
(-83.8421 683.157 2.0668e-17)
(-80.134 690.27 -9.16103e-18)
(-75.2062 697.082 0)
(-71.317 703.574 -9.15987e-18)
(-67.2021 709.613 -9.2158e-18)
(-61.9687 714.635 0)
(-55.3676 718.687 0)
(-46.9774 720.529 5.75464e-19)
(-36.4942 720.712 -5.33028e-18)
(-24.8754 719.585 0)
(-10.6783 717.715 0)
(7.52415 711.321 -5.22599e-18)
(34.0005 702.596 -4.61295e-18)
(70.8133 678.934 9.20002e-18)
(106.055 653.173 2.15766e-18)
(127.884 642.759 6.03683e-19)
(137.664 638.304 2.3702e-18)
(140.438 636.173 -2.50729e-18)
(139.014 635.791 0)
(135.011 635.664 -1.18826e-18)
(128.089 634.751 0)
(119.488 633.608 0)
(105.823 630.045 0)
(87.6775 623.821 -5.01885e-18)
(53.78 611.991 0)
(18.2752 590.26 -2.59335e-18)
(-9.1798 566.204 4.55063e-19)
(-31.1616 564.734 9.15552e-18)
(-30.8575 566.964 0)
(-28.2419 569.111 -4.83944e-18)
(-23.1754 574.067 7.71397e-20)
(-34.0306 306.568 0)
(-88.3336 630.015 2.88201e-16)
(149.739 549.017 4.91817e-16)
(50.2489 539.081 0)
(-34.8984 449.929 -1.41298e-16)
(-128.867 628.557 5.87856e-16)
(56.7946 694.322 -3.95687e-18)
(-36.7033 685.471 4.30142e-17)
(31.407 569.145 -1.50456e-19)
(33.351 567.98 -1.22203e-18)
(22.1799 567.035 1.13723e-18)
(-6.0842 582.808 0)
(-35.535 606.781 0)
(-71.2395 623.623 1.46202e-19)
(-91.3334 630.358 -6.4025e-19)
(-105.596 636.217 -2.1519e-18)
(-114.023 638.16 1.52129e-19)
(-121.027 639.622 -3.04184e-19)
(-126.158 640.133 -3.66495e-19)
(-129.99 640.304 1.64191e-18)
(-132.535 639.017 1.49422e-19)
(-133.743 638.17 -1.09816e-18)
(-133.553 637.635 0)
(-128.621 637.801 4.73624e-18)
(-120.167 640.203 -3.82521e-19)
(-102.953 646.968 2.28458e-17)
(-72.4743 663.692 -2.09468e-17)
(-38.721 684.388 0)
(-8.28983 695.741 1.95489e-17)
(13.1915 701.631 -5.95438e-17)
(31.4784 704.49 3.11964e-17)
(45.4303 705.489 4.04421e-17)
(58.8404 705.468 -7.80181e-20)
(70.7519 704.922 -4.0105e-17)
(81.0576 703.369 4.0526e-17)
(89.2613 700.238 4.11711e-17)
(94.6844 695.954 -3.98873e-17)
(79.5089 696.408 -8.49097e-17)
(-39.0457 616.177 1.10046e-18)
(-194.53 622.697 -5.36925e-18)
(-123.547 650.184 -3.94616e-17)
(-119.982 658.505 -5.2074e-18)
(-115.101 665.889 -1.54877e-17)
(-110.053 673.105 -5.08489e-18)
(-105.082 680.246 0)
(-100.268 687.144 9.52928e-18)
(-95.1457 693.566 -4.73941e-18)
(-89.4534 699.444 -4.57575e-18)
(-83.4951 704.581 2.43655e-18)
(-74.7308 708.24 2.35576e-18)
(-64.2297 710.013 4.84668e-18)
(-51.3361 710.18 0)
(-36.966 709.122 4.4518e-18)
(-18.3903 705.371 -4.92501e-18)
(5.64198 698.176 -7.13926e-20)
(40.9419 682.734 -1.40593e-17)
(77.777 658.771 1.24557e-18)
(108.192 643.411 -5.33325e-18)
(122.959 638.144 0)
(130.949 636.857 -1.9069e-18)
(135.126 637.288 1.50051e-19)
(135.053 638.407 2.57807e-18)
(133.51 640.333 0)
(130.866 641.811 0)
(127.607 642.378 -7.44769e-20)
(123.839 641.891 -2.28095e-18)
(117.745 640.949 2.34095e-18)
(110.689 639.095 3.06778e-18)
(97.7659 634.784 -5.87686e-19)
(80.8171 627.998 2.05995e-18)
(46.3651 613.698 -7.27372e-19)
(12.2412 589.586 -5.66017e-18)
(-17.2339 568.71 4.3762e-18)
(-33.4911 568.064 1.05868e-17)
(-32.564 569.414 4.69447e-18)
(-29.3058 571.397 0)
(-16.5351 579.566 -2.56812e-18)
(-4.99137 581.505 3.3778e-20)
(-1.49486 578.551 2.84545e-18)
(-0.113442 577.11 9.43796e-19)
(1.01109 579.388 -1.2666e-18)
(4.27792 582.767 2.55057e-18)
(14.7078 580.567 -2.50647e-18)
(27.4709 571.381 -1.26635e-18)
(111.906 535.406 -1.69035e-16)
(2.73721 398.793 -4.90086e-17)
(-171.372 147.884 -8.39347e-17)
(-107.266 621.809 -2.75784e-16)
(-114.234 579.418 -1.55223e-16)
(99.7615 405.129 5.0397e-17)
(98.625 691.342 0)
(79.291 690.811 1.67815e-16)
(-54.0122 608.169 4.30327e-16)
(-88.2645 612.667 1.73371e-16)
(-68.5357 566.688 -1.92413e-16)
(8.60575 654.408 3.61356e-16)
(-148.797 647.056 0)
(-143.478 654.668 5.10875e-18)
(-137.455 662.157 -1.22957e-18)
(-131.259 669.384 -2.33586e-17)
(-125.076 676.198 4.9321e-18)
(-118.638 682.709 0)
(-111.643 688.312 -1.39101e-19)
(-103.304 693.286 -1.20678e-18)
(-92.9882 696.314 0)
(-80.4015 697.381 -2.34594e-18)
(-65.4195 697.396 -2.15935e-18)
(-46.8553 695.761 0)
(-23.6837 690.321 6.03586e-19)
(9.66829 680.192 -1.60863e-18)
(47.4243 659.801 6.36321e-19)
(80.8033 641.666 8.84261e-18)
(102.197 635.119 0)
(113.769 633.645 1.23518e-18)
(120.337 633.415 -6.16981e-19)
(123.117 634.165 1.48334e-19)
(123.872 636.625 4.52913e-19)
(123.427 640.288 -2.71346e-18)
(122.665 643.052 0)
(122.221 644.516 6.02523e-19)
(121.081 644.985 1.19586e-18)
(119.525 645.203 1.20695e-18)
(117.394 644.797 -2.46268e-20)
(114.49 644.214 -5.94287e-19)
(109.126 642.724 -1.7514e-18)
(102.059 640.426 -1.20092e-18)
(89.4695 635.121 -1.1573e-18)
(70.2351 627.005 0)
(34.1025 609.349 -5.68145e-18)
(2.81966 582.367 -5.38941e-18)
(-26.3821 566.179 -3.84185e-18)
(-35.0692 566.441 -6.44462e-18)
(-32.5752 567.068 2.97558e-18)
(-23.2803 576.034 -2.55987e-18)
(-11.4036 583.042 0)
(-4.55003 583.237 1.26707e-18)
(-2.49203 580.196 1.2751e-18)
(-0.111385 579.235 -2.5188e-18)
(2.07493 580.945 2.52134e-18)
(3.98132 584.18 -5.68132e-21)
(9.94452 583.468 -1.25976e-18)
(20.7593 576.175 3.85142e-18)
(31.2231 564.721 -3.62417e-18)
(34.2693 564.001 6.43725e-19)
(30.5418 562.336 -4.85085e-19)
(2.73376 575.65 8.75225e-19)
(-25.3941 602.597 -3.30108e-18)
(-61.7037 621.808 1.21173e-18)
(-83.4226 629.827 0)
(-97.0053 636.581 1.3894e-19)
(-105.284 639.346 2.09281e-18)
(-111.352 641.52 -3.0029e-19)
(-115.042 642.362 7.46438e-19)
(-117.737 643.082 1.77383e-21)
(-119.763 643.096 3.0363e-19)
(-121.614 642.704 -1.50909e-19)
(-122.624 641.227 1.06699e-18)
(-123.651 638.394 -3.62955e-18)
(-123.512 635.641 -2.87306e-20)
(-122.031 634.386 2.42583e-18)
(-118.102 634.334 -2.5003e-18)
(-110.324 635.016 -1.93702e-17)
(-97.9034 637.651 1.90113e-17)
(-75.0816 646.125 0)
(-43.3118 663.434 -4.18434e-17)
(-10.1137 678.995 2.91087e-17)
(19.562 687.441 -3.01706e-17)
(39.4948 691.73 0)
(57.5013 693.098 0)
(71.6592 693.236 0)
(85.1705 692.347 -5.18888e-18)
(96.8505 691.285 -1.33422e-18)
(106.601 688.42 8.00773e-17)
(-21.1079 607.776 -1.86815e-16)
(100.275 686.491 8.54681e-17)
(76.2077 684.837 -7.72097e-17)
(-64.2834 677.401 1.02136e-17)
(-72.8908 602.019 2.12458e-16)
(-106.552 605.92 1.77096e-16)
(-128.922 613.866 3.46881e-18)
(-147.636 620.846 -1.75808e-16)
(-206.935 613.457 -1.20394e-16)
(-152.097 639.33 -1.24023e-16)
(-171.933 635.119 4.25227e-17)
(-167.509 641.974 -1.12513e-17)
(-161.617 649.559 -2.03785e-17)
(-154.742 656.978 0)
(-147.522 664.135 1.94239e-17)
(-139.533 670.331 0)
(-131.13 676.166 0)
(-120.523 680.092 4.63901e-18)
(-108.054 682.212 1.14626e-18)
(-92.5215 683.092 0)
(-74.3168 682.545 2.39586e-18)
(-50.8155 679.031 7.83446e-20)
(-19.8646 671.989 3.9977e-19)
(17.3893 655.705 2.74712e-18)
(51.7422 637.556 2.02383e-18)
(77.7461 629.903 -2.85909e-18)
(92.054 628.28 -4.77446e-18)
(101.03 627.959 1.53613e-19)
(105.699 628.624 -8.78982e-19)
(108.109 630.971 3.02844e-19)
(109.201 634.688 1.21822e-18)
(109.525 637.789 -9.15046e-19)
(110.574 640.302 1.20216e-18)
(112.243 642.355 -2.35313e-20)
(113.736 643.654 -3.00883e-18)
(114.456 644.969 1.15126e-18)
(114.241 645.243 1.12391e-18)
(113.394 645.219 -1.75862e-18)
(111.635 645.188 2.38912e-18)
(109.298 644.234 2.40253e-18)
(106.212 643.215 0)
(101.188 640.578 7.20419e-18)
(93.6027 637.522 1.15904e-18)
(80.554 629.627 1.18586e-18)
(59.1799 620.121 0)
(22.4956 598.096 0)
(-6.71967 568.172 4.39221e-18)
(-33.1707 553.536 6.80865e-20)
(-31.64 553.238 -5.78406e-19)
(-26.3002 568.943 6.24254e-19)
(-15.8786 580.159 0)
(-7.95056 584.546 0)
(-4.42119 584.203 -6.17688e-19)
(-3.21031 581.842 1.89331e-18)
(-0.247113 581.333 0)
(2.63319 582.418 -1.26928e-18)
(3.64737 584.642 -1.2523e-18)
(6.77184 584.35 2.53487e-18)
(13.4304 579.327 -1.28422e-18)
(23.8883 566.68 3.89125e-18)
(29.3923 547.966 6.74274e-19)
(32.6561 548.637 6.29754e-19)
(12.4375 560.1 1.33883e-18)
(-16.645 589.273 0)
(-51.1398 612.912 -5.01512e-19)
(-75.4768 623.054 -1.20041e-19)
(-88.5074 632.057 6.84021e-19)
(-97.2748 635.789 -1.58032e-19)
(-102.971 639.061 -3.096e-19)
(-106.489 640.427 -2.41443e-18)
(-108.965 641.73 6.05757e-19)
(-111.01 642.157 -1.48775e-18)
(-112.125 642.496 7.0603e-19)
(-112.576 642.511 -2.87124e-19)
(-112.408 641.757 0)
(-111.356 640.284 0)
(-110.422 638.253 0)
(-109.964 635.554 -1.23136e-18)
(-109.34 632.426 0)
(-107.496 629.839 -4.31537e-20)
(-103.821 628.891 9.75591e-18)
(-97.7883 629.147 -4.85802e-18)
(-87.7421 629.912 1.00393e-17)
(-72.0913 632.444 2.82556e-17)
(-46.127 642.198 -1.37802e-18)
(-13.4765 658.829 -1.13954e-17)
(18.6989 671.014 -1.97184e-17)
(46.3189 676.959 3.9695e-17)
(65.9055 679.77 -1.99491e-17)
(83.0332 679.902 -4.74221e-19)
(97.3638 679.02 8.53905e-18)
(111.158 677.478 -1.69477e-18)
(113.514 684.353 -1.21029e-16)
(-35.3124 599.08 -1.92732e-16)
(-2.35333 598.773 3.84881e-16)
(143.674 160.71 0)
(118.059 680.341 -8.38806e-17)
(-182.201 620.561 3.15574e-16)
(-171.941 613.211 -1.71335e-16)
(-149.148 607.511 -3.36725e-16)
(73.8265 678.586 -2.5675e-17)
(-72.6871 660.946 -2.50862e-17)
(-40.875 677.25 -1.01901e-17)
(99.5352 681.391 2.10416e-18)
(-88.1916 595.613 -2.04987e-16)
(-127.546 598.368 1.65562e-16)
(-26.1298 553.422 -6.14392e-19)
(-17.8098 571.501 -6.38691e-19)
(-10.3983 581.408 0)
(-5.91482 584.471 -6.27572e-19)
(-4.0303 584.196 6.1602e-19)
(-3.24102 582.862 -6.30337e-19)
(-0.32675 582.876 6.31512e-19)
(2.26294 583.287 1.26181e-18)
(3.03037 584.453 -1.24749e-18)
(4.39862 583.999 2.55798e-18)
(7.93269 579.783 -3.79419e-18)
(14.5927 568.558 0)
(20.019 548.283 -9.63319e-22)
(14.7374 515.709 0)
(18.5144 519.722 -3.7042e-18)
(-10.1666 559.858 1.21265e-18)
(-40.8478 588.051 0)
(-68.9021 605.173 0)
(-81.465 616.847 3.22487e-19)
(-90.4624 623.73 -3.9343e-20)
(-95.213 628.31 0)
(-97.9774 631.361 -1.51852e-19)
(-100.223 633.816 1.5285e-19)
(-101.997 635.675 6.12401e-19)
(-103.861 637.273 2.98075e-19)
(-104.924 637.92 5.70392e-19)
(-105.31 637.951 9.29868e-21)
(-104.774 637.119 -1.21907e-18)
(-103.065 636.454 2.99213e-19)
(-101.066 635.214 1.22246e-18)
(-98.645 633.937 3.18373e-19)
(-96.4032 632.233 -6.22227e-19)
(-94.3515 630.121 1.24427e-18)
(-92.8625 627.497 -3.66522e-18)
(-90.9278 624.462 -5.00736e-18)
(-87.6394 622.268 2.61826e-18)
(-82.4916 621.656 -5.1459e-18)
(-75.2034 621.969 0)
(-64.0057 622.653 -1.53729e-17)
(-46.1778 625.655 3.06125e-17)
(-19.1451 636.078 0)
(12.8166 650.743 0)
(45.3288 660.164 0)
(73.1533 663.753 7.33796e-18)
(93.1959 665.103 -1.05912e-18)
(110.775 664.162 -1.60941e-18)
(121.968 675.387 -7.99364e-17)
(45.5417 641.206 -1.85451e-16)
(-50.0829 591.319 1.00572e-17)
(79.3972 536.629 1.73996e-16)
(-1.87215 421.281 0)
(-185.372 635.11 -9.54341e-18)
(-177.252 642.658 0)
(-168.08 650.076 0)
(-158.196 655.781 4.77455e-18)
(-146.054 660.395 -9.89274e-18)
(-132.39 663.794 0)
(-116.557 665.799 5.11778e-18)
(-97.9183 666.625 0)
(-74.7557 664.953 -1.34143e-18)
(-43.8129 659.024 1.12804e-18)
(-7.90949 646.621 -6.33574e-18)
(25.2122 630.867 1.62753e-19)
(52.7061 622.607 -2.22682e-18)
(68.6765 621.361 4.88368e-18)
(78.9649 621.225 3.63108e-18)
(84.8884 621.736 -3.76602e-18)
(88.5877 623.913 0)
(90.9865 627.534 -1.28406e-20)
(92.3531 630.511 -1.86493e-18)
(94.5076 633.059 0)
(97.0924 634.984 0)
(99.8685 636.609 6.18843e-19)
(102.523 637.98 1.81927e-18)
(104.733 639.415 -1.20549e-18)
(106.344 640.409 1.22039e-18)
(107.311 641.583 -2.37716e-18)
(106.927 641.984 -5.77739e-19)
(106.057 641.726 -4.68047e-18)
(104.389 640.68 2.40517e-18)
(102.555 639.097 0)
(100.536 636.968 -4.87833e-18)
(97.8447 634.365 -2.44498e-18)
(93.817 630.099 0)
(85.914 625.126 2.3376e-18)
(73.2039 613.369 -1.30463e-19)
(47.2637 600.379 3.89991e-18)
(16.1158 572.024 3.57554e-18)
(-16.6555 536.742 0)
(-20.3679 523.364 -1.25718e-18)
(15.7877 590.075 -1.92779e-16)
(-18.1047 588.831 -3.82561e-16)
(-4.77485 282.017 6.75913e-17)
(97.9417 675.89 -7.72136e-17)
(-103.602 587.575 3.4713e-16)
(120.093 675.896 -6.54577e-19)
(-9.04908 481.969 6.09619e-19)
(-33.0425 525.901 3.25338e-18)
(-63.44 564.882 -2.63989e-18)
(-77.0503 582.938 0)
(-85.5761 595.453 0)
(-89.2982 603.564 0)
(-91.4107 610.074 0)
(-92.5533 614.881 6.20869e-19)
(-93.3662 618.972 -3.1042e-19)
(-94.1101 622.334 1.55383e-19)
(-94.9214 625.457 -9.12425e-19)
(-95.725 627.188 5.77666e-19)
(-95.8549 627.86 2.95179e-19)
(-95.2492 627.967 -4.57811e-19)
(-94.2039 627.43 0)
(-92.6169 626.828 6.36787e-21)
(-90.5514 625.899 -3.05603e-19)
(-88.0208 624.972 3.04979e-19)
(-85.0891 623.922 6.10884e-19)
(-81.9387 622.77 -7.07273e-19)
(-78.8346 621.307 7.04923e-19)
(-75.979 619.455 -1.87805e-18)
(-73.564 617.294 -3.77333e-18)
(-70.4554 614.823 2.39502e-18)
(-66.0647 613.053 0)
(-59.9303 612.675 -2.53409e-19)
(-52.1242 613.091 -1.49083e-17)
(-39.5811 613.769 1.29393e-17)
(-19.912 616.086 -2.69065e-18)
(7.77324 624.415 0)
(38.1068 636.666 -2.31265e-18)
(70.0968 644.874 3.39523e-17)
(97.8641 647.242 -1.91927e-17)
(124.835 662.558 7.69058e-17)
(64.589 648.259 3.94009e-16)
(-66.2572 585.164 1.13502e-17)
(-15.3808 523.151 -2.83544e-19)
(-15.1074 554.014 1.96405e-18)
(-9.44834 572.028 3.17389e-19)
(-5.65803 581.079 0)
(-3.61977 584.2 -6.282e-19)
(-3.132 584.188 6.28181e-19)
(-2.59601 583.239 -9.46275e-19)
(-0.650067 583.392 -2.15239e-18)
(1.27363 583.563 2.51392e-18)
(1.75471 584.352 0)
(1.80839 583.566 -1.26625e-18)
(2.78392 579.31 3.8657e-18)
(6.10065 568.613 -2.52599e-18)
(9.09513 548.416 -1.30545e-18)
(9.85534 516.363 1.9533e-18)
(-2.70202 475.882 -2.7087e-18)
(66.7703 634.311 3.75816e-16)
(-143.098 592.874 -1.54834e-16)
(-168.608 601.719 1.51769e-16)
(-187.976 608.868 3.05704e-16)
(-204.025 611.236 1.44562e-16)
(26.4388 661.15 -7.79905e-18)
(85.7573 657.207 1.03826e-16)
(-118.798 369.801 0)
(67.9781 556.797 0)
(-189.96 626.079 0)
(-179.279 632.095 2.53326e-18)
(-166.616 638.253 -4.848e-18)
(-152.547 643.459 3.31332e-20)
(-136.103 646.406 1.43875e-17)
(-116.522 648.05 -9.7872e-18)
(-92.2137 647.666 2.49751e-19)
(-61.9517 643.61 5.0975e-18)
(-28.5373 632.744 -8.88677e-18)
(1.62442 619.629 7.49914e-19)
(27.5319 613.32 4.73227e-18)
(44.5706 613.259 -1.2932e-18)
(54.7096 613.137 1.22196e-18)
(61.3032 613.48 -3.68458e-18)
(66.1542 615.305 1.26691e-18)
(69.8079 618.393 3.69254e-18)
(72.3562 620.967 -2.48849e-18)
(75.6817 623.209 2.49822e-18)
(79.2474 624.925 9.25961e-19)
(82.9563 626.316 2.13663e-18)
(86.4681 627.546 -2.80356e-18)
(89.5133 628.753 1.83383e-18)
(92.0432 629.914 -3.40102e-18)
(94.0436 631.033 -2.43227e-18)
(95.6129 631.921 2.47415e-18)
(96.6566 632.599 1.21289e-18)
(97.4131 632.839 -1.17115e-18)
(97.3781 632.48 0)
(96.9149 631.238 -2.38641e-18)
(95.9825 628.659 1.22022e-18)
(95.2772 625.361 -2.4463e-18)
(94.2725 621.985 -3.69175e-18)
(93.4465 617.359 -2.47316e-18)
(91.2233 612.202 -4.98851e-18)
(88.362 603.948 1.25576e-18)
(80.2916 594.141 -1.22102e-18)
(68.6187 578.008 -2.68925e-18)
(43.1519 547.613 0)
(7.89497 502.246 0)
(1.38632 480.741 0)
(-4.59818 303.322 0)
(130.644 672.183 -1.42299e-18)
(94.8558 670.687 3.84899e-16)
(32.4019 581.636 1.7933e-16)
(-34.1566 579.429 1.95002e-16)
(0.014322 579.245 3.65869e-16)
(46.5457 654.886 -1.9456e-16)
(-15.7416 292.74 -5.63198e-17)
(-46.8424 330.697 0)
(49.5307 666.419 -2.16454e-16)
(120.548 670.848 -8.54907e-17)
(121.481 648.152 -3.23422e-17)
(11.4793 666.768 -5.58255e-16)
(84.2203 515.7 1.92654e-16)
(121.281 533.381 1.77532e-16)
(-9.77451 351.899 -3.16783e-17)
(-23.1742 438.273 -1.30791e-18)
(-47.0046 461.451 -3.13082e-19)
(-76.3534 506.8 -1.09684e-18)
(-82.3044 539.727 3.14197e-20)
(-87.0742 555.964 0)
(-87.3736 569.769 0)
(-88.5869 578.873 0)
(-88.0349 586.631 -1.58138e-19)
(-87.78 592.516 -1.96937e-19)
(-87.0443 597.991 1.97064e-19)
(-86.5799 602.599 -1.55729e-19)
(-86.0904 607.039 3.89796e-19)
(-85.6992 609.607 -4.6708e-19)
(-84.5153 610.731 0)
(-83.6378 611.152 0)
(-82.2631 611.299 0)
(-80.7432 611.108 0)
(-78.8947 610.723 0)
(-76.717 610.169 0)
(-74.0845 609.533 -1.58361e-19)
(-70.9888 608.846 6.1828e-19)
(-67.4625 608.108 0)
(-63.678 607.276 -1.59443e-18)
(-59.8401 606.235 2.80611e-18)
(-55.9803 604.876 2.50544e-18)
(-52.3005 603.352 0)
(-47.8081 601.63 7.63216e-18)
(-42.0104 599.997 -7.59045e-18)
(-34.4201 599.494 -2.49484e-18)
(-25.7152 600.067 5.05745e-18)
(-12.7674 600.483 -7.68663e-18)
(5.90325 601.848 3.81128e-18)
(32.4462 607.467 -9.60933e-18)
(60.7795 615.648 2.52786e-18)
(91.4319 619.691 7.34214e-17)
(83.0826 641.71 2.02851e-16)
(-144.67 572.394 2.92863e-16)
(-116.381 554.868 1.54658e-16)
(-1.11674 482.118 0)
(-6.09132 524.064 1.85711e-21)
(-4.34831 553.528 -6.442e-19)
(-1.67424 571.308 -3.17922e-19)
(-0.850079 580.342 -7.83944e-20)
(-1.47261 583.639 7.95675e-20)
(-2.35813 583.813 0)
(-2.14058 583.159 0)
(-0.770867 583.323 9.20103e-19)
(0.486313 583.421 -2.53202e-18)
(0.554006 583.912 3.15457e-18)
(-0.756958 582.9 0)
(-2.3384 578.468 -2.59067e-18)
(-2.65792 567.748 2.5267e-18)
(-1.69705 548.472 6.49612e-19)
(2.71566 517.649 6.66038e-19)
(3.29039 477.838 0)
(-1.01469 438.412 0)
(-48.9464 658.831 0)
(-162.004 587.857 1.5888e-16)
(-186.208 596.463 0)
(-207.614 601.37 -3.07336e-16)
(-217.582 600.655 1.49264e-16)
(-216.206 601.212 2.70547e-16)
(-24.228 430.669 -4.56669e-17)
(-44.2879 552.756 1.78211e-16)
(-193.828 604.594 4.86375e-18)
(-181.106 611.065 -4.02388e-17)
(-166.375 616.251 1.75711e-17)
(-149.107 620.587 -1.99418e-17)
(-126.491 624.361 -8.68122e-18)
(-100.117 625.549 1.27425e-17)
(-72.2091 622.155 2.37912e-18)
(-44.2615 612.924 -1.2885e-17)
(-18.7563 604.729 7.58607e-18)
(3.77793 601.842 0)
(18.9847 602.373 -6.38279e-18)
(27.8648 602.269 3.78338e-18)
(35.2793 602.637 6.30324e-18)
(41.3778 604.104 1.19714e-18)
(46.5285 606.104 -5.08449e-18)
(50.5718 607.84 -2.52906e-18)
(55.1035 609.449 0)
(59.678 610.709 0)
(64.2149 611.75 -6.17299e-19)
(68.4364 612.684 -3.0815e-19)
(72.1502 613.596 3.10149e-18)
(75.2792 614.461 5.72182e-19)
(77.8763 615.272 -2.20709e-18)
(80.0127 615.933 -6.6538e-21)
(81.8201 616.432 0)
(83.349 616.65 0)
(84.7012 616.606 -2.46141e-18)
(85.7625 616.185 3.73864e-18)
(86.7523 615.367 -1.24976e-18)
(87.57 613.297 -7.23494e-21)
(87.8309 609.669 1.24516e-18)
(88.3108 605 1.24413e-18)
(88.7935 600.205 7.49677e-18)
(89.3939 594.273 0)
(89.5531 587.862 3.77301e-18)
(89.4783 578.78 -3.78153e-18)
(88.0638 568.02 2.59293e-18)
(85.8252 551.722 -2.50541e-18)
(78.711 528.346 2.5598e-18)
(58.7776 484.205 0)
(30.9534 442.403 0)
(8.92452 441.693 -1.35569e-18)
(90.4457 628.2 3.73522e-16)
(136.754 660.781 -7.96759e-17)
(-103.433 559.805 -1.61492e-16)
(92.6213 598.721 3.57385e-16)
(69.8727 587.011 -9.86806e-18)
(49.9325 574.41 3.71976e-16)
(136.198 668.504 8.25686e-17)
(-49.5941 571.432 -3.94416e-16)
(15.849 569.575 0)
(-15.6679 568.723 0)
(-15.2339 371.134 -3.30422e-17)
(164.551 567.436 -1.93437e-16)
(-25.0567 436.41 1.35977e-17)
(54.5819 677.075 -3.30936e-16)
(70.1422 584.34 -3.77225e-17)
(101.927 646.908 -2.3596e-16)
(3.54562 281.752 0)
(2.26141 302.403 -2.9855e-17)
(50.5647 577.688 0)
(30.7006 576.849 1.33187e-18)
(14.3562 578.178 2.42821e-18)
(2.66996 578.427 9.14484e-19)
(-7.02412 578.226 1.6578e-19)
(-15.994 578.777 0)
(-23.4074 580.127 3.28775e-18)
(-29.5074 581.434 -3.29639e-18)
(-34.8794 582.775 1.27718e-18)
(-39.9473 583.886 -2.57006e-18)
(-44.6244 584.69 6.4435e-19)
(-49.0316 585.305 0)
(-53.0592 585.802 1.25886e-18)
(-56.6074 586.223 -6.44862e-19)
(-59.6771 586.593 6.3009e-19)
(-62.2849 586.885 -1.11606e-18)
(-64.5195 587.064 1.29277e-18)
(-66.4594 587.082 -1.39581e-20)
(-68.1972 586.882 -6.82802e-19)
(-69.7766 586.376 3.146e-19)
(-71.289 585.578 -3.6114e-19)
(-72.7196 584.283 0)
(-74.2775 582.341 1.5784e-19)
(-75.9111 578.695 -7.91047e-20)
(-77.5494 572.986 -3.19878e-19)
(-79.175 566.759 2.78381e-19)
(-81.0133 559.641 3.99931e-20)
(-82.5861 551.929 -1.63053e-19)
(-84.5291 542.251 0)
(-85.4931 531.128 0)
(-87.4069 514.801 -6.68995e-19)
(-87.3339 494.259 3.68399e-18)
(-86.0104 464.993 -6.84162e-19)
(-69.4873 423.039 0)
(-37.0482 399.265 2.86414e-18)
(-7.69858 394.902 -5.4962e-20)
(-2.73431 324.081 1.53643e-16)
(-10.8164 445.394 1.36584e-18)
(-5.42301 486.471 0)
(0.778503 524.82 -3.11178e-19)
(5.13604 554.106 3.38677e-19)
(6.01111 570.57 7.8693e-19)
(3.71098 579.473 -6.43364e-19)
(1.18808 582.903 1.58466e-19)
(-0.885564 583.637 3.16199e-19)
(-1.39497 583.189 2.2071e-18)
(-1.03996 583.223 -3.15082e-18)
(-0.750884 583.433 -2.53525e-18)
(-1.32313 583.535 2.52326e-18)
(-3.77148 581.78 -3.18463e-19)
(-7.26667 577.197 6.39909e-19)
(-9.66785 567.206 -2.62536e-18)
(-9.90661 548.847 -7.59097e-19)
(-2.32476 521.213 2.59664e-18)
(9.72514 484.859 0)
(18.5335 443.741 1.35136e-18)
(18.9974 397.935 -6.8901e-19)
(110.074 635.563 1.91459e-16)
(141.473 646.805 -7.5877e-17)
(116.789 609.331 -1.86435e-16)
(-30.8565 280.613 0)
(-20.3401 269.123 0)
(-6.32007 260.687 -5.34628e-17)
(5.80793 260.927 -1.40487e-17)
(18.9728 265.632 -1.68368e-17)
(14.0592 286.468 -4.09938e-17)
(10.8573 307.653 5.80814e-17)
(5.94214 327.497 3.14558e-17)
(71.6486 500.416 0)
(-4.31231 345.503 -3.20738e-17)
(190.911 577.901 -5.57276e-18)
(205.934 552.317 1.60279e-16)
(178.776 562.219 -1.66988e-16)
(113.412 594.09 -1.81314e-16)
(89.4473 581.547 0)
(66.6826 567.913 0)
(139.789 664.259 1.77519e-16)
(115.932 622.82 3.60983e-16)
(-28.9584 331.208 -4.13397e-17)
(-175.476 584.207 1.42798e-16)
(-204.485 589.773 -1.61902e-16)
(-223.405 590.013 0)
(-228.855 585.483 -3.22672e-16)
(-227.885 580.877 1.62508e-16)
(-215.46 584.254 -2.15195e-16)
(-179.522 488.176 -1.50659e-16)
(-183.66 569.33 4.31812e-17)
(-168.094 579.67 -4.7698e-17)
(-148.545 587 2.12101e-17)
(-127.214 591.626 -2.06224e-17)
(-105.241 591.319 0)
(-81.8057 587.246 -1.17448e-18)
(-59.3877 584.727 -1.64703e-18)
(-37.7334 584.795 7.52736e-18)
(-20.0278 585.993 2.4049e-18)
(-7.77544 586.226 -1.27742e-17)
(0.420468 585.911 5.1552e-18)
(8.65791 585.875 6.37056e-18)
(16.0593 586.387 -5.16481e-18)
(22.616 587.011 3.19825e-18)
(28.3737 587.778 -3.23533e-18)
(34.1222 588.643 -1.27656e-18)
(39.4944 589.38 3.83863e-18)
(44.611 590.031 6.47509e-19)
(49.3043 590.637 2.52448e-18)
(53.4626 591.207 -2.57554e-18)
(57.055 591.726 0)
(60.134 592.193 -6.3547e-19)
(62.7566 592.524 -3.14229e-19)
(65.0275 592.732 -3.14757e-18)
(67.0146 592.712 2.88344e-18)
(68.8003 592.483 -3.19943e-19)
(70.4347 591.921 2.51111e-18)
(71.9622 591.096 -4.75483e-18)
(73.4254 589.808 2.55995e-18)
(74.8967 588.057 1.25725e-18)
(76.5429 584.984 6.39568e-19)
(78.0714 580.084 -1.25785e-18)
(79.7842 573.89 3.82348e-18)
(81.4372 567.357 -3.81491e-18)
(83.3195 559.601 -1.29654e-18)
(84.8078 551.279 -3.86729e-18)
(86.8388 539.994 5.16801e-18)
(87.4185 527.326 -3.87499e-18)
(89.836 505.85 2.69374e-18)
(87.0227 484.701 -5.23885e-18)
(81.5265 441.573 0)
(47.276 406.994 2.77057e-18)
(16.9854 396.76 -1.34135e-18)
(-11.3583 398.6 -1.37694e-18)
(142.398 573.173 -4.1557e-16)
(168.633 583.958 1.99878e-16)
(195.373 590.359 -1.88475e-16)
(18.1556 437.495 9.01253e-17)
(216.647 579.816 -2.04987e-16)
(145.53 658.69 0)
(-3.06634 402.523 -5.22643e-17)
(227.917 582.094 -2.04357e-16)
(-4.9871 369.615 1.48093e-16)
(-0.00767449 557.564 5.67264e-16)
(-30.6222 559.568 -3.82112e-16)
(32.7355 561.216 -1.8e-16)
(148.18 587.839 0)
(108.647 577.834 -1.98603e-16)
(131.483 590.81 1.76726e-16)
(1.16708 323.14 -9.11846e-17)
(124.532 575.545 -2.058e-16)
(-6.05286 394.611 2.0823e-17)
(10.3366 341.291 -5.37334e-17)
(-38.7358 528.594 -1.61612e-16)
(234.749 565.021 8.74686e-17)
(209.141 569.97 1.73033e-16)
(16.8272 320.275 5.42711e-17)
(23.5707 299.116 -4.99613e-17)
(32.3983 277.443 0)
(37.6435 541.621 -2.73118e-18)
(28.5921 543.104 -1.6343e-18)
(18.8907 544.077 5.27832e-18)
(9.45153 544.588 -2.3472e-18)
(0.266666 545.207 -2.98737e-18)
(-7.22794 545.912 3.3614e-19)
(-14.004 547.478 -2.59465e-18)
(-19.8778 548.83 6.21142e-19)
(-25.1788 550.198 1.32577e-18)
(-30.0584 551.143 0)
(-34.5204 551.828 -6.77218e-19)
(-38.4868 552.259 0)
(-41.9769 552.597 -6.58424e-19)
(-44.992 552.839 3.16246e-19)
(-47.6058 552.979 0)
(-49.8785 553.013 0)
(-51.8914 552.853 -6.62966e-19)
(-53.7262 552.459 1.29984e-18)
(-55.4451 551.784 2.60762e-20)
(-57.0912 550.679 -6.56447e-19)
(-58.7547 549.182 6.07086e-20)
(-60.5146 546.969 7.26453e-19)
(-62.4899 543.862 -1.26156e-18)
(-64.8355 538.776 1.34669e-18)
(-67.2456 531.527 -6.53806e-19)
(-69.5897 523.436 2.5377e-21)
(-71.9926 514.391 -6.58791e-19)
(-74.1941 504.193 7.39437e-19)
(-76.7283 491.993 -1.67422e-19)
(-78.7064 477.069 1.68321e-19)
(-82.4027 456.161 -3.46524e-19)
(-82.8267 432.253 -1.33579e-18)
(-81.4383 403.849 -2.75633e-18)
(-66.287 369.173 1.31844e-18)
(-36.9718 346.614 2.03371e-18)
(-9.81155 338.952 -1.45954e-18)
(15.7929 340.218 0)
(-234.755 548.012 0)
(-241.044 559.522 1.68663e-16)
(-241.521 569.522 -3.28338e-16)
(-232.538 574.546 -1.13439e-17)
(-208.294 572.902 1.48352e-16)
(-176.674 566.782 -1.49502e-16)
(-59.4996 461.93 9.70415e-17)
(126.761 641.691 1.92539e-16)
(131.954 630.631 3.00209e-16)
(135.621 605.242 0)
(172.596 597.332 1.82951e-16)
(2.97379 346.946 6.67248e-17)
(-0.535753 343.419 -1.17565e-16)
(114.738 560.507 2.06229e-16)
(84.9153 563.143 -1.7616e-17)
(12.6528 684.598 -6.07738e-17)
(8.34154 412.909 2.29011e-17)
(-47.4877 413.357 1.35452e-16)
(-65.5691 637.985 0)
(134.569 630.153 -3.56376e-16)
(-40.8951 258.084 -9.79656e-17)
(-15.7966 333.942 -1.57009e-16)
(-17.6077 307.836 1.04347e-16)
(-143.629 555.242 1.50172e-16)
(-35.9601 403.567 -2.78518e-18)
(-27.7006 453.763 1.30043e-18)
(-9.62508 495.868 6.66284e-19)
(6.11313 529.871 -6.48663e-19)
(13.0335 553.465 -3.10221e-19)
(12.1585 569.067 1.74963e-18)
(8.49301 577.542 -1.2872e-18)
(3.6351 581.337 1.47799e-21)
(0.331239 582.546 -3.15525e-19)
(-0.853443 582.715 3.14902e-19)
(-1.174 582.867 3.15342e-19)
(-1.65224 582.821 2.53542e-18)
(-3.16158 582.273 -5.99886e-19)
(-6.77633 579.894 -2.20366e-18)
(-11.7777 574.985 2.5868e-18)
(-16.4859 566.024 -2.54145e-18)
(-16.5092 551.031 3.92513e-18)
(-4.79169 528.402 -5.21133e-18)
(14.1388 496.457 3.22837e-19)
(33.4323 454.274 -1.38494e-18)
(41.9208 404.169 4.04044e-18)
(38.6845 345.16 -4.24386e-18)
(-26.4849 246.613 1.67899e-16)
(-17.2987 240.749 -1.65545e-16)
(-3.83852 236.429 8.29073e-17)
(9.27538 237.423 -4.07992e-17)
(23.0712 242.282 3.29487e-18)
(39.1946 253.561 1.0431e-16)
(7.67645 361.243 -4.39107e-17)
(152.115 645.949 1.52139e-16)
(136.635 618.416 -1.72529e-16)
(213.61 592.941 -5.86949e-19)
(240.256 575.56 0)
(94.6858 457.861 -7.67254e-17)
(1.46818 372.931 2.16366e-16)
(-1.55322 364.868 5.59894e-17)
(-14.6553 546.407 -5.55104e-16)
(-14.9581 419.658 0)
(120.637 544.345 -1.65384e-16)
(47.5298 553.524 0)
(4.35918 389.653 4.70469e-17)
(152.827 655.635 -1.67938e-16)
(-120.903 294.608 0)
(-62.2299 283.298 8.81392e-17)
(16.4795 547.729 -5.60775e-16)
(-149.839 472.639 -8.88496e-17)
(-143.764 496.008 5.19475e-17)
(-136.801 513.079 -4.98853e-17)
(-123.914 522.369 4.54561e-17)
(-107.348 530.045 0)
(-89.8169 536.665 -2.82143e-18)
(-72.0496 541.708 0)
(-57.7946 545.616 -6.84568e-19)
(-46.6801 548.829 -6.40137e-19)
(-37.2196 550.901 0)
(-27.5366 552.094 1.35032e-18)
(-17.6634 552.995 3.90814e-18)
(-8.15764 553.374 -5.28691e-18)
(0.43949 553.529 -1.94238e-18)
(7.91497 553.829 1.97491e-18)
(14.4615 554.329 -3.24486e-18)
(20.1538 555.004 2.96219e-20)
(25.3845 555.682 3.30711e-18)
(30.1427 556.262 2.58874e-18)
(34.4235 556.728 -3.28626e-18)
(38.2327 557.131 0)
(41.6068 557.468 -2.57856e-18)
(44.5912 557.746 2.96655e-18)
(47.2416 557.925 3.222e-19)
(49.6057 557.958 0)
(51.7365 557.808 4.85815e-19)
(53.6912 557.384 0)
(55.5138 556.685 3.21998e-19)
(57.2362 555.576 0)
(58.925 554.079 -3.21636e-19)
(60.6625 551.989 0)
(62.5515 549.152 0)
(64.7475 544.752 1.17358e-20)
(67.162 538.279 -3.23115e-18)
(69.5904 530.363 1.31386e-18)
(71.9773 521.765 1.29263e-18)
(74.3654 511.889 1.27098e-18)
(76.7363 500.703 1.27333e-18)
(79.228 486.659 1.32831e-18)
(82.0779 468.533 2.69122e-18)
(85.0625 444.892 -1.24358e-18)
(82.7302 419.608 1.31217e-19)
(77.2235 386.779 -5.4773e-18)
(49.6988 355.026 -1.66302e-20)
(19.7721 341.395 0)
(-7.95975 340.855 0)
(-32.8261 344.418 0)
(-176.874 139.177 4.0898e-16)
(74.3207 502.614 -1.13396e-16)
(-82.1196 369.681 1.23426e-17)
(153.759 601.677 -1.53117e-17)
(1.16007 343.511 9.49202e-19)
(100.366 560.861 1.89519e-16)
(-32.8321 353.606 4.60653e-17)
(143.536 414.352 -7.82805e-17)
(-28.7153 654.353 1.64182e-16)
(-9.92057 377.652 3.87196e-17)
(151.38 635.627 -1.55018e-16)
(-191.685 628.051 -1.71988e-16)
(-181.185 448.287 1.7213e-17)
(-221.518 493.52 -1.97033e-16)
(-240.626 516.354 -1.73451e-16)
(-247.03 536.382 3.34913e-16)
(-246.183 548.957 -1.61716e-16)
(-231.89 555.542 0)
(-203.381 557.132 1.04744e-17)
(-171.089 552.103 -3.36265e-16)
(-113.864 540.256 1.56688e-16)
(-138.653 542.412 -1.92913e-16)
(95.3422 411.882 3.01542e-19)
(249.121 557.068 9.03959e-17)
(84.2501 457.819 -2.10608e-16)
(-192.574 536.518 2.23322e-16)
(58.366 476.922 8.92888e-17)
(50.5539 478.723 -2.87322e-18)
(41.447 482.257 4.09972e-18)
(32.2786 484.784 3.35494e-19)
(22.9726 486.66 -5.44255e-18)
(14.1101 487.917 4.77033e-18)
(5.746 489.846 8.06131e-20)
(-0.73141 492.696 2.35044e-18)
(-6.14103 495.955 -2.73783e-18)
(-10.9865 498.33 6.66278e-19)
(-15.6099 500.347 0)
(-19.926 501.765 0)
(-23.8944 502.961 1.32579e-18)
(-27.4064 503.864 1.3229e-18)
(-30.4819 504.635 6.30294e-19)
(-33.1474 505.212 -1.02012e-18)
(-35.4738 505.584 -8.3753e-20)
(-37.5389 505.713 6.57815e-19)
(-39.415 505.507 -6.72793e-19)
(-41.1694 504.9 -4.17266e-20)
(-42.8567 503.865 0)
(-44.5408 502.202 0)
(-46.2964 499.902 -4.14217e-20)
(-48.2498 496.582 -8.22701e-20)
(-50.47 491.992 -4.11322e-20)
(-53.1117 485.083 6.23276e-19)
(-55.663 475.953 -6.87782e-19)
(-58.0964 465.73 -6.26661e-19)
(-60.378 454.407 -1.4793e-21)
(-62.6139 441.365 7.54972e-19)
(-64.7416 426.244 -5.13223e-19)
(-67.3097 406.341 1.19506e-18)
(-69.6296 381.789 1.9543e-21)
(-68.2504 356.138 6.83742e-19)
(-64.481 328.461 0)
(-51.5217 300.141 -1.41607e-18)
(-29.6194 280.079 -1.43773e-18)
(-7.54671 271.195 0)
(12.5774 271.183 0)
(30.6934 276.097 1.42874e-18)
(23.9331 342.073 9.87676e-17)
(32.0818 320.722 5.17217e-17)
(47.3683 299.716 -1.00583e-16)
(56.5412 274.444 -2.32652e-16)
(-5.01365 402.115 3.62043e-17)
(-67.6654 420.041 -1.24093e-17)
(253.83 523.39 1.73811e-16)
(253.519 543.674 0)
(237.397 546.725 1.73051e-16)
(101.814 520.423 -1.73552e-16)
(170.541 545.042 1.71725e-16)
(136.322 535.918 1.91071e-16)
(24.8455 691.126 -1.75477e-16)
(-141.925 397.123 -2.61244e-16)
(119.743 577.306 0)
(158.012 631.399 0)
(156.003 614.051 -1.72852e-16)
(194.311 602.474 3.53437e-16)
(241.328 553.341 0)
(193.035 508.282 3.00479e-16)
(0.110415 366.746 -5.74231e-17)
(-0.10708 363.19 4.35305e-17)
(-94.648 533.896 -1.41099e-16)
(-28.3757 537.004 7.34028e-16)
(40.5333 682.093 1.98449e-16)
(8.89302 422.627 -1.3583e-16)
(110.859 652.965 0)
(29.9526 444.283 0)
(40.7857 469.435 -1.55478e-16)
(97.2451 542.292 -2.0787e-16)
(64.3514 547.275 1.81467e-16)
(8.12128 409.016 1.11214e-18)
(156.904 651.905 -2.27749e-18)
(154.426 642.113 9.13513e-17)
(141.278 526.188 -1.91276e-16)
(241.617 518.297 -1.55881e-16)
(-45.4777 469.515 1.33699e-16)
(-33.5964 452.644 -6.43385e-17)
(-10.7717 420.499 9.01548e-17)
(-220.808 561.542 -1.91786e-16)
(-217.477 523.983 2.37097e-16)
(-68.5757 240.423 -2.66075e-17)
(-40.7411 219.329 2.66703e-17)
(-27.1577 206.653 0)
(-15.3581 201.732 6.62478e-17)
(-2.03231 201.129 -1.21237e-17)
(12.7724 203.209 0)
(28.5012 209.08 -1.73745e-18)
(47.1269 220.81 0)
(65.6773 239.632 2.48987e-17)
(157.105 625.109 -1.59896e-16)
(161.607 644.426 -9.68332e-20)
(29.6769 538.82 3.68518e-16)
(2.59711 534.3 -2.0731e-17)
(-4.4713 391.585 2.61761e-17)
(48.9999 462.758 4.67995e-16)
(94.2509 331.333 0)
(-113.979 383.306 1.64069e-17)
(-108.172 402.616 3.61547e-17)
(-101.039 420.825 -6.37811e-18)
(-93.9449 436.397 0)
(-85.9058 449.029 -1.17464e-17)
(-77.2168 459.973 1.12535e-17)
(-67.7214 469.365 8.48202e-18)
(-58.5558 476.884 -4.88207e-18)
(-49.0055 482.53 2.76158e-18)
(-39.5304 486.544 -2.749e-18)
(-30.0397 489.268 2.78502e-18)
(-20.8081 491.066 -1.39819e-18)
(-11.8288 492.669 0)
(-4.42517 495.128 1.33901e-18)
(1.56725 497.882 1.2949e-18)
(6.68156 500.22 -7.36804e-19)
(11.3091 502.058 -1.71977e-18)
(15.6296 503.518 -6.6548e-19)
(19.6328 504.746 2.65848e-18)
(23.2792 505.831 -2.71496e-18)
(26.5561 506.805 0)
(29.496 507.655 0)
(32.1382 508.355 -4.99075e-19)
(34.5301 508.848 -1.67593e-19)
(36.7205 509.095 -2.63072e-18)
(38.7438 509.017 2.5267e-18)
(40.6498 508.538 2.7083e-18)
(42.4588 507.617 -2.6833e-18)
(44.2316 506.118 -2.58175e-18)
(46.0168 503.969 2.66561e-18)
(47.9422 500.979 0)
(50.0812 496.821 0)
(52.5996 490.74 -3.22396e-19)
(55.2599 482.385 1.66138e-18)
(57.8165 472.459 1.57053e-21)
(60.2293 461.563 -1.99016e-18)
(62.5588 449.089 1.32132e-18)
(64.8083 434.84 -1.36712e-18)
(67.2011 416.595 1.31518e-18)
(69.9336 393.604 -1.3603e-18)
(70.342 368.155 4.07509e-18)
(67.3582 341.852 2.77719e-18)
(59.8332 313.088 -2.69629e-18)
(40.1777 287.565 1.44298e-18)
(15.986 273.819 -2.7221e-18)
(-5.98143 271.388 1.95703e-20)
(-25.9124 274.944 -1.85036e-20)
(-43.6218 284.959 2.7485e-18)
(-54.084 356.883 5.01467e-19)
(-53.2707 420.645 1.54684e-18)
(-37.6511 473.287 0)
(-16.1676 513.54 1.33977e-18)
(4.22205 538.528 -1.27312e-18)
(16.6148 557.304 0)
(17.4314 568.618 9.52387e-21)
(12.2591 574.903 7.98835e-20)
(7.29525 578.788 2.35906e-18)
(3.03642 581.492 -2.55225e-18)
(0.472389 582.139 -2.35477e-18)
(-1.52584 582.19 4.73594e-18)
(-3.73142 582.236 -5.04783e-18)
(-6.5971 580.735 2.51678e-18)
(-10.7796 577.27 0)
(-15.1144 573.029 -5.77085e-18)
(-18.5828 566.619 4.87396e-18)
(-16.0175 556.139 1.92242e-18)
(-1.00953 540.819 2.88784e-18)
(19.8798 515.022 -3.66777e-18)
(41.2315 475.647 0)
(55.8204 422.787 -6.95656e-19)
(57.2057 359.302 3.05052e-18)
(46.4543 287.296 -3.5325e-18)
(225.171 591.554 -1.77287e-16)
(3.83227 384.289 1.25572e-17)
(-108.603 527.735 3.6703e-16)
(-88.5003 521.506 1.86664e-16)
(88.3684 531.768 -1.75649e-16)
(-95.0861 273.936 0)
(-83.3118 258.325 0)
(-61.3356 354.569 -1.08164e-16)
(-4.36583 673.286 6.45074e-16)
(141.073 659.189 -9.40297e-17)
(-121.659 316.906 -1.96749e-16)
(-175.496 396.943 -3.60768e-19)
(-218.626 439.88 4.73595e-19)
(-242.905 475.092 1.76704e-16)
(-251.137 500.578 -1.68963e-16)
(-248.637 519.776 0)
(-228.663 531.582 3.29699e-16)
(-196.29 535.28 1.59766e-16)
(-162.284 531.86 0)
(-127.604 523.233 -1.79094e-16)
(-65.0662 494.044 2.95611e-16)
(-80.8742 510.162 -4.16809e-16)
(-94.6037 510.644 4.29714e-16)
(154.081 608.434 0)
(174.425 609.48 -7.38657e-18)
(226.156 531.95 2.8554e-16)
(-0.422098 363.539 7.35046e-18)
(-68.3975 527.091 8.36154e-17)
(50.9947 688.037 2.36371e-16)
(39.1207 457.563 -2.38997e-16)
(-58.5793 489.935 -1.46819e-16)
(58.721 494.073 9.44389e-18)
(80.2088 543.842 1.9575e-16)
(18.3142 430.349 8.9889e-17)
(157.567 647.615 -1.01086e-16)
(-19.3502 438.727 -1.69327e-16)
(184.999 545.082 1.79603e-16)
(161.025 520.948 0)
(198.172 527.109 -1.56502e-16)
(234.341 523.648 -7.58029e-18)
(255.304 512.026 -1.74265e-16)
(255.409 492.747 0)
(242.383 459.024 0)
(218.982 452.03 5.08075e-16)
(124.795 329.058 -3.67929e-16)
(-67.2738 308.847 -4.73609e-17)
(-206.043 596.088 -3.86168e-17)
(4.36801 385.246 -4.55909e-17)
(22.2349 367.936 -2.52647e-17)
(37.2622 347.89 -9.7031e-17)
(57.8849 326.972 1.98695e-16)
(68.5714 298.752 1.02689e-16)
(77.1579 258.787 0)
(167.347 629.59 3.04184e-16)
(168.343 642.79 -3.50474e-16)
(-125.954 42.0183 0)
(15.3021 523.431 7.23772e-16)
(-82.3316 181.123 2.8354e-17)
(-65.2178 170.269 -3.09668e-17)
(-60.5938 163.059 0)
(-45.2233 158.808 0)
(-29.1858 157.331 -5.25253e-17)
(-12.5799 159.234 -1.23889e-17)
(3.85154 160.875 3.99655e-17)
(17.9184 161.397 -6.6205e-18)
(33.2527 160.377 -5.05655e-17)
(48.9483 161.209 5.77015e-17)
(61.2866 170.017 -1.02629e-16)
(68.5442 184.094 1.2663e-16)
(84.2254 481.012 -2.90007e-16)
(-10.1376 409.853 0)
(164.734 573.853 0)
(-91.4437 563.768 4.6756e-16)
(33.9405 672.288 9.80366e-17)
(124.432 304.599 -4.96375e-17)
(-47.4356 631.889 0)
(-87.3295 258.028 -5.96284e-17)
(-85.2932 267.708 5.80394e-17)
(-82.6918 283.564 -2.70602e-17)
(-79.0063 302.174 0)
(-74.6655 320.985 0)
(-69.2064 337.391 2.97883e-18)
(-62.8413 352.289 -3.25144e-20)
(-55.5776 365.501 -2.83498e-18)
(-47.8711 376.89 1.78106e-19)
(-40.0036 386.115 -1.76905e-19)
(-32.1534 393.152 -1.40612e-18)
(-24.669 398.724 2.41877e-20)
(-17.9626 403.613 0)
(-12.9676 409.456 6.99076e-19)
(-8.8054 416.179 4.12952e-18)
(-4.66671 421.834 -4.17657e-18)
(-0.460666 426.288 -2.04488e-18)
(3.62395 429.909 -2.82912e-19)
(7.42128 433.022 2.42951e-18)
(10.8523 435.79 -2.70663e-18)
(13.9088 438.276 2.59338e-18)
(16.6409 440.447 -2.6928e-18)
(19.0911 442.283 2.75457e-18)
(21.3125 443.726 3.38965e-19)
(23.344 444.76 1.6837e-19)
(25.2316 445.303 -8.4777e-20)
(27.0059 445.304 -2.6668e-18)
(28.6849 444.702 2.72829e-18)
(30.3054 443.406 -2.66278e-18)
(31.9303 441.307 2.59203e-18)
(33.6031 438.231 3.15132e-20)
(35.456 433.945 -2.66759e-18)
(37.5159 428.095 -1.37415e-19)
(39.8521 420.005 4.88435e-18)
(41.9565 409.535 -5.05813e-18)
(43.9062 397.383 2.36026e-18)
(45.6459 384.119 -6.70831e-19)
(47.3178 369.193 1.35969e-18)
(48.8325 351.941 -1.35505e-18)
(50.881 330.036 2.03621e-18)
(51.5396 304.582 1.35709e-18)
(49.9575 278.829 -1.33327e-18)
(46.213 253.568 -4.09495e-18)
(38.8426 229.116 2.74346e-18)
(25.4642 209.212 -1.37981e-18)
(9.21774 197.801 4.16016e-18)
(-5.9554 194.957 -1.34289e-18)
(-19.0349 198.138 -2.39748e-20)
(-30.6289 207.294 -6.9023e-19)
(-39.987 219.635 -2.15139e-19)
(-56 298.181 -1.33264e-18)
(-64.35 373.385 -1.94236e-20)
(-60.2727 440.049 0)
(-43.8939 491.344 1.35475e-18)
(-22.6826 527.422 1.23283e-18)
(-0.938396 549.12 -5.31329e-18)
(13.6625 562.335 2.45023e-18)
(16.8978 569.262 2.33072e-18)
(14.8623 573.301 -4.93615e-18)
(10.5153 576.01 5.07947e-18)
(5.71375 578.189 -2.0241e-19)
(1.50655 580.255 -5.22156e-18)
(-1.64539 580.721 3.00206e-18)
(-5.26063 580.013 -2.54993e-18)
(-9.67306 577.838 2.59526e-18)
(-13.4955 575.649 0)
(-16.8253 573.003 0)
(-17.3129 567.758 -5.95533e-19)
(-11.7921 561.751 -3.16215e-18)
(4.79457 550.954 2.31206e-18)
(25.0274 528.731 6.8051e-19)
(45.8125 493.023 -2.63063e-18)
(60.7951 442.09 5.43373e-18)
(64.956 376.417 -3.12875e-18)
(56.5664 301.614 6.93552e-19)
(40.5879 223.48 0)
(32.4776 210.401 2.07288e-18)
(22.0523 200.041 6.85435e-19)
(10.2297 195.268 0)
(-3.39785 195.893 0)
(-18.5901 203.871 -6.88467e-19)
(-33.0964 220.168 0)
(-43.0849 243.095 0)
(-48.0495 268.303 0)
(-50.5837 293.965 6.82114e-19)
(-50.911 319.621 -6.94259e-19)
(-48.7411 343.058 6.82086e-19)
(-47.2487 361.536 -6.63565e-19)
(-45.6459 377.058 -6.80024e-19)
(-44.0459 390.764 1.358e-18)
(-42.2697 403.218 -6.4531e-19)
(-40.3622 414.443 -2.12025e-20)
(-38.0077 423.439 6.88854e-19)
(-35.9112 429.899 -7.11737e-19)
(-34.0358 434.697 2.09291e-20)
(-32.388 438.123 -6.80939e-19)
(-30.8404 440.576 -9.90443e-20)
(-29.3266 442.162 5.45437e-21)
(-27.7707 443.051 6.68039e-19)
(-26.1195 443.308 1.37103e-18)
(-24.319 443.023 -1.25526e-18)
(-22.3324 442.224 -8.52228e-20)
(-20.0741 440.996 -1.29326e-18)
(-17.4949 439.33 1.34787e-18)
(-14.5203 437.299 -1.38415e-18)
(-11.1098 434.858 6.57012e-19)
(-7.2604 432.058 1.27309e-18)
(-3.05265 428.771 0)
(1.32112 424.663 3.4933e-18)
(5.63504 419.144 -2.73992e-18)
(9.81883 412.409 9.13635e-20)
(14.0672 406.648 6.87737e-19)
(19.6308 402.207 2.80259e-18)
(26.6204 398.298 -1.39995e-18)
(34.0282 393.637 -5.64295e-18)
(41.7998 388.138 1.42114e-17)
(50.678 382.53 -8.04266e-17)
(61.1541 385.558 0)
(67.1364 347.773 4.43071e-17)
(70.1605 348.271 -4.19612e-17)
(123.886 510.705 1.85453e-16)
(119.304 446.331 0)
(-191.77 557.562 -5.01598e-17)
(86.1998 266.255 1.83691e-16)
(96.8376 278.982 0)
(134.613 647.845 -1.07972e-16)
(62.0351 171.36 6.46639e-16)
(-10.8543 522.053 1.96784e-16)
(-66.9003 486.136 1.55691e-17)
(168.392 632.447 1.62613e-16)
(158.955 593.228 1.48857e-16)
(208.451 603.64 -1.77471e-16)
(173.697 619.667 0)
(216.024 556.302 -1.653e-16)
(232.192 581.512 1.66456e-16)
(1.17052 383.227 3.69007e-17)
(-3.54675 385.966 4.11473e-17)
(-67.585 514.29 0)
(-30.1155 458.295 1.07896e-16)
(-63.2215 500.978 -1.86105e-16)
(70.598 508.998 1.16375e-17)
(35.5386 466.96 -3.54815e-16)
(44.2609 531.441 1.98031e-16)
(72.7933 528.213 -1.88814e-16)
(5.66938 404.403 0)
(12.8628 445.01 4.06378e-17)
(122.234 495.638 1.41915e-16)
(172.742 640.435 3.76121e-16)
(10.6921 424.137 -2.98842e-18)
(57.9525 527.943 2.04021e-18)
(48.573 488.953 1.85431e-16)
(-44.5737 479.097 9.97756e-17)
(-31.06 506.517 2.97347e-16)
(-47.4676 507.662 -1.87011e-16)
(-1.14682 383.504 7.10462e-18)
(228.641 568.684 -1.56078e-16)
(191.498 612.735 -1.67161e-16)
(175.359 614.986 -1.51023e-16)
(-107.098 494.364 -3.76269e-16)
(-145.83 498.899 5.49633e-16)
(-182.997 499.194 -1.65722e-16)
(-217.942 491.853 -1.7731e-16)
(-244.012 474.761 -3.43222e-16)
(-246.565 447.558 1.75249e-16)
(-233.873 412.582 3.54137e-16)
(-203.24 366.1 4.89159e-18)
(-153.317 309.516 1.84099e-16)
(-102.912 246.215 1.96562e-16)
(-69.9764 178.738 -1.42405e-18)
(-19.9915 511.123 -3.73857e-16)
(150.953 492.567 0)
(120.835 658.153 0)
(99.0991 245.995 -1.70698e-16)
(146.753 308.476 -1.60785e-16)
(199.984 355.75 2.73284e-18)
(233.181 404.344 9.01611e-19)
(247.576 442.023 -3.09682e-18)
(244.905 472.348 -1.62753e-16)
(214.01 491.12 -3.2333e-16)
(168.892 499.543 -1.85968e-16)
(121.127 401.642 -1.83363e-16)
(180.894 630.999 -1.4192e-16)
(14.0107 421.003 1.04084e-17)
(-7.28087 405.83 2.17141e-17)
(-18.6765 387.72 -2.23277e-17)
(-41.1093 373.835 5.17055e-21)
(-9.2723 661.315 -1.62846e-16)
(135.01 444.601 0)
(184.621 622.565 2.56415e-18)
(24.8038 465.142 -3.57609e-16)
(201.914 579.001 0)
(-16.3124 429.403 4.99256e-17)
(74.9114 322.096 2.66568e-16)
(5.04764 400.581 0)
(27.9328 391.221 1.42066e-18)
(42.3928 369.474 1.00398e-16)
(65.5 347.908 -1.49556e-16)
(78.676 313.669 0)
(90.8419 268.751 0)
(92.9431 200.774 0)
(192.229 622.191 0)
(-198.719 619.999 -1.30652e-16)
(47.2777 136.908 0)
(53.1584 174.538 0)
(46.9959 173.812 -4.56646e-17)
(45.4743 178.884 3.74887e-17)
(47.0527 214.249 1.21377e-17)
(44.6778 228.936 0)
(40.2017 257.268 -5.60117e-18)
(34.823 268.157 0)
(28.1994 277.969 -1.10734e-17)
(22.6137 286.812 -2.59438e-20)
(17.784 294.818 2.12215e-18)
(14.6041 303.338 2.80031e-18)
(12.6471 312.899 -5.62443e-18)
(11.0427 321.654 2.82713e-18)
(8.01338 329.787 0)
(4.24374 336.8 -6.93889e-19)
(0.487611 342.725 1.02697e-18)
(-2.84947 347.581 5.36877e-20)
(-5.69074 351.786 -2.43887e-18)
(-8.08809 355.26 0)
(-10.1502 358.031 -1.53399e-18)
(-11.9432 360.106 -7.33149e-21)
(-13.5249 361.486 1.20612e-19)
(-14.9375 362.185 2.06655e-18)
(-16.2354 362.143 -7.03807e-19)
(-17.422 361.361 0)
(-18.5487 359.772 2.12719e-20)
(-19.6529 357.239 8.50046e-20)
(-20.804 353.637 -6.86528e-19)
(-22.0506 348.79 6.87926e-19)
(-23.4873 342.359 7.20324e-19)
(-25.038 334.09 -6.7545e-19)
(-26.6041 323.411 2.12389e-20)
(-27.5418 310.623 -5.29114e-21)
(-28.4029 296.639 6.42765e-19)
(-29.1965 281.694 -1.37239e-18)
(-30.0598 265.001 6.85588e-19)
(-31.1532 244.72 -6.92983e-19)
(-31.7746 221.081 1.46366e-18)
(-30.3672 197.703 -1.46491e-18)
(-27.6066 175.668 6.84904e-19)
(-23.243 155.578 0)
(-16.8787 138.513 -6.88416e-19)
(-8.67815 126.841 6.95574e-19)
(-0.323116 121.385 0)
(7.33815 121.566 0)
(14.0532 126.372 -1.38849e-18)
(19.9631 135.498 -1.38662e-18)
(24.5126 147.356 1.72918e-19)
(56.9836 506.124 0)
(28.9327 514.081 -3.43704e-16)
(-44.8344 237.141 6.8389e-19)
(-60.2542 319.288 -1.37295e-18)
(-67.3082 396.17 3.26989e-19)
(-63.9145 461.111 0)
(-50.2835 509.999 1.6075e-19)
(-32.1551 542.746 2.82431e-18)
(-12.2243 561.899 -2.34483e-18)
(6.15996 568.791 -1.92982e-20)
(14.5966 570.526 4.78099e-21)
(14.634 573.424 -2.32713e-18)
(13.1903 574.514 4.91061e-18)
(9.79611 576.383 -2.45559e-18)
(4.23021 577.6 0)
(-2.19128 577.877 2.4352e-18)
(-8.5784 577.606 -2.47445e-18)
(-13.3242 576.388 8.54417e-22)
(-15.109 574.571 -3.04224e-19)
(-16.1253 573.489 7.32833e-20)
(-13.082 570.556 3.07106e-18)
(-0.776534 570.791 -5.11573e-18)
(15.3531 562.655 2.64044e-18)
(33.271 543.529 -2.55879e-18)
(50.6571 511.058 -2.54076e-19)
(62.8932 462.922 2.71439e-18)
(66.0987 398.891 0)
(58.9975 322.865 -1.37825e-18)
(44.1291 241.127 1.38377e-18)
(27.2934 162.799 -8.63505e-19)
(85.791 446.886 -9.05343e-17)
(-75.2051 139.463 -9.87234e-17)
(-56.8791 128.551 2.56658e-17)
(-46.5057 127.461 -3.06867e-18)
(-30.9285 129.848 1.00959e-17)
(-18.4812 134.772 1.01795e-17)
(-6.12324 141.448 0)
(5.48346 143.486 -5.71351e-17)
(14.8417 142.784 5.92094e-18)
(25.9666 138.057 5.09575e-17)
(38.231 133.666 -6.2314e-18)
(49.7662 138.247 5.15584e-17)
(65.4141 149.291 -6.34125e-17)
(105.083 169.541 9.44032e-17)
(-75.4707 330.968 9.0373e-17)
(-78.1639 292.818 -2.98133e-16)
(-86.3153 206.421 -1.56379e-17)
(-104.938 160.127 5.85756e-18)
(-51.0716 139.553 0)
(-50.6969 139.966 0)
(-49.4888 145.059 0)
(-49.0183 157.983 -3.35882e-19)
(-48.1407 176.274 4.93731e-17)
(-46.3115 195.819 -2.43516e-17)
(-43.6472 215.057 1.77316e-17)
(-40.2316 232.959 0)
(-36.1504 249.612 -2.89015e-18)
(-31.5726 264.344 2.86366e-18)
(-26.6187 276.492 0)
(-21.7348 286.484 1.78067e-19)
(-17.4322 295.549 1.40814e-18)
(-14.5721 305.328 -7.26035e-19)
(-12.5882 315.252 1.37147e-18)
(-9.74745 323.996 -4.23086e-18)
(-6.27936 331.424 6.94932e-19)
(-2.74026 337.738 -3.10634e-18)
(0.517571 343.146 6.06783e-20)
(3.30452 347.809 3.14967e-18)
(5.68242 351.853 2.73394e-18)
(7.75395 355.302 -2.45036e-18)
(9.60887 358.145 8.62429e-20)
(11.2817 360.388 0)
(12.8131 362.007 2.53901e-18)
(14.23 362.999 -2.77472e-18)
(15.5713 363.3 8.51822e-20)
(16.8375 362.874 2.69822e-18)
(18.0408 361.676 -2.84524e-18)
(19.2193 359.579 0)
(20.4211 356.456 9.54184e-20)
(21.6861 352.111 -1.37051e-18)
(23.1112 346.295 1.37166e-18)
(24.6705 338.699 1.69251e-19)
(26.3042 328.904 8.40791e-20)
(27.4859 316.725 1.36344e-18)
(28.4518 302.945 -2.39073e-18)
(29.2943 288.368 1.53671e-18)
(30.1649 272.284 -1.71383e-18)
(31.1248 253.284 2.39912e-18)
(32.2839 230.225 -2.3858e-18)
(31.4508 206.282 0)
(29.1727 183.587 1.36985e-18)
(25.4406 162.739 0)
(20.082 144.189 -1.37817e-18)
(12.3394 129.925 1.34705e-18)
(3.43051 121.977 -1.36594e-18)
(-4.95839 120.333 2.74682e-18)
(-12.3334 123.78 0)
(-18.8794 131.91 -6.87756e-19)
(-24.1382 143.128 2.48348e-22)
(-27.5317 158.273 0)
(-23.5678 449.485 0)
(-48.1907 491.602 1.933e-16)
(1.65598 403.609 -4.90747e-17)
(-6.69287 405.037 0)
(214.67 587.309 0)
(215.901 601.119 3.3564e-16)
(175.58 631.284 -4.25666e-18)
(185.963 595.087 -3.81185e-18)
(-21.9877 487.291 3.48192e-16)
(0.745523 509.219 -5.31964e-16)
(-21.0133 43.9413 0)
(-10.0652 494.699 0)
(-29.0154 639.738 -8.23678e-18)
(24.364 58.0353 -3.63605e-16)
(39.0481 92.2122 -1.14816e-19)
(64.3389 133.06 -1.7242e-16)
(109.094 186.663 1.74383e-16)
(162.491 248.604 -1.78715e-16)
(201.859 303.536 0)
(224.878 355.387 5.56103e-16)
(226.117 393.132 -1.57018e-16)
(188.819 423.453 1.62948e-16)
(-28.7499 373.662 9.63775e-17)
(-31.627 700.193 -1.76822e-16)
(49.2312 434.612 2.16803e-16)
(27.002 412.13 6.87908e-17)
(4.92813 390.155 -7.51651e-17)
(-9.76231 378.6 2.43244e-17)
(-26.5517 60.2428 2.1795e-16)
(-108.65 452.806 -3.20082e-16)
(-147.846 444.311 -1.73019e-16)
(-186.987 424.271 1.82949e-16)
(-220.864 395.361 0)
(-222.87 360.875 0)
(-203.345 311.184 -1.81712e-16)
(-164.557 255.415 0)
(-111.352 190.113 9.18737e-18)
(-65.8107 132.428 -1.81286e-16)
(-41.618 91.3064 -3.88343e-16)
(186.409 615.645 1.55896e-16)
(199.788 614.099 -1.65211e-16)
(218.76 593.932 -1.62948e-16)
(-3.24897 403.293 1.23038e-17)
(-34.6117 486.779 -2.7923e-16)
(-33.7068 469.84 -3.7444e-16)
(38.3916 486.751 -1.7421e-16)
(41.0898 508.039 0)
(17.1354 41.8841 0)
(19.0549 41.3764 1.1047e-16)
(15.7597 46.1605 -5.1734e-17)
(18.2619 63.2876 -4.78142e-17)
(17.8049 70.9868 4.55866e-17)
(18.0715 80.5563 0)
(20.7147 102.257 0)
(21.4891 120.676 0)
(20.2577 141.777 5.60973e-18)
(18.2528 156.991 0)
(15.1156 168.81 2.8177e-18)
(12.2564 178.937 0)
(10.3333 189.23 7.04844e-19)
(9.5905 200.12 0)
(8.38023 210.133 0)
(6.82985 218.969 0)
(4.90973 226.982 0)
(2.82575 234.087 -1.38691e-18)
(0.867565 240.172 3.81141e-19)
(-0.829531 245.213 1.41374e-18)
(-2.26235 249.252 -1.02882e-18)
(-3.48939 252.32 1.40932e-18)
(-4.55803 254.519 1.5009e-18)
(-5.48449 255.899 -7.63463e-19)
(-6.30357 256.533 -7.01141e-19)
(-7.06365 256.412 6.7155e-19)
(-7.76475 255.552 -6.87902e-19)
(-8.40693 253.925 0)
(-9.03103 251.481 0)
(-9.6616 248.1 -6.75001e-19)
(-10.3408 243.656 7.04198e-19)
(-11.0811 237.969 0)
(-11.9097 230.83 0)
(-12.7457 222.054 6.61501e-19)
(-13.465 211.404 -6.8797e-19)
(-13.7106 199.213 -1.07045e-20)
(-13.9318 186.464 3.34824e-22)
(-14.2018 173.321 6.87339e-19)
(-14.6511 158.397 -7.01201e-19)
(-15.2574 140.655 0)
(-14.7394 122.226 -7.35275e-19)
(-13.2838 105.429 7.71339e-20)
(-11.2675 90.2214 6.84542e-19)
(-8.92247 76.8794 -6.9354e-19)
(-6.08086 66.2673 1.37663e-18)
(-2.69079 59.4906 -1.03828e-18)
(0.694194 57.0217 -6.96992e-19)
(3.94092 58.3022 6.86228e-19)
(6.87549 62.8543 0)
(9.5484 70.4512 6.90879e-19)
(11.6545 80.2646 -3.43629e-19)
(13.2231 92.5924 6.02263e-19)
(-19.8031 410.227 -8.16277e-17)
(-12.0476 388.916 -5.58514e-18)
(5.88943 376.388 -1.72568e-18)
(22.0604 365.65 2.45667e-17)
(57.5392 346.255 0)
(77.79 316.859 0)
(95.2713 271.771 0)
(107.135 212.749 0)
(128.87 184.151 -1.00236e-16)
(200.341 602.323 -3.41926e-16)
(-10.8281 425.169 -2.33321e-17)
(13.0721 497.289 3.40117e-16)
(-15.4126 445.217 0)
(3.43965 424.244 0)
(205.064 606.251 8.58312e-19)
(180.063 631.374 3.16852e-18)
(-47.6419 335.727 1.9942e-16)
(-71.1256 303.243 1.50407e-17)
(-82.4397 242.154 0)
(-150.846 171.247 -1.67464e-16)
(-23.6918 624.437 -3.81334e-16)
(-44.2249 466.98 -1.09675e-16)
(-141.781 266.496 4.41001e-17)
(-58.7826 321.396 0)
(-15.3728 347.863 -1.96653e-17)
(3.1811 362.651 -1.38451e-17)
(8.18274 367.974 -1.70015e-17)
(7.93119 373.636 -1.69716e-17)
(6.44729 377.83 -4.92205e-17)
(4.57076 377.381 8.26099e-18)
(2.37856 375.426 9.88976e-17)
(0.44732 369.764 1.10809e-18)
(1.70564 362.002 -4.84452e-17)
(11.3793 351.426 4.46596e-17)
(59.0999 328.166 -2.66368e-18)
(148.624 287.703 -2.43275e-17)
(167.365 205.955 -1.85176e-16)
(195.25 142.258 0)
(-29.3766 170.384 3.43019e-19)
(-45.5838 249.15 0)
(-60.1494 331.068 2.3915e-18)
(-67.5245 407.313 -1.01262e-18)
(-64.8986 470.739 -2.52286e-18)
(-53.1122 518.301 2.4324e-18)
(-36.6483 549.824 0)
(-18.6223 568.184 0)
(-1.64471 574.134 2.02663e-20)
(9.37484 573.675 0)
(12.7518 573.803 1.83445e-20)
(12.5888 572.686 7.44389e-20)
(10.3388 570.957 2.48032e-18)
(5.04302 569.746 -8.19281e-21)
(-2.07433 569.974 -2.59539e-18)
(-8.91512 570.48 -1.85807e-20)
(-13.5039 572.217 -7.47952e-20)
(-14.3257 574.099 2.17778e-19)
(-13.4532 574.515 -7.49438e-20)
(-7.0893 575.102 0)
(6.74226 575.308 0)
(21.3336 567.917 1.57695e-19)
(37.3343 549.626 0)
(52.6026 518.3 3.35679e-19)
(63.0222 471.456 3.31866e-19)
(65.3571 409.441 8.44717e-20)
(57.8397 334.253 -1.713e-19)
(43.9678 253.079 -1.38022e-18)
(28.6918 174.92 1.37619e-18)
(14.0914 103.492 8.60182e-20)
(-17.8636 43.8873 0)
(-14.1351 45.9969 1.04009e-16)
(-15.6532 49.9781 -1.49215e-16)
(-18.7846 59.2943 -3.8566e-19)
(-20.8915 73.2407 0)
(-21.6365 89.9138 1.16892e-17)
(-21.5159 107.93 -5.80634e-18)
(-20.5263 125.8 0)
(-18.7279 142.473 0)
(-16.3957 157.139 0)
(-13.9127 169.311 -3.55822e-19)
(-11.741 180.081 1.14607e-21)
(-10.4812 191.343 -7.04544e-19)
(-9.61075 202.689 2.82475e-18)
(-7.98034 212.488 -2.12748e-18)
(-5.95765 221.057 -6.93224e-19)
(-3.89386 228.501 2.80894e-18)
(-1.97852 234.959 -1.41706e-18)
(-0.340393 240.456 -1.38241e-18)
(1.03291 245.089 1.41225e-18)
(2.22132 248.839 8.70231e-20)
(3.2761 251.801 -1.73505e-19)
(4.23192 254.041 -8.66269e-20)
(5.08276 255.607 -1.36779e-18)
(5.85855 256.509 1.40129e-18)
(6.6148 256.736 0)
(7.35006 256.252 -1.36172e-18)
(8.04014 255.041 1.37213e-18)
(8.70714 253.033 0)
(9.3799 250.122 2.14389e-20)
(10.0866 246.169 -3.21137e-20)
(10.8436 241.003 0)
(11.6781 234.424 0)
(12.5517 226.224 0)
(13.3583 216.227 1.44989e-18)
(13.8145 204.355 -2.78119e-18)
(13.9786 191.646 1.45371e-18)
(14.2259 178.722 -1.70774e-19)
(14.6604 164.462 3.41576e-19)
(15.2642 147.404 3.4165e-19)
(15.3363 128.552 -4.97058e-22)
(14.0984 111.032 0)
(12.2144 95.1631 -6.84481e-19)
(9.97018 81.008 -1.37889e-18)
(7.44553 69.1803 6.77014e-19)
(4.19193 60.6798 -2.75054e-18)
(0.592998 56.5317 2.73357e-18)
(-2.93 56.5303 -1.37119e-18)
(-6.09895 60.1063 -1.37483e-18)
(-9.03903 66.9918 1.36261e-18)
(-11.4708 76.3704 -1.20133e-18)
(-13.3509 88.398 6.80701e-19)
(-14.421 99.2799 3.41526e-19)
(23.2566 488.351 0)
(-23.1587 466.398 1.64645e-16)
(-3.57747 424.057 2.13198e-17)
(205.141 610.482 3.61142e-16)
(193.002 617.905 -1.57946e-16)
(1.65533 32.4155 -4.26682e-20)
(1.03173 25.6023 1.28156e-19)
(172.743 400.157 -1.47625e-16)
(204.331 490.929 -2.86944e-16)
(1.55318 39.2111 0)
(40.2983 278.137 -1.36084e-18)
(14.065 125.916 0)
(27.4093 200.321 1.3629e-18)
(60.5018 429.032 -1.07617e-19)
(52.1369 356.982 2.83486e-18)
(56.1779 531.555 2.51438e-18)
(61.2833 487.701 -5.49589e-18)
(34.9944 577.088 -5.06041e-18)
(47.0353 560.537 2.53212e-18)
(8.12479 583.562 2.48105e-18)
(22.9149 583.955 2.37025e-18)
(-10.7686 576.373 2.43051e-18)
(-5.22508 579.093 -2.32242e-18)
(-7.92235 570.329 0)
(-11.2438 573.167 -2.32922e-18)
(4.66759 569.64 0)
(-1.78441 569.375 0)
(9.55692 574.46 -2.32394e-18)
(8.77716 571.535 0)
(-4.97442 581.156 -2.46422e-18)
(6.08187 577.314 4.68857e-18)
(-33.9175 577.537 0)
(-19.6842 582.965 0)
(-57.7663 531.716 0)
(-47.3663 560.97 0)
(-63.3878 427.373 1.95042e-20)
(-63.9171 487.187 2.41558e-18)
(-42.3052 274.242 0)
(-55.0599 354.188 -2.99457e-18)
(-1.51902 29.9093 6.80962e-19)
(-1.58107 36.6498 -6.80369e-19)
(-14.6402 121.87 0)
(-28.4941 195.84 -3.39942e-19)
(-0.711349 17.9072 -1.36402e-18)
(-0.905109 23.2513 1.35476e-18)
(-0.294963 11.7611 0)
(-0.521517 14.0436 0)
(0.200237 12.4582 0)
(-0.0233495 11.1158 0)
(0.50767 20.3019 1.3527e-18)
(0.395898 15.6852 6.81348e-19)
(0.766751 32.9083 2.7214e-18)
(0.608571 26.0328 -2.04142e-18)
(1.66282 50.114 1.36637e-18)
(1.12326 40.8966 -2.37968e-18)
(2.02726 67.7147 1.35675e-18)
(1.94019 59.5002 0)
(2.22941 82.5831 4.24043e-20)
(2.08721 75.1054 -1.44255e-18)
(2.36204 96.7194 1.35213e-18)
(2.33149 90.0263 -1.36354e-18)
(2.26901 107.433 0)
(2.33263 102.52 0)
(2.10542 114.867 -2.13351e-20)
(2.18932 111.519 2.12993e-20)
(1.93186 119.649 2.14149e-20)
(2.02136 117.553 0)
(1.69582 122.316 1.34963e-18)
(1.82698 121.204 -1.38997e-18)
(1.47157 122.975 0)
(1.57809 122.874 0)
(1.12426 121.89 -1.36902e-18)
(1.31099 122.668 1.40143e-18)
(0.625973 118.775 0)
(0.890296 120.588 -8.6884e-20)
(0.213609 113.319 -1.06328e-18)
(0.37813 116.391 0)
(-0.302757 104.588 -1.41655e-18)
(-0.00555501 109.374 1.38667e-18)
(-1.29686 92.5908 -1.39987e-18)
(-0.744721 98.9645 2.81306e-18)
(-1.59981 77.3049 3.52932e-19)
(-1.72216 85.3671 -1.7742e-19)
(-2.25065 61.132 0)
(-1.87386 69.293 0)
(-2.02708 40.8854 0)
(-2.42358 51.6604 0)
(-1.83728 18.3673 -7.27904e-17)
(-1.7292 29.4809 2.25047e-17)
(-1.41762 2.18698 -4.57706e-17)
(-2.009 9.19045 8.95669e-17)
(0.929463 -2.57183 0)
(-0.137336 -1.9503 -9.23777e-17)
(1.3361 -2.22477 -2.55329e-18)
(1.50547 -2.13972 0)
(-6.18833 10.3655 5.5414e-16)
(-0.903323 1.82838 -1.92657e-16)
(-32.5732 38.2093 -4.14895e-18)
(-16.023 20.8384 0)
(-92.051 99.9661 0)
(-58.9892 60.4612 -1.82985e-16)
(-130.586 227.303 -3.84561e-16)
(-114.788 156.127 0)
(-96.2427 339.926 -1.73119e-16)
(-122.448 295.84 -1.05192e-17)
(-59.1111 339.664 2.09751e-17)
(-70.341 349.629 3.1951e-16)
(-5.23996 275.05 1.46944e-19)
(-24.1902 295.006 -2.06906e-17)
(25.6462 281.216 2.74981e-17)
(5.97381 268.151 -9.58705e-19)
(77.902 272.756 -1.07453e-16)
(57.1991 288.037 1.20053e-18)
(114.476 212.44 -2.17409e-16)
(97.6905 245.689 -1.85268e-16)
(178.638 101.425 0)
(41.0261 462.338 -2.45258e-17)
(53.4915 411.961 0)
(7.67797 478.17 6.28329e-18)
(19.4891 473.005 -1.26423e-17)
(2.24903 484.368 4.39741e-17)
(3.62135 482.174 -4.34809e-17)
(1.33148 487.791 -2.17889e-17)
(1.7035 486.224 0)
(0.0744665 490.323 -2.16219e-17)
(0.802941 489.407 4.35107e-17)
(-3.40702 490.273 0)
(-0.856285 490.769 0)
(-21.1 481.328 0)
(-8.85187 487.496 0)
(-147.563 220.979 -3.38314e-17)
(-45.4406 464.095 0)
(148.852 158.939 3.54909e-16)
(-170.717 239.896 1.70866e-16)
(-138.402 89.8744 -1.22841e-16)
(-134.665 180.572 0)
(-145.575 172.113 -1.00472e-16)
(-151.173 144.82 -1.13218e-16)
(-100.686 237.504 9.90064e-17)
(-124.981 208.958 2.21676e-16)
(-58.1304 293.409 1.7335e-16)
(-75.7201 264.845 -1.03572e-16)
(-22.2029 279.302 -2.41683e-17)
(-40.0295 290.597 -1.7062e-16)
(17.9068 312.976 4.30648e-17)
(-5.94311 288.297 2.33859e-17)
(74.8003 330.821 1.90788e-16)
(40.7081 329.892 -1.09637e-17)
(137.846 264.433 2.25362e-17)
(111.266 308.661 -1.77254e-16)
(116.81 147.945 5.61424e-16)
(140.556 206.464 -1.79692e-16)
(58.7724 61.1421 1.78965e-16)
(91.3043 98.6614 2.2232e-18)
(16.0863 22.4385 0)
(32.233 38.8556 0)
(-0.423732 1.88024 -1.91064e-16)
(5.38768 11.4297 1.77735e-16)
(-3.02717 -3.87291 0)
(-1.74354 -3.17231 0)
(-0.30758 -1.66203 0)
(-1.72892 -3.18314 0)
(1.83361 8.3184 2.21071e-17)
(1.71397 3.01918 -4.47625e-17)
(1.88689 24.9507 1.1376e-17)
(1.49766 14.7211 -3.31214e-17)
(2.5183 48.987 -2.79515e-18)
(2.15208 36.8332 -8.39169e-18)
(2.2108 68.0021 -2.8015e-18)
(2.69499 59.4714 0)
(1.55942 83.4745 0)
(1.68955 75.6635 0)
(0.923702 97.3338 2.79022e-18)
(1.34831 90.8402 0)
(0.18111 108.459 2.80161e-18)
(0.516405 103.199 -4.22196e-18)
(-0.350664 116.533 0)
(-0.106344 112.971 -1.41342e-18)
(-0.943842 121.187 2.78019e-18)
(-0.638149 119.226 -1.37577e-18)
(-1.41986 123.212 -6.39929e-19)
(-1.21283 122.512 -1.40496e-18)
(-1.69165 123 0)
(-1.59225 123.339 6.93044e-19)
(-1.90801 120.759 6.9545e-19)
(-1.8081 122.135 -6.67363e-19)
(-2.05805 116.494 -6.92329e-19)
(-1.98743 118.897 6.77658e-19)
(-2.20159 109.854 0)
(-2.12758 113.502 -5.33935e-21)
(-2.31993 100.246 0)
(-2.2674 105.463 0)
(-2.27349 87.2187 0)
(-2.32871 94.1632 0)
(-2.0867 72.3236 -6.81102e-19)
(-2.13435 79.6969 5.31378e-21)
(-1.8806 56.3329 6.74268e-19)
(-1.99961 64.9044 -1.88414e-21)
(-0.910385 38.146 -4.26717e-20)
(-1.52951 46.9013 0)
(-0.562961 24.1859 1.36825e-18)
(-0.68781 30.6126 -6.87572e-19)
(-0.29053 14.7712 -6.89379e-19)
(-0.45539 18.8707 -6.80317e-19)
(0.159441 11.7693 3.40629e-19)
(-0.0913866 12.313 1.02396e-18)
(0.567765 15.741 -1.70158e-19)
(0.379691 12.9841 5.11856e-19)
(0.736854 19.9883 -4.27988e-19)
(133.009 93.8541 3.69147e-16)
(137.661 197.203 -6.38191e-17)
(7.20982 444.82 3.97423e-17)
(140.393 653.58 -1.03378e-16)
(2.37301 52.8315 0)
(1.29129 478.524 1.97362e-17)
(-2.47916 50.4609 3.41593e-19)
(-7.72495 327.154 -2.59143e-16)
(129.216 52.8704 0)
(78.6957 -52.3578 -2.39733e-16)
(-77.6319 -59.3345 0)
(-53.0637 -103.615 0)
(54.5393 -99.0398 -5.35025e-18)
(14.8286 -121.515 -2.23612e-18)
(-14.5751 -124.816 2.23648e-18)
(119.924 664.972 6.36385e-18)
(52.8641 482.004 9.09762e-17)
(-9.23346 444.949 0)
(-11.5786 466.599 -2.92189e-16)
(12.5501 465.456 1.54829e-16)
(-58.1814 692.205 -5.92215e-17)
(-9.3728 686.077 -9.72981e-17)
(-34.9626 693.264 8.27199e-17)
(-6.01285 616.704 3.87892e-16)
(27.1052 633.855 -1.82956e-16)
(10.9743 625.383 3.8196e-16)
(14.1665 608.498 7.42781e-18)
(47.4753 626.467 -3.71228e-16)
(31.1207 617.822 -1.84903e-16)
(32.6075 600.727 -3.75574e-16)
(68.7051 620.099 7.34946e-18)
(49.5886 610.798 -1.81261e-16)
(50.1873 593.348 -3.82396e-16)
(93.1526 614.263 -3.54698e-16)
(69.9055 604.269 0)
(80.0631 484.359 8.48138e-16)
(195.49 617.835 0)
(-111.869 56.1922 0)
(-205.73 613.649 2.56907e-16)
(127.358 87.9132 0)
(172.714 637.049 5.67089e-16)
(128.884 560.879 4.34915e-16)
(90.5188 498.965 -5.00737e-16)
(-173.563 629.579 0)
(-168.064 623.011 6.96283e-18)
(114.898 491.862 0)
(27.0133 677.077 2.46663e-16)
(-25.4877 704.991 2.58453e-17)
(-49.7446 477.654 -7.09196e-16)
(67.9516 286.073 -8.25179e-16)
(-18.8429 678.443 6.9068e-16)
(47.5803 114.728 -2.24413e-16)
(-55.9967 363.083 0)
(79.1722 257.216 0)
(-28.771 286.855 0)
(117.449 547.678 0)
(-125.74 642.041 7.98685e-16)
(19.2668 444.077 -7.65975e-16)
(-20.4097 667.438 -3.1694e-16)
(151.746 266.544 -5.20435e-16)
(10.9706 678.047 -1.08149e-15)
(-46.6695 521.452 -2.20956e-16)
(104.502 666.879 -1.67458e-17)
(79.9649 673.13 -3.26348e-16)
(-77.9919 654.06 6.41905e-17)
(-73.4484 614.917 -4.19264e-16)
(116.077 58.6729 -1.40558e-16)
(-15.0671 309.785 4.88013e-16)
(-74.4119 544.499 3.13491e-16)
(-52.5925 131.651 0)
(13.8091 34.8124 0)
(19.3756 448.84 9.34534e-16)
(-80.3742 256.26 0)
(9.17423 355.495 -5.22619e-16)
(237.106 570.496 -4.34329e-16)
(-150.219 135.577 -6.03787e-16)
(72.1836 450.967 1.01584e-16)
(108.202 616.299 -8.4285e-17)
(64.3339 533.701 0)
(241.875 504.187 1.13888e-18)
(8.19132 693.996 3.29007e-16)
(-13.1843 350.865 -4.26487e-17)
(-149.545 447.297 5.43218e-16)
(-79.8909 579.855 -8.64824e-16)
(79.303 651.637 -2.3981e-16)
(15.4904 734.44 3.80441e-16)
(6.65862 735.852 -3.50921e-16)
(168.114 434.228 1.94644e-16)
)
;

boundaryField
{
    wall
    {
        type            noSlip;
    }
    outlet
    {
        type            zeroGradient;
    }
    inlet
    {
        type            fixedValue;
        value           uniform (0 50 0);
    }
    frontAndBackPlanes
    {
        type            empty;
    }
}


// ************************************************************************* //
