/*--------------------------------*- C++ -*----------------------------------*\
| =========                 |                                                 |
| \\      /  F ield         | OpenFOAM: The Open Source CFD Toolbox           |
|  \\    /   O peration     | Version:  2212                                  |
|   \\  /    A nd           | Website:  www.openfoam.com                      |
|    \\/     M anipulation  |                                                 |
\*---------------------------------------------------------------------------*/
FoamFile
{
    version     2.0;
    format      ascii;
    arch        "LSB;label=32;scalar=64";
    class       surfaceScalarField;
    location    "0.0092";
    object      phi;
}
// * * * * * * * * * * * * * * * * * * * * * * * * * * * * * * * * * * * * * //

dimensions      [1 0 -1 0 0 0 0];

oriented        oriented;

internalField   nonuniform List<scalar> 
5190
(
0.000675713
0.000391882
-0.00157101
-0.000759856
5.49048e-05
0.000212528
-6.10791e-05
-0.000170442
0.000123937
-0.000145194
-7.19392e-05
0.000198711
5.76481e-06
-5.66047e-06
-3.48638e-06
2.4329e-06
3.97807e-05
9.49335e-05
3.83005e-05
-0.000180087
-7.4074e-06
0.000239292
7.30232e-05
-0.00022233
1.20649e-06
1.14626e-07
-1.37245e-06
-9.35045e-08
4.73949e-06
-4.88806e-06
4.42018e-06
-5.02173e-06
-5.59271e-06
5.02013e-06
6.00636e-06
-6.50454e-06
-6.32007e-06
7.11283e-06
-7.7905e-06
3.91541e-06
-3.51253e-06
4.41135e-06
1.30282e-05
-2.10703e-05
1.87734e-05
-1.4293e-05
-1.81394e-05
1.19063e-05
1.60059e-05
5.5966e-05
-5.88777e-05
5.58253e-05
-6.46705e-05
1.63164e-05
2.31612e-05
-2.04761e-05
-2.29725e-05
2.51007e-05
3.1793e-05
-2.72047e-05
-3.576e-05
3.16212e-05
4.21894e-05
-3.92024e-05
-4.1792e-05
-4.96813e-06
4.91031e-06
-4.81084e-06
4.04812e-06
-5.04913e-06
5.63892e-06
-6.63407e-06
6.60145e-06
-9.20908e-06
-3.79942e-06
-1.08168e-05
7.15909e-06
-9.16222e-06
1.09521e-05
1.26707e-05
-1.3792e-05
1.51802e-05
-1.73806e-05
1.16648e-05
1.23241e-05
-1.41608e-05
9.90809e-06
-1.14001e-05
1.4977e-05
-2.35054e-05
-2.06447e-05
3.30533e-06
-4.17451e-06
4.98175e-06
-3.9402e-06
3.34723e-06
3.60382e-06
4.62661e-06
-6.11906e-06
4.89724e-06
-5.5769e-06
6.24416e-06
5.42285e-06
6.96253e-06
-8.57746e-06
7.3014e-06
6.77771e-06
-6.5439e-06
9.65784e-06
-1.0731e-05
1.09845e-05
9.0276e-06
1.34901e-05
-1.73637e-05
1.25951e-05
-1.60787e-05
1.7562e-05
-1.79681e-05
1.77126e-05
-2.09825e-05
2.21851e-05
-1.97313e-05
-2.47618e-05
-1.55268e-05
1.42175e-05
1.95679e-05
-2.60655e-05
2.52492e-05
-1.94499e-05
-1.3019e-05
1.05072e-05
1.23413e-05
1.55041e-05
-8.23299e-06
7.16451e-06
1.00004e-05
-1.09551e-05
1.09083e-05
-1.08502e-05
1.23917e-05
-6.9725e-05
0.00010996
0.000125156
8.34892e-06
-9.29604e-06
4.49792e-06
5.20819e-06
-5.5301e-06
2.71021e-06
2.77077e-06
-3.54897e-06
-2.66105e-06
-3.96069e-06
3.38678e-06
4.01303e-06
-4.09371e-06
4.56231e-06
-2.8301e-05
-2.24075e-05
3.95616e-05
2.96005e-05
-4.47413e-05
4.89946e-06
-4.94356e-06
-5.6438e-06
4.27801e-06
4.17104e-06
-4.22398e-06
-1.06975e-05
9.70704e-06
1.41267e-05
-1.16786e-05
1.65087e-05
2.9933e-06
2.76854e-06
-3.20046e-06
3.50279e-06
-3.57071e-06
2.81732e-06
2.90452e-06
-3.41824e-06
3.87967e-06
3.39188e-06
2.37448e-06
6.31352e-06
-7.2379e-06
-7.03867e-06
-5.1621e-06
9.74194e-06
-1.14433e-05
-9.85149e-06
-8.58978e-06
1.32752e-05
-1.50927e-05
-1.56727e-05
-1.2373e-05
1.65052e-05
-1.5779e-05
-2.57585e-05
-1.98373e-05
9.40446e-07
6.97682e-07
-1.00297e-06
-8.11203e-07
-3.32853e-05
-1.08083e-05
-2.26323e-05
1.98869e-05
-2.68708e-05
-3.12839e-05
-1.65471e-05
-1.77977e-05
1.42164e-05
-2.20878e-05
2.12008e-05
-1.62666e-05
6.753e-07
-9.22036e-07
5.68892e-07
-4.72684e-07
4.6738e-05
-6.53104e-05
6.34463e-05
0.000136396
-3.20369e-05
-0.000162145
5.52788e-05
3.40996e-06
-3.7616e-06
4.51437e-06
-3.22218e-06
2.66816e-06
3.36421e-06
4.01015e-06
4.26668e-06
-4.86646e-06
5.85685e-06
5.05072e-06
5.54573e-06
-6.83545e-06
7.22874e-06
6.33407e-06
7.83309e-06
-8.80857e-06
9.87811e-06
8.32076e-06
1.19039e-05
-9.66744e-06
1.03813e-05
1.55011e-05
1.70429e-05
-5.15691e-06
-9.55446e-06
8.06362e-06
1.12922e-05
1.33539e-05
-6.95313e-06
6.29038e-06
8.86413e-06
9.89562e-06
-5.5595e-06
4.99094e-06
6.50441e-06
7.59249e-06
-4.41009e-06
3.92132e-06
4.941e-06
5.66613e-06
4.39219e-06
3.61516e-06
-3.64717e-06
3.67639e-06
-3.83174e-06
3.23459e-06
-1.30239e-05
1.88761e-05
2.51358e-05
-3.33132e-05
-3.32067e-05
3.58172e-05
2.5625e-05
-2.55325e-05
2.79136e-05
-2.40434e-05
2.12169e-06
2.79755e-06
2.43347e-06
-2.91225e-06
3.6827e-06
1.93371e-06
3.20118e-06
-3.49698e-05
3.13765e-05
-3.68396e-05
4.00258e-05
-3.81198e-05
-4.45162e-05
3.3892e-05
-3.34608e-05
3.5385e-05
-2.95e-05
-1.24063e-05
9.59885e-06
1.6029e-05
-1.61225e-05
1.82831e-05
-2.48036e-05
-2.04454e-05
2.2775e-05
-1.52265e-05
1.76771e-05
4.03655e-06
-4.71716e-06
-3.60595e-06
-3.10191e-06
3.12505e-06
3.02758e-06
-3.06758e-06
3.39188e-06
-2.93385e-05
-1.462e-05
1.67089e-05
2.23592e-05
-5.53205e-05
5.81692e-05
4.53697e-05
-5.86523e-05
2.75877e-05
-4.08137e-05
0.000209608
-0.000108847
-2.0457e-05
-0.000201001
-2.39963e-05
2.16259e-05
-1.47887e-05
-1.90625e-05
-2.15443e-05
-2.61191e-06
2.42616e-06
1.6471e-06
0.000286093
-0.000146322
6.85243e-05
2.16843e-06
-0.000276306
-0.000224082
0.000194319
0.000146203
-8.82706e-05
6.31004e-05
-4.88445e-05
6.01585e-06
-6.30916e-06
-4.22619e-06
-3.49601e-06
5.0788e-06
7.36319e-06
-9.01976e-06
-6.95704e-06
-5.33256e-06
1.10937e-05
-1.30331e-05
-1.05456e-05
-8.5624e-06
1.5439e-05
-1.81035e-05
-1.68151e-05
-1.31975e-05
2.09242e-05
-2.46878e-05
-2.71586e-05
-2.14174e-05
-3.29649e-05
-2.54535e-05
2.2581e-05
-2.94805e-05
-3.54482e-05
-1.95716e-05
-1.94619e-05
1.69443e-05
-2.38874e-05
2.95922e-05
-6.67522e-05
-1.76957e-05
0.0011062
-0.000837021
0.00111661
-0.000936661
5.45767e-06
-4.99807e-06
-6.29746e-06
-4.19444e-06
2.06541e-06
-2.52876e-06
3.07274e-06
-1.57465e-06
2.20342e-06
1.1585e-06
2.57416e-06
2.9056e-06
-3.2806e-06
4.08837e-06
3.60298e-06
3.71603e-06
-4.07443e-06
5.28521e-06
4.63608e-06
4.81107e-06
-5.42469e-06
6.59588e-06
6.01818e-06
6.36356e-06
-7.05567e-06
8.75353e-06
7.75317e-06
7.84113e-06
-8.43558e-06
1.21921e-05
1.05178e-05
9.18447e-06
-1.00554e-05
1.64274e-05
1.43428e-05
6.19716e-05
-6.49849e-05
-6.52823e-05
1.89985e-05
-1.12356e-05
-8.76066e-06
8.2183e-06
1.32098e-05
1.50305e-05
-7.44333e-06
6.52158e-06
9.99099e-06
1.15561e-05
-5.72059e-06
5.24155e-06
7.81333e-06
8.84276e-06
-4.73882e-06
4.24716e-06
5.99785e-06
6.8477e-06
-3.80971e-06
3.35018e-06
4.69312e-06
5.29161e-06
4.16507e-06
3.03505e-06
-3.08697e-06
2.24859e-06
-2.94483e-06
1.43834e-06
2.76057e-06
1.84086e-06
2.64105e-06
1.87869e-07
-9.17598e-07
-1.91567e-07
6.73184e-07
-1.68723e-06
2.06903e-06
-3.79333e-06
2.72909e-06
2.87507e-06
-4.467e-06
-7.93453e-07
3.17423e-05
-5.18238e-05
-3.99292e-05
4.61362e-05
-5.26964e-05
5.28154e-05
-4.40108e-05
3.01266e-05
-2.72449e-05
-2.74162e-05
-1.69453e-05
2.50002e-05
3.15127e-05
-2.61156e-05
-1.16047e-06
6.69439e-07
2.05068e-06
2.327e-05
-2.78858e-05
-2.05123e-05
2.06277e-05
-1.67502e-05
4.42137e-06
-5.20213e-06
-3.49261e-06
3.73082e-06
-2.99204e-06
4.03132e-05
-3.48217e-05
3.86857e-05
-3.29165e-05
2.15981e-06
-2.26977e-06
1.19129e-06
2.00818e-06
7.68853e-07
0.000130546
-2.038e-07
-0.000117336
-6.87074e-06
-1.67559e-07
0.000143967
-6.6014e-06
-0.0001306
0.000144027
-6.98608e-06
-0.000117376
-7.31691e-06
2.35571e-06
-2.53131e-06
9.96756e-07
1.03671e-06
-1.48883e-06
2.46483e-06
6.61381e-07
2.08849e-06
5.89133e-06
-4.26586e-06
2.23811e-05
-2.82134e-05
4.16982e-05
-5.88097e-05
-8.56581e-07
1.01352e-07
7.20759e-07
2.42786e-06
2.24283e-06
-3.26692e-06
0.00198451
0.00201495
-0.00189164
-0.00188233
-0.000156769
0.00012591
0.000162115
2.7958e-05
-0.000174073
-3.60854e-05
2.36047e-05
0.000192639
-2.13043e-05
-2.33069e-05
6.17978e-05
0.000363735
1.60563e-06
-2.30613e-06
6.83167e-05
-0.000192068
-0.000136168
0.000189822
4.6886e-06
-5.54884e-06
-3.10247e-06
3.08146e-06
-2.41672e-06
2.51866e-06
6.35161e-06
-7.34624e-06
-4.3778e-06
-3.66796e-06
8.61913e-06
-1.04259e-05
-6.95384e-06
-5.46448e-06
1.26503e-05
-1.52166e-05
-1.08974e-05
-8.64057e-06
1.82159e-05
-2.16368e-05
-1.75854e-05
-1.3766e-05
2.55135e-05
-3.01843e-05
-2.81263e-05
-2.23748e-05
3.53787e-05
-3.86515e-05
-4.15276e-05
-3.44518e-05
-5.05919e-05
-2.98034e-05
2.66698e-05
-3.26486e-05
-4.11018e-05
-2.3145e-05
1.95492e-05
-2.04076e-05
-2.56564e-05
-1.60817e-05
1.29886e-05
-1.27396e-05
1.25387e-05
-1.62158e-05
1.57445e-05
-1.04265e-05
8.54929e-06
-7.67901e-06
7.56519e-06
-9.85008e-06
9.75519e-06
-7.14621e-06
6.06126e-06
-4.95016e-06
-6.05629e-06
6.02921e-06
-4.12347e-06
0.000157481
-1.35488e-07
-6.31907e-06
0.000170917
-9.76785e-08
-5.99638e-06
0.000184267
-9.42826e-08
-5.72179e-06
0.000197429
-1.5118e-07
-5.48536e-06
0.000210346
-1.75184e-07
-5.42255e-06
0.000223298
-1.63719e-07
-6.03719e-06
0.000236518
-2.43612e-08
-8.05081e-06
0.000248485
7.53854e-07
-1.17153e-05
0.000256777
2.75389e-06
-1.94975e-05
4.773e-06
0.000258037
-3.21208e-05
0.000255496
-0.000255195
-2.27227e-05
0.000229869
6.60852e-06
-5.36952e-05
5.2186e-06
0.000151297
-8.91299e-05
-0.000225857
0.000142487
-7.53042e-05
-3.97877e-05
0.00024695
-0.000235611
-9.72446e-06
-1.4321e-05
0.000222922
-0.000209972
-6.49341e-06
-7.64281e-06
0.000197093
-0.000184111
-5.77668e-06
-5.90037e-06
0.000170903
-0.000157521
-6.23741e-06
-5.90219e-06
-6.63003e-06
1.60934e-06
-2.00109e-06
2.72633e-06
2.33999e-06
2.3712e-06
-2.73718e-06
3.65593e-06
3.19254e-06
3.12704e-06
-3.49087e-06
4.75027e-06
4.18337e-06
3.83361e-06
-4.41485e-06
6.05645e-06
5.37936e-06
5.01485e-06
-5.69836e-06
7.85369e-06
7.01654e-06
6.15374e-06
-6.68917e-06
1.05257e-05
9.0889e-06
7.16754e-06
-7.61312e-06
1.39265e-05
1.22501e-05
0.00174819
-0.00162016
0.00201725
1.58085e-05
-7.76363e-06
2.02948e-05
-2.63973e-05
7.45777e-06
-1.25969e-05
1.07486e-05
1.86284e-05
2.30105e-05
-2.63694e-05
-1.81222e-05
1.64914e-05
-2.41607e-05
-1.49171e-05
1.80239e-05
2.22414e-05
-9.1008e-06
7.95586e-06
1.42446e-05
1.60277e-05
-7.4111e-06
6.69679e-06
1.14311e-05
1.28919e-05
-5.99434e-06
5.27073e-06
8.80025e-06
1.00329e-05
-4.74289e-06
4.30904e-06
6.9234e-06
7.77285e-06
-3.92826e-06
3.55867e-06
5.47707e-06
6.15216e-06
-3.20191e-06
2.8196e-06
4.34224e-06
4.87499e-06
-2.40582e-06
1.95735e-06
3.34751e-06
3.82739e-06
2.8805e-06
2.62113e-06
-2.66458e-06
1.71844e-06
1.35668e-06
2.68357e-06
-2.67525e-06
2.40547e-06
2.06146e-06
2.63184e-06
-2.55183e-06
3.04805e-06
2.73961e-06
0.00119367
0.00145549
-0.00175596
-0.00150267
0.00258868
-0.00265273
0.000986152
-0.000708298
3.50842e-05
-2.83151e-05
-3.09904e-05
-1.87363e-05
2.76461e-05
-3.07771e-05
-2.13297e-05
3.49336e-05
-2.8753e-05
3.59001e-07
1.80792e-06
4.46678e-05
-8.28409e-05
-3.48795e-05
-2.37265e-07
-7.09729e-06
-0.000104467
-7.59409e-06
-0.0001045
-9.62664e-07
1.50141e-06
9.89457e-07
0.00383023
0.00226027
-0.00165779
-0.00406673
0.000238273
-0.000247508
-5.63727e-05
0.000191998
-9.22081e-05
4.62332e-05
-3.64105e-05
0.00014835
4.48636e-05
-0.000173942
-0.000243887
-2.94944e-05
-1.79239e-05
-4.55779e-05
4.32163e-05
-3.82214e-05
-1.80523e-06
1.93439e-06
2.01967e-06
-1.73492e-06
2.26179e-06
-0.000104687
0.00011754
-1.41052e-05
-7.39381e-06
-2.59265e-07
-9.17033e-05
-1.46158e-05
-9.19632e-05
2.02598e-06
-2.18502e-06
6.4818e-07
1.80925e-06
3.78369e-07
6.75089e-07
-1.07527e-06
2.0955e-06
3.68706e-07
1.77457e-06
-1.19539e-05
1.15488e-05
-0.000133792
-5.95921e-06
-0.000149828
-2.64451e-05
-4.8707e-06
2.32213e-05
-2.95015e-05
-8.58156e-06
7.63982e-06
5.89497e-05
-5.17711e-05
-4.63193e-05
-2.51735e-05
-1.04068e-05
2.32474e-05
8.41249e-06
-2.90485e-05
-1.5671e-05
-2.75318e-05
7.23499e-05
-1.96597e-05
-9.74409e-05
-8.71159e-05
9.99008e-05
0.000134582
-0.000183119
7.33591e-05
2.20976e-07
-3.37127e-07
1.95492e-07
-2.62191e-07
3.33895e-06
-4.06388e-06
-2.44078e-06
-2.20037e-06
2.2663e-06
2.39119e-06
-2.09082e-06
2.63764e-06
-2.28241e-05
-2.496e-05
-1.75988e-06
2.16715e-07
1.54774e-06
1.91112e-06
-1.99685e-06
8.19716e-07
5.08694e-07
2.04827e-06
-1.99939e-06
1.48711e-06
-2.07116e-06
1.15894e-06
1.79719e-06
4.98969e-06
-5.90223e-06
-3.12868e-06
-2.78955e-06
6.93932e-06
-8.17173e-06
-4.40272e-06
-3.68867e-06
9.76679e-06
-1.19166e-05
-6.82066e-06
-5.44528e-06
1.44523e-05
-1.76167e-05
-1.09238e-05
-8.67661e-06
2.12897e-05
-2.55009e-05
-1.79237e-05
-1.39669e-05
3.03056e-05
-3.56067e-05
-2.90541e-05
-2.28722e-05
4.09159e-05
-4.47684e-05
-4.71139e-05
-3.67738e-05
-6.23969e-05
5.14688e-05
-5.16642e-05
-0.00012005
-0.000106528
0.000109457
-4.25237e-05
4.01224e-05
-6.16056e-05
-7.71403e-05
-4.80175e-05
-3.66975e-05
3.21832e-05
-3.56621e-05
-4.72607e-05
-2.74267e-05
2.29457e-05
-2.08634e-05
-2.69002e-05
-1.88427e-05
1.5254e-05
-1.27048e-05
-1.63198e-05
-1.21926e-05
9.82832e-06
-7.58865e-06
-9.72741e-06
-8.06005e-06
6.74757e-06
-4.84459e-06
-5.9617e-06
-5.72534e-06
4.86206e-06
-3.36486e-06
-4.01467e-06
-2.84807e-06
-0.000130767
0.000144219
-1.3018e-05
-1.36208e-05
-0.000157751
0.000171222
-1.18239e-05
-1.24165e-05
-0.000184526
0.000197576
-1.10826e-05
-1.13331e-05
-0.000210289
0.000222352
-1.241e-05
-1.12849e-05
-0.000233332
0.000242864
-2.26093e-05
-1.56486e-05
-3.47576e-05
-0.000104795
0.00011766
-1.46505e-05
7.92311e-06
-1.51885e-05
-9.20537e-05
-9.17341e-05
-0.000217096
-2.04289e-05
4.54246e-05
-0.000218313
0.00270099
0.000286518
-0.003138
0.00025269
8.17016e-05
-0.00019405
-0.000129622
-0.000211628
0.000239872
-0.000249253
-4.91885e-05
-7.97151e-05
0.000242961
-0.000232377
-2.18342e-05
-3.21505e-05
0.000220631
-0.00020909
-1.26355e-05
-1.61191e-05
0.000196797
-0.000184147
-1.14554e-05
-1.17959e-05
0.000171116
-0.000157821
-1.21477e-05
-1.16209e-05
0.000144352
-0.000130904
-1.34918e-05
-1.2822e-05
-1.41373e-05
1.18828e-06
-1.48689e-06
2.30705e-06
1.9372e-06
1.815e-06
-2.15412e-06
3.17778e-06
2.73906e-06
2.50167e-06
-2.86297e-06
4.21706e-06
3.68004e-06
3.23065e-06
-3.68973e-06
5.44439e-06
4.78725e-06
3.98943e-06
-4.42283e-06
6.89637e-06
6.09882e-06
4.80385e-06
-5.22913e-06
9.05213e-06
7.85273e-06
5.46955e-06
-5.70891e-06
1.16359e-05
1.02856e-05
5.73838e-06
-5.55628e-06
1.47e-05
-1.81383e-05
1.29729e-05
5.24187e-06
-4.52156e-06
1.79978e-05
1.64152e-05
2.43285e-05
-2.82846e-05
-5.17572e-06
3.92433e-06
-3.53642e-06
2.00708e-05
1.89504e-05
2.6347e-05
-1.3751e-05
-2.80883e-05
-3.11177e-06
4.56773e-06
2.0372e-05
2.508e-05
-5.1812e-06
-2.9241e-05
5.17865e-06
2.0326e-06
-2.36324e-06
2.15654e-05
2.12451e-05
-2.65395e-05
-4.48644e-06
6.40917e-06
1.88915e-05
-2.47508e-05
1.96451e-05
-7.4292e-06
7.3405e-06
1.52387e-05
1.7051e-05
-6.77695e-06
6.14653e-06
1.21432e-05
1.354e-05
-5.70542e-06
5.23185e-06
9.68699e-06
1.08756e-05
-4.74323e-06
4.25769e-06
7.61867e-06
8.58173e-06
-3.85001e-06
3.51927e-06
6.07991e-06
6.78012e-06
-3.2285e-06
2.93923e-06
4.87767e-06
5.44563e-06
-2.63658e-06
2.29491e-06
3.83684e-06
4.33768e-06
-1.9068e-06
1.49331e-06
2.87679e-06
3.33895e-06
2.45007e-06
2.26385e-06
-2.29028e-06
1.24985e-06
9.4127e-07
2.30139e-06
-2.30026e-06
1.83495e-06
1.53753e-06
2.11761e-06
-2.56462e-05
0.000253563
-0.00195542
-0.000398935
9.90701e-05
0.0010031
9.42443e-05
-0.000147551
4.057e-05
-2.97606e-05
-3.51831e-05
-1.84268e-05
-3.43724e-05
-2.21837e-05
3.90251e-05
-3.16054e-05
2.20373e-06
-1.97481e-06
-2.47897e-06
-0.000228317
-1.16692e-05
0.000453637
0.000186366
9.32711e-05
-8.38269e-05
-1.16927e-05
-3.03054e-05
2.31953e-05
-0.000105125
0.000117989
-2.01866e-05
-9.23932e-05
-2.08672e-05
1.3928e-06
-1.57202e-06
1.423e-07
0.00237664
-0.000393924
0.000748691
-1.55266e-07
1.13498e-06
4.6824e-07
-5.07577e-08
1.19436e-06
1.15679e-06
1.94488e-09
1.56978e-06
1.63364e-07
3.59237e-06
-4.3924e-06
-2.29255e-06
2.86116e-06
-1.97084e-06
-0.000172109
-0.000178512
-0.000134039
0.000123331
0.000125651
-0.000188984
0.000155905
-0.000274364
-0.000125707
4.22713e-05
9.7539e-05
2.78865e-07
-1.72646e-07
0.00020894
-0.000233195
-7.65898e-05
0.000146452
-0.000121504
-0.000268062
-0.000253797
0.000194896
-0.000438398
0.000219432
-0.000337679
-0.000407214
0.000275192
-0.000429507
-3.50225e-05
-1.39453e-05
5.3902e-05
-4.07698e-05
4.82431e-05
-4.35257e-05
-3.36446e-05
-1.88587e-05
-0.000127446
9.33853e-05
-0.000105255
0.000118151
-2.07858e-05
-9.24965e-05
-2.14575e-05
0.0022506
-0.00218432
0.00147779
-0.00144352
1.27077e-05
2.58323e-05
5.72122e-05
4.89969e-05
-8.13666e-05
-0.000197522
0.000125441
6.81706e-05
-6.26153e-05
-6.97499e-05
-3.35265e-05
-8.09223e-06
-2.57745e-05
-2.98634e-06
2.11122e-05
-4.57843e-06
-3.10222e-05
-2.65804e-05
-2.19374e-06
2.212e-05
-4.02731e-06
-3.27657e-05
-3.30932e-05
-1.601e-05
5.90739e-05
-5.82817e-05
0.000117238
9.7259e-05
-0.000149684
-0.000106115
-3.63124e-05
-0.000222525
-2.7838e-07
3.14856e-07
1.54532e-07
-4.05688e-07
-0.000138778
5.12788e-05
0.000132842
-0.00206716
0.00136188
0.00123423
-0.000787856
-2.36825e-05
-2.66924e-05
1.7113e-06
-1.81173e-06
5.60122e-07
3.37546e-07
1.86573e-06
-1.86302e-06
1.03871e-06
8.07454e-07
1.82859e-06
-1.79193e-06
1.48697e-06
1.28535e-06
1.70306e-06
-1.7047e-06
1.70603e-06
1.67508e-06
-2.35306e-06
1.83997e-06
-1.70482e-06
2.78036e-06
-4.26239e-06
-2.79356e-06
3.54081e-06
-2.11316e-06
5.20256e-06
-6.33533e-06
-2.99199e-06
-2.78618e-06
7.59453e-06
-9.13622e-06
-4.22967e-06
-3.56781e-06
1.1052e-05
-1.34752e-05
-6.60924e-06
-5.26134e-06
1.65692e-05
-2.01892e-05
-1.07586e-05
-8.39747e-06
2.45786e-05
-2.96898e-05
-1.77048e-05
-1.37197e-05
3.55738e-05
-4.2226e-05
-2.94132e-05
-2.27796e-05
4.98252e-05
-5.84299e-05
-5.02968e-05
-3.81555e-05
6.90362e-05
-8.59333e-05
-9.03313e-05
-6.79891e-05
-0.000121272
-8.71171e-05
-0.000105316
8.63878e-05
-0.000108886
9.45862e-05
-0.000135098
-7.22169e-05
5.8704e-05
-6.3786e-05
-8.43759e-05
-4.77653e-05
3.91986e-05
-3.59033e-05
-4.79821e-05
-3.24227e-05
2.66123e-05
-2.04805e-05
-2.69133e-05
-2.17266e-05
1.74774e-05
-1.22148e-05
-1.59405e-05
-1.39793e-05
1.12023e-05
-7.30141e-06
-9.37785e-06
-9.062e-06
7.48289e-06
-4.62308e-06
-5.70095e-06
-6.25865e-06
5.25746e-06
-3.17897e-06
-3.81283e-06
-2.69475e-06
-0.000131278
0.000144795
-1.8775e-05
-1.95472e-05
-0.000158366
0.000171793
-1.71187e-05
-1.79692e-05
-0.000184977
0.000197604
-1.64318e-05
-1.65878e-05
-0.000209456
0.000220172
-1.91081e-05
-1.70869e-05
-0.000228928
0.000234261
-3.27142e-05
-2.36972e-05
-4.84418e-05
-2.75011e-07
-7.69429e-06
-7.88607e-05
8.25454e-06
-1.56395e-05
-7.92161e-05
-7.88863e-05
-1.05212e-05
-3.55538e-05
1.50635e-05
-7.95666e-05
-2.14219e-05
-7.91406e-05
-4.77632e-05
9.03133e-05
-0.000153299
0.000107631
-0.000152064
0.000144465
-0.000127394
5.43775e-05
-0.000203647
-0.000168661
5.56012e-05
-0.000157809
-0.000174665
-0.000215706
0.000216369
-0.000235916
-7.39534e-05
-0.000114305
0.000234546
-0.00022748
-3.39669e-05
-4.86031e-05
0.000218208
-0.000207614
-1.98274e-05
-2.50015e-05
0.000196417
-0.000184503
-1.69419e-05
-1.77908e-05
0.000171723
-0.0001585
-1.76484e-05
-1.71305e-05
0.000144993
-0.000131464
-1.93824e-05
-1.85088e-05
-2.01548e-05
-8.59526e-08
-1.05347e-07
1.11184e-06
9.65358e-08
-7.86499e-08
1.01521e-06
1.03182e-06
2.8128e-07
-5.02208e-07
1.31443e-06
1.17941e-06
-1.28744e-06
7.05289e-07
-9.69558e-07
1.89203e-06
1.58039e-06
1.264e-06
-1.5653e-06
2.64254e-06
2.26239e-06
1.90024e-06
-2.22231e-06
3.60734e-06
3.12121e-06
2.56078e-06
-2.87265e-06
4.71401e-06
4.14693e-06
3.20351e-06
-3.54685e-06
5.97301e-06
5.29626e-06
3.8681e-06
-4.11108e-06
7.64067e-06
6.73557e-06
4.26034e-06
-4.37662e-06
9.6095e-06
8.55656e-06
4.47951e-06
-4.45125e-06
1.19389e-05
1.06618e-05
4.18008e-06
-3.73924e-06
1.43898e-05
1.31595e-05
3.32056e-06
-2.85922e-06
1.61823e-05
1.52574e-05
2.2077e-05
-2.18309e-06
-2.7236e-05
2.28467e-06
-1.64653e-06
1.77004e-05
1.6948e-05
-8.8791e-07
-2.29453e-05
1.82939e-05
-1.28978e-07
-2.33083e-05
1.85623e-05
2.29913e-05
-1.23608e-06
-2.857e-05
-8.01251e-07
1.44821e-06
1.84455e-05
-2.36335e-05
1.87151e-05
-1.87422e-06
2.48336e-06
1.73598e-05
1.79587e-05
-3.11019e-06
3.4521e-06
1.64366e-05
1.69918e-05
-4.23865e-06
4.99765e-06
1.47743e-05
1.54427e-05
-5.18937e-06
5.17617e-06
1.22505e-05
1.35872e-05
-4.94999e-06
4.66096e-06
9.99316e-06
1.10676e-05
-4.37384e-06
4.04422e-06
8.08444e-06
8.99295e-06
-3.70369e-06
3.37832e-06
6.47933e-06
7.22964e-06
-3.09475e-06
2.84878e-06
5.23267e-06
5.81154e-06
-2.6187e-06
2.3753e-06
4.18691e-06
4.69055e-06
-2.10366e-06
1.7892e-06
3.21512e-06
3.68979e-06
-1.43819e-06
1.08101e-06
2.32434e-06
2.74809e-06
-7.41283e-07
4.59846e-07
1.67252e-06
1.9622e-06
-2.08275e-07
-3.42287e-08
1.4373e-06
1.49893e-06
1.4461e-06
-1.61346e-06
4.99727e-08
1.2774e-06
1.76799e-06
-1.88955e-06
4.07209e-07
2.01142e-07
1.96292e-06
-1.98304e-06
8.74866e-07
6.33286e-07
1.99002e-06
-1.98864e-06
1.34438e-06
1.10591e-06
1.9691e-06
-1.91938e-06
1.7924e-06
1.56913e-06
1.83952e-06
2.17434e-06
-1.72394e-06
1.99838e-06
0.000368623
0.000108192
-0.000116909
-0.000251856
1.52813e-05
1.37203e-05
0.00045952
-0.000883232
-0.000591456
4.98659e-05
-0.000190668
-0.00088189
-0.00268021
0.0012248
-0.00054938
0.000382815
-0.000762022
0.000584927
-0.000150279
0.00203371
0.00156837
0.00112005
-0.00220971
0.00104199
0.000992099
-0.00122647
-4.06973e-05
-1.87126e-05
4.74728e-05
-3.15399e-05
6.0489e-08
-2.97235e-05
-1.18756e-06
-2.85342e-05
4.38218e-05
-3.49182e-05
-3.88639e-05
-2.32607e-05
-0.000137276
0.000115242
0.000171485
-0.00021554
0.000151332
-4.44732e-05
4.98011e-07
-5.7287e-07
-4.59727e-07
0.00128196
-0.00155203
0.00132848
-0.00174889
0.000153259
-0.000356096
-0.000132085
0.000107162
-0.000134922
-2.19923e-05
-7.96438e-05
-9.09928e-05
0.000178156
-2.54754e-05
-6.33973e-05
-7.74837e-05
1.00257e-06
-1.15468e-06
-1.29583e-08
4.64195e-08
8.96614e-07
-2.025e-08
8.01045e-08
8.85026e-07
0.000108425
-0.000236411
0.000175566
6.08616e-05
-4.43257e-05
-3.98026e-05
-1.31767e-05
-3.49749e-06
-3.33489e-05
-2.37149e-06
-3.59019e-05
-3.86317e-05
-1.94104e-05
5.44248e-05
-4.84312e-05
-0.000114301
6.76448e-05
0.000117046
-1.58409e-06
1.60767e-06
1.24772e-06
-1.52544e-06
1.3404e-06
-0.000129449
-0.000235963
0.000177617
-0.00243537
-0.00261269
0.00286812
2.1078e-05
0.000173384
0.000135938
0.000239356
-0.00018851
-1.52503e-05
-3.69317e-05
0.00120235
0.000974345
-0.00195188
0.000201707
3.09814e-05
-3.13148e-05
0.000124995
-0.000153252
9.76532e-05
-0.000192286
-0.000162071
-9.21873e-05
7.88437e-05
-6.46453e-05
-3.71029e-05
-7.34375e-06
-8.34773e-06
-4.09401e-05
6.35801e-05
-7.22559e-05
-6.12585e-05
-1.54291e-06
1.63066e-06
1.58355e-06
2.33502e-06
-3.05393e-06
-1.59254e-06
-1.42821e-06
1.70596e-06
-2.20931e-05
1.55271e-05
-6.61942e-05
-7.99928e-05
9.27751e-05
-2.70036e-05
-2.80756e-05
-6.66481e-05
-4.08599e-05
-0.000230271
-1.47792e-06
8.32704e-09
-0.00010149
4.3287e-05
0.000117105
-0.000112536
-0.000139207
9.39096e-05
0.000641348
-1.12727e-05
7.18293e-06
-7.37691e-06
1.05689e-05
1.54126e-05
-2.39475e-05
-2.91777e-05
-2.87767e-05
0.000111129
-0.000190811
-0.000122935
1.29957e-06
-1.44509e-06
1.16175e-07
2.74038e-08
1.55848e-06
-1.64479e-06
3.74683e-07
2.28347e-07
1.69846e-06
-1.7159e-06
6.97113e-07
5.43613e-07
1.71288e-06
-1.67616e-06
1.0297e-06
8.86697e-07
1.1761e-06
-2.59335e-06
1.9972e-06
-1.63857e-06
3.39331e-06
-4.59012e-06
-2.35314e-06
-1.93969e-06
5.6909e-06
-6.8367e-06
-2.88005e-06
-2.58906e-06
8.30674e-06
-1.002e-05
-3.97875e-06
-3.29998e-06
1.22425e-05
-1.50701e-05
-6.16613e-06
-4.89647e-06
1.86064e-05
-2.30195e-05
-1.00387e-05
-7.88058e-06
2.80877e-05
-3.41212e-05
-1.69471e-05
-1.30555e-05
4.12576e-05
-4.97703e-05
-2.88498e-05
-2.20272e-05
6.02481e-05
-7.35276e-05
-5.15854e-05
-3.82926e-05
9.23453e-05
-0.00011994
-9.79554e-05
-7.11201e-05
-0.000141115
0.00137391
-0.00194495
-0.00128195
0.00109104
-0.000208849
-8.60023e-05
6.95587e-05
-6.66187e-05
-9.31442e-05
-5.63623e-05
4.57798e-05
-3.529e-05
-4.83323e-05
-3.737e-05
3.03548e-05
-1.93917e-05
-2.60377e-05
-2.459e-05
1.97697e-05
-1.13921e-05
-1.49857e-05
-1.568e-05
1.25329e-05
-6.80036e-06
-8.60538e-06
-1.00705e-05
8.22772e-06
-4.27256e-06
-5.26717e-06
-6.80518e-06
5.68712e-06
-2.93735e-06
-3.49996e-06
-4.71011e-06
3.84972e-06
-2.12066e-06
-2.47226e-06
-1.81317e-06
-0.000105518
0.000118459
-2.51541e-05
-2.61253e-05
-0.000131839
0.000145417
-2.32887e-05
-2.4285e-05
-0.000158989
0.000172233
-2.16509e-05
-2.24958e-05
-0.000185036
0.000197034
-2.12684e-05
-2.11451e-05
-0.000207791
0.000216394
-2.54272e-05
-2.25717e-05
-0.000221961
0.000222806
-4.17072e-05
-3.13873e-05
-0.000210178
0.000170014
-9.22986e-05
-6.10142e-05
-9.81154e-05
1.24695e-05
-0.000193754
-0.000139038
-1.60971e-05
8.56309e-06
-6.5885e-05
-8.0044e-05
9.28514e-05
-2.75315e-05
2.26511e-05
-2.85872e-05
-6.66858e-05
-6.62381e-05
-2.90496e-07
-7.98555e-06
-6.55834e-05
-6.56111e-05
-6.58233e-05
2.02541e-05
3.41906e-05
-0.000168874
-0.000147168
-7.20379e-05
5.50185e-05
-0.000199812
-0.000188648
1.23409e-05
-0.00010479
-0.000183966
-0.000205134
0.00017519
-0.000211461
-9.17893e-05
-0.000133634
0.000221308
-0.000219213
-4.39534e-05
-6.22914e-05
0.000213337
-0.000205189
-2.6632e-05
-3.33213e-05
0.000195397
-0.000184248
-2.21627e-05
-2.35992e-05
0.000172109
-0.000159139
-2.23848e-05
-2.19289e-05
0.00014565
-0.000132037
-2.40111e-05
-2.33168e-05
0.000118603
-0.000105623
-2.57495e-05
-2.4931e-05
-2.66862e-05
-7.98917e-08
6.45519e-08
9.47177e-07
9.06497e-07
1.30125e-09
-1.38919e-07
1.10446e-06
1.00005e-06
3.11704e-07
-5.21371e-07
1.48916e-06
1.27083e-06
7.6961e-07
-1.04106e-06
2.09334e-06
1.77941e-06
1.33936e-06
-1.63179e-06
2.93718e-06
2.51066e-06
1.92891e-06
-2.20715e-06
3.92798e-06
3.42339e-06
2.49119e-06
-2.78968e-06
5.06616e-06
4.46467e-06
3.05272e-06
-3.244e-06
6.35575e-06
5.66982e-06
3.37075e-06
-3.43821e-06
7.83951e-06
7.04479e-06
3.52062e-06
-3.45404e-06
9.5667e-06
8.68592e-06
3.31025e-06
-3.03043e-06
1.13807e-05
1.04858e-05
2.7291e-06
-2.35328e-06
1.27999e-05
1.20889e-05
1.90088e-06
-1.39722e-06
1.3968e-05
1.33748e-05
7.959e-07
-1.98496e-07
1.46293e-05
1.43918e-05
-4.60559e-07
1.02936e-06
1.45804e-05
1.47297e-05
-1.53867e-06
1.98016e-06
1.37923e-05
1.42401e-05
-2.46793e-06
2.92361e-06
1.29369e-05
1.34079e-05
-3.29705e-06
3.70451e-06
1.15258e-05
1.21445e-05
-3.88152e-06
3.84614e-06
9.75959e-06
1.06902e-05
-3.71484e-06
3.53041e-06
8.08171e-06
8.892e-06
-3.32618e-06
3.11688e-06
6.62814e-06
7.32604e-06
-2.88985e-06
2.6674e-06
5.41105e-06
5.98748e-06
-2.46414e-06
2.27118e-06
4.38822e-06
4.8749e-06
-2.07396e-06
1.85503e-06
3.45821e-06
3.91351e-06
-1.60208e-06
1.31658e-06
2.57257e-06
3.00455e-06
-1.01223e-06
7.17804e-07
1.80721e-06
2.16358e-06
-4.63512e-07
2.86746e-07
1.28797e-06
1.5172e-06
-2.25872e-07
9.45707e-07
4.23967e-07
1.14056e-06
1.5839e-06
-1.67316e-06
2.67842e-07
1.19254e-07
1.72769e-06
-1.74696e-06
6.05131e-07
4.27489e-07
1.74947e-06
-1.74129e-06
9.51487e-07
7.7768e-07
1.72789e-06
-1.69563e-06
1.29171e-06
1.1215e-06
1.4431e-06
5.01503e-07
-0.00149197
0.00127219
0.00189171
-0.0012606
0.000147519
-0.000453567
-0.000258574
0.000544155
6.61902e-08
-2.54979e-08
7.54088e-07
0.000455345
0.000493267
-0.000302604
0.000232447
0.000449121
0.000538142
5.36673e-05
-3.35633e-05
-4.69714e-05
-1.81211e-05
-2.16541e-06
-3.52439e-05
1.36043e-07
-3.81525e-05
-4.41533e-05
-2.47053e-05
4.97159e-05
-3.88037e-05
-0.000120676
9.05441e-05
-1.2282e-05
8.93391e-06
1.45722e-06
-1.43004e-06
0.000269293
-0.000281901
0.0023754
0.00123491
-0.00247022
-8.76412e-05
0.000257886
0.000119455
0.00026736
-0.000666431
-0.00012783
-0.000194466
9.26807e-08
7.60203e-07
-0.00229734
0.000245754
-0.000638539
0.000367907
0.000207466
-0.00036512
-8.03051e-05
9.29486e-05
-3.26004e-05
-6.70289e-05
-3.39819e-05
8.7651e-05
0.000446895
-0.000181634
0.000174965
-1.58322e-05
-4.13391e-05
4.37464e-05
0.000303828
0.000471945
0.000440157
-0.000174928
0.000130879
-3.44152e-05
-3.00621e-05
6.79743e-05
6.95633e-05
-4.86562e-05
-4.45531e-05
-1.19328e-05
-6.20089e-06
-4.03182e-05
-3.87581e-06
-4.77847e-05
-4.34718e-05
-1.95996e-05
6.03612e-05
-5.60142e-05
-8.91768e-05
6.94869e-05
1.02371e-06
-1.15538e-06
3.84957e-08
9.05255e-07
6.23473e-09
2.51117e-06
-3.27846e-06
-1.42231e-06
1.83956e-06
-1.2803e-06
-1.40503e-06
1.48208e-06
1.09822e-06
-1.30336e-06
1.18923e-06
-8.02817e-05
9.29075e-05
-3.21367e-05
-6.70076e-05
-3.35406e-05
-2.27717e-05
1.59584e-05
-5.23412e-05
-2.91169e-05
-5.2732e-05
-0.00155105
-0.000281289
-6.46411e-05
-0.000249446
1.2995e-06
-1.38935e-06
1.66552e-08
1.14396e-06
-5.38128e-08
-3.57744e-05
-0.000214853
7.25774e-07
-9.85728e-07
8.23104e-07
-0.000117618
8.83405e-05
2.50271e-07
-1.11326e-07
1.37477e-07
0.00034356
1.09635e-05
-2.50811e-05
-3.69056e-05
-3.09999e-05
0.000100234
-0.000153119
1.26803e-06
-1.375e-06
1.06386e-07
5.07897e-08
1.46019e-06
-1.53341e-06
2.49908e-07
1.57355e-07
1.57235e-06
-1.6012e-06
4.47261e-07
3.4378e-07
1.59066e-06
-1.57951e-06
6.80624e-07
5.63508e-07
1.52375e-06
-1.47875e-06
8.45851e-07
7.66619e-07
1.41048e-06
-1.31127e-06
1.00087e-06
9.13014e-07
-1.5914e-06
1.10732e-06
-1.18181e-06
2.16972e-06
-2.87296e-06
-1.47841e-06
-1.29847e-06
3.75039e-06
-4.84931e-06
-2.03235e-06
-1.71539e-06
6.05594e-06
-7.438e-06
-2.55028e-06
-2.28624e-06
9.03591e-06
-1.09902e-05
-3.56854e-06
-2.94784e-06
1.34369e-05
-1.66049e-05
-5.54206e-06
-4.42889e-06
2.06878e-05
-2.55839e-05
-9.0439e-06
-6.99414e-06
3.15618e-05
-3.87834e-05
-1.53858e-05
-1.17311e-05
4.74468e-05
-5.80023e-05
-2.73931e-05
-2.0382e-05
7.18697e-05
-9.07208e-05
-5.15866e-05
-3.71981e-05
0.000119855
-0.000169244
-0.000106653
-7.3579e-05
-0.000162599
-0.00138952
0.00118441
0.00230861
-0.000188732
0.000142945
-0.000188884
-0.000339589
-0.000109105
8.47834e-05
-6.92042e-05
-0.000108068
-6.67509e-05
5.30672e-05
-3.3026e-05
-4.6994e-05
-4.23909e-05
3.41927e-05
-1.75885e-05
-2.36731e-05
-2.74189e-05
2.18945e-05
-1.00783e-05
-1.33173e-05
-1.73239e-05
1.37924e-05
-6.03334e-06
-7.51358e-06
-1.10277e-05
8.95962e-06
-3.79402e-06
-4.64656e-06
-7.35628e-06
6.08985e-06
-2.59702e-06
-3.08557e-06
-5.03865e-06
4.10199e-06
-1.8899e-06
-2.19428e-06
-1.64238e-06
-0.000105575
0.000118547
-2.94121e-05
-3.08249e-05
-0.000131978
0.000145561
-2.6816e-05
-2.81247e-05
-0.000159043
0.000172166
-2.50429e-05
-2.57875e-05
-0.00018444
0.000195506
-2.51857e-05
-2.47246e-05
-0.000204606
0.000210895
-3.07357e-05
-2.69632e-05
-0.000213162
0.000207401
-4.95175e-05
-3.76674e-05
-0.000182446
0.000133167
-0.000103208
-7.04922e-05
-6.16509e-05
-5.08436e-06
-0.000171446
-0.000146096
-1.65402e-05
8.84258e-06
-5.21219e-05
2.331e-05
-2.96157e-05
-5.27625e-05
-5.2372e-05
-3.02131e-07
-8.24694e-06
-5.19673e-05
-5.19968e-05
-5.20885e-05
5.48761e-05
2.56369e-05
-0.000169529
-0.000167601
-6.18643e-05
5.53324e-05
-0.00018585
-0.000177768
-9.02052e-06
-6.65404e-05
-0.00017217
-0.000185965
0.000137641
-0.000183966
-0.000101093
-0.000138053
0.000205227
-0.000209413
-5.14599e-05
-7.13948e-05
0.000207202
-0.000201679
-3.24849e-05
-3.97386e-05
0.000193755
-0.000183615
-2.67402e-05
-2.85677e-05
0.000171955
-0.000159181
-2.61655e-05
-2.60373e-05
0.000145704
-0.000132087
-2.75756e-05
-2.67816e-05
0.000118618
-0.00010563
-2.99367e-05
-2.87483e-05
-3.13087e-05
-0.000300015
7.55594e-05
-1.21151e-07
1.30296e-07
7.96959e-07
7.72877e-07
-1.0276e-07
3.59831e-08
8.78236e-07
8.22161e-07
6.51441e-08
-2.07411e-07
1.1167e-06
9.70904e-07
3.88505e-07
-6.16782e-07
1.56297e-06
1.31591e-06
8.5044e-07
-1.10836e-06
2.24018e-06
1.87458e-06
1.37258e-06
-1.63877e-06
3.10478e-06
2.65902e-06
1.91049e-06
-2.13076e-06
4.08271e-06
3.58867e-06
2.33972e-06
-2.50516e-06
5.15243e-06
4.60511e-06
2.65702e-06
-2.7254e-06
6.28089e-06
5.71057e-06
2.7309e-06
-2.70031e-06
7.54851e-06
6.89225e-06
2.61625e-06
-2.40105e-06
8.79535e-06
8.21226e-06
2.19003e-06
-1.90619e-06
9.86515e-06
9.35773e-06
1.5929e-06
-1.20653e-06
1.07556e-05
1.03154e-05
7.7377e-07
-2.73507e-07
1.12456e-05
1.1091e-05
-2.16939e-07
7.15188e-07
1.12468e-05
1.13736e-05
-1.1501e-06
1.52801e-06
1.07101e-05
1.10326e-05
-1.91624e-06
2.26781e-06
9.9982e-06
1.03679e-05
-2.52143e-06
2.75672e-06
8.90619e-06
9.41057e-06
-2.89318e-06
2.89554e-06
7.65379e-06
8.29669e-06
-2.82434e-06
2.71686e-06
6.42113e-06
7.02419e-06
-2.57639e-06
2.42924e-06
5.3494e-06
5.87096e-06
-2.25994e-06
2.1046e-06
4.43094e-06
4.88409e-06
-1.93804e-06
1.77659e-06
3.60085e-06
4.01474e-06
-1.59609e-06
1.39253e-06
2.79694e-06
3.19702e-06
-1.16158e-06
9.13518e-07
2.02561e-06
2.39988e-06
-6.62116e-07
4.3102e-07
1.39086e-06
1.68283e-06
-2.43689e-07
1.10287e-07
9.81315e-07
1.15763e-06
-5.89487e-08
1.05491e-10
7.52624e-07
8.52782e-07
7.25597e-07
-8.36265e-07
1.46452e-06
-1.51921e-06
2.01316e-07
1.06134e-07
1.56154e-06
-1.57577e-06
4.27644e-07
3.13154e-07
1.57905e-06
-1.56969e-06
6.60666e-07
5.4895e-07
1.55771e-06
-1.52973e-06
8.9371e-07
7.77557e-07
1.00046e-06
-4.68074e-05
0.000480792
-0.00268629
-5.28411e-05
-3.52634e-05
0.000655303
0.000234547
-0.000288784
0.000255345
0.000425822
-0.000307757
0.000244996
0.00201401
-0.00162402
0.00177963
0.000428823
-0.00107412
-1.78217e-05
-4.60729e-05
0.000301221
0.000329484
0.000265622
0.000279107
-0.000207317
0.000160268
0.000234164
-0.000467677
0.000109781
0.0017665
-0.00242142
0.00264262
-0.00179179
3.9739e-06
-0.000205146
6.10544e-05
-3.56094e-05
-5.22308e-05
-1.7759e-05
-4.75482e-06
-4.29751e-05
2.15609e-06
-5.19692e-05
-5.01276e-05
-2.58175e-05
5.57594e-05
-4.3899e-05
-0.000100308
8.06907e-05
9.36557e-06
9.00461e-06
9.71479e-09
7.43801e-07
-1.23444e-06
1.33833e-06
6.30105e-07
-1.10081e-06
7.1025e-07
-0.000657765
0.000369303
-0.000379795
0.00014374
-0.000164298
0.00124996
-0.00177717
-0.00157624
0.000640162
-0.00112381
-1.16906e-06
1.28493e-06
-3.48273e-05
-5.28276e-05
-0.00209972
0.000695759
-0.000868149
-0.00102753
-0.000210001
9.20256e-07
-1.35866e-07
-0.00258965
-0.00140331
0.00129504
0.0029015
-0.000218301
-4.21693e-05
-4.00208e-05
-0.000180574
-1.9376e-05
-4.90231e-05
-9.16976e-05
0.000107574
0.000496214
0.000245238
0.000254297
-0.000458478
-0.000129538
0.000106722
-0.00209472
-0.00175202
0.00220509
8.18924e-05
-4.23095e-05
-0.000102182
-4.82418e-05
-1.08081e-05
6.72394e-05
-6.66717e-05
-3.02056e-05
2.37346e-05
-3.93121e-05
-3.60875e-05
-3.86761e-05
0.000685576
0.000389211
-8.84593e-05
9.42004e-05
6.53832e-05
-0.00067175
-0.00274983
0.00290279
-8.27103e-07
1.08032e-06
5.16865e-07
-4.65503e-05
-2.71157e-05
-0.000570302
0.000768221
0.00049745
0.000426082
0.000203607
6.43166e-06
-8.71374e-06
-0.00237507
0.00179524
-0.00115649
0.00106406
-0.00102656
-2.49839e-05
-4.62952e-05
-3.4078e-05
8.93685e-05
-8.97505e-07
1.56843e-08
7.23491e-07
1.04973e-06
-1.16334e-06
6.27168e-08
3.74773e-08
1.26945e-06
-1.34434e-06
9.50997e-08
7.80625e-08
1.41875e-06
-1.47309e-06
1.65364e-07
1.23074e-07
1.50474e-06
-1.52729e-06
2.66423e-07
2.04999e-07
1.52736e-06
-1.49757e-06
3.97375e-07
3.30574e-07
1.46414e-06
-1.41173e-06
5.24407e-07
4.67334e-07
5.71223e-07
1.23674e-06
-1.7494e-06
-1.01961e-06
-9.50167e-07
2.37415e-06
-3.12814e-06
-1.27769e-06
-1.1217e-06
4.05707e-06
-5.16793e-06
-1.71321e-06
-1.45345e-06
6.47582e-06
-7.92245e-06
-2.17384e-06
-1.88998e-06
9.63311e-06
-1.1782e-05
-3.03142e-06
-2.51547e-06
1.45803e-05
-1.8202e-05
-4.59595e-06
-3.71877e-06
2.26659e-05
-2.8162e-05
-7.62579e-06
-5.86583e-06
3.48101e-05
-4.30505e-05
-1.31764e-05
-9.97009e-06
5.33685e-05
-6.67882e-05
-2.45e-05
-1.77849e-05
8.50119e-05
-0.000110569
-5.13126e-05
-3.46837e-05
0.000151254
-0.00022391
-0.000123407
-7.85372e-05
-0.000215328
-0.00180991
-0.00151065
-0.000356717
0.000212324
-0.000234817
-0.000477802
-0.000142245
0.000102579
-6.92995e-05
-0.000120712
-7.739e-05
6.00275e-05
-2.8955e-05
-4.32289e-05
-4.73196e-05
3.7708e-05
-1.47932e-05
-2.01161e-05
-3.00142e-05
2.37755e-05
-8.2021e-06
-1.09808e-05
-1.8917e-05
1.49844e-05
-4.98236e-06
-6.2591e-06
-1.19596e-05
9.60989e-06
-3.12141e-06
-3.86271e-06
-7.85639e-06
6.46446e-06
-2.16903e-06
-2.58045e-06
-5.33685e-06
4.35072e-06
-1.60813e-06
-1.85555e-06
-3.46504e-06
2.68365e-06
-1.23912e-06
-1.41202e-06
-1.98688e-06
1.40771e-06
-1.01193e-06
-1.10709e-06
-7.80275e-05
9.03155e-05
-3.64682e-05
6.52356e-05
-5.14788e-05
-3.91197e-05
-3.79932e-05
-0.00010279
0.000115666
-3.30453e-05
-3.48192e-05
-0.000129017
0.000142475
-2.97538e-05
-3.13909e-05
-0.000155734
0.000168473
-2.76115e-05
-2.84829e-05
-0.000180231
0.000190311
-2.80746e-05
-2.73252e-05
-0.000197889
0.00020177
-3.44989e-05
-3.02378e-05
-0.000200535
0.000185867
-5.52446e-05
-4.20425e-05
-0.000152228
9.85825e-05
-0.000106346
-7.6468e-05
-3.67488e-05
-1.5531e-05
-0.000142988
-0.000132184
-0.00239909
0.000777547
-1.67742e-05
8.9444e-06
-3.89921e-05
-3.90752e-05
-3.06625e-07
-8.33238e-06
-3.89963e-05
-3.90146e-05
1.61964e-05
-2.32058e-05
-3.90509e-05
-3.89712e-05
2.97135e-05
-3.56377e-05
-3.86679e-05
-3.92955e-05
5.9535e-05
1.58388e-05
-0.00014911
-0.000149327
0.000160287
-6.08602e-05
6.36568e-05
-0.000164743
-0.000152144
-2.82583e-05
-3.33969e-05
-0.000150612
-0.000161896
0.000101226
-0.000152634
-0.000100695
-0.000128761
0.000182709
-0.000195804
-5.51493e-05
-7.45383e-05
0.000197496
-0.000194539
-3.64974e-05
-4.3214e-05
0.000188153
-0.000179211
-3.018e-05
-3.2501e-05
0.000168059
-0.000155538
-2.89892e-05
-2.92286e-05
0.00014236
-0.00012893
-3.05127e-05
-2.95411e-05
0.000115612
-0.000102761
-3.34752e-05
-3.19348e-05
9.03079e-05
-7.8031e-05
-3.68472e-05
-3.52083e-05
6.52336e-05
-5.14801e-05
-3.94925e-05
-3.83716e-05
-3.7186e-08
5.65488e-08
6.15484e-07
6.13681e-08
6.59964e-07
-1.6753e-07
6.28782e-07
-0.00343779
0.00134589
-1.83691e-07
6.51389e-07
8.82137e-07
-1.10354e-06
-1.14856e-07
6.2256e-07
-1.84598e-07
-5.56793e-06
-8.79763e-08
1.10868e-07
6.25938e-07
6.18818e-07
-1.15698e-07
9.87247e-08
6.60843e-07
6.32596e-07
-5.16103e-08
-3.40118e-08
7.90858e-07
7.12899e-07
1.54899e-07
-3.10793e-07
1.07483e-06
9.03481e-07
5.05542e-07
-7.23678e-07
1.57786e-06
1.3031e-06
9.5664e-07
-1.19209e-06
2.26572e-06
1.90447e-06
1.41959e-06
-1.63739e-06
3.09438e-06
2.66802e-06
1.82651e-06
-1.96743e-06
3.9776e-06
3.53611e-06
2.07709e-06
-2.15985e-06
4.87429e-06
4.42882e-06
2.20618e-06
-2.16755e-06
5.75126e-06
5.32177e-06
2.06252e-06
-1.93261e-06
6.59235e-06
6.18717e-06
1.75856e-06
-1.55517e-06
7.32473e-06
6.9673e-06
1.33255e-06
-1.03895e-06
7.96404e-06
7.66265e-06
6.85093e-07
-3.30042e-07
8.3571e-06
8.20941e-06
-8.79302e-08
4.72293e-07
8.3882e-06
8.44206e-06
-8.29894e-07
1.15447e-06
8.03967e-06
8.25688e-06
-1.45356e-06
1.74477e-06
7.50329e-06
7.79139e-06
-1.95322e-06
2.12602e-06
6.73317e-06
7.09991e-06
-2.22761e-06
2.26054e-06
5.86177e-06
6.31112e-06
-2.2266e-06
2.15529e-06
4.99327e-06
5.42439e-06
-2.06363e-06
1.94924e-06
4.22745e-06
4.59585e-06
-1.82295e-06
1.68687e-06
3.55676e-06
3.89097e-06
-1.54613e-06
1.39013e-06
2.91404e-06
3.23668e-06
-1.21855e-06
1.02899e-06
2.24816e-06
2.58426e-06
-8.21833e-07
6.12348e-07
1.59526e-06
1.91385e-06
-4.13324e-07
2.40531e-07
1.05933e-06
1.30619e-06
-1.06971e-07
1.56725e-08
7.17272e-07
8.62205e-07
4.18551e-08
-8.78691e-08
5.3197e-07
6.09958e-07
1.11414e-07
-1.24034e-07
4.5612e-07
4.87753e-07
1.59196e-07
-1.92253e-07
3.84391e-07
4.13565e-07
1.24747e-06
-1.34214e-06
4.8859e-08
-2.88849e-08
1.3982e-06
-1.43254e-06
1.79471e-07
1.18763e-07
1.45661e-06
-1.47156e-06
3.22197e-07
2.49998e-07
1.47252e-06
-1.4647e-06
4.58238e-07
3.95042e-07
1.45411e-06
-1.43199e-06
6.00877e-07
5.30775e-07
1.39352e-06
-1.3284e-06
7.28875e-07
6.68976e-07
1.23404e-06
-1.10921e-06
8.50874e-07
7.86492e-07
-0.000120783
0.000303302
0.000366155
-0.000306643
0.000123526
-0.000399232
0.000418681
0.000363774
0.000215608
-0.000232065
6.80858e-05
1.49887e-05
1.65973e-05
-0.000172712
0.00099955
-0.00173277
0.00139712
-0.000179914
-3.55371e-05
-4.28605e-05
-0.000146048
-1.83481e-05
-5.53963e-05
0.000288273
0.000641467
0.000177918
0.00017783
-0.000146323
0.000124285
0.000176363
0.000155554
-0.00188699
-0.00207449
0.00213675
1.75647e-08
-1.37512e-07
-7.1356e-08
4.74226e-08
0.00182928
-0.00184792
-0.00222536
-0.00158711
-0.00227011
0.0024145
-0.000198889
-2.27286e-06
6.98023e-05
-3.5114e-05
-5.83072e-05
-1.57262e-05
-9.57138e-06
-5.16189e-05
1.01795e-05
-5.2847e-05
-1.79923e-05
-5.71752e-05
-2.64124e-05
6.30797e-05
-5.10065e-05
-7.85104e-05
7.63981e-05
9.46243e-05
9.2077e-05
-9.22229e-07
1.15521e-08
7.3006e-07
0.00274445
-0.00130917
-9.62106e-07
9.50754e-07
-3.98149e-05
-3.75088e-05
-3.75335e-05
-4.01714e-05
-0.00203816
-0.00129941
0.0011906
0.000520227
0.000661689
0.000880756
0.000606603
-0.000194981
-9.69448e-05
9.20529e-05
-5.07903e-05
8.85774e-05
9.39729e-07
3.89845e-07
-2.17748e-07
3.62092e-07
1.18729e-05
-8.02976e-07
-6.90553e-05
4.8499e-05
-0.00142979
0.000321009
-0.00314869
-0.000363179
0.000722205
0.00309382
-0.000189315
-0.00295847
0.000362141
0.00302507
-0.00285219
-5.32787e-05
0.00306779
-0.000145061
-0.000546638
0.000785747
0.000762997
-3.72252e-05
-0.000147642
-0.000143981
-6.1778e-05
0.000713866
0.000146825
0.000111389
-0.0021848
-0.00130791
-0.00258808
0.000388776
2.95089e-05
-0.000272033
0.000503809
6.41914e-05
-0.000109513
-1.52416e-07
7.76752e-08
-8.79019e-08
-0.000625274
0.000501666
-0.000293059
0.00045891
0.000174676
-0.000149997
2.56382e-06
1.27749e-06
4.62307e-05
6.00197e-05
-2.31941e-05
-5.37699e-05
-3.81462e-05
8.50498e-05
1.08742e-06
-1.21162e-06
6.60684e-08
4.52749e-08
1.3081e-06
-1.38379e-06
8.6784e-08
7.96502e-08
1.43948e-06
-1.47443e-06
1.03779e-07
9.25442e-08
1.50661e-06
-1.51595e-06
1.44428e-07
1.24651e-07
1.50879e-06
-1.48726e-06
2.11923e-07
1.73773e-07
1.44417e-06
-1.38354e-06
2.90547e-07
2.5272e-07
1.30555e-06
-1.20348e-06
3.58117e-07
3.22049e-07
4.1815e-07
1.42095e-06
-1.96454e-06
-8.2842e-07
-7.92082e-07
2.62694e-06
-3.43238e-06
-1.03512e-06
-9.11901e-07
4.38845e-06
-5.57784e-06
-1.32323e-06
-1.17575e-06
6.88691e-06
-8.45951e-06
-1.6856e-06
-1.50229e-06
1.03216e-05
-1.27443e-05
-2.27857e-06
-1.972e-06
1.58262e-05
-1.97125e-05
-3.47793e-06
-2.81158e-06
2.45708e-05
-3.06579e-05
-5.75319e-06
-4.46176e-06
3.81554e-05
-4.76194e-05
-1.0123e-05
-7.61349e-06
5.99489e-05
-7.68664e-05
-1.99911e-05
-1.39848e-05
0.000101248
-0.000138907
-4.8975e-05
-3.02378e-05
0.000203647
-0.000317372
-0.000150784
-8.36275e-05
0.000541968
-0.000971101
-0.000698646
-0.000288842
-0.00105502
-0.00167987
0.0010033
-0.000970772
-0.00228709
-0.00116368
-0.00126952
-0.000554291
0.000305664
-0.000263546
-0.000524274
-0.000184395
0.000122761
-6.39144e-05
-0.000123619
-8.83834e-05
6.67313e-05
-2.29108e-05
-3.64357e-05
-5.18983e-05
4.08541e-05
-1.0965e-05
-1.5365e-05
-3.24089e-05
2.57333e-05
-6.01908e-06
-8.09191e-06
-2.04197e-05
1.61917e-05
-3.71814e-06
-4.63484e-06
-1.29301e-05
1.03792e-05
-2.32952e-06
-2.91729e-06
-8.44262e-06
6.93022e-06
-1.65607e-06
-1.94914e-06
-5.70521e-06
4.66536e-06
-1.27864e-06
-1.44465e-06
-3.74032e-06
2.91825e-06
-1.01186e-06
-1.13841e-06
-2.19468e-06
1.58789e-06
-8.25385e-07
-9.02281e-07
1.10807e-06
-7.90839e-07
4.23765e-05
-3.07505e-05
-4.11389e-05
5.41237e-05
-4.11785e-05
6.52377e-05
-4.04986e-05
7.63152e-05
-3.91529e-05
8.78508e-05
-3.73263e-05
0.00010006
-3.5461e-05
0.000112862
-3.3677e-05
0.000125873
-3.20159e-05
0.000138671
-3.06465e-05
0.000150758
-2.96527e-05
0.000161715
-2.94418e-05
0.000170836
-3.01301e-05
0.000176905
-3.22793e-05
0.000178713
-3.67451e-05
0.000172193
-4.47653e-05
0.000150206
-5.81406e-05
0.00011162
-7.63601e-05
6.09509e-05
-9.52068e-05
6.77745e-06
-0.000107898
-3.62324e-05
-0.000113365
-6.41971e-05
-0.000114558
-6.52764e-05
-0.000122278
-1.91982e-05
-0.000115852
3.58441e-05
0.000152245
-0.000110755
8.44958e-05
0.000135148
-0.00010104
0.000126239
-9.63675e-05
0.000247143
-0.000165492
-2.77921e-05
3.23749e-05
0.00126799
-0.00217027
0.000614339
7.74524e-05
3.66343e-05
-4.16001e-05
-2.36269e-05
3.08051e-05
-2.57717e-05
2.44228e-05
-2.7503e-05
1.71472e-05
-2.75537e-05
9.07826e-06
-2.7847e-05
3.18252e-07
-2.80374e-05
-8.44826e-06
-2.80314e-05
-1.65663e-05
-2.78349e-05
-2.38905e-05
-2.75345e-05
-3.03041e-05
-2.74892e-05
-3.62061e-05
-2.57706e-05
-4.12429e-05
-2.35864e-05
-4.20403e-05
-1.96185e-05
0.00238725
-0.00234117
-0.00170019
-4.21101e-05
-8.01495e-05
6.50857e-05
8.63606e-06
-0.000103938
5.90044e-05
-0.000118137
7.69058e-05
-0.000132782
5.37872e-05
-0.000135704
4.43722e-06
-0.000126907
-5.94615e-05
-0.000110869
-0.000112537
-9.14792e-05
-0.000148528
-7.19623e-05
-0.000168283
-5.60907e-05
-0.000174736
-4.47933e-05
-0.000173703
-3.83714e-05
-0.000168773
-3.47696e-05
-0.000160477
-3.26052e-05
-0.000149929
-3.14261e-05
-0.000137989
-3.11614e-05
-0.000125409
-3.16352e-05
-0.000112563
-3.26508e-05
-9.98882e-05
-3.4097e-05
-8.77707e-05
-3.57792e-05
-7.62876e-05
-3.76159e-05
-6.5223e-05
-3.94511e-05
-5.41098e-05
-4.08026e-05
-4.2375e-05
-4.14779e-05
-3.07646e-05
-4.14202e-05
-1.9651e-05
-4.22856e-05
-0.00087842
0.000864657
0.000922546
0.000925292
0.000804418
0.000368842
-1.75085e-05
-5.96754e-05
0.000101724
-0.000108874
7.24083e-05
0.000784586
-0.00328759
-5.35338e-05
0.00278816
0.00265956
-0.00391816
0.00230539
0.000133386
0.000124287
-0.000111345
0.000107021
-7.10751e-05
9.5025e-05
0.000840721
-0.0027249
-0.000827114
0.00292114
5.6638e-06
-6.97418e-06
0.00011595
1.39214e-05
-0.00260902
-1.28209e-05
2.22458e-05
-0.00100092
0.00132188
0.00123661
0.00161933
-0.00235241
-0.00129705
-0.00207675
-0.00193748
0.000402229
-4.36863e-05
0.00281052
-0.00203886
0.000147038
-0.00255767
-0.00351837
0.00289084
0.00166895
-0.000190816
-8.38897e-05
0.000124175
4.78393e-05
0.000177728
0.000337681
0.000965584
-0.000221578
0.00310987
0.000440168
0.00288295
0.000207639
-0.0026528
0.00309073
0.000110673
0.00323833
5.0781e-05
-0.00102954
-0.00215374
7.84052e-05
-3.77805e-05
7.77672e-06
-7.1632e-05
-1.26041e-05
-6.36805e-05
-6.76225e-05
-2.42062e-05
7.70146e-05
9.48674e-05
-6.09581e-05
7.28015e-05
0.000346623
7.47477e-05
-0.000257688
0.000444711
0.000103303
0.00055585
0.000151368
0.000642447
0.000276858
0.000748046
0.000472508
0.00101151
0.000901875
8.68368e-05
-0.00077505
0.000302313
0.000171438
5.88767e-05
-0.0031296
-0.000484709
0.000822322
0.000105554
9.62146e-07
-8.09338e-07
7.53169e-07
1.10515e-06
6.0371e-07
1.22056e-06
5.30796e-07
1.30373e-06
4.96528e-07
1.36231e-06
4.63809e-07
1.39947e-06
4.31169e-07
1.41765e-06
3.97459e-07
1.43256e-06
3.54888e-07
1.43771e-06
3.18696e-07
1.4387e-06
2.85008e-07
1.42709e-06
2.48193e-07
1.40595e-06
2.0904e-07
1.37053e-06
1.69524e-07
1.31993e-06
1.21772e-07
1.22221e-06
6.42475e-08
1.06759e-06
-2.05798e-08
8.48981e-07
-1.06311e-07
5.95264e-07
-1.75606e-07
3.54889e-07
-2.26228e-07
1.95272e-07
1.60263e-07
1.26e-07
1.13992e-07
1.34861e-07
7.13172e-08
1.55225e-07
4.41507e-08
1.92305e-07
2.39965e-08
2.2893e-07
7.25489e-09
2.76812e-07
-2.41504e-08
3.56566e-07
-8.1396e-08
4.61785e-07
-1.73652e-07
5.96676e-07
-3.06077e-07
7.74983e-07
-4.67927e-07
9.88468e-07
-6.52176e-07
1.23621e-06
-8.43852e-07
1.50058e-06
-1.03036e-06
1.7704e-06
-1.20374e-06
2.03319e-06
-1.36141e-06
2.28153e-06
-1.50329e-06
2.51561e-06
-1.63181e-06
2.74245e-06
-1.73734e-06
2.96827e-06
-1.82326e-06
3.1954e-06
-1.88314e-06
3.44236e-06
-1.91998e-06
3.71697e-06
-1.9128e-06
4.00448e-06
-1.86894e-06
4.30706e-06
-1.75941e-06
4.59542e-06
-1.60529e-06
4.87703e-06
-1.43838e-06
5.13506e-06
-1.19353e-06
5.37482e-06
-9.32475e-07
5.56783e-06
-6.50979e-07
5.72308e-06
-3.39293e-07
5.84159e-06
-1.15101e-08
5.90419e-06
3.19931e-07
5.91808e-06
6.28816e-07
5.83865e-06
9.1162e-07
5.72406e-06
1.15907e-06
5.54725e-06
1.36663e-06
5.34666e-06
1.54088e-06
5.12591e-06
1.68628e-06
4.89839e-06
1.80235e-06
4.66584e-06
1.87716e-06
4.41758e-06
1.90315e-06
4.14309e-06
1.88361e-06
3.85449e-06
1.8152e-06
3.53879e-06
1.69676e-06
3.20975e-06
1.53507e-06
2.8595e-06
1.34916e-06
2.50042e-06
1.16057e-06
2.12941e-06
9.43996e-07
1.81345e-06
7.40416e-07
1.50437e-06
5.52605e-07
1.23847e-06
3.84231e-07
1.01121e-06
2.44604e-07
8.23007e-07
1.34974e-07
6.78963e-07
6.54063e-08
5.77492e-07
2.56414e-08
5.10482e-07
6.13376e-09
4.68918e-07
4.05208e-09
4.46503e-07
1.36238e-08
4.40655e-07
2.78233e-08
4.39238e-07
3.96947e-08
4.337e-07
4.99939e-08
4.2533e-07
-4.14192e-05
3.61048e-05
-1.01478e-05
-4.1788e-05
-9.21183e-06
-7.97221e-06
1.29589e-05
-3.64577e-05
-2.90978e-06
-3.63094e-05
-1.48984e-07
1.23147e-07
8.41421e-08
-0.000841345
0.00100309
0.00285366
-0.00120331
6.22014e-08
4.12635e-07
3.70469e-07
0.000121641
-5.88087e-07
-1.68299e-07
-8.32992e-07
-1.42696e-07
-1.05693e-06
-8.48797e-08
-1.22926e-06
-1.64938e-08
-1.34606e-06
5.51139e-08
-1.41976e-06
1.05447e-07
-1.46485e-06
1.42254e-07
-1.49104e-06
1.62506e-07
-1.50568e-06
1.81819e-07
-1.5042e-06
1.94385e-07
-1.49142e-06
2.082e-07
-1.47026e-06
2.25243e-07
-1.43705e-06
2.44583e-07
-1.39354e-06
2.61848e-07
-1.33869e-06
2.82857e-07
1.15507e-06
-1.01864e-06
3.4948e-07
1.25941e-06
3.081e-07
2.95183e-07
-1.36138e-06
9.67007e-07
-6.16752e-07
-1.86174e-06
-6.00642e-07
-2.50981e-06
-5.94616e-07
-3.28574e-06
-6.35284e-07
-4.17765e-06
-7.0342e-07
-5.18267e-06
-7.79591e-07
-6.3214e-06
-8.57617e-07
-7.65311e-06
-9.46368e-07
-9.28614e-06
-1.05838e-06
-1.13513e-05
-1.2337e-06
-1.4046e-05
-1.43712e-06
-1.75212e-05
-1.79463e-06
-2.19921e-05
-2.2207e-06
-2.7528e-05
-2.77781e-06
-3.45179e-05
-3.51723e-06
-4.34868e-05
-4.72214e-06
-5.54144e-05
-6.42857e-06
-7.2253e-05
-9.20627e-06
-9.84718e-05
-1.42166e-05
-0.000143518
-2.41319e-05
-0.000230533
-4.60146e-05
-0.000403397
-9.51206e-05
-0.000736577
-0.00020726
-0.00126011
-0.000435023
-0.00186279
-0.000596973
0.00235547
-0.000759383
-0.000668737
-0.000947334
-0.00294392
0.00121088
-0.00104178
0.000831462
-0.000725021
0.000487161
-0.000333964
0.000284421
-0.000160047
0.000177465
-7.71176e-05
0.000120461
-4.02047e-05
8.72783e-05
-2.23117e-05
6.6351e-05
-1.36441e-05
5.19355e-05
-8.94069e-06
4.14174e-05
-6.32162e-06
3.3182e-05
-4.69521e-06
2.66494e-05
-3.50416e-06
2.1372e-05
-2.69527e-06
1.71977e-05
-2.12459e-06
1.38892e-05
-1.72e-06
1.13582e-05
-1.46187e-06
9.28845e-06
-1.25342e-06
7.60949e-06
-1.10415e-06
6.17182e-06
-9.94207e-07
4.94791e-06
-8.98236e-07
3.90195e-06
-8.11701e-07
3.02674e-06
-7.23623e-07
2.30631e-06
-6.44916e-07
-1.71593e-06
-6.04821e-07
1.26247e-06
-5.93575e-07
0.000918269
-0.000181924
-9.63724e-05
1.0951e-06
2.78766e-07
1.22734e-06
2.11809e-07
1.32893e-06
1.86257e-07
1.4177e-06
1.62459e-07
1.48715e-06
1.45812e-07
1.538e-06
1.24001e-07
1.57181e-06
1.00933e-07
1.58884e-06
8.28475e-08
1.59286e-06
7.03888e-08
1.58141e-06
6.69629e-08
1.54395e-06
6.91184e-08
1.4898e-06
6.59431e-08
1.40689e-06
7.08168e-08
1.29413e-06
6.64033e-08
1.15134e-06
5.04633e-08
9.7828e-07
3.13192e-08
-7.73621e-07
3.28853e-08
-6.05348e-08
5.94876e-07
1.80536e-08
-3.15371e-06
2.91699e-08
-4.84386e-08
-4.07028e-08
-3.99818e-08
-1.10879e-07
-3.0844e-08
-1.64199e-07
-7.05098e-09
-2.04942e-07
2.3989e-08
-2.35047e-07
6.87303e-08
-2.69464e-07
1.41082e-07
-3.14341e-07
2.27597e-07
-3.94628e-07
3.48237e-07
-5.10003e-07
4.93974e-07
-6.65576e-07
6.70947e-07
-8.47815e-07
8.68688e-07
-1.04435e-06
1.07337e-06
-1.24443e-06
1.27564e-06
-1.43619e-06
1.46292e-06
-1.61017e-06
1.631e-06
-1.75952e-06
1.78105e-06
-1.87629e-06
1.9167e-06
-1.96065e-06
2.05077e-06
-2.0185e-06
2.18834e-06
-2.04586e-06
2.3349e-06
-2.04013e-06
2.50068e-06
-1.99757e-06
2.6785e-06
-1.91396e-06
2.8641e-06
-1.79161e-06
3.04438e-06
-1.62931e-06
3.21541e-06
-1.42422e-06
3.35635e-06
-1.18581e-06
3.49857e-06
-9.17674e-07
3.59854e-06
-6.33492e-07
3.67992e-06
-3.28121e-07
3.73207e-06
-1.11028e-08
3.74992e-06
3.1641e-07
3.73333e-06
6.23569e-07
3.67301e-06
9.17641e-07
3.58847e-06
1.18053e-06
3.47957e-06
1.4172e-06
3.35729e-06
1.61993e-06
3.23255e-06
1.7885e-06
3.10683e-06
1.91836e-06
2.98189e-06
2.00574e-06
2.84134e-06
2.03502e-06
2.68498e-06
2.01365e-06
2.50399e-06
1.93529e-06
2.29987e-06
1.82301e-06
2.06427e-06
1.67528e-06
1.81643e-06
1.50959e-06
1.55538e-06
1.31505e-06
1.30909e-06
1.14211e-06
1.07504e-06
9.66776e-07
8.78495e-07
8.14873e-07
7.03664e-07
6.80964e-07
5.68059e-07
5.76364e-07
4.55552e-07
4.98009e-07
3.85548e-07
4.45673e-07
3.25243e-07
4.10558e-07
2.8529e-07
3.91431e-07
2.60636e-07
3.72902e-07
2.54503e-07
3.49716e-07
2.54119e-07
3.1822e-07
2.64497e-07
2.75007e-07
2.57491e-07
2.25843e-07
2.37925e-07
1.76418e-07
2.12025e-07
1.60649e-07
0.000213413
-0.0029288
1.26397e-07
1.38017e-07
3.70045e-07
-5.68951e-07
8.93796e-08
-1.02318e-07
0.00109104
-0.00115938
0.00133598
-0.00115844
0.000920784
0.00158109
-0.000895245
0.000545456
-0.000749371
0.00034455
-0.000601372
0.000203658
-0.000454204
0.000111062
-0.000318638
7.62843e-05
-0.000173272
3.7874e-05
-2.96587e-05
1.29558e-05
-2.59332e-05
-4.1698e-05
0.000162562
-8.54617e-05
6.92223e-05
2.56915e-05
-5.62208e-05
7.98774e-05
-6.32191e-05
0.000131903
-7.83766e-05
0.000158918
-9.04602e-05
0.000138849
-0.000103386
9.06624e-05
-9.7623e-05
3.24765e-05
-8.74517e-05
-2.19815e-05
-7.30344e-05
-6.41775e-05
-6.10261e-05
-9.00468e-05
-5.11008e-05
-0.000102388
-4.3567e-05
-0.000104431
-3.80446e-05
-0.000101612
-3.45797e-05
-9.53121e-05
-3.27356e-05
-8.68405e-05
-3.15552e-05
-7.70667e-05
-3.1141e-05
-6.677e-05
-3.13801e-05
-5.65384e-05
-3.20734e-05
-4.68916e-05
-3.30094e-05
-3.81442e-05
-3.43558e-05
-3.05115e-05
-3.56477e-05
-2.38831e-05
-3.713e-05
1.2966e-05
-8.00391e-06
-3.6642e-05
1.82035e-05
-3.76372e-05
-3.77625e-05
8.4358e-05
-4.48443e-05
-6.84144e-05
-1.94211e-05
0.00265733
-0.00283907
0.00274025
0.00222676
-0.0014278
3.64124e-05
0.00330948
0.0030045
0.000341096
-0.00275418
0.00322978
0.000274077
0.00334923
0.000268786
0.003526
0.000197327
0.00055259
-5.50884e-05
0.00230619
0.000152873
3.78523e-05
3.56839e-05
-4.10583e-05
-1.0112e-05
2.95832e-05
-1.36002e-05
2.34923e-05
-1.61166e-05
1.63451e-05
-1.66185e-05
8.3156e-06
-1.73062e-05
-3.26778e-07
-1.76267e-05
-8.95281e-06
-1.76284e-05
-1.69319e-05
-1.73109e-05
-2.40294e-05
-1.66354e-05
-3.00735e-05
-1.61444e-05
-1.36005e-05
-0.00306939
0.000402143
0.000353028
-0.00256556
0.00286381
-0.0021762
-0.00147435
-0.00099522
-3.69451e-05
4.16542e-06
-0.00151525
0.00100284
-0.00112676
0.000875529
0.000431396
-0.00071113
0.00100591
-0.000690735
-0.0031487
0.00315592
-0.000472596
6.26118e-05
0.000542686
2.31885e-05
-0.000104892
-3.37707e-05
-3.67075e-05
-5.76026e-05
2.96995e-05
-6.55685e-05
9.65279e-05
-6.7367e-05
0.000155749
-7.55584e-05
0.000151326
-8.81873e-05
0.000117041
-8.71816e-05
7.31865e-05
-8.51291e-05
2.57312e-05
-8.13846e-05
-2.24145e-05
-7.37757e-05
-6.39717e-05
-6.443e-05
-9.16009e-05
-5.37025e-05
-0.000105035
-4.41414e-05
-0.000106936
-3.70301e-05
-0.00010372
-3.26409e-05
-9.70661e-05
-3.0641e-05
-8.82354e-05
-2.98183e-05
-7.81257e-05
-2.99119e-05
-6.75735e-05
-3.05894e-05
-5.70728e-05
-3.16015e-05
-4.7181e-05
-3.27242e-05
-3.82628e-05
-3.41492e-05
-3.0535e-05
-3.54627e-05
-2.38748e-05
-3.69337e-05
-1.81972e-05
-3.7552e-05
-3.74315e-05
-0.000143712
-0.000216064
-0.00198487
-0.00236812
-0.00222238
-0.00204122
-0.00239698
0.000349681
9.37445e-05
0.000114381
-5.8171e-06
-8.26663e-07
4.45107e-07
-4.15613e-05
-9.1568e-06
-2.97033e-06
-3.64719e-05
-9.09176e-05
0.000103674
0.00131099
0.00151899
-0.00122534
0.0013691
-0.00266668
0.000155787
-0.000134173
1.38779e-06
-3.51194e-05
-3.49809e-05
1.48077e-06
-5.05351e-08
1.28897e-08
0.00068022
-0.00128843
-0.00181464
0.000859546
-0.00316654
0.000604796
9.35526e-05
-5.17818e-05
-8.4609e-05
-1.32322e-05
-0.00337717
0.00021119
2.05891e-07
1.07736e-07
6.50814e-06
-7.58779e-06
-7.3485e-06
0.00247153
-0.000829454
-6.01051e-06
8.74814e-05
0.0028348
-0.000428238
-0.0023938
-0.00256066
4.48577e-05
-5.16551e-05
-2.25562e-05
-3.79097e-05
3.12324e-05
-2.07279e-05
-2.13694e-05
5.73667e-05
-6.15517e-05
-2.32469e-05
-2.31123e-05
6.40117e-05
-6.4972e-05
-2.27027e-05
-2.29385e-05
6.42908e-05
-6.26946e-05
-2.2323e-05
-2.24338e-05
6.07534e-05
-5.91891e-05
-2.23024e-05
-2.22029e-05
5.87959e-05
-6.06021e-05
-2.35216e-05
-2.26473e-05
6.69399e-05
-8.05605e-05
-2.74876e-05
-2.50967e-05
0.000104379
-0.00014061
-3.5913e-05
-3.12443e-05
0.000188792
-0.000244531
-4.39995e-05
-4.04427e-05
0.000301011
-0.000354149
-4.53921e-05
-4.56945e-05
0.000418127
-0.000398929
-4.11549e-05
-4.67552e-05
0.000333589
-0.000259506
-2.94276e-05
-3.26087e-05
0.000183341
-9.89331e-05
-2.91029e-05
-2.96063e-05
-1.16745e-05
0.000124128
-3.81914e-05
-3.15805e-05
-0.000238165
0.000366492
-1.55485e-05
-3.69832e-05
-0.000482852
0.000881151
0.000125264
-0.000462141
2.56387e-05
-0.00112406
0.00148283
0.00035064
0.000214577
-0.00195925
0.00265896
0.000641666
0.00055119
-0.00289362
0.00326449
0.000274322
0.000208605
-0.00370133
0.00298357
-5.47952e-05
0.00101405
0.000298421
0.000226009
0.00316584
-0.000180932
-3.7013e-05
2.94593e-05
-1.9987e-06
4.75658e-05
-4.76777e-05
-1.53541e-06
2.59366e-06
-2.38889e-05
1.69293e-05
-6.25234e-06
-5.07843e-06
-8.90928e-06
3.3458e-07
-7.66289e-06
-7.25846e-06
8.25679e-06
-1.63269e-05
-7.24982e-06
-7.66224e-06
2.33437e-05
-2.89841e-05
-5.04522e-06
-6.24065e-06
3.66164e-05
-4.72016e-05
2.61466e-06
-1.98725e-06
-3.91167e-05
2.79099e-06
2.52411e-05
-1.95065e-05
4.74306e-05
-3.90004e-05
2.86722e-06
-1.47314e-06
5.78909e-05
-0.00196121
-8.20588e-07
8.37789e-07
0.000343776
-0.00318559
0.00288189
-7.02028e-06
-5.99997e-05
-3.12098e-05
2.51968e-05
-1.95813e-05
3.79046e-05
-4.48452e-05
-2.14722e-05
-2.08166e-05
5.16238e-05
-5.73214e-05
-2.32151e-05
-2.26617e-05
6.15289e-05
-6.41044e-05
-2.30265e-05
-2.33444e-05
6.53206e-05
-6.50116e-05
-2.25679e-05
-2.27943e-05
6.38642e-05
-6.2343e-05
-2.26233e-05
-2.25514e-05
6.11205e-05
-6.0878e-05
-2.35854e-05
-2.29657e-05
6.27082e-05
-6.87545e-05
-2.61691e-05
-2.46317e-05
8.16582e-05
-0.000104249
-3.0964e-05
-2.80818e-05
0.000139805
-0.000190736
-3.97722e-05
-3.49174e-05
0.00025552
-0.000325245
-5.09812e-05
-4.53655e-05
0.000383221
-0.000395185
-5.33311e-05
-5.34907e-05
0.000362153
-0.00031012
-3.69365e-05
-4.44227e-05
0.000251456
-0.000167907
-3.29372e-05
-2.95335e-05
-2.75542e-05
-9.56803e-05
0.000221215
-1.90551e-05
-6.34191e-05
-0.000402412
0.000592269
4.22377e-05
1.25766e-05
-0.000800547
0.00103068
0.000176704
9.38452e-05
-0.00128941
0.0017211
0.000407726
0.000276946
-0.00247416
0.00277513
0.000263571
-0.00121523
0.0006111
-0.00303465
0.00312963
0.000374
0.000233208
0.000148879
-1.8928e-08
-1.34993e-07
1.07998e-07
-1.50074e-07
1.10866e-07
3.03363e-07
-4.73164e-07
6.95508e-08
7.51098e-08
6.32355e-07
-7.78971e-07
8.75064e-08
7.92175e-08
9.06831e-07
-1.01294e-06
1.01971e-07
9.47334e-08
1.09451e-06
-1.16163e-06
1.08179e-07
1.06274e-07
1.2285e-06
-1.30026e-06
1.21447e-07
1.12446e-07
1.38454e-06
-1.48245e-06
1.60475e-07
1.36957e-07
1.59681e-06
-1.72547e-06
2.46212e-07
1.95473e-07
1.87236e-06
-2.02617e-06
3.96817e-07
3.12752e-07
2.18766e-06
-2.34134e-06
6.17067e-07
4.97632e-07
2.48648e-06
-2.60901e-06
8.82634e-07
7.4718e-07
2.70466e-06
-2.75502e-06
1.13714e-06
1.0158e-06
2.7528e-06
-2.68723e-06
1.32833e-06
1.24249e-06
2.55602e-06
-2.36064e-06
1.45574e-06
1.39853e-06
2.11441e-06
-1.82358e-06
1.55603e-06
1.50617e-06
1.49788e-06
-1.14372e-06
1.66216e-06
1.6086e-06
7.65711e-07
-3.72509e-07
1.74876e-06
1.70983e-06
-2.78152e-08
4.20591e-07
1.79804e-06
1.78222e-06
-7.99121e-07
1.15551e-06
1.78472e-06
1.79861e-06
-1.48602e-06
1.79321e-06
1.72158e-06
1.76e-06
-2.05928e-06
2.29468e-06
1.60084e-06
1.66364e-06
-2.4872e-06
2.63738e-06
1.44145e-06
1.52513e-06
-2.7466e-06
2.81695e-06
1.27358e-06
1.35542e-06
-2.84975e-06
2.84481e-06
1.1337e-06
1.19924e-06
-2.79371e-06
2.69223e-06
1.01608e-06
1.07629e-06
-2.54208e-06
2.3491e-06
8.79212e-07
9.52555e-07
-2.12648e-06
1.89147e-06
6.90266e-07
7.92036e-07
-1.66077e-06
1.45002e-06
4.57704e-07
5.76306e-07
-1.27131e-06
1.1312e-06
2.35491e-07
3.41064e-07
-1.02725e-06
9.46435e-07
7.5352e-08
1.48007e-07
-8.75321e-07
7.895e-07
-2.14316e-08
1.98449e-08
-6.84365e-07
5.61234e-07
-6.74488e-08
-4.86633e-08
-4.20597e-07
2.75247e-07
-7.61949e-08
-7.76525e-08
-7.9452e-08
7.96339e-07
-1.03134e-06
2.21731e-08
4.03408e-08
1.23288e-06
-1.40899e-06
3.87285e-08
1.67981e-08
1.54601e-06
-1.64342e-06
4.83175e-08
4.85275e-08
1.71066e-06
-1.74285e-06
4.12842e-08
4.61736e-08
1.75132e-06
-1.7386e-06
3.27464e-08
3.68388e-08
1.70504e-06
-1.65254e-06
3.89735e-08
3.30076e-08
1.57792e-06
-1.48277e-06
5.49441e-08
4.68694e-08
1.37308e-06
-1.252e-06
7.51688e-08
6.2154e-08
1.12214e-06
-9.71059e-07
1.11917e-07
8.3839e-08
-0.000723747
-0.00279331
1.21584e-07
-7.40027e-07
-0.000696955
2.07418e-06
-2.76224e-06
-2.76455e-07
1.46343e-06
-2.77256e-07
3.56959e-06
-4.54041e-06
-3.2774e-07
-3.03922e-07
5.69633e-06
-7.03931e-06
-3.68697e-07
-3.48639e-07
8.5898e-06
-1.03974e-05
-4.08942e-07
-3.86232e-07
1.25778e-05
-1.52987e-05
-4.87725e-07
-4.39342e-07
1.87003e-05
-2.30134e-05
-6.74317e-07
-5.68892e-07
2.84322e-05
-3.5191e-05
-1.07213e-06
-8.23954e-07
4.38154e-05
-5.50495e-05
-2.05621e-06
-1.4572e-06
7.09705e-05
-9.59001e-05
-5.12307e-06
-3.09705e-06
0.000138775
-0.000217697
-1.81273e-05
-9.19487e-06
0.00036774
-0.000661247
-7.37721e-05
-3.64794e-05
0.00122147
-0.00177134
-0.000274868
-0.000152387
0.00238998
-0.00260569
-0.000482425
0.000795632
-0.000408166
-0.000787055
-0.00219034
0.00182447
-0.000266598
-0.000417055
-0.00141363
0.000798555
-0.000228081
-0.000260423
-0.000437493
0.000247006
-4.56012e-05
-0.000105212
-0.000150911
0.000101918
-9.13167e-06
-1.99949e-05
-7.43817e-05
5.7097e-05
-2.79197e-06
-4.76232e-06
-4.50638e-05
3.60621e-05
-1.30688e-06
-1.83926e-06
-2.90778e-05
2.34797e-05
-8.27425e-07
-9.88284e-07
-1.89518e-05
1.53485e-05
-5.46595e-07
-6.63011e-07
-1.25823e-05
1.03802e-05
-3.98072e-07
-4.77388e-07
-8.66463e-06
7.21491e-06
-3.42489e-07
-3.88798e-07
-5.96439e-06
4.84932e-06
-3.18452e-07
-3.33956e-07
-3.86052e-06
3.00389e-06
-2.99372e-07
-3.06985e-07
-2.26016e-06
1.63204e-06
-2.9437e-07
-2.80601e-07
-3.83747e-07
1.18351e-06
-7.5054e-06
-3.84727e-07
7.22992e-07
-1.07491e-06
1.20241e-06
1.60667e-07
1.63536e-07
-8.59241e-07
-1.30448e-06
1.39158e-06
1.44843e-07
1.47349e-07
-1.46827e-06
1.52726e-06
1.2834e-07
1.3601e-07
-1.57531e-06
1.61253e-06
1.13288e-07
1.20632e-07
-1.63722e-06
1.64611e-06
1.05512e-07
1.08261e-07
-1.63819e-06
1.60321e-06
9.72375e-08
1.01654e-07
-1.53854e-06
1.43288e-06
7.07338e-08
9.01291e-08
-1.28448e-06
1.0861e-06
-7.01433e-09
3.6822e-08
-8.59108e-07
6.14088e-07
-7.6876e-08
-5.11246e-08
0.000767937
-5.88587e-08
3.58723e-07
0.00270284
-0.00252122
2.54664e-08
-6.56775e-09
-1.24407e-07
-2.10015e-05
1.67487e-05
1.67764e-05
-2.09469e-05
0.00203985
-1.54961e-07
-2.55459e-07
-3.40304e-08
-4.43454e-07
-6.73332e-07
-8.99035e-07
-1.09433e-06
-1.24901e-06
-1.35624e-06
-1.41897e-06
-1.44531e-06
-1.44231e-06
-1.41727e-06
-1.37846e-06
-1.32868e-06
-1.26695e-06
-1.19107e-06
-1.09756e-06
-9.84088e-07
-8.63135e-07
-7.34705e-07
-6.18353e-07
-7.57252e-07
5.89283e-08
-1.30048e-06
6.71554e-07
-1.94235e-06
-2.65582e-06
-3.47048e-06
-4.36911e-06
-5.3455e-06
-6.40857e-06
-7.58676e-06
-8.98647e-06
-1.06873e-05
-1.28674e-05
-1.56284e-05
-1.90845e-05
-2.33515e-05
-2.85493e-05
-3.5116e-05
-4.38952e-05
-5.67009e-05
-7.77961e-05
-0.000115904
-0.000193665
-0.00035649
-0.000668495
-0.00115739
-0.00140372
-0.00158839
-0.00189745
0.0021984
0.00185457
0.00149795
0.00110155
0.00056595
0.000326204
0.000191326
0.00011878
8.01265e-05
5.82722e-05
4.48223e-05
3.56914e-05
2.89052e-05
2.35684e-05
1.92709e-05
1.58063e-05
1.30462e-05
1.08539e-05
9.06755e-06
7.55524e-06
6.23359e-06
5.06239e-06
4.03482e-06
3.14487e-06
2.38015e-06
1.72359e-06
1.13784e-06
5.38538e-07
-0.00112684
0.00175903
5.19071e-07
-5.15985e-07
-5.46347e-08
6.35524e-07
7.80684e-07
9.22003e-07
1.06243e-06
1.18791e-06
1.29663e-06
1.38429e-06
1.45016e-06
1.49547e-06
1.52407e-06
1.53515e-06
1.52029e-06
1.47009e-06
1.37803e-06
1.24428e-06
1.0677e-06
8.49915e-07
6.22875e-07
4.03418e-07
-3.63703e-07
1.6868e-07
-5.79525e-07
-7.9223e-07
-1.00198e-06
-1.19522e-06
-1.36347e-06
-1.50535e-06
-1.62671e-06
-1.74718e-06
-1.88107e-06
-2.0434e-06
-2.23749e-06
-2.45901e-06
-2.69664e-06
-2.93094e-06
-3.14137e-06
-3.31047e-06
-3.42493e-06
-3.47787e-06
-3.46912e-06
-3.41015e-06
-3.30757e-06
-3.16967e-06
-2.99865e-06
-2.79239e-06
-2.54916e-06
-2.26983e-06
-1.95935e-06
-1.6147e-06
-1.24872e-06
-8.66032e-07
-4.65284e-07
-4.90135e-08
3.78504e-07
8.0572e-07
1.23233e-06
1.64704e-06
2.0364e-06
2.39077e-06
2.70021e-06
2.95358e-06
3.14069e-06
3.25616e-06
3.30444e-06
3.29517e-06
3.24202e-06
3.15713e-06
3.05107e-06
2.93105e-06
2.80171e-06
2.66892e-06
2.53597e-06
2.4066e-06
2.28354e-06
2.16672e-06
2.05386e-06
1.94343e-06
1.83097e-06
1.70665e-06
1.55754e-06
1.37671e-06
1.16512e-06
9.31474e-07
6.8234e-07
4.38381e-07
2.30801e-07
7.55097e-08
-7.31876e-08
-2.27777e-07
-0.00233267
-0.00222939
-0.00192825
-0.00179034
-0.00168472
-0.00122879
-0.000891649
-0.000619522
-0.000403321
-0.000230033
-8.23952e-05
4.08598e-05
0.000135775
0.000259219
6.58e-06
0.000337166
5.98566e-05
0.000435257
0.000519342
0.000584816
0.000632801
0.000668438
0.000663677
0.000600199
0.000521354
0.000441474
0.000372619
0.000318519
0.000277692
0.000246934
0.000223337
0.000204724
0.000189303
0.00017584
0.000163628
0.000151961
0.000140388
0.000128264
0.000115587
0.000102179
8.82343e-05
7.37962e-05
5.97115e-05
4.60522e-05
3.37893e-05
2.09516e-05
9.15772e-05
-7.47402e-05
4.70247e-06
-9.8035e-05
-0.000990163
0.00301005
0.000141487
8.11524e-05
2.91302e-05
-1.51059e-05
3.78986e-05
3.95383e-05
3.0681e-05
2.49557e-05
2.10075e-05
1.49795e-05
7.62331e-06
-3.38398e-07
-8.28275e-06
-1.55924e-05
-2.15664e-05
-2.54495e-05
-3.10981e-05
-3.9911e-05
-3.81459e-05
-2.92299e-05
-1.51403e-05
-0.00257042
0.00253698
-0.00227263
-0.00204854
-0.00196505
-0.00144868
-0.0010487
-0.000715066
-0.000445316
-0.000221702
-7.85752e-05
3.00539e-05
0.000127073
0.000223125
0.000322781
0.000411474
0.00049628
0.000576843
0.000644866
0.000676125
0.000620308
0.000564735
0.000501221
0.000434214
0.000371364
0.000318547
0.000277141
0.000245585
0.000221459
0.000202633
0.000187325
0.000174195
0.000162455
0.000151262
0.00014008
0.00012821
0.000115658
0.000102274
8.83004e-05
7.38236e-05
5.97245e-05
4.60779e-05
3.38321e-05
2.09871e-05
0.00117657
-0.0020827
-6.46229e-05
-5.97964e-07
-2.93531e-07
)
;

boundaryField
{
    wall
    {
        type            calculated;
        value           uniform 0;
    }
    outlet
    {
        type            calculated;
        value           nonuniform List<scalar> 
20
(
1.29223e-05
4.48469e-06
4.51927e-06
1.33154e-05
7.90383e-06
4.82227e-06
3.29152e-06
2.21984e-06
1.82917e-06
1.83086e-06
2.21048e-06
3.28986e-06
4.80212e-06
7.89776e-06
1.33372e-05
4.48583e-06
4.43681e-06
1.29265e-05
1.43426e-05
1.43578e-05
)
;
    }
    frontAndBackPlanes
    {
        type            empty;
        value           nonuniform List<scalar> 0();
    }
}


// ************************************************************************* //
