/*--------------------------------*- C++ -*----------------------------------*\
| =========                 |                                                 |
| \\      /  F ield         | OpenFOAM: The Open Source CFD Toolbox           |
|  \\    /   O peration     | Version:  2212                                  |
|   \\  /    A nd           | Website:  www.openfoam.com                      |
|    \\/     M anipulation  |                                                 |
\*---------------------------------------------------------------------------*/
FoamFile
{
    version     2.0;
    format      ascii;
    arch        "LSB;label=32;scalar=64";
    class       surfaceScalarField;
    location    "0.0034";
    object      phi;
}
// * * * * * * * * * * * * * * * * * * * * * * * * * * * * * * * * * * * * * //

dimensions      [1 0 -1 0 0 0 0];

oriented        oriented;

internalField   nonuniform List<scalar> 
5190
(
-2.36094e-05
-1.93803e-05
2.28269e-05
1.90046e-05
6.78845e-05
9.05783e-05
-9.85776e-05
-8.01929e-05
-1.85107e-05
-0.000131302
1.06934e-05
0.000115107
-8.93451e-06
7.62126e-06
1.52886e-06
2.51391e-07
0.000187879
3.69649e-05
-0.000246853
-3.15729e-05
-0.000100098
9.1852e-05
8.80923e-05
-0.000108787
-1.47851e-06
3.22016e-06
1.59487e-06
-2.72058e-06
-3.23304e-06
3.20373e-06
-7.31822e-06
7.76939e-06
8.24139e-06
-7.98477e-06
-3.98988e-06
4.15698e-06
8.52076e-06
-4.69743e-06
4.78342e-06
-2.71035e-06
2.03674e-06
-7.72113e-06
-9.32951e-06
7.68702e-06
-7.43711e-06
9.34272e-06
7.20055e-06
-9.38324e-06
-6.81749e-06
-1.39569e-05
1.37048e-05
-9.53695e-06
9.67142e-06
-9.33127e-06
-7.78069e-06
1.01937e-05
7.03686e-06
-1.16343e-05
-9.0405e-06
1.14014e-05
8.93034e-06
-1.11214e-05
-9.21978e-06
1.19472e-05
8.28964e-06
7.38358e-06
-3.40067e-06
2.87452e-06
-6.48222e-06
7.40793e-06
-3.80601e-06
4.18339e-06
-4.41343e-06
5.96065e-06
6.24233e-06
9.88286e-06
-3.41892e-06
4.05922e-06
-1.0198e-05
-9.7702e-06
9.72338e-06
-6.46083e-06
6.81219e-06
-9.83566e-06
-5.58476e-06
5.96899e-06
-4.73674e-06
5.09513e-06
-9.57971e-06
8.09182e-06
7.57725e-06
-6.24983e-06
7.09921e-06
-3.82912e-06
7.8383e-06
-7.15688e-06
-2.83222e-06
-3.96305e-06
6.04296e-06
-7.54437e-06
7.60716e-06
-4.09435e-06
-3.82462e-06
-8.23924e-06
9.09544e-06
-3.96054e-06
-4.11523e-06
3.81333e-06
-9.27843e-06
9.32948e-06
-5.28286e-06
-4.58906e-06
-6.14982e-06
1.14219e-05
-5.28705e-06
6.0115e-06
-1.21447e-05
1.111e-05
-7.2605e-06
7.48289e-06
-8.61031e-06
1.11959e-05
8.33803e-06
1.02149e-05
-1.02588e-05
-8.45443e-06
9.45356e-06
-1.07415e-05
1.15579e-05
1.02808e-05
-9.35413e-06
-6.0058e-06
-7.06508e-06
8.62597e-06
-8.65307e-06
-5.9729e-06
6.25358e-06
-5.87517e-06
5.37138e-06
6.70066e-05
9.44177e-05
-0.000118926
-6.7593e-05
-5.30168e-06
5.48047e-06
-7.63424e-06
-3.53168e-06
3.65836e-06
-2.0202e-06
-6.34123e-06
7.04533e-06
1.83386e-06
7.16979e-06
-6.63267e-06
-2.91346e-06
2.90323e-06
-3.1884e-06
8.81432e-06
1.15538e-05
-9.1146e-06
-1.15173e-05
9.41339e-06
-7.51171e-06
3.05542e-06
7.98823e-06
-7.02195e-06
-2.88467e-06
2.79228e-06
8.86857e-06
-8.84578e-06
-6.44484e-06
8.82764e-06
-7.03916e-06
-2.25013e-06
-6.60196e-06
2.23238e-06
-2.64953e-06
2.66092e-06
-6.1024e-06
-6.39868e-06
6.88325e-06
-2.84169e-06
-2.57702e-06
-5.90367e-06
-8.03255e-06
8.52959e-06
4.07065e-06
2.85058e-06
-1.01805e-05
9.98789e-06
4.5816e-06
4.68384e-06
-1.01576e-05
1.03173e-05
6.08107e-06
5.21558e-06
-1.02463e-05
9.41415e-06
8.53783e-06
7.09983e-06
-5.11204e-07
-1.77827e-06
2.41965e-06
3.45195e-07
1.05359e-05
7.01341e-06
1.15494e-05
-1.12468e-05
7.73492e-06
8.37803e-06
1.08496e-05
6.11415e-06
-1.10916e-05
6.86004e-06
-7.73429e-06
9.50278e-06
-1.58633e-07
1.05433e-06
-4.49809e-07
9.65758e-08
-7.95183e-06
1.01228e-05
-1.60634e-05
3.89584e-05
-0.000195445
-3.30125e-05
0.000151385
-6.90767e-06
7.02899e-06
-3.47218e-06
7.12466e-06
-6.75717e-06
-2.67347e-06
-3.2469e-06
-7.26389e-06
7.59211e-06
-3.98609e-06
-3.59767e-06
-7.82491e-06
8.45662e-06
-4.22732e-06
-3.95234e-06
-8.71458e-06
8.83658e-06
-5.02506e-06
-4.48451e-06
-5.75811e-06
8.36154e-06
-9.07515e-06
-7.37958e-06
-7.79497e-06
5.74587e-06
9.13521e-06
-8.75807e-06
-5.99555e-06
-6.62165e-06
8.54493e-06
-8.52718e-06
-5.5972e-06
-5.70627e-06
8.35615e-06
-8.18582e-06
-4.38868e-06
-5.04194e-06
7.75109e-06
-7.35389e-06
-3.37629e-06
-3.89948e-06
-3.10451e-06
-2.6257e-06
2.55105e-06
-6.49972e-06
6.83234e-06
-6.2965e-06
8.91548e-06
-7.52123e-06
-6.89661e-06
8.2176e-06
1.27439e-05
-1.4068e-05
-7.91103e-06
1.12931e-05
-9.01656e-06
1.12235e-05
-6.27243e-06
-2.19581e-06
-6.16576e-06
6.61461e-06
-2.71996e-06
-5.70006e-06
-2.463e-06
1.27582e-05
-1.33147e-05
8.6809e-06
-9.5515e-06
1.25211e-05
9.66665e-06
-8.96106e-06
1.21234e-05
-9.30418e-06
1.12911e-05
8.83786e-06
-8.06903e-06
-7.07529e-06
6.72049e-06
-6.76284e-06
8.53338e-06
1.10675e-05
-1.26029e-05
9.72021e-06
-7.24813e-06
-6.64232e-06
7.20575e-06
2.39561e-06
2.29168e-06
-2.39588e-06
-5.93045e-06
2.15803e-06
-6.08225e-06
8.6628e-06
7.24211e-06
-9.38485e-06
-6.24208e-06
1.32779e-05
-1.0793e-05
-1.22642e-05
9.52374e-06
-1.17255e-05
9.01371e-06
-0.000375375
-9.10026e-05
0.000207684
0.000206825
8.14772e-06
-7.99556e-06
9.00015e-06
9.90416e-06
1.10642e-05
2.04943e-06
-1.9948e-06
-5.77636e-06
0.000107247
-0.000120666
-2.61012e-05
-6.03672e-06
1.70917e-05
1.13308e-05
-1.73501e-05
-1.16155e-05
1.25526e-05
-1.03308e-05
1.12254e-05
-8.5542e-06
8.28387e-06
2.23392e-06
1.98414e-06
-8.02457e-06
-8.65201e-06
9.37964e-06
3.69298e-06
2.87485e-06
-1.01463e-05
1.04026e-05
4.602e-06
4.21754e-06
-1.07015e-05
1.10099e-05
5.98132e-06
5.17273e-06
-1.12241e-05
1.16997e-05
8.04941e-06
6.98913e-06
8.84258e-06
1.18021e-05
-1.16336e-05
7.43383e-06
8.3176e-06
1.13846e-05
5.85323e-06
-1.1184e-05
6.50596e-06
-1.11972e-05
1.31259e-05
7.75203e-06
1.13344e-05
-1.80578e-05
8.26715e-06
-1.88424e-05
-7.73516e-06
2.85095e-06
8.21339e-06
2.6122e-06
-6.35278e-06
6.6684e-06
-2.46396e-06
5.96839e-06
-1.81311e-06
-5.57447e-06
-2.03089e-06
-6.79111e-06
6.94498e-06
-3.12646e-06
-2.86084e-06
-7.16319e-06
7.27152e-06
-3.61235e-06
-3.32322e-06
-7.74993e-06
7.90675e-06
-3.96388e-06
-3.97756e-06
-8.31057e-06
8.34156e-06
-4.65583e-06
-4.48884e-06
-8.40652e-06
8.28021e-06
-5.89026e-06
-5.4121e-06
-8.26949e-06
8.21682e-06
-7.07543e-06
-6.59043e-06
-1.06509e-05
9.10204e-06
1.45328e-05
-7.71912e-06
8.25903e-06
8.28574e-06
-8.51065e-06
-6.66533e-06
-7.12504e-06
8.48371e-06
-8.3603e-06
-5.64174e-06
-6.16203e-06
8.16088e-06
-8.24076e-06
-5.03737e-06
-5.43493e-06
8.14422e-06
-7.86527e-06
-4.11255e-06
-4.62372e-06
7.50614e-06
-7.03387e-06
-3.25686e-06
-3.67276e-06
-2.94993e-06
-2.39774e-06
2.41499e-06
-5.57307e-06
2.32023e-06
-5.22282e-06
-2.21648e-06
-5.40965e-06
-5.76384e-06
2.7771e-06
1.2056e-06
-2.40545e-06
-1.02529e-06
5.1871e-07
-1.13786e-06
6.82553e-06
-5.7165e-06
-5.29861e-06
7.44929e-06
-1.13435e-06
-1.21988e-05
1.03119e-05
1.21742e-05
-1.03689e-05
1.05424e-05
-1.1089e-05
1.22471e-05
-8.77661e-06
1.11799e-05
8.77065e-06
9.1841e-06
-8.74184e-06
-9.36955e-06
1.10026e-05
5.65215e-06
-5.54499e-06
-1.27552e-06
-8.35489e-06
9.13288e-06
1.04619e-05
-7.97145e-06
9.70984e-06
-6.80341e-06
7.40341e-06
2.19142e-06
-6.2111e-06
1.97961e-06
-1.00285e-05
1.17228e-05
-9.56418e-06
1.13853e-05
-2.02337e-06
1.92595e-06
-5.11495e-06
-2.16518e-06
-4.83787e-06
0.00182719
2.67045e-07
-0.00156711
1.92501e-06
2.94696e-07
0.00210487
5.1944e-06
-0.00182702
0.00210467
5.70896e-06
-0.00156698
2.453e-06
-2.02484e-06
2.13904e-06
-4.7672e-06
-5.04755e-06
5.50058e-06
-2.08476e-06
-4.60691e-06
-1.88996e-06
-5.79635e-06
4.14296e-06
-9.21286e-06
1.12237e-05
-1.27242e-05
1.07903e-05
1.34691e-06
3.07619e-06
-1.12878e-06
-5.69363e-06
-1.51398e-06
6.56954e-06
-2.41032e-05
-2.20676e-05
2.36737e-05
2.17064e-05
9.84018e-05
6.68672e-05
-0.000123828
-6.63514e-05
0.000158617
4.12217e-05
-3.49417e-05
-0.000200173
1.0055e-05
1.07506e-05
6.28023e-05
8.9578e-05
-5.33767e-06
1.76941e-06
-4.2555e-06
1.96947e-05
8.7751e-06
-2.40459e-05
-7.56647e-06
8.12621e-06
1.83917e-06
-1.91298e-06
1.29027e-06
-1.53289e-06
-8.48243e-06
8.80232e-06
2.33695e-06
2.08906e-06
-9.22805e-06
9.83534e-06
3.40641e-06
2.82358e-06
-1.04327e-05
1.0886e-05
4.39914e-06
3.89309e-06
-1.13214e-05
1.1746e-05
5.69137e-06
4.96183e-06
-1.21892e-05
1.27138e-05
7.4056e-06
6.52361e-06
-1.32933e-05
1.31222e-05
8.73839e-06
8.14233e-06
9.91565e-06
1.24167e-05
-1.22718e-05
7.58611e-06
8.84647e-06
1.19423e-05
-1.14602e-05
5.65396e-06
6.46548e-06
1.08227e-05
-1.01205e-05
4.36732e-06
-4.88109e-06
4.98926e-06
-5.39202e-06
9.50764e-06
-8.96846e-06
3.24059e-06
-3.61401e-06
3.72387e-06
-4.17961e-06
8.46673e-06
-7.96582e-06
2.62406e-06
2.87231e-06
-3.16705e-06
2.39487e-06
0.00238362
1.99983e-07
8.04223e-06
0.0026402
2.51198e-07
1.03511e-05
0.00285319
4.26634e-07
1.13056e-05
0.00300576
9.20755e-07
1.11407e-05
0.00305186
3.03347e-06
9.97572e-06
0.00309055
8.02288e-06
4.78619e-06
0.0030899
1.48808e-05
-5.71388e-06
0.00281252
2.62481e-05
-1.68752e-05
0.00140164
3.28204e-05
-2.79094e-05
2.7979e-05
0.000902117
-2.69904e-05
0.000906674
-0.00140342
2.54573e-05
0.000655014
2.40114e-05
-2.52606e-05
2.3618e-05
0.000512558
-2.56638e-05
-0.000660245
0.000520548
1.77879e-05
2.06965e-05
0.0028062
-0.00308499
3.80724e-05
3.26688e-05
0.00308955
-0.00305005
1.99878e-05
2.80331e-05
0.00300429
-0.00285235
1.36078e-05
1.635e-05
0.00263973
-0.0023832
1.08947e-05
1.27109e-05
8.66885e-06
-6.0447e-06
6.36004e-06
-2.24319e-06
-1.85939e-06
-6.57211e-06
6.77543e-06
-2.81779e-06
-2.55313e-06
-6.99539e-06
7.16239e-06
-3.26473e-06
-3.03208e-06
-7.25877e-06
7.57101e-06
-3.80552e-06
-3.5723e-06
-7.79885e-06
8.00824e-06
-4.44219e-06
-4.26789e-06
-7.91416e-06
7.87681e-06
-5.42972e-06
-4.90606e-06
-7.77876e-06
7.63879e-06
-6.47305e-06
-6.02716e-06
-1.82468e-05
1.79088e-05
-2.43628e-05
-6.94044e-06
7.26572e-06
-8.33622e-06
9.69631e-06
-6.77936e-06
8.51664e-06
-8.2573e-06
-7.72408e-06
-8.29099e-06
8.84468e-06
9.50183e-06
-9.70195e-06
7.94484e-06
7.68777e-06
-5.46608e-06
-8.92793e-06
7.97186e-06
-7.85177e-06
-6.68678e-06
-7.03119e-06
8.00152e-06
-8.07563e-06
-6.08562e-06
-6.47352e-06
8.08658e-06
-7.95318e-06
-5.27428e-06
-5.65078e-06
7.95571e-06
-7.8939e-06
-4.56776e-06
-4.92485e-06
7.76125e-06
-7.50049e-06
-3.78038e-06
-4.196e-06
7.16357e-06
-6.76524e-06
-3.06051e-06
-3.40351e-06
6.36327e-06
-5.94614e-06
-2.56318e-06
-2.77869e-06
-2.3214e-06
-2.20414e-06
2.22937e-06
-5.05987e-06
-4.91419e-06
-2.19383e-06
2.08924e-06
-5.35623e-06
-5.21819e-06
-1.94566e-06
1.77536e-06
-5.61749e-06
-5.50176e-06
-1.40995e-05
-2.23122e-05
2.13473e-05
1.48586e-05
-3.29689e-05
3.47307e-05
-1.06699e-05
7.39509e-06
-9.56493e-06
1.07811e-05
9.18385e-06
9.16514e-06
-8.93241e-06
9.4847e-06
9.97153e-06
-9.70673e-06
1.0908e-05
-4.44329e-06
-2.60588e-06
-1.27512e-05
1.35802e-05
9.74313e-06
2.33005e-07
-1.47484e-06
-0.00133337
-1.00405e-06
-0.00133327
5.46041e-06
-1.05815e-06
-5.10002e-06
-5.76997e-05
-3.52377e-05
2.78078e-05
6.26681e-05
0.000902609
-0.00140291
-2.47783e-05
0.000653719
-2.36212e-05
-1.08157e-05
1.13607e-05
-0.000374126
-7.69212e-05
0.000125722
0.000258627
9.19109e-06
8.58787e-06
9.23373e-06
-9.9603e-06
1.19095e-05
9.54133e-07
-1.23911e-06
-4.94429e-06
1.00403e-06
-4.89672e-06
-0.00133752
0.00157133
-4.71331e-06
-4.79119e-06
2.21465e-07
-0.00112768
-1.08154e-05
-0.00113138
-1.9291e-06
1.99114e-06
-4.26312e-06
-1.79552e-06
-4.16177e-06
-4.92122e-06
5.32226e-06
-1.89884e-06
-4.48355e-06
-1.74212e-06
-1.70219e-05
0.000420203
1.2348e-05
0.000421524
-2.90991e-05
9.25389e-06
4.28248e-06
-9.06399e-06
9.31397e-06
5.29519e-06
-5.10172e-06
-1.15314e-05
1.28625e-05
1.30974e-05
8.6783e-06
6.00775e-06
-8.79365e-06
-5.4619e-06
9.30063e-06
7.45009e-06
0.000125076
3.83048e-05
-3.8455e-05
1.72948e-05
1.07248e-05
-1.91534e-05
-2.09325e-05
2.3159e-05
-6.67997e-06
9.27397e-07
5.11634e-07
-4.09183e-07
-4.89563e-07
-5.72986e-06
6.34744e-06
1.5863e-06
1.60266e-06
-1.76458e-06
-5.00738e-06
1.41939e-06
-5.09204e-06
9.84575e-06
1.04584e-05
2.00062e-06
-3.88316e-06
-1.96346e-06
-1.94529e-06
1.83882e-06
-4.44443e-06
-4.1991e-06
-1.70735e-06
1.49073e-06
-4.82874e-06
5.56487e-06
-4.66057e-06
-4.94152e-06
-7.56994e-06
8.10141e-06
1.80157e-06
1.72241e-06
-8.61026e-06
9.09551e-06
2.27429e-06
2.04497e-06
-9.62823e-06
1.02502e-05
3.09727e-06
2.65997e-06
-1.08161e-05
1.13831e-05
4.062e-06
3.59164e-06
-1.19239e-05
1.24327e-05
5.24369e-06
4.60014e-06
-1.29369e-05
1.3422e-05
6.80501e-06
5.93962e-06
-1.38241e-05
1.36683e-05
8.8319e-06
7.66477e-06
1.07057e-05
-9.96619e-06
1.33177e-05
2.02253e-05
1.2093e-05
-1.98461e-05
1.30168e-05
-1.33142e-05
1.121e-05
1.26634e-05
1.39662e-05
1.33937e-05
-1.31586e-05
8.05229e-06
9.58439e-06
1.26739e-05
-1.2053e-05
5.74344e-06
6.69969e-06
1.13343e-05
-1.06335e-05
4.19741e-06
4.91747e-06
9.93648e-06
-9.35207e-06
2.97165e-06
3.42783e-06
8.76446e-06
-8.20831e-06
2.39172e-06
2.57766e-06
7.58899e-06
-6.97013e-06
1.97755e-06
2.15316e-06
1.77307e-06
-0.00183093
0.00210774
8.50043e-06
1.95421e-06
-0.00238522
0.00264082
1.93151e-05
1.44993e-05
-0.00285234
0.0030035
2.31847e-05
2.24564e-05
-0.00305033
0.00308812
1.8256e-05
2.18702e-05
-0.00308148
0.00280892
-8.79962e-06
9.93222e-06
-2.0657e-05
-0.00133744
0.00157108
-4.16886e-06
4.38034e-06
-1.03802e-05
-0.00113145
-0.00112761
-8.84021e-07
-3.85767e-05
-0.000429489
-2.70389e-05
-3.45101e-05
-8.47633e-06
4.107e-05
-6.66169e-09
0.000530262
-0.000668818
1.02533e-05
7.56933e-06
0.000916954
-0.00141484
2.28742e-05
1.80037e-05
0.00281299
-0.00308079
4.12831e-05
3.21557e-05
0.00308167
-0.00304976
3.9692e-05
3.78967e-05
0.00300316
-0.00285141
2.55265e-05
2.89685e-05
0.00263961
-0.00238433
2.02344e-05
2.39833e-05
0.00210701
-0.00183055
9.14104e-06
1.51863e-05
2.4785e-06
-5.79422e-06
6.07865e-06
-1.98848e-06
-1.63376e-06
-6.32533e-06
6.5368e-06
-2.51424e-06
-2.27124e-06
-6.73461e-06
6.97691e-06
-2.98341e-06
-2.71806e-06
-7.17233e-06
7.44639e-06
-3.54891e-06
-3.23299e-06
-7.43738e-06
7.52734e-06
-4.06388e-06
-3.75097e-06
-7.50654e-06
7.47734e-06
-4.96909e-06
-4.4471e-06
-7.29951e-06
7.11165e-06
-5.81552e-06
-5.38886e-06
-6.77436e-06
6.31751e-06
-6.77984e-06
7.65885e-06
-6.16101e-06
-5.69019e-06
4.74332e-06
-7.86438e-06
-7.30942e-06
-9.09467e-06
9.69854e-06
4.00694e-06
-4.10941e-06
3.58885e-06
-8.17128e-06
-8.02303e-06
-9.86881e-06
6.97342e-06
9.38821e-06
3.18017e-06
-4.18683e-06
-8.31774e-06
-9.10267e-06
2.79751e-06
9.72106e-06
-3.10402e-06
-2.00768e-06
1.89652e-06
-8.63369e-06
-8.71021e-06
1.03172e-05
4.18872e-06
-6.01269e-06
-8.34554e-06
1.07267e-05
-8.28026e-06
6.82276e-06
-7.15001e-06
-6.88811e-06
-7.53281e-06
7.27631e-06
-7.38221e-06
-6.08847e-06
-6.41392e-06
7.56102e-06
-7.64863e-06
-5.49827e-06
-5.80338e-06
7.67959e-06
-7.67271e-06
-4.76383e-06
-5.11768e-06
7.62646e-06
-7.53774e-06
-4.09867e-06
-4.43404e-06
7.39026e-06
-7.14959e-06
-3.42397e-06
-3.76653e-06
6.85017e-06
-6.5054e-06
-2.8248e-06
-3.10793e-06
6.13626e-06
-5.74482e-06
-2.37055e-06
-2.57498e-06
-2.15276e-06
-2.04077e-06
2.03957e-06
-4.52304e-06
-4.40722e-06
-2.00434e-06
1.91011e-06
-4.78571e-06
-4.67242e-06
-4.90239e-06
7.90045e-05
8.36698e-05
2.90996e-05
-2.50779e-06
2.43735e-06
-2.99945e-05
0.000511728
-2.74966e-05
-1.04207e-05
1.04453e-05
9.76021e-06
8.31838e-06
9.89645e-06
9.43914e-06
-1.01391e-05
1.09267e-05
-4.80289e-06
1.42018e-06
4.81324e-06
-7.59373e-05
-6.78827e-05
5.91936e-05
5.95496e-05
-1.2725e-05
8.85402e-06
5.19549e-06
9.54152e-06
-7.36933e-06
-0.00134423
0.00157806
-1.04971e-05
-0.00113764
-1.86195e-05
-1.70214e-06
1.80459e-06
-3.40744e-06
-2.89591e-05
1.72068e-06
-6.65714e-06
-3.75701e-06
-1.87642e-06
3.59658e-06
-3.52059e-06
-1.63332e-06
-1.46563e-06
-3.19917e-06
-1.55427e-06
-4.11613e-06
-5.82205e-06
6.47414e-06
1.38058e-06
-5.16604e-06
1.23364e-06
0.000343354
-4.0028e-05
1.64624e-05
-1.2234e-05
-1.885e-05
1.45725e-05
-1.21972e-05
1.58939e-05
1.26029e-05
-9.36576e-05
7.04575e-05
2.82346e-06
-2.51173e-06
0.00090363
-0.00140837
-1.76036e-05
0.000654709
-2.10123e-05
1.29841e-05
2.00539e-05
-1.32723e-05
1.33575e-05
-1.92109e-05
1.9034e-05
2.23806e-05
-1.35133e-05
1.10895e-05
1.01536e-05
6.65491e-06
-1.18429e-05
1.15227e-05
-1.05348e-05
1.22667e-05
1.00114e-05
8.20057e-06
1.79936e-05
-1.02355e-05
-0.00134429
0.00157798
-9.96041e-06
-0.00113778
-1.82194e-05
-2.75464e-05
2.72288e-05
-1.54542e-05
1.48235e-05
-0.000158524
2.33697e-05
0.000142495
-0.000192805
4.24562e-05
2.0554e-05
-1.08627e-05
-1.22444e-05
1.36143e-05
1.1183e-05
1.04595e-05
4.81734e-06
9.418e-06
2.9499e-06
-8.3959e-06
3.39342e-06
1.03456e-05
9.64439e-06
1.32578e-06
-8.6885e-06
1.955e-06
1.08393e-05
1.01431e-05
7.08256e-06
-1.06762e-05
1.33579e-05
-1.63469e-05
-1.13086e-05
1.71652e-05
9.53198e-06
0.000407176
-2.65426e-05
1.17032e-06
2.39657e-07
-6.78267e-07
-2.9324e-07
1.99569e-05
-5.64631e-06
-2.13666e-05
2.40405e-05
-1.498e-05
-2.21848e-05
1.27161e-05
9.37641e-06
1.02092e-05
-1.81858e-06
1.77727e-06
-3.84301e-06
-3.64103e-06
-1.68873e-06
1.5436e-06
-4.15693e-06
-4.02425e-06
-1.38464e-06
1.26106e-06
-4.32955e-06
-4.27763e-06
-1.20432e-06
1.20654e-06
-4.32818e-06
-4.3588e-06
4.83534e-06
-4.34361e-06
1.1874e-06
-5.08559e-06
7.1398e-06
2.33101e-06
-3.87671e-06
1.61857e-06
-7.55533e-06
8.16166e-06
1.69371e-06
1.87463e-06
-8.78166e-06
9.40982e-06
2.08021e-06
1.8898e-06
-1.00219e-05
1.06373e-05
2.79853e-06
2.42382e-06
-1.127e-05
1.18631e-05
3.66606e-06
3.21293e-06
-1.24544e-05
1.30441e-05
4.66211e-06
4.12491e-06
-1.36321e-05
1.42916e-05
6.11854e-06
5.29337e-06
-1.49103e-05
1.53815e-05
8.37016e-06
7.0666e-06
-1.59505e-05
1.77925e-05
1.16374e-05
1.00801e-05
1.33368e-05
1.51849e-05
1.96868e-05
-1.82507e-05
1.31519e-05
-1.42409e-05
1.31073e-05
1.71586e-05
-1.60251e-05
1.04884e-05
1.19515e-05
1.50804e-05
-1.43155e-05
7.80107e-06
9.06473e-06
1.36406e-05
-1.28146e-05
5.67e-06
6.66039e-06
1.19852e-05
-1.113e-05
4.09355e-06
4.89791e-06
1.04057e-05
-9.73129e-06
2.80933e-06
3.34179e-06
9.0797e-06
-8.41477e-06
2.14241e-06
2.35935e-06
7.77923e-06
-7.12746e-06
1.76052e-06
1.95151e-06
1.55389e-06
-0.0018375
0.00211354
8.18648e-06
-1.16193e-06
-0.00238955
0.00264268
2.54455e-05
1.72341e-05
-0.00285244
0.00300051
3.44932e-05
3.12539e-05
-0.0030461
0.00308427
3.02701e-05
3.38967e-05
-0.00308021
0.00280653
5.05669e-06
2.25459e-05
-1.04244e-05
2.36963e-07
-7.85211e-06
-0.000947196
7.36343e-06
-1.57047e-05
-0.000950421
-0.000947148
4.29368e-06
1.09544e-05
1.61589e-05
-0.000955628
-2.52817e-05
-0.000950318
0.000210447
-0.000261873
9.83738e-07
1.35868e-05
3.92801e-05
-5.52244e-05
0.000368222
-0.000443431
-2.75368e-05
-3.53765e-05
0.000536012
-0.000677336
5.14894e-06
-2.38162e-06
0.000925392
-0.00142625
2.05556e-05
1.45798e-05
0.00282019
-0.00308252
4.50586e-05
3.50511e-05
0.00308518
-0.00304331
4.8658e-05
4.92047e-05
0.00299738
-0.00285124
3.94264e-05
4.13289e-05
0.00264142
-0.00238864
2.68457e-05
3.29746e-05
0.00211296
-0.00183713
8.86729e-06
1.7977e-05
-5.69348e-07
-3.73781e-06
3.86476e-06
-1.54255e-06
3.40111e-06
-2.9996e-06
-1.33405e-06
-1.44519e-06
-4.39573e-06
5.09042e-06
-1.24763e-06
-1.3257e-06
1.26212e-06
-5.48329e-06
5.79278e-06
-1.75786e-06
-1.48012e-06
-6.06679e-06
6.30377e-06
-2.23148e-06
-2.00882e-06
-6.5504e-06
6.74675e-06
-2.66807e-06
-2.45087e-06
-6.92049e-06
7.04764e-06
-3.13809e-06
-2.88272e-06
-7.16967e-06
7.25713e-06
-3.6284e-06
-3.33496e-06
-7.26592e-06
7.15821e-06
-4.37896e-06
-3.96104e-06
-6.95903e-06
6.7124e-06
-5.11101e-06
-4.71809e-06
-6.44749e-06
6.04064e-06
-5.92078e-06
-5.44155e-06
-5.46636e-06
4.74707e-06
-6.72645e-06
-6.31231e-06
-4.0829e-06
3.46346e-06
-7.10239e-06
-6.92125e-06
-8.68636e-06
2.21202e-06
9.79298e-06
-2.78875e-06
2.0641e-06
-7.51729e-06
-7.26659e-06
1.2832e-06
8.93236e-06
-7.71261e-06
4.72124e-07
9.07697e-06
-7.81324e-06
-8.94117e-06
5.07515e-07
1.01695e-05
3.56189e-07
-1.08425e-06
-7.75114e-06
9.11611e-06
-7.8223e-06
1.71988e-06
-2.41567e-06
-7.50982e-06
-7.61483e-06
3.24163e-06
-3.83036e-06
-7.22343e-06
-7.42257e-06
4.55082e-06
-5.48587e-06
-6.90674e-06
-7.04605e-06
6.06475e-06
-6.44823e-06
-6.0469e-06
-6.47099e-06
6.71292e-06
-6.93144e-06
-5.39491e-06
-5.6918e-06
7.11661e-06
-7.25159e-06
-4.86105e-06
-5.12989e-06
7.31776e-06
-7.32877e-06
-4.21579e-06
-4.53423e-06
7.29178e-06
-7.20064e-06
-3.62242e-06
-3.91738e-06
7.05421e-06
-6.83837e-06
-3.04903e-06
-3.33269e-06
6.57604e-06
-6.27111e-06
-2.54995e-06
-2.78661e-06
5.93274e-06
-5.5702e-06
-2.14415e-06
-2.32954e-06
5.18718e-06
-4.78302e-06
-1.7266e-06
-1.95242e-06
4.38695e-06
-4.16035e-06
-1.10855e-06
-1.54455e-06
-1.77386e-06
1.75868e-06
-3.47998e-06
-2.03483e-06
-1.81894e-06
1.87247e-06
-3.74681e-06
-3.63164e-06
-1.89647e-06
1.89756e-06
-3.98341e-06
-3.87161e-06
-1.84546e-06
1.75599e-06
-4.20087e-06
-4.10039e-06
-1.62877e-06
1.47708e-06
-4.3737e-06
-4.29238e-06
-1.31069e-06
-4.48639e-06
1.12471e-06
-4.43911e-06
6.71574e-05
-7.79856e-05
-5.04175e-05
0.000255996
-6.19689e-06
-1.04069e-05
-2.4375e-05
2.68575e-05
1.05981e-05
0.000507649
-2.30958e-05
1.08715e-05
3.68008e-05
-1.49178e-05
1.78354e-05
-1.55572e-05
1.99578e-05
-4.1631e-06
-2.0342e-06
-2.32475e-05
-1.98456e-05
-1.00365e-05
2.55085e-05
-1.79643e-05
-1.26334e-05
1.06431e-05
1.08982e-05
7.8265e-06
-1.15882e-05
1.0215e-05
-4.22963e-07
1.04499e-05
1.35458e-06
1.01553e-05
-1.07509e-05
1.10128e-05
1.05678e-05
9.07539e-06
1.65065e-05
-1.10098e-05
-2.17781e-05
1.18489e-05
-1.56922e-05
7.57475e-06
1.1681e-07
-2.99299e-07
1.9459e-06
-1.83264e-05
1.70407e-05
-1.62793e-05
1.72278e-05
-1.88824e-05
1.75326e-05
2.02162e-05
-1.94657e-05
1.26371e-05
-2.48728e-05
-0.000955847
-0.00014531
0.000132931
8.75593e-06
-0.000190391
5.67839e-05
-1.21849e-06
1.39736e-06
-2.63055e-06
2.91552e-06
-1.12913e-06
-2.46953e-06
3.26927e-06
-1.16201e-06
7.35004e-05
1.96403e-05
-1.28569e-05
-1.26038e-05
1.16536e-05
1.12863e-05
6.09288e-06
2.5833e-06
1.0924e-05
8.43499e-07
1.16681e-05
1.09109e-05
7.74593e-06
-1.12171e-05
1.25107e-05
1.7996e-05
-8.67673e-06
-2.00345e-05
1.14734e-06
-1.23522e-06
-3.74269e-06
1.03639e-06
-3.74454e-06
0.000327552
-3.87288e-05
-8.201e-06
2.91601e-05
1.39703e-05
-2.87287e-05
-1.52813e-06
-2.34902e-07
8.8554e-05
7.17223e-05
-5.31496e-05
6.15778e-06
1.08326e-05
-1.88115e-05
-1.28705e-05
2.13941e-05
-0.000176869
-1.01113e-05
3.38025e-05
0.000149168
1.92435e-05
-1.05421e-05
0.000201273
8.38972e-05
1.76454e-05
-1.33072e-05
8.88254e-06
1.12843e-05
4.16034e-06
3.23578e-06
1.22419e-05
-1.07663e-05
1.46859e-05
8.98123e-06
1.05206e-06
-1.22317e-06
-3.80857e-06
-4.53119e-06
5.22585e-06
9.25952e-07
8.61035e-07
-3.83374e-06
-3.02698e-05
2.04326e-05
-0.000793405
-0.000961985
0.00114588
-3.39096e-05
-3.86789e-05
-0.000798051
0.000405395
-2.50882e-05
1.65183e-06
-2.92645e-06
1.6796e-05
-5.21317e-06
-1.59134e-05
1.10351e-05
1.55733e-05
-1.17032e-05
-1.5226e-05
5.92595e-06
-8.59299e-06
8.30128e-06
-9.44561e-06
-7.90757e-06
8.86481e-06
1.03844e-05
1.00538e-05
-8.91187e-06
1.80851e-05
7.0366e-06
-1.53941e-06
1.65504e-06
-2.96065e-06
-2.78003e-06
-1.69879e-06
1.69168e-06
-3.28905e-06
-3.12595e-06
-1.64272e-06
1.55327e-06
-3.54397e-06
-3.43846e-06
-1.44698e-06
1.33607e-06
-3.71224e-06
-3.66044e-06
-3.75487e-06
4.99192e-06
-4.40774e-06
1.071e-06
-5.74214e-06
6.91359e-06
1.6598e-06
1.34101e-06
-7.71078e-06
8.30224e-06
1.59145e-06
1.59135e-06
-9.00231e-06
9.64863e-06
1.86007e-06
1.64423e-06
-1.03212e-05
1.09896e-05
2.43962e-06
2.12563e-06
-1.16501e-05
1.23384e-05
3.12078e-06
2.78417e-06
-1.29555e-05
1.36193e-05
4.00179e-06
3.56122e-06
-1.43613e-05
1.51973e-05
5.3815e-06
4.57165e-06
-1.60863e-05
1.69569e-05
7.58666e-06
6.31302e-06
-1.79679e-05
1.94289e-05
1.04202e-05
9.16994e-06
1.14556e-05
-1.80268e-05
1.97453e-05
1.26373e-05
-1.47572e-05
1.45075e-05
1.83082e-05
-1.71262e-05
9.33744e-06
1.09436e-05
1.61241e-05
-1.5253e-05
6.82536e-06
7.96847e-06
1.44682e-05
-1.3592e-05
5.13101e-06
5.93381e-06
1.27048e-05
-1.17889e-05
3.85762e-06
4.59345e-06
1.08833e-05
-1.01317e-05
2.6485e-06
3.10007e-06
9.40312e-06
-8.68951e-06
1.93241e-06
2.16302e-06
7.97025e-06
-7.27585e-06
1.51985e-06
1.71272e-06
6.59691e-06
-5.91667e-06
1.16289e-06
1.32078e-06
1.02425e-06
-0.00135456
0.00159006
-1.86396e-05
-2.72175e-05
-0.00184995
0.00212482
3.33721e-06
-8.36891e-06
-0.00239863
0.00264849
2.66643e-05
1.5695e-05
-0.00285475
0.00299731
4.36604e-05
3.62198e-05
-0.00304249
0.00307824
4.26302e-05
4.41918e-05
-0.00307212
0.00279854
2.38918e-05
3.5722e-05
-0.001414
0.000909315
-9.14651e-06
3.03698e-07
-0.00065766
0.000510082
-1.7671e-05
-1.52508e-05
-1.99726e-05
9.8393e-06
-0.000789389
-0.000962123
0.00114602
-3.35927e-05
2.99557e-05
-3.83855e-05
-0.00079823
-0.000793564
2.14593e-07
-1.03545e-05
-0.000786699
-0.000786722
-0.0007893
0.000222592
-0.000272176
5.02556e-06
3.3458e-05
0.000352995
-0.000440883
-1.47185e-05
-1.15131e-05
0.00054101
-0.000683698
3.6727e-06
-3.0649e-06
0.000932697
-0.00143408
1.93196e-05
1.22768e-05
0.00281346
-0.00307742
5.51643e-05
3.74537e-05
0.00307734
-0.00303924
5.89547e-05
5.61463e-05
0.0029952
-0.00285186
4.82152e-05
5.31008e-05
0.00264741
-0.00239784
2.84707e-05
3.97199e-05
0.0021244
-0.00184973
4.00062e-06
1.64983e-05
0.00159008
-0.00135466
-1.82179e-05
-7.83759e-06
-2.69062e-05
-3.60125e-06
3.85071e-06
-1.3008e-06
-1.26787e-06
-4.26533e-06
4.76443e-06
-1.23909e-06
-1.25072e-06
-5.18284e-06
5.52201e-06
-1.55688e-06
-1.3659e-06
-5.81375e-06
6.07889e-06
-1.96642e-06
-1.75766e-06
-6.30332e-06
6.48535e-06
-2.33956e-06
-2.14874e-06
-6.64686e-06
6.73314e-06
-2.71012e-06
-2.53649e-06
-6.84119e-06
6.95786e-06
-3.20128e-06
-2.91157e-06
-6.97123e-06
6.88056e-06
-3.75817e-06
-3.43747e-06
-6.70136e-06
6.44475e-06
-4.36562e-06
-4.02736e-06
-6.1815e-06
5.77054e-06
-5.03308e-06
-4.69744e-06
-5.26854e-06
4.64457e-06
-5.67113e-06
-5.36564e-06
-4.00889e-06
3.37554e-06
-6.01709e-06
-5.85531e-06
-2.71786e-06
2.02221e-06
-6.34035e-06
-6.13815e-06
-1.27176e-06
5.1452e-07
-6.5677e-06
-6.47571e-06
2.38393e-07
-9.59121e-07
-6.54379e-06
-6.58077e-06
1.65153e-06
-2.35305e-06
-6.34688e-06
-6.44977e-06
3.06267e-06
-3.70902e-06
-6.10541e-06
-6.24525e-06
4.37247e-06
-5.07769e-06
-5.76505e-06
-5.92853e-06
5.61167e-06
-6.00481e-06
-5.20259e-06
-5.50161e-06
6.30735e-06
-6.54701e-06
-4.65153e-06
-4.91655e-06
6.73516e-06
-6.89181e-06
-4.1723e-06
-4.41667e-06
6.98324e-06
-7.00937e-06
-3.63558e-06
-3.90109e-06
6.98195e-06
-6.89839e-06
-3.12911e-06
-3.37849e-06
6.76211e-06
-6.57242e-06
-2.65423e-06
-2.88449e-06
6.33955e-06
-6.06186e-06
-2.24519e-06
-2.44135e-06
5.75042e-06
-5.41674e-06
-1.90011e-06
-2.05795e-06
5.06935e-06
-4.70225e-06
-1.52431e-06
-1.72999e-06
4.37176e-06
-8.10491e-07
-4.07352e-06
-1.29075e-06
-1.69859e-06
1.74363e-06
-3.21214e-06
-3.08249e-06
-1.76562e-06
1.75868e-06
-3.42327e-06
-3.32424e-06
-1.71562e-06
1.63271e-06
-3.60172e-06
-3.52267e-06
-1.52406e-06
1.38454e-06
-3.72905e-06
-3.676e-06
-3.77263e-06
2.72415e-06
-2.17889e-05
8.79561e-06
5.48313e-06
-1.22031e-05
3.70928e-05
-8.10823e-05
-4.90362e-05
6.70987e-05
2.71797e-06
-2.32115e-06
-9.97248e-07
-1.73811e-05
-1.42619e-05
1.80453e-05
-1.42088e-05
-1.35108e-05
-1.91532e-05
-1.2531e-05
1.00844e-05
1.21301e-05
7.20993e-06
1.65768e-06
1.14112e-05
-4.96506e-07
1.21685e-05
1.13789e-05
8.80042e-06
-1.15584e-05
1.11893e-05
1.70451e-05
-1.0673e-05
5.5854e-06
-9.09811e-06
-3.77631e-06
8.83714e-07
-2.34901e-05
1.12571e-05
-2.82781e-05
-1.3389e-05
3.00846e-05
9.5376e-05
5.54954e-05
-0.000109629
-2.09578e-05
1.83064e-05
0.000249035
-3.6948e-05
3.11407e-06
-1.03628e-06
2.93631e-05
-9.93151e-06
2.29903e-05
-2.31564e-05
-9.12391e-06
9.1036e-06
-0.000967652
0.00115371
-4.11631e-05
-0.00080224
-4.50011e-05
6.79786e-05
6.38938e-05
-0.000195016
0.000119747
5.69926e-06
1.17622e-05
7.78857e-05
6.5453e-05
-1.68264e-05
-1.45179e-05
1.88554e-05
-1.28979e-05
0.000193456
3.62451e-05
-4.95108e-05
-1.38347e-05
1.17933e-05
1.23221e-05
5.31023e-06
3.3529e-06
1.20252e-05
1.23052e-06
1.40551e-05
1.1733e-05
7.14936e-06
-1.17923e-05
1.308e-05
1.62478e-05
-1.09085e-05
-1.16825e-06
1.31776e-06
-2.21504e-06
-1.0476e-06
-2.04927e-06
-4.58667e-06
5.30128e-06
7.01287e-07
-3.87049e-06
6.45052e-07
1.00846e-06
-1.17377e-06
-3.13228e-06
8.30928e-07
-3.14932e-06
-0.000967408
0.0011534
-4.13665e-05
-0.000802026
-4.5258e-05
-3.40776e-05
2.37552e-05
-0.000642511
-4.25754e-05
-0.000645761
2.45794e-05
-1.00011e-06
0.000316426
-2.83034e-05
-1.42187e-06
1.51107e-06
-2.41806e-06
-1.27353e-06
-2.27595e-06
0.000402815
-1.7775e-05
-2.65662e-07
1.62847e-06
-1.05617e-06
1.72962e-05
-1.1459e-05
-1.70192e-07
1.86532e-06
-1.10181e-06
-1.47485e-05
-9.69617e-06
8.59041e-06
1.18947e-05
9.89869e-06
-1.0638e-05
1.81096e-05
-1.44506e-06
1.54528e-06
-2.4931e-06
-2.33308e-06
-1.59175e-06
1.60492e-06
-2.75721e-06
-2.61561e-06
-1.57349e-06
1.5233e-06
-2.96214e-06
-2.86762e-06
-1.42991e-06
1.34039e-06
-3.10257e-06
-3.04625e-06
-1.2317e-06
1.11282e-06
-3.11124e-06
-3.12382e-06
-9.90728e-07
8.45438e-07
-3.14069e-06
-3.11951e-06
3.83219e-06
-3.16308e-06
6.62901e-07
-4.48719e-06
5.18625e-06
8.40564e-07
7.07264e-07
-5.97975e-06
6.90201e-06
1.22229e-06
1.01626e-06
-7.71786e-06
8.50275e-06
1.27842e-06
1.26467e-06
-9.2158e-06
9.91465e-06
1.55397e-06
1.36324e-06
-1.05882e-05
1.12775e-05
2.02082e-06
1.79209e-06
-1.20047e-05
1.26827e-05
2.53368e-06
2.24887e-06
-1.33841e-05
1.4166e-05
3.24618e-06
2.87335e-06
-1.50642e-05
1.61268e-05
4.53849e-06
3.78951e-06
-1.72371e-05
1.83382e-05
6.6863e-06
5.44803e-06
-1.97935e-05
2.14947e-05
9.23356e-06
8.02826e-06
1.00237e-05
1.45625e-05
-1.16158e-05
-3.15133e-05
2.14572e-05
-2.10317e-05
1.2312e-05
1.47217e-05
1.97059e-05
-1.83088e-05
7.85511e-06
9.74667e-06
1.70505e-05
-1.60056e-05
5.31698e-06
6.39809e-06
1.50688e-05
-1.42869e-05
4.04103e-06
4.52437e-06
1.33555e-05
-1.24122e-05
3.18744e-06
3.64978e-06
1.14258e-05
-1.0574e-05
2.33086e-06
2.58275e-06
9.73726e-06
-8.96491e-06
1.67877e-06
1.86983e-06
8.17473e-06
-7.42477e-06
1.21587e-06
1.40158e-06
6.7238e-06
-6.00632e-06
9.1149e-07
1.06025e-06
8.01326e-07
-0.00136415
0.0016012
-2.74613e-05
-3.54335e-05
-0.00186188
0.00213727
-3.59412e-06
-1.68399e-05
-0.00241057
0.00265855
2.47775e-05
1.0514e-05
-0.00286282
0.00299825
4.96736e-05
3.7889e-05
-0.0030408
0.00307445
5.40775e-05
5.42456e-05
-0.00306304
0.00278959
4.17951e-05
5.07987e-05
-0.00141308
0.000913539
-3.03189e-06
1.83937e-05
-0.000659853
0.000512796
-1.22168e-05
-6.62771e-06
-2.33606e-05
1.1798e-05
-0.000639507
3.37631e-05
-4.22969e-05
-0.000645932
-0.000642592
2.24354e-07
-1.22364e-05
-0.000637403
-0.000637475
-0.000639432
0.00022442
-0.000276848
7.14806e-06
2.02054e-05
0.000347343
-0.00043393
-4.55244e-06
-1.17926e-06
0.000537224
-0.000682476
4.9867e-06
4.12846e-07
0.000932363
-0.00143439
2.21736e-05
1.25442e-05
0.00280734
-0.00307231
6.53065e-05
4.57811e-05
0.00307924
-0.00304197
6.69538e-05
6.65784e-05
0.00299835
-0.00286198
5.33892e-05
6.22957e-05
0.00265776
-0.00241007
2.68001e-05
4.14955e-05
0.00213714
-0.00186197
-2.96644e-06
1.13188e-05
0.00160138
-0.00136441
-2.71035e-05
-1.63708e-05
-3.51417e-05
0.000224379
-6.03394e-05
-3.45125e-06
3.77185e-06
-1.11411e-06
-1.08854e-06
-4.14502e-06
4.56044e-06
-1.14386e-06
-1.11798e-06
-4.94976e-06
5.28861e-06
-1.36082e-06
-1.23027e-06
-5.58906e-06
5.83337e-06
-1.67013e-06
-1.51528e-06
-6.07948e-06
6.25798e-06
-1.98641e-06
-1.85557e-06
-6.38221e-06
6.50124e-06
-2.31949e-06
-2.14105e-06
-6.61884e-06
6.6421e-06
-2.67913e-06
-2.5024e-06
-6.6453e-06
6.56003e-06
-3.13962e-06
-2.89807e-06
-6.43658e-06
6.21186e-06
-3.61775e-06
-3.37478e-06
-5.90558e-06
5.53778e-06
-4.16272e-06
-3.88173e-06
-5.08604e-06
4.51119e-06
-4.63559e-06
-4.43218e-06
-3.91633e-06
3.2907e-06
-4.94444e-06
-4.81706e-06
-2.66415e-06
1.99546e-06
-5.18856e-06
-5.0495e-06
-1.30319e-06
5.65494e-07
-5.34659e-06
-5.29473e-06
1.50941e-07
-8.69875e-07
-5.3444e-06
-5.38495e-06
1.55441e-06
-2.22476e-06
-5.20283e-06
-5.28265e-06
2.89973e-06
-3.54344e-06
-5.02763e-06
-5.11505e-06
4.16542e-06
-4.76802e-06
-4.75167e-06
-4.88935e-06
5.27769e-06
-5.67084e-06
-4.32218e-06
-4.55202e-06
5.98804e-06
-6.23658e-06
-3.86123e-06
-4.08617e-06
6.43682e-06
-6.59247e-06
-3.46055e-06
-3.65647e-06
6.69357e-06
-6.73348e-06
-3.03122e-06
-3.24444e-06
6.71264e-06
-6.64132e-06
-2.6204e-06
-2.82302e-06
6.52036e-06
-6.35458e-06
-2.25002e-06
-2.42814e-06
6.14277e-06
-5.88429e-06
-1.92824e-06
-2.08427e-06
5.58639e-06
-5.27657e-06
-1.63969e-06
-1.7824e-06
4.95766e-06
-4.58316e-06
-1.32571e-06
-1.48051e-06
4.19914e-06
-3.49391e-06
-9.88843e-07
-1.10323e-06
-1.04807e-06
1.11786e-06
-1.58203e-06
1.62761e-06
-2.67559e-06
-2.56091e-06
-1.64962e-06
1.64687e-06
-2.85889e-06
-2.7736e-06
-1.60643e-06
1.53918e-06
-2.99902e-06
-2.93482e-06
-1.44158e-06
1.31936e-06
-3.08803e-06
-3.05135e-06
-3.11367e-06
5.06987e-06
-1.1998e-05
3.44022e-05
-0.000648913
-4.92789e-05
5.09814e-05
5.18208e-05
-7.59548e-05
6.00818e-05
5.4721e-05
-9.78853e-05
6.55129e-05
-2.1185e-05
1.85272e-05
-1.99635e-05
-1.18014e-05
1.23169e-05
5.58442e-06
1.2685e-05
6.26648e-05
6.00859e-05
-1.68244e-05
-1.47283e-05
1.80055e-05
-1.3786e-05
-1.31444e-05
1.631e-05
-0.000206232
-2.13055e-05
3.52128e-05
-3.6326e-05
2.11901e-05
3.80409e-05
0.000144061
-1.3696e-05
9.77566e-06
1.30886e-05
6.63234e-06
2.41917e-06
1.26588e-05
-1.18164e-06
1.49579e-05
1.23212e-05
8.39738e-06
-1.23364e-05
1.14693e-05
1.62421e-05
-1.15602e-05
-4.64194e-06
-9.18048e-06
-1.88554e-06
-9.69462e-07
8.38471e-07
-9.9155e-07
-2.48621e-06
6.47261e-07
-2.47926e-06
2.51402e-05
-2.47818e-05
1.07482e-05
8.31156e-05
-0.000117066
-2.81365e-05
3.11264e-05
1.79336e-05
-2.69201e-05
1.5687e-05
6.21048e-07
-3.16144e-06
-4.95112e-05
-0.000648757
2.95421e-05
-1.61934e-05
1.31776e-05
2.20387e-05
-3.09252e-05
-1.09579e-06
-2.11602e-06
3.40282e-05
1.55701e-05
-1.4333e-05
-3.69032e-05
-2.08289e-05
0.000317551
0.000408918
-1.32273e-05
6.50734e-06
1.27019e-05
-9.44547e-05
7.38244e-05
5.94471e-05
-1.51324e-05
-1.50955e-05
1.51631e-05
1.70817e-05
-1.31355e-05
2.59244e-05
2.24806e-05
-2.58572e-05
-1.56454e-05
9.31185e-06
1.76666e-05
1.30664e-05
4.50767e-06
-1.23322e-05
1.38501e-05
-4.40308e-05
3.60329e-05
-0.000504817
-5.0499e-05
-0.000507496
4.27715e-05
4.41693e-05
1.50318e-05
-1.46438e-05
-1.22714e-05
6.97971e-06
4.13686e-05
-3.98085e-05
2.46373e-06
-6.78318e-07
-1.81317e-06
1.23935e-05
7.52932e-06
-4.88545e-05
3.86912e-05
3.93071e-05
4.89854e-05
-1.39907e-05
-8.46147e-06
4.87479e-06
3.31916e-05
-2.17808e-05
-2.431e-05
1.9196e-05
-3.81569e-05
8.01785e-06
1.346e-05
9.8726e-06
-1.17561e-05
9.1524e-07
-1.65814e-06
-6.11343e-07
-1.0908e-06
1.22403e-06
-1.78434e-06
-1.68457e-06
-1.35676e-06
1.43913e-06
-1.99956e-06
-1.88837e-06
-1.50156e-06
1.52234e-06
-2.2199e-06
-2.11247e-06
-1.50796e-06
1.46977e-06
-2.38064e-06
-2.3011e-06
-1.40316e-06
1.31569e-06
-2.47325e-06
-2.43859e-06
-1.21912e-06
1.12137e-06
-2.48616e-06
-2.48782e-06
-2.47757e-06
-3.15071e-06
3.85696e-06
4.46043e-07
4.47407e-07
-4.57142e-06
5.31384e-06
5.78809e-07
4.78692e-07
-6.11333e-06
6.96221e-06
8.47196e-07
6.87223e-07
-7.82158e-06
8.60097e-06
9.52879e-07
8.71894e-07
-9.32948e-06
1.00552e-05
1.18791e-06
1.04431e-06
-1.07989e-05
1.15527e-05
1.48417e-06
1.34024e-06
-1.22728e-05
1.29757e-05
1.90384e-06
1.68212e-06
-1.3724e-05
1.45976e-05
2.45516e-06
2.15443e-06
-1.567e-05
1.69675e-05
3.58631e-06
2.92933e-06
-1.83704e-05
1.9784e-05
5.59674e-06
4.4324e-06
-2.13649e-05
2.33626e-05
7.70582e-06
6.83339e-06
8.94163e-06
2.09816e-05
2.27679e-05
2.5532e-05
-2.34262e-05
1.0118e-05
1.26427e-05
2.13829e-05
-1.94716e-05
6.13014e-06
7.92488e-06
1.78196e-05
-1.65131e-05
3.66926e-06
4.70434e-06
1.54817e-05
-1.46189e-05
2.62133e-06
2.94546e-06
1.37265e-05
-1.27781e-05
2.11687e-06
2.37233e-06
1.19174e-05
-1.09531e-05
1.71919e-06
1.87247e-06
1.00637e-05
-9.1418e-06
1.21732e-06
1.43225e-06
8.34175e-06
-7.57014e-06
8.71281e-07
1.03767e-06
6.81347e-06
-6.07329e-06
6.34959e-07
7.43325e-07
5.3394e-06
-4.61654e-06
4.6386e-07
5.46085e-07
3.88896e-06
-3.17059e-06
3.96261e-07
4.11231e-07
-0.000972383
0.00116016
-4.78661e-05
0.00080591
-0.000651439
-5.72006e-05
-5.19397e-05
-0.00137385
0.00161499
-3.4273e-05
-4.18636e-05
-0.00188043
0.00215909
-1.17008e-05
-2.41808e-05
-0.00243231
0.00267735
1.93038e-05
2.83687e-06
-0.00287994
0.00300403
5.09938e-05
3.62433e-05
-0.00304687
0.00307657
6.50424e-05
5.98978e-05
-0.00305639
0.00277014
6.25779e-05
6.84171e-05
-0.00141035
0.000911509
8.5363e-06
3.55229e-05
-0.000662377
0.000514516
-5.23871e-06
-4.22603e-07
3.2784e-05
-1.69488e-05
-2.56102e-05
1.31714e-05
-0.000499732
-0.000502126
2.06776e-07
-1.35434e-05
-0.000498196
-0.000498241
2.59623e-05
-3.63473e-05
-0.000502058
-0.000499664
4.42691e-05
-5.06764e-05
-0.000507445
-0.000504714
0.000225557
-0.00027785
8.33681e-06
-4.78318e-06
0.000206542
0.000344021
-0.000428313
3.37707e-06
4.0536e-06
0.0005328
-0.000679817
9.14583e-06
5.42879e-06
0.000929608
-0.0014253
2.53317e-05
1.50701e-05
0.00278288
-0.00306389
8.14444e-05
5.53107e-05
0.0030827
-0.00304847
7.33801e-05
8.27553e-05
0.00300315
-0.00288006
5.58724e-05
6.53856e-05
0.0026766
-0.00243165
2.12425e-05
3.89361e-05
0.00215908
-0.00188057
-1.11714e-05
4.02276e-06
0.00161514
-0.00137402
-3.39316e-05
-2.37828e-05
0.00116032
-0.000972575
-4.75993e-05
-4.15717e-05
0.00080607
-0.000651545
-5.69953e-05
-5.17057e-05
-2.52933e-06
2.95058e-06
-9.25251e-07
2.08771e-06
-9.11979e-07
-1.58932e-06
-9.03379e-07
4.8414e-05
-2.60087e-05
-2.0045e-06
-9.41601e-07
-1.00031e-06
1.15511e-06
-1.70591e-06
-8.57685e-07
-1.59575e-06
6.73688e-06
-3.31348e-06
3.66481e-06
-9.36042e-07
-9.19936e-07
-4.03264e-06
4.41204e-06
-9.94267e-07
-9.5581e-07
-4.77767e-06
5.11088e-06
-1.15499e-06
-1.06198e-06
-5.41222e-06
5.68037e-06
-1.38675e-06
-1.26749e-06
-5.89141e-06
6.09034e-06
-1.63122e-06
-1.51413e-06
-6.24651e-06
6.33709e-06
-1.88251e-06
-1.75465e-06
-6.38671e-06
6.4255e-06
-2.16407e-06
-2.0149e-06
-6.41672e-06
6.3116e-06
-2.50803e-06
-2.33925e-06
-6.15853e-06
5.96574e-06
-2.89764e-06
-2.70261e-06
-5.70435e-06
5.33929e-06
-3.28685e-06
-3.09934e-06
-4.8851e-06
4.37364e-06
-3.63963e-06
-3.47563e-06
-3.80679e-06
3.2141e-06
-3.88231e-06
-3.77234e-06
-2.61449e-06
1.96887e-06
-4.06651e-06
-3.97712e-06
-1.28998e-06
6.05282e-07
-4.18388e-06
-4.13945e-06
1.04747e-07
-7.9648e-07
-4.18027e-06
-4.2003e-06
1.46655e-06
-2.11865e-06
-4.07832e-06
-4.13664e-06
2.76156e-06
-3.39781e-06
-3.9575e-06
-4.02483e-06
3.99162e-06
-4.53894e-06
-3.74315e-06
-3.85489e-06
5.01063e-06
-5.40651e-06
-3.41167e-06
-3.59143e-06
5.73102e-06
-5.98216e-06
-3.05862e-06
-3.23467e-06
6.18434e-06
-6.3554e-06
-2.7393e-06
-2.89412e-06
6.46312e-06
-6.50633e-06
-2.42147e-06
-2.58362e-06
6.49532e-06
-6.43747e-06
-2.11256e-06
-2.26188e-06
6.33309e-06
-6.18488e-06
-1.84415e-06
-1.97447e-06
5.98761e-06
-5.74384e-06
-1.59911e-06
-1.71979e-06
5.4669e-06
-5.16409e-06
-1.36483e-06
-1.48207e-06
4.8258e-06
-4.4317e-06
-1.13937e-06
-1.24023e-06
3.97433e-06
-3.48658e-06
-9.21539e-07
-9.89433e-07
3.06517e-06
-2.72622e-06
-9.27203e-07
-9.31542e-07
2.32701e-06
-1.90315e-06
-8.16655e-07
-8.7592e-07
-1.28757e-06
1.4033e-06
-1.9465e-06
-1.82984e-06
-1.48386e-06
1.53301e-06
-2.13974e-06
-2.05221e-06
-1.55803e-06
1.55805e-06
-2.29212e-06
-2.22205e-06
-1.5311e-06
1.47529e-06
-2.39599e-06
-2.35264e-06
-1.39438e-06
1.28893e-06
-2.45596e-06
-2.43281e-06
-1.16128e-06
1.01113e-06
-2.46984e-06
-2.46842e-06
-8.38252e-07
6.44114e-07
-2.46921e-06
-2.46956e-06
-0.000128722
6.08504e-05
8.25862e-05
-9.38341e-05
6.8101e-05
-6.66993e-05
5.16001e-05
4.48328e-05
5.54524e-05
-0.000110026
7.82595e-05
7.95977e-05
-8.19351e-05
-0.000137047
-2.31462e-05
2.63715e-05
-2.07418e-05
-1.46201e-05
0.0003267
0.000410951
-7.19778e-06
5.64877e-06
1.37951e-05
5.39322e-05
5.36974e-05
-1.61984e-05
-1.42666e-05
1.65977e-05
-1.37726e-05
-1.53195e-05
-1.34864e-05
2.47392e-05
2.84763e-05
-2.86545e-05
4.32094e-07
9.95955e-07
-3.36937e-07
-5.58339e-07
-2.43207e-05
2.51938e-05
3.32643e-05
2.08537e-05
3.06352e-05
-3.0748e-05
-2.43726e-05
0.000249509
-1.50795e-05
8.89359e-06
1.41966e-05
5.63166e-06
3.64397e-06
1.37705e-05
-3.12098e-06
1.34865e-05
4.84285e-06
1.33936e-05
7.84068e-06
-1.3232e-05
1.19333e-05
1.44279e-05
-1.30384e-05
-1.51375e-05
-1.32335e-05
9.53729e-07
-1.07724e-06
-1.01718e-06
-3.90833e-05
1.65613e-05
4.32803e-07
-2.46988e-06
-5.81513e-05
-0.000509339
-0.000509415
-5.79573e-05
-2.98743e-06
-3.88617e-07
-1.01463e-06
3.70304e-05
3.42015e-05
3.18849e-05
2.93171e-05
5.4988e-05
1.5056e-05
-1.36229e-05
1.0341e-05
-1.61333e-05
-5.41933e-07
-1.0696e-06
-1.47973e-06
-7.37455e-07
-3.35336e-06
2.64882e-08
1.5819e-05
-1.2459e-05
1.51699e-05
-1.99035e-05
4.72448e-05
6.38983e-06
-1.31632e-05
-4.92083e-05
1.95679e-06
3.8553e-05
-4.32395e-06
-4.46572e-05
3.58223e-05
1.58963e-06
-4.92245e-05
3.13873e-06
-3.89338e-05
2.83604e-05
2.93249e-05
0.000331025
-8.94313e-06
1.00797e-05
1.48394e-05
4.02044e-05
-1.41375e-05
-1.21311e-05
3.22251e-05
1.72367e-05
3.78971e-05
7.94383e-05
3.89779e-05
-7.76822e-05
7.23767e-05
3.57336e-05
-5.08166e-05
5.3154e-07
1.24318e-06
-8.34222e-07
-4.65846e-05
5.69e-05
-7.04014e-05
3.43892e-05
1.82331e-05
-1.20416e-05
0.000266339
0.00026054
-6.48838e-05
5.13169e-05
7.0526e-06
1.42287e-05
9.91235e-06
-1.35674e-05
-1.04712e-06
1.16662e-06
-1.3417e-06
-1.24055e-06
-1.28121e-06
1.37072e-06
-1.51208e-06
-1.42838e-06
-1.42496e-06
1.4461e-06
-1.66933e-06
-1.59297e-06
-1.45112e-06
1.41708e-06
-1.78765e-06
-1.73936e-06
-1.35972e-06
1.28707e-06
-1.84102e-06
-1.82218e-06
-1.19834e-06
1.09355e-06
-1.84992e-06
-1.85077e-06
-9.80245e-07
8.44638e-07
-1.84345e-06
-1.84707e-06
-1.81938e-06
-3.11423e-06
3.85345e-06
2.09518e-07
2.43211e-07
-4.59734e-06
5.36724e-06
3.08496e-07
2.37791e-07
-6.15527e-06
7.01882e-06
4.59377e-07
3.8722e-07
-7.81871e-06
8.62732e-06
5.77752e-07
5.29684e-07
-9.39775e-06
1.02001e-05
7.20264e-07
6.64012e-07
-1.09698e-05
1.17091e-05
9.36814e-07
8.34291e-07
-1.24311e-05
1.31778e-05
1.22302e-06
1.08293e-06
-1.39925e-05
1.49775e-05
1.64474e-06
1.41532e-06
-1.62398e-05
1.78311e-05
2.50108e-06
2.01182e-06
-1.94769e-05
2.1146e-05
4.23437e-06
3.28565e-06
-2.30186e-05
2.47606e-05
6.06428e-06
5.14152e-06
-2.6254e-05
2.59803e-05
1.03983e-05
7.301e-06
1.48742e-05
3.28761e-05
-3.02581e-05
1.14599e-05
3.49908e-05
1.38004e-05
1.4722e-05
2.78002e-05
-2.5258e-05
7.34518e-06
9.27946e-06
2.2774e-05
-2.05013e-05
4.32559e-06
5.69168e-06
1.85342e-05
-1.69411e-05
2.38878e-06
3.22857e-06
1.57146e-05
-1.46836e-05
1.41544e-06
1.76576e-06
1.38139e-05
-1.29962e-05
1.11233e-06
1.23901e-06
1.2137e-05
-1.11976e-05
1.02823e-06
1.04124e-06
1.0261e-05
-9.33639e-06
7.08066e-07
8.73222e-07
8.48484e-06
-7.66928e-06
4.86042e-07
6.02781e-07
6.86931e-06
-6.10118e-06
3.37742e-07
3.99663e-07
5.35058e-06
-4.61649e-06
2.19094e-07
2.75645e-07
3.88609e-06
-3.15783e-06
1.62911e-07
1.76046e-07
-2.43909e-06
1.97937e-07
0.000654596
-0.000511515
-6.71398e-05
0.000810009
-6.59895e-05
0.000976877
-5.92151e-05
0.00116564
-5.45919e-05
0.00138123
-4.82439e-05
0.00162444
-4.07027e-05
0.00189128
-3.09734e-05
0.00217063
-1.8409e-05
0.00244572
-2.82006e-06
0.00269299
1.34271e-05
0.00289786
3.11327e-05
0.00301568
4.92089e-05
0.00305868
6.34861e-05
0.00308834
7.38477e-05
0.00306361
8.46197e-05
0.00275509
8.74679e-05
0.00139728
5.75989e-05
0.000908723
1.93498e-05
0.000661093
8.1878e-06
0.000515384
1.23666e-06
0.000412723
-1.21762e-06
0.000332673
-2.59178e-06
0.000267138
-4.63175e-06
0.000212848
1.0172e-05
-2.34958e-06
0.000167157
9.3725e-06
4.38504e-07
-1.95231e-07
7.76554e-06
8.83537e-05
-0.000105292
2.37796e-05
-2.81335e-05
-2.79951e-05
3.54634e-05
5.98629e-05
2.79203e-05
5.34423e-05
-6.00428e-05
-0.000375865
4.68376e-05
-0.000374447
3.85503e-05
-0.00037242
2.76354e-05
-0.000370684
1.43702e-05
-0.000369074
-1.70926e-07
-0.000368143
-1.46996e-05
-0.000368135
-2.79688e-05
-0.000369041
-3.8853e-05
-0.000370635
-4.70587e-05
-0.000372396
-5.36345e-05
-0.000374443
-6.02416e-05
-0.000375802
-6.69304e-05
-0.000378109
-3.69917e-05
3.44495e-05
2.68426e-05
-0.000227352
-1.81765e-06
0.000185763
-0.000277734
8.57862e-06
-0.000341817
7.29464e-06
-0.000423006
8.40004e-06
-0.000526361
1.01737e-05
-0.000672182
1.41487e-05
-0.000919004
2.03015e-05
-0.00140785
3.21591e-05
-0.00276423
7.06222e-05
-0.00306895
0.000102462
-0.00309072
9.58395e-05
-0.00306067
8.16656e-05
-0.00301763
6.87833e-05
-0.00289806
5.24781e-05
-0.00269312
3.35919e-05
-0.00244538
1.47387e-05
-0.00217052
-1.49455e-06
-0.00189129
-1.78559e-05
-0.00162455
-3.05655e-05
-0.00138133
-4.03989e-05
-0.00116576
-4.79453e-05
-0.00097696
-5.43506e-05
-0.000810033
-5.90296e-05
-0.00065461
-6.57908e-05
-0.000511516
-6.69387e-05
-0.000378129
-6.67037e-05
-4.24821e-05
4.16192e-05
3.21636e-05
2.42164e-05
2.42423e-05
7.73134e-05
2.94695e-05
1.26447e-05
-1.56502e-05
1.42746e-05
-1.13856e-05
-1.34143e-05
5.1818e-05
2.56886e-06
-4.37103e-05
-3.79817e-05
5.01468e-05
-2.78873e-05
-1.41267e-05
-1.42369e-05
1.52362e-05
-1.44245e-05
1.26178e-05
-1.64468e-05
-1.12375e-05
4.42071e-05
9.82811e-06
-4.48351e-05
-8.14527e-06
4.13903e-06
-2.51555e-06
5.52051e-07
2.55196e-05
8.31382e-06
-8.51287e-06
-1.26378e-05
6.82914e-07
5.94678e-06
-2.34232e-05
3.64418e-05
1.86129e-05
2.94928e-05
2.75384e-05
5.70733e-05
-9.29358e-05
-4.04833e-05
2.38553e-05
-1.53511e-06
2.53841e-05
5.27958e-05
-4.52805e-05
-2.81418e-05
-2.68716e-05
-0.000164111
1.85453e-05
0.000210551
2.00491e-05
3.67545e-05
2.09518e-05
3.66977e-06
-5.17646e-05
-7.63968e-06
-3.55794e-05
-9.97256e-07
2.21812e-05
-4.43809e-05
-7.62574e-07
-5.03266e-05
-6.96842e-08
9.9079e-06
2.37737e-05
-1.6401e-05
8.73563e-06
-2.6722e-06
1.61813e-05
4.33967e-06
1.51563e-05
1.50653e-05
6.61986e-06
-1.37663e-05
-1.62079e-05
1.26313e-05
-1.4387e-05
8.47583e-05
6.8313e-05
-0.00010264
7.29941e-05
5.36385e-05
6.02608e-05
4.30275e-05
4.64011e-05
3.51297e-05
3.21042e-05
2.69613e-05
1.80701e-05
1.90122e-05
-2.335e-06
2.92891e-05
-1.95709e-05
-0.000187804
6.84315e-05
4.43409e-05
2.1155e-06
-9.84931e-06
-4.89863e-06
-5.2412e-07
3.11833e-07
-1.76421e-06
-7.21501e-07
-1.79097e-06
-8.93757e-07
-1.79982e-06
-1.037e-06
-1.81871e-06
-1.16699e-06
-1.82655e-06
-1.2767e-06
-1.83775e-06
-1.3622e-06
-1.83887e-06
-1.43314e-06
-1.81731e-06
-1.4741e-06
-1.79891e-06
-1.49371e-06
-1.77166e-06
-1.48896e-06
-1.72764e-06
-1.45673e-06
-1.6751e-06
-1.39549e-06
-1.6156e-06
-1.31582e-06
-1.54602e-06
-1.20222e-06
-1.47666e-06
-1.07081e-06
-1.38678e-06
-9.20121e-07
-1.2954e-06
-7.63919e-07
-1.2075e-06
-6.25234e-07
-1.08743e-06
1.3666e-06
1.80953e-06
-6.35849e-07
2.24468e-06
-6.9636e-07
2.66465e-06
-7.35276e-07
3.06352e-06
-7.66094e-07
3.47904e-06
-7.83188e-07
3.912e-06
-7.81853e-07
4.33637e-06
-8.31514e-07
4.71973e-06
-9.34096e-07
5.05714e-06
-9.92029e-07
5.36055e-06
-1.08198e-06
5.62204e-06
-1.15478e-06
5.85707e-06
-1.24827e-06
6.04654e-06
-1.3386e-06
6.1875e-06
-1.43003e-06
6.28127e-06
-1.52082e-06
6.32684e-06
-1.61123e-06
6.32541e-06
-1.70599e-06
6.27354e-06
-1.80886e-06
6.16315e-06
-1.92368e-06
5.99572e-06
-2.03643e-06
5.78051e-06
-2.13723e-06
5.52257e-06
-2.25498e-06
5.19474e-06
-2.38317e-06
4.80349e-06
-2.50698e-06
4.34694e-06
-2.62101e-06
3.83408e-06
-2.72348e-06
3.27672e-06
-2.8103e-06
2.66744e-06
-2.87942e-06
2.04178e-06
-2.93008e-06
1.40411e-06
-2.96699e-06
7.4457e-07
-3.00026e-06
6.73661e-08
-3.02197e-06
-6.13944e-07
-3.03161e-06
-1.28346e-06
-3.0165e-06
-1.9323e-06
-2.99122e-06
-2.5593e-06
-2.94304e-06
-3.15278e-06
-2.88401e-06
-3.71837e-06
-2.8172e-06
-4.25066e-06
-2.74127e-06
-4.73607e-06
-2.65308e-06
-5.15417e-06
-2.54654e-06
-5.50024e-06
-2.42189e-06
-5.778e-06
-2.29039e-06
-5.99489e-06
-2.15158e-06
-6.14822e-06
-2.02407e-06
-6.22363e-06
-1.89043e-06
-6.24274e-06
-1.7613e-06
-6.24853e-06
-1.60483e-06
-6.17391e-06
-1.54687e-06
-6.08252e-06
-1.43591e-06
-5.94158e-06
-1.34685e-06
-5.75284e-06
-1.25804e-06
-5.52659e-06
-1.17926e-06
-5.26503e-06
-1.09305e-06
-4.97197e-06
-1.00346e-06
-4.64143e-06
-9.31151e-07
-4.28567e-06
-8.63955e-07
-3.91741e-06
-8.10676e-07
-3.54757e-06
-7.76089e-07
-3.18057e-06
-7.54912e-07
-2.80369e-06
-7.50776e-07
-2.44222e-06
-7.40158e-07
-5.96634e-05
5.41317e-05
-0.00024642
-6.52701e-05
-0.000248569
-0.000505161
0.000650291
-7.62804e-05
-0.000372856
-7.17898e-05
1.49966e-06
-3.66837e-07
-9.17643e-07
-2.86997e-05
2.36198e-05
-4.16147e-05
1.6396e-05
-2.08982e-06
-7.04612e-07
-5.61131e-07
-7.66338e-06
6.57719e-07
-7.36992e-07
8.14852e-07
-8.29666e-07
9.76174e-07
-8.99301e-07
1.1119e-06
-9.51593e-07
1.21926e-06
-1.00653e-06
1.30469e-06
-1.0513e-06
1.36934e-06
-1.09718e-06
1.40735e-06
-1.13396e-06
1.42251e-06
-1.16907e-06
1.40966e-06
-1.18799e-06
1.3733e-06
-1.20034e-06
1.31186e-06
-1.20992e-06
1.22127e-06
-1.21802e-06
1.11834e-06
-1.2146e-06
1.0284e-06
-1.2186e-06
-8.11508e-07
6.49116e-07
-1.15302e-06
-9.26757e-07
-1.18182e-06
-1.20237e-06
2.30988e-06
-1.58637e-06
3.76591e-08
3.02627e-06
-2.34791e-08
3.75483e-06
-5.72822e-08
4.49059e-06
-5.13349e-08
5.23357e-06
-2.08732e-08
5.99052e-06
1.44014e-08
6.77089e-06
4.7962e-08
7.57179e-06
8.36222e-08
8.40586e-06
1.1948e-07
9.25484e-06
2.02842e-07
1.01395e-05
2.58568e-07
1.10414e-05
3.62294e-07
1.19299e-05
4.28414e-07
1.26891e-05
4.66408e-07
1.34697e-05
5.21027e-07
1.43772e-05
6.68722e-07
1.54953e-05
8.66459e-07
1.68992e-05
1.1578e-06
1.86765e-05
1.51189e-06
2.07816e-05
1.93667e-06
2.32096e-05
2.40819e-06
2.5955e-05
3.12319e-06
2.88904e-05
4.15242e-06
3.18623e-05
5.47151e-06
3.50803e-05
6.80754e-06
-3.82266e-05
9.64131e-06
8.8855e-06
7.49518e-06
4.1128e-05
-2.84645e-05
1.35235e-05
-2.76182e-05
8.56842e-06
-2.58996e-05
5.0521e-06
-2.38793e-05
3.74164e-06
-2.19082e-05
3.0004e-06
-1.99677e-05
2.42944e-06
-1.80265e-05
1.84247e-06
-1.63089e-05
1.40276e-06
-1.49214e-05
1.07805e-06
-1.38903e-05
8.58839e-07
-1.30536e-05
6.90063e-07
-1.23208e-05
5.6441e-07
-1.15861e-05
4.70923e-07
-1.08425e-05
3.94485e-07
-1.00725e-05
3.30749e-07
-9.31597e-06
2.92877e-07
-8.50889e-06
2.45448e-07
-7.70389e-06
2.05177e-07
-6.87685e-06
1.70765e-07
-6.05982e-06
1.31926e-07
-5.25516e-06
9.09585e-08
-4.47519e-06
4.43509e-08
-3.72423e-06
6.94865e-09
2.9878e-06
2.99381e-08
-2.26852e-06
-7.34158e-09
5.31597e-05
-1.90014e-05
2.83766e-06
-7.16521e-07
-1.15992e-06
-8.47437e-07
-1.18661e-06
-9.5947e-07
-1.21531e-06
-1.06485e-06
-1.22168e-06
-1.16546e-06
-1.22418e-06
-1.25343e-06
-1.224e-06
-1.31933e-06
-1.21954e-06
-1.36184e-06
-1.21015e-06
-1.38317e-06
-1.18997e-06
-1.3818e-06
-1.16001e-06
-1.34954e-06
-1.12303e-06
-1.29534e-06
-1.07442e-06
-1.20412e-06
-1.0302e-06
-1.08572e-06
-9.76365e-07
-9.53185e-07
-9.1443e-07
-8.04751e-07
-8.53049e-07
6.13772e-07
-7.01913e-07
1.09165e-06
-5.54261e-07
-7.84204e-07
2.07633e-06
1.67889e-06
-5.21982e-07
2.12647e-06
-5.76194e-07
2.561e-06
-5.90423e-07
2.97477e-06
-6.01084e-07
3.38778e-06
-6.14255e-07
3.79613e-06
-6.0899e-07
4.21655e-06
-6.61698e-07
4.56014e-06
-6.86134e-07
4.89769e-06
-7.40277e-07
5.18204e-06
-7.77926e-07
5.45108e-06
-8.28382e-07
5.68208e-06
-8.81752e-07
5.86234e-06
-9.34921e-07
5.99984e-06
-9.94755e-07
6.0915e-06
-1.05059e-06
6.13049e-06
-1.10226e-06
6.11654e-06
-1.15034e-06
6.05902e-06
-1.20321e-06
5.94824e-06
-1.26365e-06
5.77042e-06
-1.324e-06
5.55367e-06
-1.39085e-06
5.29482e-06
-1.45326e-06
4.97838e-06
-1.5294e-06
4.59578e-06
-1.6032e-06
4.15868e-06
-1.66597e-06
3.6713e-06
-1.72102e-06
3.13449e-06
-1.76642e-06
2.55954e-06
-1.80532e-06
1.9614e-06
-1.83301e-06
1.34405e-06
-1.8542e-06
7.10142e-07
-1.86803e-06
5.88132e-08
-1.87623e-06
-6.01048e-07
-1.87519e-06
-1.24595e-06
-1.86402e-06
-1.87316e-06
-1.8485e-06
-2.47715e-06
-1.82634e-06
-3.05502e-06
-1.7947e-06
-3.5979e-06
-1.76196e-06
-4.10214e-06
-1.72466e-06
-4.55732e-06
-1.67928e-06
-4.95952e-06
-1.61776e-06
-5.29534e-06
-1.54938e-06
-5.56841e-06
-1.47298e-06
-5.77488e-06
-1.40207e-06
-5.92941e-06
-1.32178e-06
-6.01708e-06
-1.24422e-06
-6.06216e-06
-1.16114e-06
-6.02116e-06
-1.10156e-06
-5.99039e-06
-1.0329e-06
-5.8859e-06
-9.89861e-07
-5.75088e-06
-9.26248e-07
-5.55662e-06
-8.87524e-07
-5.34187e-06
-8.26783e-07
-5.08511e-06
-7.85073e-07
-4.79009e-06
-7.32781e-07
-4.46678e-06
-6.8756e-07
-4.12829e-06
-6.39269e-07
-3.75937e-06
-6.17651e-07
-3.38593e-06
-5.9244e-07
-3.00441e-06
-5.79946e-07
-2.62363e-06
-5.75858e-07
-2.25826e-06
-5.532e-07
-1.87509e-06
-5.43776e-07
-4.3765e-07
-1.93797e-05
4.60451e-05
-6.89579e-07
2.05871e-07
-2.03628e-08
2.37428e-07
-4.56846e-07
6.66493e-07
8.83024e-06
-1.44725e-05
6.46116e-06
-1.70891e-05
7.57059e-06
2.70279e-06
-2.91787e-05
1.42673e-05
-4.18642e-05
2.14263e-05
-5.35562e-05
2.65739e-05
-6.50164e-05
3.15617e-05
-7.41909e-05
3.73719e-05
-7.7467e-05
4.47736e-05
-9.26741e-05
8.38417e-05
-0.000103379
-0.000172001
0.000147595
2.55709e-05
-3.50459e-05
-0.000224302
1.12628e-05
-0.000275414
1.00773e-05
-0.000339311
1.02156e-05
-0.000418573
1.20202e-05
-0.000520706
1.46876e-05
-0.000663319
1.90335e-05
-0.000901607
2.65093e-05
-0.00137416
4.15397e-05
-0.00272135
8.76497e-05
-0.00307543
0.000131659
-0.00311149
0.000110759
-0.00308617
9.05941e-05
-0.00303881
6.53769e-05
-0.00292674
4.28592e-05
-0.00271607
2.70197e-05
-0.0024666
9.3234e-06
-0.00218612
-8.26685e-06
-0.00190028
-2.47143e-05
-0.00162847
-3.8294e-05
-0.00138232
-4.81193e-05
-0.00116494
-5.53442e-05
-0.000975424
-6.15313e-05
0.000650381
-0.000505263
-7.60995e-05
0.000807547
-7.43164e-05
-6.75287e-05
-1.56032e-05
1.03062e-05
1.59578e-05
5.61587e-06
-3.84489e-05
3.57564e-05
-3.54492e-05
-2.49996e-05
1.68787e-05
-5.12262e-07
-5.35035e-05
-3.27581e-05
-2.6253e-06
1.97264e-05
-4.29498e-05
-2.98515e-06
-5.02201e-05
-3.06338e-06
-5.56099e-05
-2.62243e-06
-1.14031e-05
2.8391e-06
-2.98113e-05
2.18053e-05
0.000206832
5.43341e-05
-5.98488e-05
-0.00024638
4.81345e-05
-0.000245179
4.0081e-05
-0.000243813
2.90284e-05
-0.000242849
1.53403e-05
-0.000241977
1.43203e-07
-0.000241514
-1.50377e-05
-0.000241521
-2.87136e-05
-0.000241991
-3.98004e-05
-0.000242876
-4.79135e-05
-0.000243798
-0.000245177
4.04546e-05
-2.41143e-06
-3.01547e-06
3.91807e-05
-4.0944e-05
2.46899e-05
2.51677e-05
1.28996e-05
1.01718e-05
-7.36772e-06
-1.75419e-05
6.60136e-06
-3.39253e-05
1.55161e-05
2.28015e-05
-2.69076e-05
-1.79632e-05
1.17298e-05
5.08895e-05
-5.02305e-05
-6.57598e-05
2.269e-05
5.24561e-05
2.63234e-05
-0.000132967
1.41306e-05
-0.00016652
1.06435e-05
-0.00021039
6.2053e-06
-0.000262855
2.97739e-06
-0.000328932
2.91503e-06
-0.000408301
3.73907e-06
-0.000510675
6.23546e-06
-0.000654498
9.80795e-06
-0.000893138
1.76378e-05
-0.0013655
3.29553e-05
-0.00270885
7.84598e-05
-0.00306754
0.000122764
-0.00310728
0.000103306
-0.00308275
8.37386e-05
-0.00303697
6.19005e-05
-0.00292575
4.03034e-05
-0.00271582
2.54176e-05
-0.00246629
8.09179e-06
-0.00218603
-9.04902e-06
-0.00190019
-2.51435e-05
-0.00162839
-3.85717e-05
-0.00138219
-4.83568e-05
-0.00116482
-5.55245e-05
-0.000975287
-6.17061e-05
-0.000807434
-6.76391e-05
-7.44302e-05
-6.66318e-05
-9.00634e-05
2.99951e-05
3.44168e-05
3.43226e-05
3.46206e-05
1.23547e-05
-4.58213e-06
-1.28302e-05
-1.36861e-05
3.64851e-06
4.00313e-07
-1.08936e-06
-6.54767e-05
-0.000248538
-0.000372947
-7.16036e-05
1.43207e-05
-1.67853e-05
1.26842e-06
-1.9273e-06
-9.90289e-06
-2.10943e-05
4.37277e-05
9.22759e-05
-7.00127e-05
-0.000245426
-6.84514e-05
-6.86195e-05
-0.000245366
-5.5645e-07
-1.61226e-07
2.67826e-05
6.32137e-06
4.88776e-06
-4.59366e-06
5.1348e-05
-8.03642e-06
-1.86497e-05
1.03674e-05
1.77215e-05
3.63029e-06
4.3782e-05
-8.71102e-06
1.76984e-07
-4.49676e-07
-8.41372e-06
8.77781e-06
3.94951e-06
-3.77009e-05
1.18667e-05
3.47877e-06
-1.30003e-05
-2.26609e-05
2.76623e-06
1.72083e-05
4.02818e-05
-0.000601356
0.000747051
-7.10267e-05
0.000466716
-0.000345816
-6.3421e-05
-7.12508e-05
-0.000906005
0.00108968
-6.31301e-05
-6.79069e-05
-0.00130381
0.00154926
-5.40023e-05
-5.94002e-05
-0.00182234
0.00210963
-3.44627e-05
-4.59897e-05
-0.00239143
0.00264665
1.70489e-06
-1.83198e-05
-0.00285714
0.00297987
3.23144e-05
1.9462e-05
-0.00303489
0.00307408
7.94521e-05
5.20036e-05
-0.0030469
0.00266264
0.000143154
0.000107285
-0.00131542
0.000861707
4.37546e-05
9.63907e-05
-0.000634192
0.000495633
1.68459e-05
2.64768e-05
-0.000396007
0.000317838
9.2133e-06
1.20967e-05
-0.000254643
0.000203133
6.55723e-06
7.32536e-06
-0.0001618
0.000129252
1.01233e-05
7.82015e-06
-0.000102867
8.54967e-05
1.58326e-05
1.26454e-05
-7.34253e-05
6.06786e-05
1.69363e-05
1.78348e-05
-4.6216e-05
4.92958e-05
2.15305e-05
-4.61442e-05
1.80576e-05
-3.52448e-05
2.13387e-05
1.07039e-05
1.44922e-05
-4.96754e-06
-1.29097e-05
1.36774e-06
6.39012e-06
2.47001e-05
-3.67452e-05
-1.87548e-06
-1.92583e-06
4.74182e-05
-3.71141e-05
-2.37334e-06
-1.28416e-05
-6.12228e-08
-2.68899e-06
-3.73652e-05
1.55489e-07
-5.63246e-05
4.91878e-05
-0.00011705
6.26518e-05
-6.89454e-05
-0.000119392
-0.000118381
-4.06467e-05
2.93877e-05
-0.000115356
-0.000116158
-1.54738e-05
-1.14861e-07
-0.000114212
-0.000114672
1.57386e-05
-2.96717e-05
-0.000114645
-0.000114205
4.09291e-05
-4.94213e-05
-0.000116124
-0.000115328
5.65398e-05
-6.28554e-05
-0.000118359
-0.000117038
-7.35081e-05
-0.000118654
-0.000226874
-6.28904e-05
6.91486e-05
-7.36757e-05
-0.000118648
-0.000119379
0.000160817
2.54309e-05
3.36795e-07
-1.09141e-06
-4.72907e-06
4.99685e-05
-4.40704e-05
2.62778e-06
1.1879e-05
0.000345932
-0.000226962
-6.28003e-05
-0.000466876
0.000601538
-7.11512e-05
-6.33225e-05
-0.000747276
0.000906206
-6.7834e-05
-7.09694e-05
-0.00108987
0.00130396
-5.93253e-05
-6.30651e-05
-0.00154942
0.00182248
-4.58722e-05
-5.39088e-05
-0.00210984
0.00239178
-1.78095e-05
-3.42658e-05
-0.00264761
0.00285865
2.03898e-05
2.18287e-06
-0.00298285
0.0030392
5.39074e-05
3.34483e-05
-0.00308209
0.00305739
0.000111744
8.2351e-05
-0.00267451
0.00132444
0.000101263
0.000148302
-0.000870129
0.000643203
3.11476e-05
4.8291e-05
-0.000505762
0.00040705
1.65227e-05
2.16245e-05
-0.000329986
0.000267489
1.12487e-05
1.35198e-05
-0.00021559
0.000172533
1.11997e-05
1.07347e-05
1.03669e-05
0.000148058
7.10598e-05
2.17093e-05
-7.26717e-05
-6.24832e-05
5.27524e-05
1.903e-05
2.13886e-05
-4.34945e-05
3.36613e-05
1.42109e-05
1.64915e-05
-2.20013e-05
7.58484e-06
7.23977e-06
1.02646e-05
1.04765e-05
-2.23178e-05
-3.45257e-06
2.97747e-06
1.39452e-06
3.15082e-05
-3.8879e-05
-3.14005e-06
-3.41884e-06
-2.6811e-06
-3.37924e-07
5.86657e-07
-4.26242e-07
5.67734e-07
-4.45097e-07
-1.02691e-06
1.46307e-06
-3.70778e-07
-3.80936e-07
-1.84287e-06
2.21922e-06
-3.68851e-07
-3.72568e-07
-2.57564e-06
2.93073e-06
-3.71365e-07
-3.68613e-07
-3.27901e-06
3.6127e-06
-3.86925e-07
-3.77869e-07
-3.93805e-06
4.23472e-06
-4.12962e-07
-3.98174e-07
-4.50526e-06
4.74378e-06
-4.48147e-07
-4.30401e-07
-4.95559e-06
5.12067e-06
-4.81998e-07
-4.6379e-07
-5.26082e-06
5.3538e-06
-5.18159e-07
-4.99916e-07
-5.41185e-06
5.4125e-06
-5.5407e-07
-5.35006e-07
-5.37255e-06
5.28267e-06
-5.95975e-07
-5.71882e-07
-5.14711e-06
4.95314e-06
-6.53484e-07
-6.2609e-07
-4.70873e-06
4.4085e-06
-7.02942e-07
-6.78034e-07
-4.05502e-06
3.65097e-06
-7.45315e-07
-7.2613e-07
-3.20658e-06
2.72623e-06
-7.67093e-07
-7.59276e-07
-2.21474e-06
1.67562e-06
-7.81476e-07
-7.74255e-07
-1.11481e-06
5.35269e-07
-7.88742e-07
-7.86236e-07
5.22072e-08
-6.33564e-07
-7.9507e-07
-7.93141e-07
1.19528e-06
-1.73817e-06
-7.9659e-07
-7.95532e-07
2.2625e-06
-2.76565e-06
-7.84731e-07
-7.92089e-07
3.23955e-06
-3.6754e-06
-7.62605e-07
-7.75496e-07
4.06654e-06
-4.40353e-06
-7.22484e-07
-7.44856e-07
4.68556e-06
-4.92605e-06
-6.69566e-07
-6.94563e-07
5.13275e-06
-5.28597e-06
-6.27561e-07
-6.47841e-07
5.39264e-06
-5.45599e-06
-5.94362e-07
-6.10959e-07
5.47147e-06
-5.43648e-06
-5.66972e-07
-5.81113e-07
5.3518e-06
-5.22587e-06
-5.30229e-07
-5.50236e-07
5.06264e-06
-4.86293e-06
-4.87467e-07
-5.07854e-07
4.62662e-06
-4.36377e-06
-4.52911e-07
-4.69552e-07
4.07386e-06
-3.74338e-06
-4.22987e-07
-4.39461e-07
3.39766e-06
-3.01554e-06
-3.99065e-07
-4.10965e-07
2.63952e-06
-2.25192e-06
-3.92244e-07
-3.95826e-07
1.85087e-06
-1.4378e-06
-3.94253e-07
-3.90817e-07
-3.87162e-07
-4.4278e-07
6.28404e-07
-4.55439e-07
-4.44689e-07
-7.81592e-07
9.2565e-07
-4.95135e-07
-4.63604e-07
-1.04091e-06
1.125e-06
-5.39474e-07
-5.18252e-07
-1.18342e-06
1.21105e-06
-5.74709e-07
-5.59563e-07
-1.21778e-06
1.20286e-06
-5.94015e-07
-5.86219e-07
-1.16193e-06
1.09344e-06
-6.01e-07
-5.98805e-07
-1.00517e-06
9.12013e-07
-6.02911e-07
-6.01697e-07
-8.26481e-07
7.52781e-07
-6.05475e-07
-6.03304e-07
-6.7915e-07
5.78126e-07
-5.70918e-07
-5.89189e-07
1.31687e-05
4.3169e-05
-4.86253e-07
4.06559e-07
1.28321e-05
-2.50195e-06
3.1927e-06
-1.679e-07
-1.79187e-06
-1.60754e-07
-3.88368e-06
4.59405e-06
-1.44992e-07
-1.55473e-07
-5.33053e-06
6.08068e-06
-1.16655e-07
-1.30939e-07
-6.83327e-06
7.56593e-06
-8.82403e-08
-1.03122e-07
-8.2757e-06
8.96479e-06
-6.31013e-08
-7.46693e-08
-9.61862e-06
1.02584e-05
-2.94805e-08
-4.66742e-08
-1.08848e-05
1.15231e-05
2.75796e-08
-9.69018e-09
-1.22547e-05
1.31955e-05
1.62667e-07
8.20108e-08
-1.44597e-05
1.60992e-05
3.55455e-07
2.58358e-07
-1.79269e-05
1.97725e-05
6.08001e-07
4.46843e-07
-2.16686e-05
2.39265e-05
1.02975e-06
7.80113e-07
-2.69311e-05
3.16223e-05
2.93775e-06
1.4941e-06
-3.93973e-05
4.03387e-05
5.11096e-06
-8.56593e-06
3.99482e-06
7.01467e-06
3.45595e-05
-3.11773e-05
3.68449e-06
4.77807e-06
2.81469e-05
-2.5141e-05
1.73456e-06
2.41988e-06
2.24263e-05
-2.00511e-05
8.90371e-07
1.22135e-06
1.80017e-05
-1.63106e-05
7.14581e-07
7.27486e-07
1.48931e-05
-1.36872e-05
6.13981e-07
7.1862e-07
1.26948e-05
-1.18786e-05
2.98775e-07
4.57605e-07
1.11992e-05
-1.053e-05
8.37352e-08
1.64292e-07
9.7893e-06
-8.99939e-06
-2.96181e-08
1.67455e-08
8.2339e-06
-7.45453e-06
-1.08235e-07
-6.29141e-08
6.7306e-06
-5.99794e-06
-1.46038e-07
-1.15174e-07
5.29507e-06
-4.61002e-06
-1.65043e-07
-1.52899e-07
3.93852e-06
-3.27926e-06
-1.84007e-07
-1.77133e-07
2.60858e-06
-1.90719e-06
-1.98047e-07
-1.93576e-07
-1.34129e-07
-1.23658e-06
8.72216e-06
-5.91975e-08
-1.94895e-07
6.52079e-07
-7.3779e-07
-5.76945e-07
-5.17447e-07
4.97036e-07
8.06072e-07
-8.77686e-07
-6.00148e-07
-5.92289e-07
9.65632e-07
-1.05139e-06
-6.02035e-07
-5.99868e-07
1.13586e-06
-1.20029e-06
-6.0064e-07
-6.02238e-07
1.23719e-06
-1.24674e-06
-5.99873e-07
-5.99878e-07
1.23493e-06
-1.19664e-06
-5.85141e-07
-5.95416e-07
1.13861e-06
-1.05782e-06
-5.5207e-07
-5.69739e-07
9.56842e-07
-8.26013e-07
-5.12058e-07
-5.32382e-07
6.73721e-07
-4.95468e-07
-4.65671e-07
-4.8859e-07
5.6697e-05
-4.49342e-07
-2.98422e-07
-2.47675e-05
1.89583e-05
1.90651e-08
5.07519e-07
-6.35132e-09
-6.87398e-05
-0.000105703
-0.000105694
-6.88389e-05
-1.32895e-05
8.78107e-08
1.47697e-07
5.66361e-07
2.5671e-07
3.66816e-07
4.5893e-07
5.29109e-07
5.79884e-07
6.14242e-07
6.36248e-07
6.48155e-07
6.48379e-07
6.30368e-07
5.92733e-07
5.36595e-07
4.7048e-07
4.05017e-07
3.46265e-07
2.94236e-07
2.57215e-07
2.26367e-07
2.01665e-07
2.94162e-07
4.11819e-07
7.67562e-07
-3.66907e-07
1.14363e-06
1.5177e-06
1.87572e-06
2.21826e-06
2.55839e-06
2.90843e-06
3.25872e-06
3.61824e-06
3.96189e-06
4.32366e-06
4.67352e-06
4.9862e-06
5.25034e-06
5.47303e-06
5.70989e-06
5.98969e-06
6.30234e-06
6.64114e-06
7.10346e-06
7.76492e-06
8.58757e-06
9.46301e-06
1.03878e-05
1.13531e-05
1.2922e-05
1.52529e-05
-1.89502e-05
-1.63795e-05
-1.37568e-05
-1.12236e-05
-9.81217e-06
-8.91621e-06
-8.30353e-06
-7.63977e-06
-6.89279e-06
-6.15279e-06
-5.60513e-06
-5.25735e-06
-5.03431e-06
-4.85753e-06
-4.68373e-06
-4.48046e-06
-4.24182e-06
-3.97392e-06
-3.66821e-06
-3.32551e-06
-2.95528e-06
-2.57256e-06
-2.19281e-06
-1.81914e-06
-1.444e-06
-1.06682e-06
-6.88938e-07
-2.93037e-07
-1.00258e-06
-8.83526e-06
-2.03772e-07
2.11984e-07
4.62684e-07
-2.17781e-07
-2.55473e-07
-2.83892e-07
-3.29421e-07
-3.84629e-07
-4.5229e-07
-5.21961e-07
-5.78847e-07
-6.14215e-07
-6.33836e-07
-6.44123e-07
-6.41452e-07
-6.19433e-07
-5.75131e-07
-5.10431e-07
-4.27539e-07
-3.28206e-07
-2.29207e-07
-1.27137e-07
4.42893e-07
-2.15998e-07
6.83323e-07
9.29781e-07
1.16414e-06
1.38351e-06
1.59134e-06
1.79249e-06
1.98044e-06
2.15253e-06
2.30257e-06
2.4396e-06
2.56338e-06
2.66739e-06
2.75363e-06
2.82157e-06
2.86836e-06
2.88966e-06
2.88041e-06
2.84025e-06
2.77511e-06
2.69318e-06
2.58664e-06
2.45662e-06
2.31063e-06
2.13871e-06
1.93346e-06
1.70067e-06
1.44933e-06
1.18585e-06
9.10379e-07
6.25256e-07
3.31902e-07
3.13045e-08
-2.7469e-07
-5.83183e-07
-8.87685e-07
-1.17816e-06
-1.45058e-06
-1.70547e-06
-1.94258e-06
-2.15575e-06
-2.34119e-06
-2.49701e-06
-2.62366e-06
-2.72013e-06
-2.78605e-06
-2.82684e-06
-2.84782e-06
-2.84606e-06
-2.81567e-06
-2.76099e-06
-2.68551e-06
-2.58895e-06
-2.46943e-06
-2.33381e-06
-2.18463e-06
-2.02131e-06
-1.84534e-06
-1.66082e-06
-1.46711e-06
-1.26469e-06
-1.05716e-06
-8.43203e-07
-6.19202e-07
-3.9933e-07
-2.27687e-07
-1.26192e-07
-4.67382e-08
3.84322e-08
8.96002e-06
4.52653e-06
-2.41145e-06
-1.04087e-05
-2.10768e-05
-3.0456e-05
-3.67375e-05
-4.14454e-05
-4.50116e-05
-4.95905e-05
-5.44925e-05
-5.91073e-05
-6.46166e-05
-9.8272e-05
5.947e-07
-0.000108733
-2.75488e-05
-0.000136833
-0.000170355
-0.000211632
-0.0002616
-0.000322266
-0.000399229
-0.000506906
-0.00068646
-0.00106222
-0.00220743
-0.00263168
-0.00255418
-0.00242707
-0.00230783
-0.00213466
-0.00192851
-0.00168386
-0.00142297
-0.00117084
-0.000943925
-0.00075149
-0.000595958
-0.000475156
-0.000384603
-0.00030638
-0.00023641
-0.000170033
-0.000108455
-4.72069e-05
-1.8418e-05
1.33104e-05
-6.80311e-07
1.9094e-05
-1.84672e-05
-5.01256e-05
4.27666e-05
0.000113746
7.07923e-05
-6.41779e-05
6.82641e-05
6.37039e-05
5.75396e-05
5.04226e-05
4.18737e-05
3.05047e-05
1.62355e-05
1.09046e-07
-1.59805e-05
-3.02254e-05
-4.15846e-05
-5.01883e-05
-5.73239e-05
-6.34998e-05
-6.80647e-05
-7.06257e-05
-6.40788e-05
9.11693e-06
-1.57459e-05
7.80009e-07
-9.80253e-06
-2.21626e-05
-3.24355e-05
-4.01845e-05
-4.58108e-05
-4.98344e-05
-4.84073e-05
-5.20605e-05
-5.93121e-05
-6.8164e-05
-8.07853e-05
-9.91468e-05
-0.000123987
-0.000156435
-0.000197683
-0.000247985
-0.000309858
-0.000388063
-0.000496722
-0.000676447
-0.00105108
-0.00219229
-0.00261977
-0.00254648
-0.00242229
-0.00230493
-0.00213282
-0.00192754
-0.00168327
-0.0014227
-0.0011706
-0.000943673
-0.000751227
-0.000595675
-0.000474857
-0.000384306
-0.000306112
-0.000236227
-0.000169922
-0.000108391
-4.71785e-05
-1.84116e-05
3.27104e-05
1.19691e-05
1.52548e-07
6.8064e-07
)
;

boundaryField
{
    wall
    {
        type            calculated;
        value           uniform 0;
    }
    outlet
    {
        type            calculated;
        value           nonuniform List<scalar> 
20
(
1.56061e-05
9.10681e-06
1.10577e-05
1.14975e-05
1.29126e-05
1.36292e-05
1.43948e-05
1.49525e-05
1.53587e-05
1.53542e-05
1.49215e-05
1.43624e-05
1.35726e-05
1.2895e-05
1.14952e-05
1.1091e-05
9.15618e-06
1.56719e-05
2.2412e-05
2.24044e-05
)
;
    }
    frontAndBackPlanes
    {
        type            empty;
        value           nonuniform List<scalar> 0();
    }
}


// ************************************************************************* //
