/*--------------------------------*- C++ -*----------------------------------*\
| =========                 |                                                 |
| \\      /  F ield         | OpenFOAM: The Open Source CFD Toolbox           |
|  \\    /   O peration     | Version:  2212                                  |
|   \\  /    A nd           | Website:  www.openfoam.com                      |
|    \\/     M anipulation  |                                                 |
\*---------------------------------------------------------------------------*/
FoamFile
{
    version     2.0;
    format      ascii;
    arch        "LSB;label=32;scalar=64";
    class       volVectorField;
    location    "0.0056";
    object      U;
}
// * * * * * * * * * * * * * * * * * * * * * * * * * * * * * * * * * * * * * //

dimensions      [0 1 -1 0 0 0 0];

internalField   nonuniform List<vector> 
2681
(
(-0.000231125 0.000715945 -6.23935e-17)
(-0.145183 0.620741 0)
(-0.0722356 0.543205 -9.32512e-17)
(2.78965e-05 0.000117186 -2.76084e-16)
(-0.028089 0.748083 6.45302e-17)
(0.120176 0.565969 1.58654e-16)
(-1.57943e-05 3.52857e-05 -6.86649e-17)
(-3.35723e-05 0.000125117 8.92834e-18)
(-3.61586e-05 0.000121593 1.77024e-17)
(-3.79653e-05 0.000118447 -4.45632e-18)
(3.61582e-05 0.000126003 0)
(2.8019e-05 9.46903e-05 -4.73411e-18)
(3.1399e-05 9.88507e-05 -4.59654e-18)
(-9.34484e-06 5.21249e-05 0)
(2.23741e-05 8.94406e-05 -2.10124e-17)
(-1.56609e-05 8.21772e-05 3.44212e-17)
(-9.8161e-06 6.49436e-05 0)
(3.65999e-05 0.000123837 -2.20037e-17)
(3.51331e-05 0.000125365 9.75083e-17)
(3.02283e-05 0.000121722 -1.12651e-16)
(3.76007e-05 0.000123866 -3.62719e-16)
(3.09952e-05 0.000103451 2.6707e-17)
(3.19571e-05 0.000109039 -1.06688e-16)
(3.57977e-05 0.000111335 7.18723e-17)
(2.92744e-05 9.67923e-05 -3.98776e-17)
(2.64945e-05 0.000100383 0)
(3.52929e-05 0.000122834 -8.35997e-17)
(2.73125e-05 0.000128321 7.83212e-18)
(4.25644e-05 0.000124685 3.55857e-17)
(4.47221e-05 0.000119186 4.26726e-17)
(3.6502e-05 0.000121647 -2.0175e-17)
(3.60301e-05 0.000108932 4.18331e-17)
(3.98693e-05 0.000112523 -3.65094e-17)
(3.50491e-05 0.000105907 1.84943e-17)
(3.752e-05 0.000109966 0)
(3.4412e-05 0.000103601 -2.73842e-17)
(-3.21544e-05 0.000113732 6.91676e-17)
(-3.16478e-05 0.000101321 8.2888e-18)
(-2.47775e-05 9.77559e-05 -1.6528e-17)
(-2.96571e-05 9.61286e-05 -1.67531e-17)
(-2.80313e-05 9.38439e-05 3.08466e-17)
(-3.28613e-05 0.000100382 0)
(-3.38496e-05 0.000101441 -8.74589e-18)
(-4.14681e-05 0.000112129 0)
(-3.60823e-05 0.000104774 0)
(0.00277671 0.693264 0)
(-3.61291e-05 0.00011569 4.51503e-18)
(-3.53393e-05 0.000123153 -3.51833e-17)
(2.94085e-05 0.000121973 0)
(-3.35833e-05 0.000125208 -8.94098e-18)
(-3.46495e-05 0.00012451 4.72412e-28)
(-2.34651e-05 9.14275e-05 6.58004e-17)
(-1.46264e-05 6.84413e-05 4.91996e-18)
(-3.31409e-05 0.000115798 -8.90864e-18)
(-3.33491e-05 0.00011588 1.81262e-17)
(3.4645e-05 9.05711e-05 4.59105e-18)
(3.34739e-05 8.77383e-05 -1.38009e-17)
(2.98638e-05 0.000124891 -9.30149e-18)
(-3.14269e-05 0.000124748 0)
(-3.39046e-05 0.000113466 1.77438e-17)
(-3.05951e-05 0.0001132 4.44983e-18)
(3.57721e-05 0.000115673 0)
(3.50408e-05 0.000117827 7.82086e-17)
(2.81001e-05 0.000109662 9.28855e-17)
(3.50469e-05 0.00011512 -1.59204e-17)
(2.974e-05 0.000101234 3.20992e-25)
(2.98735e-05 0.000103478 0)
(2.40021e-05 9.08066e-05 0)
(2.67466e-05 9.63165e-05 1.70974e-17)
(1.34659e-05 1.30282e-05 0)
(1.86067e-05 9.04437e-05 3.52835e-17)
(-2.38382e-05 9.00728e-05 8.04248e-18)
(-1.98047e-05 8.68487e-05 -2.89693e-17)
(-2.42406e-05 9.92585e-05 -5.17729e-17)
(-2.51543e-05 9.29684e-05 -1.55121e-17)
(2.48666e-05 9.3767e-05 1.90541e-17)
(2.52503e-05 -7.25876e-06 0)
(-1.18816e-05 5.64499e-05 2.43412e-16)
(-0.08589 0.697428 1.5627e-16)
(3.69239e-05 0.000111446 3.836e-17)
(3.36317e-05 0.000114367 -2.13638e-17)
(3.64167e-05 0.000112462 5.42997e-17)
(4.06814e-05 0.000104608 0)
(3.99548e-05 0.000106853 3.98046e-17)
(4.23487e-05 9.97079e-05 4.0061e-17)
(4.06155e-05 0.000103337 -3.85569e-18)
(3.85563e-05 9.53631e-05 0)
(4.1281e-05 9.7651e-05 -1.91984e-17)
(3.78246e-05 9.33966e-05 2.76291e-17)
(-3.29967e-05 8.74447e-05 0)
(-2.67763e-05 8.5578e-05 0)
(-3.82892e-05 9.26506e-05 3.69576e-17)
(-3.77071e-05 9.24752e-05 -3.63458e-17)
(-3.9518e-05 9.87721e-05 9.33615e-18)
(-3.73328e-05 9.8099e-05 0)
(-4.04422e-05 0.000106788 0)
(-4.10361e-05 0.000104041 -9.06038e-18)
(-3.72735e-05 0.00011175 0)
(-3.86111e-05 0.000109345 0)
(-3.58845e-05 0.000112759 1.76301e-17)
(-3.29367e-05 0.000115638 -2.27425e-18)
(-3.20715e-05 0.000125268 2.2707e-18)
(2.85892e-05 8.36572e-05 1.81904e-17)
(1.83828e-05 8.73221e-05 1.47497e-16)
(1.77078e-05 8.63806e-05 0)
(-2.13888e-05 8.76584e-05 -6.68057e-17)
(2.82756e-05 0.000115077 0)
(-3.46329e-05 9.54616e-05 -4.40436e-18)
(-3.0851e-05 9.57972e-05 -2.20143e-17)
(1.25943e-05 7.43408e-05 -2.17069e-16)
(1.21374e-05 6.79924e-05 1.41776e-16)
(1.63794e-05 7.7277e-05 0)
(-1.32215e-05 7.7845e-05 0)
(-3.04587e-05 6.91116e-05 -6.349e-17)
(-2.79069e-05 8.77175e-05 1.41738e-16)
(-2.53388e-05 6.89777e-05 1.56583e-16)
(-3.36097e-05 0.000100303 -1.80643e-17)
(-3.1444e-05 0.000114295 3.67157e-17)
(-3.26461e-05 9.91883e-05 1.84089e-17)
(1.78394e-05 6.80866e-05 -7.075e-17)
(1.00074e-05 5.50668e-05 4.40105e-17)
(-1.33226e-05 7.16697e-05 -9.70402e-18)
(0.033489 0.857481 -3.27897e-16)
(2.49917e-05 8.06673e-05 3.58747e-17)
(2.45752e-05 8.79611e-05 -3.76791e-17)
(-2.13307e-05 8.84715e-05 0)
(2.45408e-05 0.000112587 0)
(-0.136814 0.572646 2.35747e-16)
(2.77468e-05 0.000124629 1.5797e-18)
(-1.87384e-05 0.00023544 0)
(-4.60616e-06 5.93109e-05 7.41632e-17)
(3.25854e-05 0.000107737 1.02084e-16)
(3.26713e-05 0.000108375 -3.3178e-17)
(3.09766e-05 0.000102066 -8.52677e-18)
(3.27701e-05 0.000105018 8.72081e-18)
(2.96164e-05 9.53615e-05 -4.88448e-17)
(2.98989e-05 9.87116e-05 1.66417e-17)
(2.61208e-05 8.69326e-05 0)
(2.72698e-05 9.30646e-05 3.27623e-17)
(2.26114e-05 7.96966e-05 1.61916e-17)
(2.28609e-05 8.41505e-05 1.86368e-17)
(1.85056e-05 7.93844e-05 3.04552e-17)
(-1.92111e-05 7.72829e-05 7.95441e-18)
(-1.69598e-05 7.34261e-05 -1.94446e-17)
(-2.52898e-05 8.53446e-05 3.87284e-18)
(-2.24031e-05 8.22339e-05 2.73041e-25)
(-9.8809e-06 5.6138e-05 3.47379e-17)
(-3.33482e-05 0.000125684 9.06495e-18)
(0.0186593 0.614453 7.66469e-16)
(-3.25527e-05 0.000100531 -8.79995e-18)
(-3.374e-05 0.000100683 0)
(3.20377e-05 9.54477e-05 4.37516e-18)
(2.51228e-05 9.41875e-05 3.33014e-17)
(2.87385e-05 9.70565e-05 0)
(4.07994e-05 9.25591e-05 -1.91157e-17)
(3.84167e-05 9.62105e-05 -3.59194e-17)
(4.59954e-05 8.84539e-05 9.82574e-18)
(4.188e-05 9.03865e-05 -9.66989e-18)
(4.28551e-05 8.28173e-05 -1.93657e-17)
(4.41857e-05 8.41399e-05 1.84306e-17)
(4.03073e-05 8.028e-05 0)
(4.28292e-05 8.20601e-05 -9.49471e-18)
(3.69291e-05 7.85222e-05 0)
(3.93291e-05 7.99127e-05 -9.15259e-18)
(3.16883e-05 7.63596e-05 -1.776e-17)
(3.44297e-05 7.69618e-05 0)
(6.0624e-06 5.54574e-05 0)
(2.76027e-05 7.39347e-05 3.44739e-17)
(-3.41267e-05 7.75622e-05 -1.83726e-17)
(-3.6555e-05 7.58034e-05 3.98606e-17)
(-3.82056e-05 7.82563e-05 -1.8238e-17)
(-3.80347e-05 7.83096e-05 3.68071e-17)
(-4.45369e-05 8.43006e-05 -9.14891e-18)
(-4.09611e-05 8.02754e-05 0)
(-4.30492e-05 8.91686e-05 2.18997e-18)
(-4.30613e-05 8.66735e-05 0)
(-3.94784e-05 9.37833e-05 -3.48946e-17)
(-4.15737e-05 9.1559e-05 1.96483e-17)
(-3.71081e-05 9.49195e-05 1.75699e-17)
(-2.82948e-05 0.000123269 1.35135e-17)
(-2.65975e-05 9.52638e-05 4.36592e-17)
(-2.70003e-05 0.000112254 4.42174e-18)
(-2.9848e-05 0.000123802 -1.81604e-17)
(-1.83676e-05 1.63856e-05 7.63559e-17)
(3.25812e-05 9.00528e-05 -1.07258e-16)
(3.06895e-05 6.7056e-05 -2.17059e-16)
(-1.05621e-05 5.40328e-05 -2.86742e-17)
(1.01844e-05 6.67664e-05 -7.62782e-17)
(7.57017e-06 6.51343e-05 3.98392e-17)
(1.88072e-05 8.54012e-05 7.67901e-17)
(2.42119e-05 8.09627e-05 -1.07507e-16)
(-1.85071e-05 8.49681e-05 0)
(2.30561e-05 6.90757e-05 6.24149e-17)
(-2.61724e-05 7.88033e-05 -7.05914e-17)
(-2.53953e-05 7.30261e-05 7.08891e-17)
(-3.41036e-05 7.80548e-05 1.79888e-17)
(-3.35781e-05 7.70023e-05 -2.27663e-17)
(1.21305e-05 7.48689e-05 3.79613e-17)
(-1.05685e-05 7.71876e-05 7.88724e-17)
(2.24283e-05 0.00011197 0)
(1.94837e-05 9.24166e-05 -1.65645e-17)
(0.000150005 2.1701 1.01229e-19)
(0.000168973 1.99501 -1.34817e-19)
(-0.000174155 1.99505 -1.09583e-18)
(2.05112e-05 2.17023 1.08819e-18)
(-2.22423e-05 9.46108e-05 -1.73641e-17)
(-2.67523e-05 7.12622e-05 -1.72817e-17)
(-2.17416e-05 7.10834e-05 0)
(2.2576e-05 5.516e-05 1.73279e-16)
(1.08495e-05 5.43067e-05 0)
(-2.6005e-05 9.4056e-06 -8.16337e-17)
(2.67171e-05 0.000108942 3.50606e-17)
(-0.000217704 0.00452191 -3.26924e-16)
(0.0229017 0.732614 2.20983e-16)
(0.0532333 0.727911 -8.97859e-17)
(2.25768e-05 8.59286e-05 0)
(-2.04649e-05 8.30439e-05 0)
(-0.105004 0.592401 3.67792e-16)
(2.24553e-05 0.000120733 -3.58545e-17)
(4.49641e-05 0.000129075 1.43519e-16)
(3.478e-05 8.80464e-05 -3.32061e-17)
(3.38563e-05 8.60845e-05 3.38295e-17)
(3.07892e-05 8.52341e-05 0)
(3.42847e-05 8.54737e-05 3.34825e-17)
(2.95135e-05 8.00081e-05 8.38445e-18)
(3.02375e-05 8.238e-05 -1.68945e-17)
(2.49075e-05 7.42226e-05 1.64569e-17)
(2.71864e-05 7.80044e-05 -4.53385e-26)
(2.25194e-05 6.71226e-05 0)
(2.33935e-05 7.03929e-05 -8.17383e-18)
(1.79775e-05 6.2047e-05 0)
(2.00816e-05 6.3397e-05 -2.04919e-18)
(1.40098e-05 5.66576e-05 -3.25909e-17)
(1.50508e-05 5.79233e-05 0)
(1.12659e-05 5.72337e-05 -1.73465e-17)
(-1.68407e-05 5.87225e-05 1.59297e-17)
(-1.50086e-05 5.71606e-05 2.35519e-17)
(-2.07888e-05 6.4605e-05 -1.97097e-17)
(-1.93088e-05 6.08426e-05 -1.56665e-17)
(-2.54068e-05 6.96041e-05 4.08795e-18)
(-2.38043e-05 6.75768e-05 9.9694e-18)
(-2.82682e-05 7.47216e-05 -2.11395e-18)
(-2.59818e-05 7.22303e-05 0)
(-3.21674e-05 7.80444e-05 -1.69083e-17)
(-3.01963e-05 7.71587e-05 2.16183e-17)
(-3.36797e-05 7.82995e-05 0)
(0.000187033 1.84111 3.37034e-20)
(-0.000159189 1.70536 -3.36766e-20)
(-0.000463289 1.58496 -5.21566e-19)
(-0.000831957 1.4778 1.61304e-18)
(-0.000657792 1.38219 -8.05223e-19)
(-0.000118926 1.29638 -1.33857e-19)
(-0.000876771 1.21886 -2.26787e-18)
(-0.00190042 1.14902 -4.12046e-18)
(-0.00213341 1.08595 -1.31867e-19)
(-0.00179148 1.02819 -2.09239e-18)
(-0.00134101 1.02991 0)
(-0.00199963 0.974584 4.13216e-18)
(-0.00294085 0.923743 1.42242e-17)
(-0.00165974 0.927423 2.42607e-17)
(-0.00224525 0.977053 -8.26591e-18)
(-0.000194645 1.14982 4.39319e-18)
(-0.000246398 1.08719 8.3309e-18)
(-0.00101096 1.29595 8.03996e-19)
(-0.00127134 1.21892 0)
(0.000369426 1.47825 5.37796e-19)
(0.000190515 1.38217 -4.15249e-24)
(-0.000112423 1.70552 5.72815e-19)
(-5.17478e-05 1.58533 -1.21087e-18)
(-0.000320895 1.8412 -3.37038e-20)
(3.47507e-05 6.9319e-05 0)
(2.91729e-05 6.69999e-05 0)
(4.14762e-05 6.70693e-05 1.86451e-17)
(3.75838e-05 6.68978e-05 0)
(4.59746e-05 6.35168e-05 -9.56309e-18)
(4.30874e-05 6.46641e-05 -9.45594e-18)
(4.53826e-05 6.04945e-05 9.63432e-18)
(4.58949e-05 6.32873e-05 -8.43295e-18)
(4.20025e-05 5.93588e-05 -1.85071e-17)
(4.43301e-05 6.03062e-05 -9.37406e-18)
(3.78299e-05 5.97385e-05 0)
(4.01591e-05 5.96384e-05 1.81636e-17)
(3.207e-05 5.90354e-05 -1.74158e-17)
(3.57272e-05 5.93961e-05 8.83757e-18)
(-0.000265643 0.00280406 3.36252e-16)
(3.01121e-05 5.87713e-05 2.35596e-17)
(2.22493e-05 5.88574e-05 3.81502e-18)
(-2.90393e-05 5.69968e-05 0)
(-1.93087e-05 6.74234e-05 -2.75152e-16)
(-1.93611e-05 6.06931e-05 -2.75875e-16)
(-2.27323e-05 5.98226e-05 -6.17031e-17)
(-3.05045e-05 5.88001e-05 1.89089e-17)
(-3.03306e-05 5.73905e-05 0)
(-3.63847e-05 5.83392e-05 -1.84143e-17)
(-3.2091e-05 5.71971e-05 -9.47239e-18)
(-3.99308e-05 5.86342e-05 -9.06734e-18)
(-3.8304e-05 5.92378e-05 1.81592e-17)
(-4.44388e-05 6.07923e-05 2.67633e-17)
(-4.20959e-05 6.14007e-05 0)
(-4.49891e-05 6.44863e-05 1.52963e-17)
(-4.48244e-05 6.27529e-05 -8.83569e-18)
(-4.15195e-05 6.79688e-05 -1.7387e-17)
(-4.36012e-05 6.62745e-05 -1.90923e-17)
(-3.5425e-05 7.01302e-05 4.37019e-18)
(-3.83962e-05 6.93163e-05 8.72359e-18)
(-3.11056e-05 7.08939e-05 4.3611e-18)
(-2.5111e-05 0.000121383 -1.79794e-17)
(-2.30529e-05 0.000110785 -1.763e-17)
(-2.93665e-05 0.000112418 -5.73665e-17)
(-2.73129e-05 0.000121786 2.04183e-17)
(-3.19134e-05 7.66057e-05 1.84575e-17)
(-3.08245e-05 9.77844e-05 0)
(-0.000109281 0.00105858 0)
(0.000503156 0.00638322 -1.61397e-16)
(1.38844e-05 7.87184e-05 -3.74898e-17)
(1.9578e-05 7.54255e-05 1.40169e-16)
(-1.96233e-05 7.73568e-05 -1.41641e-16)
(-1.46584e-05 7.89059e-05 -7.46488e-17)
(1.97172e-05 7.03378e-05 -1.56758e-17)
(1.33179e-05 5.18445e-05 1.40082e-16)
(-0.000224542 2.37103 1.34881e-19)
(0.000255096 2.37122 0)
(2.37926e-05 5.15388e-05 -7.23236e-17)
(0.0152424 0.0622552 0)
(-0.00304609 1.02773 8.39517e-18)
(-0.00433305 0.97476 8.32277e-18)
(9.01831e-06 7.01645e-05 -1.5394e-16)
(-0.0418045 0.794837 9.14931e-17)
(-1.68709e-05 6.76405e-05 2.8206e-16)
(-1.08147e-05 7.14805e-05 8.09299e-17)
(2.89076e-05 9.26551e-05 3.70595e-17)
(2.68594e-05 7.04395e-05 1.22854e-16)
(0.000286237 2.37103 -5.39138e-19)
(-0.000595176 2.60217 -1.68644e-19)
(0.000262973 2.60245 1.07943e-18)
(-1.79585e-05 9.30823e-05 -1.08489e-18)
(-1.68814e-05 7.16924e-05 6.95358e-18)
(-2.78086e-05 5.22604e-05 -1.16544e-25)
(-2.33908e-05 5.37357e-05 0)
(0.00804349 0.88117 2.3255e-17)
(-0.00385729 0.875058 -1.57561e-17)
(1.9801e-05 4.95732e-05 4.9033e-17)
(1.59205e-05 5.92805e-05 5.37696e-17)
(9.17773e-06 6.61669e-05 0)
(-4.47928e-06 6.37603e-05 8.84807e-17)
(-1.60966e-05 4.48298e-05 4.01998e-17)
(-1.19582e-05 5.91566e-05 -2.31247e-16)
(0.0586009 0.659457 1.66147e-16)
(1.69846e-05 5.976e-05 1.54862e-16)
(2.18476e-05 9.0813e-05 1.38456e-16)
(-8.56758e-06 1.62124e-05 -1.55949e-16)
(-3.16075e-05 6.11864e-05 -1.37379e-17)
(-2.86764e-05 7.58556e-05 -1.85188e-17)
(-2.82853e-05 6.11258e-05 1.85472e-17)
(1.81181e-05 8.15565e-05 1.87401e-24)
(-1.77098e-05 8.14043e-05 7.21844e-17)
(1.66824e-05 6.94359e-05 3.46264e-17)
(1.85938e-05 0.000109895 -1.72096e-17)
(1.59106e-05 9.45856e-05 3.42269e-17)
(2.37296e-05 0.000118845 3.52395e-17)
(2.06232e-05 0.000119923 -1.63994e-17)
(2.56091e-05 0.000107953 -3.59005e-17)
(3.51683e-05 6.65976e-05 -1.64514e-17)
(3.1405e-05 7.10063e-05 1.54878e-17)
(3.23127e-05 6.50823e-05 0)
(3.22325e-05 6.73246e-05 1.6669e-17)
(2.75395e-05 6.22206e-05 -8.34393e-18)
(2.95014e-05 6.48619e-05 0)
(2.31715e-05 5.70721e-05 8.27294e-18)
(2.48428e-05 6.00017e-05 1.24471e-17)
(2.04871e-05 5.17895e-05 -4.08418e-18)
(2.17624e-05 5.4893e-05 -2.45465e-17)
(1.76707e-05 4.80065e-05 -3.33793e-17)
(1.86715e-05 4.92173e-05 2.8587e-17)
(1.32731e-05 4.68247e-05 3.24418e-17)
(1.49964e-05 4.69058e-05 -3.24924e-17)
(1.12516e-05 4.56378e-05 2.48714e-17)
(-5.5948e-06 6.73485e-05 -8.68149e-17)
(-1.61998e-05 6.83441e-05 -3.29769e-16)
(-1.38032e-05 4.47517e-05 -3.02286e-17)
(-1.10342e-05 4.7971e-05 2.16039e-17)
(-1.67937e-05 4.53545e-05 -3.15803e-17)
(-1.33925e-05 4.45993e-05 3.89123e-17)
(-1.9657e-05 4.89157e-05 0)
(-1.82423e-05 4.70184e-05 1.55282e-17)
(-2.24651e-05 5.39334e-05 4.08406e-18)
(-2.12734e-05 5.10537e-05 -2.00639e-18)
(-2.62068e-05 5.85298e-05 8.29487e-18)
(-2.38251e-05 5.62979e-05 0)
(-3.15844e-05 6.15526e-05 -5.41328e-19)
(-2.90782e-05 6.05016e-05 -8.43355e-18)
(-3.4314e-05 6.19141e-05 1.79306e-17)
(-3.35589e-05 6.17413e-05 -2.18797e-17)
(-3.36311e-05 6.12941e-05 1.35719e-17)
(-4.46226e-05 1.99503 0)
(-4.28193e-05 2.1701 -5.73115e-19)
(6.41877e-05 1.70543 0)
(-5.97986e-05 1.84121 0)
(0.000346305 1.47772 1.68004e-20)
(0.000267013 1.58497 -1.6825e-20)
(-0.00083999 1.29576 -5.36022e-19)
(-0.000268053 1.38174 1.17505e-19)
(-0.000619303 1.1488 0)
(-0.000477412 1.21858 4.81126e-18)
(-0.00170182 1.08543 -8.4709e-18)
(-5.34935e-06 2.37132 -1.07978e-18)
(-9.06285e-05 2.60265 -1.07901e-18)
(0.000830234 2.60231 3.03461e-19)
(0.0353681 0.802636 8.34334e-17)
(-0.0383388 0.794423 5.26331e-17)
(0.00218031 0.0105943 1.38869e-16)
(0.00456383 0.928549 -3.69794e-17)
(-0.00754316 0.893689 -3.20392e-17)
(0.00287384 1.02897 -8.42197e-18)
(0.00455053 0.977379 0)
(0.00046489 1.14964 -4.26162e-18)
(0.00132058 1.08618 -4.24313e-18)
(0.000227164 1.29694 -1.60726e-18)
(0.00101237 1.21964 -5.3501e-19)
(-0.00102902 1.47851 -8.0694e-19)
(-0.00139696 1.38274 1.60983e-18)
(-0.000125283 1.70612 -6.73531e-20)
(-0.000189437 1.58574 6.72816e-19)
(3.58175e-05 1.9954 5.56589e-19)
(5.64913e-05 1.84171 -5.05456e-19)
(-7.17915e-05 2.17042 1.07069e-18)
(3.29503e-05 5.09894e-05 -9.10273e-18)
(3.22794e-05 4.85451e-05 1.80261e-17)
(4.20141e-05 4.92971e-05 -4.64434e-18)
(4.01178e-05 4.94842e-05 -9.14265e-18)
(4.68345e-05 4.71938e-05 4.70319e-18)
(4.48395e-05 4.83426e-05 -2.34112e-18)
(4.60353e-05 4.59119e-05 -9.26079e-18)
(4.69033e-05 4.71767e-05 8.48908e-18)
(4.19921e-05 4.63447e-05 -9.19232e-18)
(4.47759e-05 4.60467e-05 0)
(3.7475e-05 4.79883e-05 0)
(3.98832e-05 4.68063e-05 0)
(3.28229e-05 4.97429e-05 -1.08384e-17)
(3.55014e-05 4.84283e-05 2.19672e-18)
(2.83522e-05 5.03864e-05 -1.66782e-17)
(3.07235e-05 4.89466e-05 3.46866e-25)
(2.15387e-05 4.55828e-05 -5.14554e-17)
(2.75778e-05 4.76803e-05 2.90127e-17)
(1.236e-05 4.92406e-05 -1.8754e-17)
(1.45925e-05 4.27622e-05 1.79061e-17)
(1.79105e-05 4.60914e-05 0)
(-9.93559e-06 5.45373e-05 1.32769e-16)
(-9.4586e-06 4.53181e-05 -2.43448e-17)
(-2.56924e-06 4.25621e-05 8.49305e-17)
(-6.68975e-06 4.08963e-05 9.87074e-18)
(-6.13302e-06 4.1869e-05 3.56795e-17)
(-1.95018e-05 4.81568e-05 1.22247e-16)
(-1.7832e-05 4.22318e-05 3.69475e-17)
(-2.55203e-05 4.74054e-05 -5.01885e-17)
(-2.04334e-05 5.00373e-05 3.79243e-18)
(-3.02369e-05 4.6139e-05 4.50644e-17)
(-2.83545e-05 4.79156e-05 3.52298e-17)
(-3.49785e-05 4.66904e-05 -9.02553e-18)
(-3.4716e-05 4.77349e-05 -2.7312e-17)
(-3.97401e-05 4.55965e-05 8.94867e-18)
(-3.79757e-05 4.65627e-05 1.80054e-17)
(-4.50312e-05 4.59495e-05 -1.32392e-17)
(-4.24442e-05 4.60674e-05 2.22513e-17)
(-4.63169e-05 4.75929e-05 0)
(-4.58546e-05 4.68127e-05 -1.31764e-17)
(-4.32701e-05 4.98306e-05 0)
(-4.53163e-05 4.88213e-05 -5.44719e-19)
(-3.67783e-05 5.16331e-05 -1.08724e-17)
(-4.00779e-05 5.09851e-05 8.69077e-18)
(-3.25602e-05 5.26692e-05 4.33634e-18)
(-2.11812e-05 0.000118561 -5.59708e-19)
(-1.87338e-05 0.000108842 2.46808e-18)
(-2.61384e-05 0.000110201 1.60468e-17)
(-2.36517e-05 0.000119104 -1.55239e-17)
(-2.75608e-05 9.60894e-05 0)
(0.00614628 0.678304 -3.37095e-16)
(0.00021901 0.00104953 -3.5778e-16)
(-0.00389493 0.925861 -2.71457e-22)
(1.09529e-05 7.6796e-05 7.53845e-17)
(1.65261e-05 7.536e-05 1.44674e-16)
(-1.42504e-05 7.47102e-05 0)
(-1.05732e-05 7.55097e-05 -2.29613e-16)
(2.76529e-05 5.53328e-05 -1.10456e-17)
(0.0538098 0.653718 -8.01738e-16)
(1.85501e-05 7.06399e-05 -7.59214e-17)
(-7.11135e-06 5.48166e-05 -1.44022e-16)
(-0.000175561 2.37173 1.07918e-18)
(-7.25257e-05 2.60297 3.37156e-20)
(1.07175e-05 7.29113e-05 -4.42946e-17)
(0.00040076 0.00373077 1.84037e-16)
(2.07923e-05 4.93832e-05 2.96034e-16)
(1.70777e-05 5.11103e-05 9.50061e-25)
(1.46367e-05 5.67845e-05 0)
(-2.05846e-05 5.28407e-05 2.47654e-17)
(-3.14839e-05 3.9028e-05 -2.27074e-17)
(-2.80694e-05 3.97911e-05 1.21695e-25)
(-0.0210833 0.840211 -1.18815e-16)
(-4.75016e-05 0.000118987 1.40133e-16)
(-5.71073e-05 0.000194105 1.39353e-16)
(0.0172426 0.68493 1.71917e-16)
(-1.71059e-05 2.6897e-05 0)
(-0.00342814 1.0272 -1.69233e-17)
(-0.0049653 0.973528 -1.0901e-21)
(6.68286e-05 0.000230165 1.50587e-16)
(0.000149645 0.00031997 6.43928e-17)
(4.99578e-05 0.000346041 1.43223e-16)
(1.30011e-05 6.66229e-05 -1.60985e-16)
(6.90921e-06 6.85397e-05 0)
(-7.83745e-06 6.85162e-05 0)
(-1.36835e-05 6.8971e-05 0)
(-2.14881e-05 8.83297e-05 4.24582e-16)
(0.000283067 2.37212 3.37227e-20)
(0.000315691 2.60343 6.74408e-20)
(-0.000467219 0.00275477 1.71941e-16)
(-0.00537496 0.691594 -6.21964e-17)
(0.0387611 0.715367 -1.69892e-21)
(3.5946e-05 0.000148615 -1.43333e-16)
(1.11958e-05 6.30503e-05 0)
(1.13524e-05 6.448e-05 -1.92746e-17)
(9.77176e-06 4.34563e-05 0)
(1.00732e-05 4.89695e-05 0)
(-5.58449e-07 4.13769e-05 3.67174e-17)
(-2.30813e-07 5.08609e-05 -1.28061e-24)
(-9.24149e-06 5.87237e-05 1.45133e-16)
(-9.73846e-06 6.34712e-05 0)
(-1.61245e-05 0.000108857 -3.25925e-16)
(-0.00673464 0.881519 -4.86418e-17)
(1.48304e-05 1.97628e-05 5.83889e-16)
(1.90558e-05 7.93084e-05 3.0738e-16)
(0.000275624 0.0013815 2.06291e-16)
(1.21421e-05 7.87631e-05 -7.36243e-17)
(-1.26807e-05 7.64102e-05 0)
(1.35711e-05 0.000107769 -2.53532e-27)
(1.18642e-05 9.24136e-05 -2.61111e-17)
(2.00325e-05 0.0001149 -1.7606e-17)
(1.63493e-05 0.000116146 1.35659e-19)
(2.49477e-05 9.10155e-05 0)
(2.26182e-05 0.000106317 1.80783e-17)
(2.35413e-05 6.2976e-05 0)
(2.53948e-05 7.33443e-05 -3.91835e-17)
(2.32481e-05 3.96514e-05 0)
(3.34881e-05 4.26383e-05 1.31435e-24)
(2.92942e-05 3.69483e-05 -1.04008e-17)
(3.3706e-05 3.96127e-05 0)
(3.30975e-05 4.35882e-05 -7.70424e-17)
(3.02398e-05 4.0187e-05 4.47276e-18)
(3.46572e-05 4.16677e-05 -4.44812e-18)
(2.54092e-05 3.80157e-05 -8.3537e-18)
(2.87041e-05 4.00164e-05 4.1791e-18)
(2.04796e-05 3.39664e-05 0)
(2.26974e-05 3.64743e-05 -7.58736e-26)
(1.78668e-05 2.97942e-05 2.46066e-17)
(1.90357e-05 3.19116e-05 4.11855e-18)
(1.59595e-05 2.74756e-05 -5.15951e-19)
(1.69737e-05 2.79276e-05 -1.23286e-17)
(1.38232e-05 2.93577e-05 -3.20272e-17)
(1.55161e-05 2.68546e-05 0)
(1.74509e-05 4.58256e-05 4.44755e-17)
(1.78356e-05 3.4521e-05 2.36244e-17)
(2.24193e-05 6.39626e-05 -1.20113e-16)
(-2.12919e-05 5.17467e-05 5.62491e-17)
(-3.09283e-05 7.53953e-05 -1.15577e-16)
(-1.34774e-05 3.14856e-05 0)
(-1.69054e-05 3.68257e-05 -5.13964e-17)
(-1.58331e-05 2.61027e-05 1.52607e-17)
(-1.54567e-05 2.66279e-05 0)
(-1.79212e-05 2.76872e-05 -7.87921e-18)
(-1.71701e-05 2.61727e-05 0)
(-2.04736e-05 3.16405e-05 0)
(-1.94038e-05 2.95533e-05 0)
(-2.47027e-05 3.5404e-05 1.65049e-17)
(-2.21331e-05 3.37363e-05 -1.63541e-17)
(-3.10633e-05 3.78706e-05 8.58141e-18)
(-2.808e-05 3.68782e-05 4.16042e-18)
(-3.41149e-05 3.81232e-05 -8.86561e-18)
(-3.33056e-05 3.81271e-05 -2.17166e-17)
(-3.36302e-05 3.81956e-05 1.79037e-17)
(4.65148e-05 1.99529 -4.71923e-19)
(-5.47333e-06 2.17062 -1.01099e-18)
(0.000143546 1.70536 5.38668e-19)
(0.000144946 1.84124 6.73447e-19)
(-0.000390528 1.47766 0)
(-0.00011102 1.58489 -5.38097e-19)
(-0.000219028 1.29563 -1.07324e-18)
(-8.50427e-05 1.38176 -6.71667e-20)
(-0.00185769 1.14851 -4.26609e-18)
(-0.00101952 1.21823 -2.14183e-18)
(-0.00228563 1.08518 1.27663e-17)
(0.000107424 2.87204 0)
(0.000471008 2.87293 1.01117e-18)
(0.000323355 2.87235 -7.41162e-19)
(-1.57355e-06 5.54803e-05 -7.87949e-17)
(-0.000202992 2.87326 -6.7388e-20)
(-0.000293336 2.8728 6.73686e-20)
(0.0315623 0.766931 0)
(0.0235811 0.754063 9.97449e-17)
(0.0467843 0.847106 -3.54371e-17)
(0.0435212 0.828825 8.71253e-17)
(0.00852329 0.920911 -2.95234e-17)
(0.0134261 0.876456 4.22975e-17)
(0.00331752 1.02558 4.24341e-18)
(0.00559144 0.971463 4.22917e-18)
(0.000691169 1.14755 -4.2681e-18)
(0.00173322 1.08388 -3.88908e-22)
(-0.000758965 1.29626 -2.14183e-18)
(-0.000571819 1.21812 8.55836e-18)
(0.000277721 1.47841 -2.68979e-19)
(0.000637976 1.38258 -2.68616e-19)
(-9.55732e-05 1.70596 -4.71251e-19)
(-0.000308883 1.58555 5.38527e-19)
(1.11716e-05 1.9958 5.39214e-19)
(-6.14541e-05 1.84179 2.35996e-19)
(0.000174715 2.17103 -5.39792e-19)
(2.33474e-05 2.79346e-05 1.35159e-16)
(1.45069e-05 3.52942e-05 7.76517e-17)
(1.73898e-05 3.29617e-05 -2.36753e-16)
(2.52812e-05 2.12494e-05 -1.03554e-17)
(2.47591e-05 2.27526e-05 -3.34504e-17)
(3.4163e-05 2.36211e-05 -4.07356e-18)
(3.22781e-05 2.6092e-05 1.42235e-17)
(4.23085e-05 2.40079e-05 2.31904e-18)
(3.95634e-05 2.44823e-05 -5.76995e-19)
(4.67724e-05 2.36202e-05 2.45428e-18)
(4.51239e-05 2.39464e-05 -3.8629e-26)
(4.62189e-05 2.37821e-05 -2.29216e-18)
(4.74403e-05 2.41758e-05 -2.87351e-19)
(4.15483e-05 2.54566e-05 1.35783e-17)
(4.47452e-05 2.45868e-05 4.56895e-18)
(3.65411e-05 2.7932e-05 4.41338e-18)
(3.93776e-05 2.64072e-05 9.91671e-26)
(3.19093e-05 3.08263e-05 1.08436e-17)
(3.4637e-05 2.908e-05 -1.31644e-17)
(2.81536e-05 3.22131e-05 2.11395e-18)
(3.01898e-05 3.13594e-05 -1.50901e-17)
(2.49266e-05 3.22061e-05 -5.97821e-17)
(2.55045e-05 3.16864e-05 1.2725e-17)
(1.52561e-05 2.88814e-05 -1.74654e-17)
(2.07565e-05 2.978e-05 3.47498e-17)
(5.32981e-06 4.29041e-05 0)
(5.82484e-06 2.76858e-05 -1.72907e-17)
(1.13995e-05 2.78344e-05 1.73979e-17)
(3.14519e-06 2.72424e-05 0)
(6.66004e-07 2.75911e-05 -4.25012e-18)
(-8.35398e-07 4.31701e-05 0)
(3.18785e-07 2.6573e-05 8.70796e-18)
(6.2964e-07 2.66425e-05 0)
(-2.7131e-06 2.70681e-05 -1.13051e-18)
(-8.9612e-07 2.55736e-05 8.92904e-18)
(-1.29289e-05 2.57376e-05 0)
(-5.89051e-06 2.50315e-05 1.10327e-18)
(-2.04087e-05 2.7571e-05 2.55029e-17)
(-1.6028e-05 3.03836e-05 -4.32891e-18)
(-2.70302e-05 3.26301e-05 -1.54248e-25)
(-2.57507e-05 3.00527e-05 1.65934e-17)
(-3.04061e-05 3.1406e-05 -8.80914e-18)
(-2.92638e-05 3.01213e-05 0)
(-3.43398e-05 2.79496e-05 8.93633e-18)
(-3.24524e-05 2.87623e-05 -1.78786e-17)
(-3.90339e-05 2.55663e-05 4.42234e-18)
(-3.65098e-05 2.68626e-05 4.45296e-18)
(-4.45664e-05 2.43188e-05 -2.19277e-17)
(-4.1917e-05 2.5234e-05 1.32358e-17)
(-4.67944e-05 2.43147e-05 -8.70805e-18)
(-4.60405e-05 2.42836e-05 1.31252e-17)
(-4.40627e-05 2.52537e-05 0)
(-4.59855e-05 2.47687e-05 0)
(-3.75496e-05 2.66358e-05 1.95297e-17)
(-4.07186e-05 2.57996e-05 -6.5061e-18)
(-2.90899e-05 2.85354e-05 1.72244e-25)
(-3.23478e-05 2.64637e-05 -8.65701e-18)
(-2.14978e-05 3.20016e-05 -3.06398e-17)
(-2.30663e-05 2.59241e-05 3.36162e-17)
(-1.39254e-05 5.36287e-05 2.48958e-17)
(-1.45503e-05 3.6499e-05 4.64422e-17)
(-1.3724e-05 9.23873e-05 2.18117e-18)
(-1.39539e-05 7.26603e-05 -1.22979e-17)
(-1.72328e-05 0.000116033 -1.11692e-18)
(-1.50366e-05 0.000107268 1.20734e-17)
(-2.27015e-05 0.000108074 -2.28157e-18)
(-1.98412e-05 0.000116392 1.80091e-17)
(-2.53839e-05 7.54093e-05 0)
(-2.43013e-05 9.46922e-05 2.29833e-18)
(-2.43586e-05 4.13744e-05 1.68248e-17)
(-2.45903e-05 6.13181e-05 -1.73777e-17)
(0.0635021 0.600312 -1.63957e-16)
(-0.0198714 0.796079 -1.34517e-16)
(-2.58121e-05 8.74209e-05 -3.14469e-17)
(0.000299041 0.000640469 2.91721e-16)
(-0.0105971 0.923897 -1.67687e-17)
(0.000603899 0.0108081 3.05968e-16)
(0.000128834 0.000563524 -1.67039e-16)
(0.000284215 0.00221854 1.61128e-22)
(0.0002161 0.00153517 2.22054e-16)
(8.26456e-05 0.001041 -2.32754e-16)
(1.3415e-05 7.4487e-05 7.47271e-17)
(9.20501e-06 7.34116e-05 -7.42726e-17)
(-2.76288e-07 4.31847e-05 -1.70292e-17)
(2.9892e-06 4.31953e-05 -1.5934e-25)
(-7.49694e-06 7.43352e-05 3.13206e-16)
(-1.04982e-05 7.36324e-05 0)
(-2.62019e-05 0.000122452 -4.62189e-16)
(9.53426e-05 0.000170749 -1.20757e-16)
(-7.66935e-05 0.000384605 -2.72389e-17)
(9.43135e-06 2.31236e-05 -1.42333e-16)
(-2.85703e-05 0.00104534 -5.10712e-16)
(-9.98085e-05 0.000224163 8.19882e-18)
(-4.13987e-05 7.83762e-05 5.89193e-17)
(0.000482597 2.87361 -1.07799e-18)
(0.153605 0.644715 8.68378e-17)
(0.07986 0.702362 -2.51388e-21)
(1.30689e-05 3.92618e-05 1.91348e-17)
(1.89992e-05 2.90189e-05 -1.17148e-25)
(1.9923e-05 2.78448e-05 9.79937e-17)
(0.001608 0.729585 3.90609e-16)
(3.94785e-05 0.000220974 -3.14244e-16)
(3.51952e-06 6.70985e-05 0)
(1.14867e-05 6.6855e-05 7.65263e-17)
(4.79144e-06 4.9366e-05 -2.20464e-18)
(-6.75461e-07 4.75447e-05 0)
(-1.10338e-05 6.60553e-05 -3.34007e-24)
(-4.54159e-06 6.65508e-05 -2.52243e-16)
(-1.19233e-05 7.3478e-05 -1.6624e-16)
(1.89497e-05 5.84927e-05 -1.44847e-17)
(2.02408e-05 4.05908e-05 4.83303e-18)
(-0.00776709 0.836303 1.57981e-17)
(0.000254145 0.00232552 8.49473e-17)
(-0.0743825 0.495294 -2.01916e-16)
(0.0662064 0.659456 4.94799e-16)
(-6.44554e-06 5.92418e-05 0)
(6.16146e-05 0.00103219 1.92726e-16)
(0.016261 0.69394 -4.14314e-16)
(-0.00318736 0.648038 -1.26507e-16)
(2.02389e-05 0.000103754 -3.18555e-16)
(0.0508796 0.687547 -1.58266e-20)
(6.70385e-06 6.60709e-05 -4.83387e-16)
(8.35037e-06 5.99109e-05 1.82954e-17)
(-1.46505e-06 5.71189e-05 -7.10611e-17)
(-7.06363e-06 6.21718e-05 -9.74558e-17)
(-1.91851e-05 4.24153e-05 2.32707e-18)
(-2.16479e-05 3.52702e-05 -8.69354e-18)
(-1.63381e-05 3.61557e-05 6.97752e-18)
(-0.00110234 3.18185 0)
(-0.000235044 2.87429 1.07876e-18)
(-0.000407363 3.18283 0)
(-0.0156463 0.877155 6.64313e-17)
(-1.18075e-05 5.81703e-05 8.55936e-18)
(7.36478e-06 6.94653e-05 1.75917e-23)
(-7.76085e-06 0.000106982 -1.49288e-16)
(9.41074e-05 0.000779878 -1.08589e-16)
(-3.38194e-05 0.000113416 -3.49958e-17)
(-3.13817e-05 0.000104944 2.26403e-17)
(9.80701e-06 7.54984e-05 7.35823e-17)
(5.82144e-08 4.33755e-05 2.12624e-17)
(-9.75777e-06 7.60157e-05 -1.50094e-16)
(-3.06286e-05 0.000161363 -4.07712e-23)
(1.00669e-05 7.34696e-05 3.59714e-17)
(1.16203e-05 5.77585e-05 -1.84922e-17)
(1.04622e-05 0.000105929 1.52926e-17)
(9.25223e-06 9.28324e-05 0)
(1.5208e-05 0.000113055 3.41537e-25)
(1.25893e-05 0.000114006 -6.55662e-18)
(1.92132e-05 9.10028e-05 0)
(1.71472e-05 0.000104126 -8.97247e-18)
(1.84027e-05 7.24713e-05 -9.48572e-18)
(2.16602e-05 3.44889e-05 9.69345e-18)
(2.77419e-05 3.40146e-05 7.24357e-17)
(2.40743e-05 3.53833e-05 0)
(3.37347e-05 3.48479e-05 7.54566e-26)
(3.37854e-05 3.32606e-05 -8.49759e-18)
(3.11621e-05 3.29432e-05 -2.6463e-19)
(3.35748e-05 3.22404e-05 4.36363e-18)
(2.4677e-05 3.14592e-05 2.09379e-18)
(2.81185e-05 3.24051e-05 4.34035e-18)
(1.92504e-05 2.82309e-05 2.07499e-18)
(2.1486e-05 3.01909e-05 -1.45462e-17)
(1.71479e-05 2.48979e-05 -2.46675e-17)
(1.79727e-05 2.66487e-05 1.24451e-17)
(1.70697e-05 2.38721e-05 6.73928e-17)
(1.68771e-05 2.37893e-05 -3.29597e-17)
(1.97883e-05 2.99082e-05 0)
(1.75318e-05 2.53747e-05 -3.25158e-17)
(3.61571e-05 5.80351e-05 4.62101e-17)
(2.42013e-05 4.11195e-05 0)
(5.80944e-05 0.000100344 1.14509e-16)
(2.16435e-05 0.00103921 -1.79726e-16)
(-6.43771e-05 0.000133584 -1.58484e-23)
(-2.15708e-05 3.39355e-05 0)
(-2.85759e-05 5.13053e-05 0)
(-1.73267e-05 2.3606e-05 -3.09177e-17)
(-1.78036e-05 2.67683e-05 0)
(-1.72594e-05 2.36165e-05 1.13875e-25)
(-1.70006e-05 2.28682e-05 3.9133e-17)
(-1.89179e-05 2.67612e-05 0)
(-1.79233e-05 2.49462e-05 1.00243e-18)
(-2.35862e-05 3.00596e-05 0)
(-2.07008e-05 2.89203e-05 4.09183e-18)
(-3.05802e-05 3.15404e-05 -4.23015e-18)
(-2.72969e-05 3.09423e-05 4.15054e-18)
(-3.34635e-05 3.21574e-05 0)
(-3.28563e-05 3.17241e-05 1.72597e-17)
(-2.97049e-05 3.30737e-05 1.1257e-17)
(-3.23839e-05 3.22185e-05 -4.44635e-18)
(-2.55608e-05 3.39666e-05 -9.76171e-18)
(8.79088e-06 2.37234 0)
(-0.000161493 2.60395 -1.1117e-18)
(0.000192117 1.99567 -1.14583e-18)
(8.08641e-05 2.17102 3.37015e-20)
(0.000185314 1.70581 -6.73143e-19)
(0.000188205 1.84166 1.34655e-18)
(0.000377023 1.47767 6.75765e-20)
(0.000319931 1.58521 1.07637e-18)
(-0.000611578 1.29538 1.87997e-18)
(-0.000144127 1.38154 -1.14217e-18)
(-0.00175256 1.14777 -8.56663e-18)
(-0.00106241 1.21783 4.29081e-18)
(-0.0052695 1.02588 1.70635e-17)
(-0.00339088 1.08412 -4.27518e-18)
(-0.0127661 0.920737 1.69891e-17)
(-0.00897823 0.972085 -5.10864e-17)
(0.0013712 3.18113 6.73099e-20)
(0.000657025 2.87484 0)
(0.00120985 3.18342 1.34705e-19)
(0.000805704 3.18214 -2.00905e-19)
(0.000268292 3.18043 6.72971e-20)
(-0.000188862 3.18065 5.38556e-19)
(-0.000124463 3.18094 -6.73049e-20)
(0.0460964 0.746895 0)
(0.0458247 0.722043 -8.54383e-17)
(0.0264622 0.835553 -3.66002e-17)
(0.0389994 0.788415 0)
(0.00960909 0.924631 -2.14927e-17)
(0.0152759 0.880718 -8.74227e-18)
(0.00369306 1.02694 1.28226e-17)
(0.00598109 0.973719 4.81066e-18)
(0.00105548 1.14836 2.14256e-18)
(0.0020154 1.08479 -4.28158e-18)
(0.000364516 1.29608 -2.68396e-18)
(0.000607869 1.21844 2.14414e-18)
(-0.000542822 1.47885 0)
(-0.000554498 1.3826 1.61284e-18)
(-0.000400142 1.70642 2.69249e-19)
(-0.000187743 1.58607 -5.38556e-19)
(-0.000197095 1.99612 -6.74079e-20)
(-0.00032781 1.84218 -2.69612e-19)
(5.42529e-05 2.37276 -1.09525e-18)
(-5.44616e-05 2.17146 3.3715e-20)
(0.000342573 2.60438 1.0116e-18)
(2.33752e-05 2.08355e-05 0)
(2.23464e-05 2.36572e-05 6.00288e-17)
(3.08967e-05 1.78249e-05 -2.0056e-17)
(2.62211e-05 2.1879e-05 -1.03583e-17)
(3.58671e-05 1.88889e-05 0)
(3.36854e-05 1.89824e-05 1.9217e-17)
(4.23691e-05 2.01541e-05 9.32538e-18)
(4.00782e-05 1.9315e-05 5.93862e-26)
(4.6397e-05 2.11665e-05 2.1582e-18)
(4.50816e-05 2.06573e-05 4.58855e-18)
(4.55195e-05 2.22197e-05 4.56022e-18)
(4.68358e-05 2.19076e-05 -4.56772e-18)
(4.05719e-05 2.33413e-05 -4.4898e-18)
(4.37548e-05 2.28921e-05 0)
(3.5007e-05 2.52331e-05 -7.51177e-27)
(3.79659e-05 2.40911e-05 -8.88622e-18)
(3.09595e-05 2.76755e-05 4.88167e-18)
(3.3033e-05 2.61634e-05 1.31405e-17)
(2.81962e-05 2.90925e-05 2.1335e-18)
(2.97282e-05 2.81367e-05 -9.16465e-18)
(2.44119e-05 2.81744e-05 8.53361e-18)
(2.68005e-05 2.87503e-05 -4.27559e-18)
(1.64609e-05 2.7365e-05 0)
(2.07735e-05 2.90234e-05 -4.30241e-18)
(6.68353e-06 2.66084e-05 -1.71605e-17)
(1.17757e-05 2.73807e-05 0)
(4.93486e-07 2.62509e-05 -4.28949e-18)
(3.29772e-06 2.63717e-05 1.92763e-17)
(-8.7443e-07 2.5823e-05 -1.7339e-17)
(8.27177e-08 2.5952e-05 8.62481e-18)
(-4.11882e-06 2.63536e-05 -2.20677e-17)
(-1.56639e-06 2.6045e-05 8.78278e-18)
(-1.11954e-05 2.7506e-05 -6.51255e-18)
(-9.12624e-06 2.7339e-05 9.86417e-18)
(-2.22423e-05 2.95282e-05 -1.13946e-26)
(-1.73297e-05 2.83818e-05 -4.32086e-18)
(-2.63667e-05 2.9008e-05 5.78458e-26)
(-2.27218e-05 2.87203e-05 -3.40876e-17)
(-2.91443e-05 2.71758e-05 -3.49446e-17)
(-2.76946e-05 2.79624e-05 3.47065e-17)
(-3.25891e-05 2.50443e-05 -2.21216e-18)
(-3.12956e-05 2.62116e-05 1.75288e-17)
(-3.7715e-05 2.33262e-05 4.39185e-18)
(-3.50611e-05 2.42233e-05 -4.41639e-18)
(-4.37117e-05 2.21371e-05 -8.73672e-18)
(-4.07686e-05 2.28529e-05 -8.77339e-18)
(-4.6653e-05 2.15257e-05 -1.08715e-18)
(-4.56314e-05 2.18953e-05 8.72714e-18)
(-4.44924e-05 2.0998e-05 -1.02784e-25)
(-4.63192e-05 2.12919e-05 8.69537e-18)
(-3.78352e-05 2.06154e-05 0)
(-4.17809e-05 2.05614e-05 -1.1927e-17)
(-2.87439e-05 2.11972e-05 2.03071e-25)
(-3.50443e-05 1.93023e-05 -1.30362e-17)
(-1.96226e-05 2.32754e-05 1.40475e-16)
(-2.92409e-05 1.88821e-05 -1.74298e-17)
(-1.00258e-05 9.22309e-05 -2.18375e-18)
(-1.04846e-05 7.29258e-05 2.15724e-17)
(-1.29139e-05 0.000113449 -8.89106e-18)
(-1.09981e-05 0.00010531 -1.09799e-17)
(-1.77123e-05 0.000105245 1.81796e-17)
(-1.52116e-05 0.000113248 2.24095e-18)
(-2.01767e-05 7.51002e-05 -4.62263e-18)
(-1.92061e-05 9.29101e-05 2.29479e-17)
(-1.9198e-05 6.1732e-05 0)
(-2.38669e-05 2.38371e-05 0)
(-0.0761315 0.604528 -3.59707e-16)
(-0.170305 0.567459 -1.42756e-16)
(1.87097e-05 1.79982e-05 3.91011e-17)
(3.94045e-05 0.000657867 -3.8749e-16)
(5.14128e-05 0.000314077 5.16425e-16)
(-4.55205e-05 0.000633132 3.41545e-16)
(8.08746e-06 7.19349e-05 7.52813e-17)
(1.01736e-05 7.1134e-05 -1.49595e-16)
(2.85742e-06 4.92681e-05 -1.07799e-17)
(1.24072e-06 4.95543e-05 1.32774e-25)
(-8.76129e-06 7.04144e-05 -1.47179e-16)
(-6.94078e-06 7.11409e-05 -7.91273e-17)
(-1.66581e-05 8.7216e-05 -1.65164e-23)
(-3.20166e-05 0.000105462 5.81568e-17)
(1.64288e-05 3.59349e-05 0)
(0.000197246 0.000301302 -1.30868e-16)
(0.00034772 0.00433811 -5.18584e-16)
(-0.0913896 0.69297 -1.92108e-16)
(-0.000211276 0.000424098 -1.05348e-16)
(-0.0245393 0.802396 0)
(1.91636e-05 1.1378e-05 -9.87085e-17)
(0.000672397 0.00224724 2.77522e-16)
(-8.24453e-05 0.000399433 -5.0316e-16)
(0.000771389 2.8761 -1.01121e-18)
(0.00112221 3.18501 -1.07722e-18)
(0.0603762 0.66974 1.66548e-16)
(0.0659929 0.697346 1.62577e-16)
(-3.5389e-06 6.43633e-05 -1.45758e-16)
(-0.0351581 0.624527 1.70549e-16)
(2.77208e-05 0.000630383 3.56303e-16)
(2.24958e-05 0.000141122 -1.61878e-16)
(-0.024528 0.72963 -1.52414e-17)
(0.0444691 0.749584 8.56906e-16)
(3.41488e-06 6.99089e-05 2.12512e-16)
(6.16807e-06 6.56749e-05 -3.66832e-17)
(4.41219e-06 6.11916e-05 3.54297e-17)
(1.20601e-06 6.22919e-05 -3.04849e-17)
(-5.3228e-06 6.85521e-05 -2.90797e-16)
(-4.41962e-06 6.88646e-05 3.17165e-24)
(-5.57288e-06 6.67491e-05 3.63525e-16)
(1.00006e-05 4.35275e-05 0)
(1.41519e-05 3.45104e-05 -1.35912e-16)
(-2.20813e-05 1.97644e-05 0)
(-1.74383e-05 2.05614e-05 9.3001e-18)
(-1.58476e-05 4.39386e-05 -4.67547e-18)
(-1.34199e-05 3.72077e-05 4.70078e-18)
(-0.000733326 2.87562 2.15607e-18)
(-0.00101195 3.18449 -1.07812e-18)
(-0.00117853 3.57491 0)
(-0.0013373 3.5763 0)
(0.000453336 0.00111283 -6.72861e-16)
(-0.0305663 0.83348 3.23627e-17)
(-9.75482e-06 6.00639e-05 9.32697e-27)
(-1.08421e-05 4.21711e-05 -5.33527e-17)
(-0.0214098 0.870929 -3.40617e-17)
(-9.28725e-06 1.0516e-05 -1.69632e-16)
(1.06241e-05 8.3232e-05 3.5368e-16)
(8.7487e-06 1.7521e-06 0)
(4.4107e-05 0.000459282 -1.87847e-16)
(-2.72155e-05 9.22062e-05 4.07753e-18)
(7.49083e-06 7.29563e-05 -7.42045e-17)
(7.6716e-07 5.09194e-05 1.25693e-17)
(-7.50174e-06 7.19428e-05 4.38761e-24)
(-1.8226e-05 0.000112841 5.35333e-16)
(6.42871e-06 7.61754e-05 2.69425e-17)
(9.16933e-06 6.12832e-05 -4.5941e-17)
(7.0736e-06 0.000104778 8.77663e-18)
(6.42332e-06 9.26442e-05 0)
(1.14493e-05 0.000110531 2.2066e-18)
(8.95181e-06 0.000111572 -2.1943e-18)
(1.50677e-05 8.99511e-05 0)
(1.36306e-05 0.00010248 -4.47456e-18)
(1.49434e-05 6.15873e-05 -4.73175e-18)
(1.5987e-05 7.3341e-05 4.62769e-18)
(1.31205e-05 3.63547e-05 1.19512e-18)
(1.50508e-05 4.27972e-05 0)
(1.52393e-05 2.18685e-05 3.59474e-18)
(2.2294e-05 1.93558e-05 -9.50435e-18)
(1.84916e-05 1.99481e-05 1.19272e-18)
(3.06425e-05 1.79268e-05 0)
(2.56831e-05 1.79486e-05 0)
(3.33383e-05 1.58922e-05 1.29224e-17)
(3.11259e-05 1.56447e-05 0)
(3.05066e-05 1.543e-05 -6.631e-20)
(3.32484e-05 1.54448e-05 0)
(2.34163e-05 1.47276e-05 6.29538e-18)
(2.74078e-05 1.53293e-05 0)
(1.73459e-05 1.24861e-05 -2.08734e-18)
(1.98655e-05 1.39986e-05 -2.09318e-18)
(1.54861e-05 9.83613e-06 2.07006e-17)
(1.58447e-05 1.11982e-05 1.67334e-17)
(1.75793e-05 9.82376e-06 3.12647e-17)
(1.61219e-05 9.28328e-06 -3.32282e-17)
(2.73196e-05 2.23501e-05 9.90711e-17)
(2.10413e-05 1.32056e-05 -6.56703e-17)
(6.69817e-05 7.66146e-05 3.1909e-17)
(4.1271e-05 3.99536e-05 -8.15e-17)
(0.00011219 0.000145902 -6.30872e-17)
(-0.00031004 0.00182354 2.94891e-16)
(-8.57044e-05 0.000115837 5.92331e-17)
(-0.000135903 0.000226121 -1.20027e-16)
(-3.33683e-05 3.02747e-05 -6.14993e-17)
(-5.22025e-05 5.8494e-05 0)
(-1.9362e-05 1.06911e-05 7.85555e-17)
(-2.41371e-05 1.62823e-05 -1.43602e-24)
(-1.62355e-05 9.385e-06 1.39912e-25)
(-1.74044e-05 9.00989e-06 -7.93661e-18)
(-1.72593e-05 1.16781e-05 -3.25214e-17)
(-1.65845e-05 1.03211e-05 1.00815e-18)
(-2.26804e-05 1.42552e-05 3.00855e-26)
(-1.97931e-05 1.3344e-05 1.2238e-17)
(-3.01771e-05 1.48414e-05 -4.22786e-18)
(-2.68892e-05 1.46729e-05 1.55827e-17)
(-3.34892e-05 1.48935e-05 -1.73435e-17)
(-3.29008e-05 1.44791e-05 -8.5407e-18)
(-2.94825e-05 1.65211e-05 -1.11935e-17)
(-3.21154e-05 1.54324e-05 2.22636e-17)
(-2.55391e-05 1.75574e-05 9.67899e-18)
(-7.86048e-05 2.37294 -1.68469e-20)
(-0.000343868 2.6048 -1.061e-18)
(3.34667e-05 1.99606 0)
(2.93479e-05 2.17151 3.36955e-20)
(0.000191321 1.70582 -8.07763e-19)
(7.1601e-05 1.84189 1.21218e-18)
(0.000171748 1.47772 -6.72811e-20)
(0.000248262 1.58514 -1.34594e-19)
(-4.70231e-05 1.29516 2.68499e-19)
(0.000165816 1.38157 -2.15266e-18)
(-0.00188471 1.14705 -2.15066e-18)
(-0.00078846 1.21736 1.07502e-18)
(-0.00576153 1.024 -8.60446e-18)
(-0.00324545 1.08304 1.29019e-17)
(-0.013116 0.915936 1.72953e-17)
(-0.00873154 0.968617 8.61527e-18)
(0.00141537 3.57401 -5.37787e-19)
(0.00209091 3.57674 -6.72914e-20)
(0.00125668 3.5754 1.07686e-18)
(-0.00024166 3.57372 -3.36161e-20)
(0.000645409 3.57342 6.72309e-20)
(-0.000410334 3.57372 0)
(0.0554441 0.737458 9.45213e-18)
(0.075653 0.667044 -2.12217e-16)
(0.0337639 0.826166 -9.065e-18)
(0.0411579 0.778401 -9.37568e-18)
(0.013393 0.920388 -8.67044e-18)
(0.0217055 0.872932 8.816e-18)
(0.00528304 1.02425 1.07489e-18)
(0.00822064 0.970389 7.00117e-18)
(0.00144137 1.14699 2.14539e-18)
(0.00316978 1.08292 0)
(-5.08378e-05 1.29577 2.69334e-22)
(0.000642396 1.21754 -3.22251e-18)
(-2.21751e-05 1.47839 -1.07678e-18)
(-7.35235e-06 1.38236 1.61337e-18)
(-0.000112447 1.70642 2.69336e-19)
(-0.000312113 1.58583 1.07689e-18)
(5.84271e-05 1.9964 6.73944e-20)
(-1.35834e-05 1.8423 0)
(0.000272487 2.37338 -1.63429e-18)
(8.91024e-05 2.1719 4.71648e-19)
(0.000534553 2.60527 2.19034e-18)
(0.0182665 0.770042 -7.78398e-17)
(2.58205e-05 4.93491e-06 -5.00621e-18)
(2.25774e-05 8.8738e-06 7.92193e-17)
(2.79102e-05 1.03841e-06 -2.94041e-17)
(2.66531e-05 3.02042e-06 0)
(3.43725e-05 2.21091e-06 0)
(3.23794e-05 1.88032e-06 3.82605e-17)
(4.10472e-05 5.05584e-06 -2.09168e-17)
(3.83969e-05 3.59209e-06 -9.25591e-18)
(4.56412e-05 7.32362e-06 1.60303e-17)
(4.38175e-05 6.49077e-06 -4.59685e-18)
(4.54575e-05 9.04623e-06 9.0858e-18)
(4.63199e-05 8.47826e-06 -6.83431e-18)
(4.05161e-05 9.68932e-06 1.11556e-18)
(4.35458e-05 9.48369e-06 0)
(3.45801e-05 1.02169e-05 -5.50037e-18)
(3.75973e-05 9.8114e-06 -1.10943e-18)
(3.02787e-05 1.16359e-05 -4.34214e-18)
(3.22648e-05 1.07105e-05 1.09381e-18)
(2.76791e-05 1.28001e-05 0)
(2.8821e-05 1.20981e-05 0)
(2.47956e-05 1.37402e-05 2.1376e-18)
(2.61194e-05 1.30177e-05 0)
(1.706e-05 1.33847e-05 4.29946e-18)
(2.15482e-05 1.36056e-05 -5.35874e-27)
(7.29915e-06 1.2397e-05 0)
(1.23852e-05 1.29051e-05 0)
(1.42673e-06 1.13592e-05 2.14195e-18)
(3.72831e-06 1.16596e-05 -2.13926e-18)
(4.05537e-09 1.06115e-05 8.63313e-18)
(4.09875e-07 1.04576e-05 8.59282e-18)
(-3.82287e-06 1.17267e-05 4.35525e-18)
(-1.32976e-06 1.05489e-05 0)
(-1.29088e-05 1.15638e-05 2.1671e-18)
(-8.18348e-06 1.14778e-05 3.26601e-18)
(-2.20303e-05 1.20144e-05 -8.623e-18)
(-1.72642e-05 1.36234e-05 0)
(-2.63451e-05 1.27133e-05 -1.72437e-17)
(-2.44727e-05 1.23583e-05 8.75303e-18)
(-2.87006e-05 1.16918e-05 -1.74168e-17)
(-2.77125e-05 1.15826e-05 3.46792e-17)
(-3.21098e-05 1.00947e-05 2.19886e-18)
(-3.03301e-05 1.04605e-05 6.84575e-19)
(-3.7341e-05 9.5031e-06 -1.09398e-17)
(-3.45264e-05 9.72283e-06 8.77472e-18)
(-4.33713e-05 9.15778e-06 -8.71847e-18)
(-4.05443e-05 9.45864e-06 8.73451e-18)
(-4.61121e-05 8.34369e-06 1.08608e-18)
(-4.53323e-05 8.91718e-06 0)
(-4.34366e-05 6.45349e-06 0)
(-4.5512e-05 7.57017e-06 0)
(-3.65573e-05 4.00081e-06 9.79652e-18)
(-4.04613e-05 5.20837e-06 -7.60182e-18)
(-2.85125e-05 2.43212e-06 0)
(-3.36438e-05 3.09831e-06 -4.3679e-18)
(-2.1632e-05 9.37951e-07 1.99814e-17)
(-2.8746e-05 5.00948e-06 -3.63055e-17)
(-2.47985e-05 5.03577e-06 4.23202e-20)
(-7.2621e-06 9.22349e-05 -6.84788e-18)
(-7.46784e-06 7.51285e-05 4.37042e-18)
(-9.39145e-06 0.000111582 4.42826e-18)
(-7.76787e-06 0.000104428 0)
(-1.34704e-05 0.00010359 -1.80173e-17)
(-1.14674e-05 0.000111304 0)
(-1.58221e-05 7.50063e-05 4.6062e-18)
(-1.48065e-05 9.17467e-05 -2.04831e-17)
(-1.52898e-05 6.20583e-05 -2.32154e-18)
(0.00143335 0.00499536 0)
(0.000688143 0.004591 0)
(0.00172665 3.57863 1.14499e-18)
(0.0699374 0.62757 3.02636e-16)
(0.134143 0.619051 -1.14039e-20)
(0.140112 0.578111 -5.6912e-16)
(-4.92533e-05 0.00283921 -6.86917e-16)
(-9.34287e-05 0.000660318 0)
(-3.34701e-06 6.26345e-05 1.40222e-16)
(-0.0166313 0.646779 3.10572e-16)
(2.04574e-05 0.000402147 5.22351e-16)
(2.53814e-05 0.000196131 -3.31099e-16)
(-1.60641e-05 0.000376158 -3.34086e-16)
(0.0162436 0.78796 2.01349e-16)
(-0.00280292 0.0161454 -2.98608e-16)
(0.0192681 0.766738 1.71281e-21)
(6.82257e-06 6.76879e-05 -7.37218e-17)
(7.40668e-06 6.96512e-05 1.46932e-16)
(3.24624e-06 6.16902e-05 0)
(-1.33732e-06 6.31164e-05 2.96899e-17)
(-5.28634e-06 6.97198e-05 1.46018e-16)
(-4.68338e-06 6.93369e-05 3.16019e-16)
(-1.02707e-05 7.57258e-05 1.68596e-16)
(-2.83776e-05 9.39955e-05 -4.17885e-18)
(1.25594e-05 1.93275e-05 -2.01321e-17)
(7.96424e-06 3.58219e-05 -4.15676e-18)
(1.10526e-05 2.17549e-05 -1.32444e-17)
(0.000355736 0.000451075 -6.67448e-23)
(0.133941 0.650196 7.66828e-16)
(-0.0007433 0.00151848 3.83915e-16)
(-0.000451506 0.000834404 1.86208e-22)
(-1.50683e-05 2.25417e-05 -1.00887e-25)
(-0.00107156 3.57791 -6.73126e-20)
(0.0010078 0.0023416 1.6209e-16)
(0.000557471 0.000840324 -2.30995e-17)
(-0.0320953 0.782315 -6.41687e-17)
(-1.72079e-05 3.49675e-05 1.83983e-17)
(-0.00105163 0.00670292 -1.42451e-16)
(-0.0251755 0.817995 6.75108e-17)
(-0.0174972 0.864377 -3.47012e-17)
(-3.97898e-06 6.73817e-05 0)
(0.00399725 0.684925 -5.83228e-16)
(7.99682e-06 0.000379274 -3.38199e-16)
(1.4548e-05 0.000101799 1.64162e-16)
(-2.71528e-05 0.00712321 3.18076e-16)
(8.28471e-06 7.12866e-05 0)
(5.42215e-06 6.61367e-05 7.15625e-17)
(-6.66291e-06 6.77446e-05 4.53624e-24)
(0.00319243 3.88445 -1.07474e-18)
(0.00321222 3.88658 0)
(0.113475 0.619324 0)
(8.83512e-06 7.0182e-05 0)
(0.00261728 0.0153286 -2.62379e-16)
(4.33022e-06 2.2009e-05 -9.95123e-18)
(-2.26354e-06 6.94441e-05 -2.64875e-16)
(0.0517313 0.630253 -2.86965e-16)
(0.0164323 0.639892 -9.88418e-21)
(2.06946e-05 0.000276221 3.44491e-16)
(-3.46787e-05 0.000119658 6.57699e-18)
(-0.00116872 0.0108403 0)
(-0.150998 0.606041 -1.2042e-16)
(5.03047e-06 7.20573e-05 -1.47662e-16)
(-4.54129e-08 6.10005e-05 -3.29391e-17)
(-4.29798e-06 7.26726e-05 1.50846e-16)
(-1.14607e-05 8.76831e-05 0)
(1.39236e-05 2.09579e-05 6.82192e-17)
(7.97221e-06 4.51461e-05 0)
(1.57066e-05 3.47399e-05 1.25957e-16)
(5.57794e-06 7.68153e-05 -2.25429e-17)
(8.10838e-06 6.23854e-05 3.68553e-17)
(5.13016e-06 0.000103639 -9.889e-18)
(5.02483e-06 9.26581e-05 -3.33429e-18)
(7.67543e-06 0.000108484 2.19883e-18)
(6.10284e-06 0.000109682 2.1939e-18)
(9.85529e-06 8.86513e-05 0)
(8.90628e-06 0.000100438 -8.85557e-18)
(9.593e-06 5.95519e-05 1.98375e-17)
(1.01117e-05 7.2369e-05 -1.14449e-18)
(1.07979e-05 4.26517e-05 -5.89964e-19)
(1.09283e-05 2.29158e-05 -1.44781e-17)
(5.7762e-06 2.20597e-05 9.81587e-18)
(1.84803e-05 2.21346e-05 0)
(1.33345e-05 2.27127e-05 -2.37549e-18)
(2.66476e-05 2.04131e-05 1.79954e-17)
(2.14917e-05 2.20643e-05 0)
(3.24341e-05 1.98537e-05 -1.3035e-17)
(2.99394e-05 1.94111e-05 1.77793e-17)
(3.13485e-05 1.96228e-05 6.66182e-20)
(3.31514e-05 1.9137e-05 -4.31903e-18)
(2.34053e-05 1.95975e-05 1.26746e-17)
(2.77889e-05 1.94703e-05 -4.22452e-18)
(1.66614e-05 1.85613e-05 -1.27901e-25)
(1.93958e-05 1.92805e-05 -2.58957e-17)
(1.53915e-05 1.66164e-05 0)
(1.52626e-05 1.77309e-05 1.68414e-17)
(2.07524e-05 1.78954e-05 3.7657e-17)
(1.69428e-05 1.65322e-05 -3.13388e-17)
(4.22746e-05 3.67587e-05 0)
(2.81429e-05 2.33869e-05 8.32612e-18)
(0.000120042 0.000122743 0)
(6.92634e-05 6.5423e-05 1.65213e-17)
(0.000208452 0.000238412 6.54158e-17)
(-0.000683098 0.00241505 -4.63392e-16)
(-0.000170013 0.000206866 -1.8146e-16)
(-0.000289962 0.000428305 1.81843e-16)
(-5.48529e-05 4.94397e-05 0)
(-9.57969e-05 9.89156e-05 0)
(-2.30913e-05 1.9526e-05 4.7774e-17)
(-3.35845e-05 2.81587e-05 0)
(-1.5917e-05 1.67459e-05 8.04575e-18)
(-1.82981e-05 1.69071e-05 -6.39866e-17)
(-1.62394e-05 1.86339e-05 0)
(-1.59059e-05 1.73771e-05 -6.08696e-18)
(-2.25084e-05 1.94733e-05 -1.45276e-17)
(-1.91806e-05 1.89129e-05 0)
(-3.03189e-05 1.93586e-05 2.53823e-17)
(-2.69373e-05 1.93554e-05 1.77588e-17)
(-3.28368e-05 1.91999e-05 -4.29771e-18)
(-3.2542e-05 1.934e-05 -1.706e-17)
(-2.69839e-05 2.09111e-05 -2.23787e-18)
(-3.03932e-05 1.99951e-05 8.82825e-18)
(-1.85052e-05 2.28155e-05 -1.84238e-17)
(-2.21735e-05 2.14599e-05 0)
(-1.08641e-05 2.30812e-05 -9.46867e-18)
(-1.30655e-05 2.2819e-05 1.86096e-17)
(-1.55318e-05 2.87643 0)
(-0.00153825 3.57946 1.17754e-18)
(-0.000572505 3.18563 -3.36741e-20)
(0.000204744 2.37346 1.8949e-26)
(0.000120476 2.60543 -1.47399e-20)
(0.000332816 1.99635 0)
(0.000276999 2.17191 -6.73751e-20)
(0.000447001 1.70612 9.42512e-19)
(0.000444921 1.84213 -1.07772e-18)
(0.000351835 1.47794 0)
(0.000370461 1.58547 1.34649e-19)
(-0.000258665 1.29521 0)
(0.000157513 1.38169 0)
(-0.00166278 1.14633 2.15478e-18)
(-0.000734064 1.21714 -4.3082e-18)
(-0.00557684 1.02196 0)
(-0.00337324 1.08169 0)
(-0.014324 0.912343 0)
(-0.00908068 0.965823 0)
(0.00217011 0.00512884 0)
(0.00156136 3.88152 7.3858e-22)
(0.00248847 3.88279 5.37149e-19)
(-0.00035344 3.88089 0)
(0.00136626 3.88069 -2.94077e-20)
(-0.00149816 3.8823 -4.1995e-21)
(-0.00133059 3.88119 4.19788e-21)
(-0.00228497 3.88565 0)
(-0.00259063 3.88398 0)
(0.0513512 0.731531 -7.83852e-18)
(0.0564866 0.635951 1.61355e-17)
(0.0312886 0.818359 1.78782e-17)
(0.0412832 0.769156 0)
(0.0152366 0.916803 6.51528e-18)
(0.0226466 0.867391 -4.39957e-18)
(0.00520333 1.02311 -1.0768e-18)
(0.00954292 0.968261 -3.23471e-18)
(0.0015248 1.14713 -5.37679e-18)
(0.00273516 1.0825 4.29982e-18)
(2.35385e-05 1.29593 1.07481e-18)
(0.000471147 1.21793 2.15041e-18)
(-0.000610235 1.47865 0)
(-0.000336425 1.38243 -2.15334e-18)
(-0.000602056 1.70654 -2.69292e-19)
(-0.000602088 1.58598 0)
(-0.000475091 1.99673 5.38866e-19)
(-0.000534986 1.84253 5.39065e-19)
(-0.000170375 2.37393 -1.07781e-18)
(-0.000321129 2.17232 -5.05506e-19)
(0.000452101 2.87711 -1.34742e-19)
(1.47114e-05 2.606 1.04481e-18)
(0.00160963 3.58032 -1.01054e-18)
(0.00103532 3.18636 1.0771e-18)
(2.82485e-05 1.39597e-05 5.87743e-17)
(2.22994e-05 1.45775e-05 0)
(2.4835e-05 1.77312e-05 -3.88542e-17)
(0.00521008 0.0100025 -1.29303e-16)
(-1.70469e-05 1.75427e-05 1.89788e-17)
(-1.33857e-05 3.53594e-05 -1.86165e-17)
(-1.38586e-05 2.18238e-05 1.91051e-17)
(-2.94271e-05 0.000113925 0)
(3.00739e-05 1.03061e-05 8.35192e-17)
(2.80563e-05 1.31152e-05 -9.82395e-17)
(3.11239e-05 7.68622e-06 -9.62891e-18)
(2.98656e-05 1.04593e-05 -7.80499e-17)
(3.4415e-05 9.3818e-06 -3.73425e-17)
(3.23681e-05 8.88316e-06 3.79346e-17)
(3.97316e-05 1.31614e-05 -4.58366e-18)
(3.70835e-05 1.14889e-05 0)
(4.41923e-05 1.69461e-05 1.59198e-17)
(4.22693e-05 1.53411e-05 -1.82417e-17)
(4.47993e-05 1.85325e-05 4.49314e-18)
(4.52322e-05 1.7989e-05 -4.50971e-18)
(4.04011e-05 1.82434e-05 0)
(4.30528e-05 1.8461e-05 0)
(3.44586e-05 1.70264e-05 4.39478e-18)
(3.74135e-05 1.76894e-05 -2.21009e-18)
(2.9983e-05 1.64998e-05 2.71573e-19)
(3.1952e-05 1.65653e-05 2.18511e-18)
(2.71828e-05 1.69321e-05 -3.22082e-18)
(2.84235e-05 1.65927e-05 1.88902e-18)
(2.41299e-05 1.78601e-05 -2.14354e-18)
(2.58658e-05 1.73077e-05 0)
(1.72899e-05 1.89853e-05 0)
(2.11511e-05 1.87895e-05 0)
(8.06322e-06 1.8554e-05 -2.14193e-18)
(1.27491e-05 1.91531e-05 -2.14864e-18)
(1.79504e-06 1.70498e-05 -6.42658e-18)
(4.43983e-06 1.78711e-05 4.28069e-18)
(-8.86691e-07 1.6579e-05 -5.90442e-26)
(2.99808e-07 1.64888e-05 2.92812e-26)
(-5.13761e-06 1.8142e-05 0)
(-2.53922e-06 1.7248e-05 0)
(-1.283e-05 1.92865e-05 -4.33094e-18)
(-9.35967e-06 1.91926e-05 -4.33871e-18)
(-2.13541e-05 1.90976e-05 0)
(-1.73923e-05 1.96548e-05 7.57412e-18)
(-2.54341e-05 1.74284e-05 0)
(-2.32016e-05 1.80913e-05 1.35202e-19)
(-2.80254e-05 1.61058e-05 8.69684e-18)
(-2.66942e-05 1.65319e-05 -1.08316e-17)
(-3.17287e-05 1.60751e-05 0)
(-2.98018e-05 1.59152e-05 -5.45942e-19)
(-3.7208e-05 1.72908e-05 2.18328e-18)
(-3.43513e-05 1.65832e-05 0)
(-4.29893e-05 1.83486e-05 -1.85021e-17)
(-4.0353e-05 1.79732e-05 8.71239e-18)
(-4.52467e-05 1.78136e-05 0)
(-4.47775e-05 1.83207e-05 8.69414e-18)
(-4.21215e-05 1.5153e-05 0)
(-4.44131e-05 1.67808e-05 0)
(-3.57518e-05 1.11159e-05 -5.44153e-18)
(-3.92944e-05 1.31374e-05 4.34247e-18)
(-3.08193e-05 8.71358e-06 8.8641e-18)
(-3.38775e-05 9.39163e-06 0)
(-3.06229e-05 9.54766e-06 3.32144e-17)
(-3.16291e-05 9.62496e-06 -9.17295e-18)
(-2.56326e-05 1.36188e-05 -3.88062e-17)
(-2.85966e-05 1.63357e-05 1.46447e-17)
(-2.19851e-05 1.92573e-05 -5.7671e-17)
(-2.40163e-05 1.73312e-05 1.91809e-17)
(-8.34432e-06 6.23725e-05 -2.66444e-17)
(-1.08355e-05 4.38475e-05 3.62347e-17)
(-5.44482e-06 9.22196e-05 2.4647e-18)
(-6.44384e-06 7.59998e-05 -4.38826e-18)
(-6.24517e-06 0.000109591 4.42099e-18)
(-5.43059e-06 0.000103244 0)
(-8.9472e-06 0.000101498 4.48175e-18)
(-7.55683e-06 0.000108907 0)
(-1.0194e-05 7.42422e-05 -4.57593e-18)
(-9.66072e-06 9.01596e-05 1.3579e-17)
(-1.01028e-05 4.40766e-05 -4.67967e-18)
(-9.58667e-06 6.15571e-05 0)
(-1.03076e-05 2.28465e-05 -1.01707e-17)
(-8.06336e-06 3.72956e-05 2.36407e-18)
(0.0315123 0.688412 -3.14642e-16)
(0.142611 0.577281 -8.83575e-21)
(0.161045 0.585885 2.90323e-16)
(0.150184 0.586652 2.97235e-16)
(0.116398 0.606817 0)
(0.135561 0.565395 -2.5819e-21)
(0.00125678 0.00206261 -1.6429e-16)
(-0.0264847 0.814746 -1.06188e-16)
(-0.0211961 0.860818 3.55431e-17)
(-4.26484e-06 7.02033e-05 0)
(-0.029228 0.665024 -2.71653e-16)
(8.89304e-06 0.000244843 -3.23602e-16)
(1.24147e-05 0.000126999 -1.60103e-16)
(-2.85537e-06 0.0002325 -3.24755e-16)
(-0.000309606 0.0109646 0)
(-2.04219e-06 4.50084e-07 7.95758e-17)
(-0.00174185 0.0244764 3.59505e-16)
(0.000240825 0.0111447 3.0678e-16)
(-0.0343216 0.765711 6.97583e-17)
(4.63574e-06 6.74923e-05 -1.48029e-16)
(5.01164e-06 6.97993e-05 -1.44475e-16)
(1.76935e-06 6.701e-05 6.94701e-17)
(1.47635e-06 6.92369e-05 3.1947e-17)
(-3.82975e-06 6.93149e-05 1.43252e-16)
(-4.6088e-06 6.94448e-05 -3.62762e-24)
(-7.10218e-06 7.01184e-05 -1.78254e-24)
(-1.14034e-05 8.62713e-05 4.45515e-16)
(4.31684e-06 3.15047e-05 1.20773e-16)
(-0.00272107 0.00888309 -3.72896e-21)
(-6.44209e-06 2.30209e-05 -9.69657e-18)
(-0.00255936 3.88743 -1.47963e-21)
(0.00288054 3.8885 -6.72734e-20)
(-0.128224 0.586242 3.32491e-20)
(0.157554 0.597323 -1.66979e-20)
(0.0934346 0.616594 0)
(-0.13957 0.68146 1.47271e-16)
(7.6347e-06 8.55775e-05 -1.60445e-16)
(7.01571e-06 6.88558e-05 1.65503e-16)
(1.15277e-05 1.09769e-05 0)
(-1.78505e-05 1.95065e-05 3.87984e-17)
(-1.73821e-06 6.62005e-05 -7.24784e-17)
(1.27308e-05 0.00173494 6.97308e-16)
(-4.41708e-05 0.000389433 -3.33913e-16)
(-0.0090789 0.219307 -2.9607e-16)
(-0.00161268 0.310493 2.86e-16)
(-0.0164145 0.329832 -1.15309e-16)
(-0.00207327 0.241037 0)
(0.00777725 0.620922 -7.42379e-21)
(-0.029764 0.810883 -1.81818e-17)
(-1.8243e-05 0.000152514 4.82693e-16)
(4.116e-07 6.93514e-05 0)
(-0.0227893 0.640589 -2.72074e-16)
(1.17678e-05 0.000169809 3.18432e-16)
(-5.1497e-06 0.000151257 3.09286e-16)
(-0.000773965 0.0161745 -3.24856e-16)
(8.71355e-05 0.0175483 0)
(-0.188683 0.48728 -1.83513e-16)
(-0.195858 0.540124 -1.75011e-16)
(-2.51624e-05 8.59973e-06 1.24547e-16)
(-0.0976478 0.62726 7.54129e-21)
(-0.0393845 0.762754 3.78574e-17)
(-0.0378177 0.768883 1.46966e-16)
(-0.160969 0.602787 5.10723e-16)
(4.99265e-06 7.10549e-05 2.44443e-24)
(1.57386e-06 6.65136e-05 3.3204e-17)
(-4.42868e-06 7.02065e-05 0)
(-7.47941e-06 7.69487e-05 -1.53773e-16)
(6.34073e-06 5.07527e-05 0)
(9.13725e-06 3.56837e-05 -7.79404e-17)
(3.75561e-06 7.95836e-05 1.12158e-18)
(5.69623e-06 6.44616e-05 1.60158e-17)
(3.18801e-06 0.000103793 1.37477e-18)
(3.28033e-06 9.33724e-05 8.29847e-19)
(5.06228e-06 0.000107762 -2.18759e-18)
(3.92749e-06 0.000109043 2.73832e-19)
(6.58482e-06 8.85653e-05 1.11078e-18)
(6.04274e-06 0.000100121 1.32012e-17)
(6.58669e-06 6.0558e-05 -2.00623e-17)
(7.23555e-06 7.32504e-05 1.85918e-17)
(5.53508e-06 3.66751e-05 7.06852e-18)
(7.74543e-06 4.44568e-05 -1.16391e-18)
(9.44927e-06 2.39105e-05 2.41676e-17)
(1.66376e-05 9.45726e-06 9.60867e-18)
(1.2797e-05 8.76947e-06 -3.96088e-17)
(2.13272e-05 7.49007e-06 -1.62219e-17)
(1.75988e-05 7.50606e-06 2.11977e-17)
(2.77638e-05 6.01095e-06 -4.49822e-17)
(2.33042e-05 6.24773e-06 9.15801e-18)
(3.26914e-05 4.54985e-06 4.37122e-18)
(2.98502e-05 4.45397e-06 8.90397e-18)
(3.14208e-05 5.01475e-06 6.97235e-18)
(3.30742e-05 4.29244e-06 4.85927e-18)
(2.32672e-05 5.4332e-06 0)
(2.78316e-05 5.33991e-06 -8.48878e-18)
(1.57527e-05 5.20534e-06 -1.0324e-25)
(1.87881e-05 5.34025e-06 -1.6708e-17)
(1.44139e-05 4.25832e-06 -1.05243e-18)
(1.41661e-05 4.65375e-06 1.67924e-17)
(2.37507e-05 7.06558e-06 -2.10033e-18)
(1.70629e-05 4.86907e-06 -2.10837e-18)
(6.38734e-05 3.50415e-05 0)
(3.69758e-05 1.52236e-05 -4.22506e-18)
(0.000209038 0.000173968 -3.3086e-17)
(0.000114827 7.89238e-05 -2.47101e-24)
(0.000656764 0.000736926 -2.94424e-23)
(0.000365747 0.000370942 -4.99385e-17)
(0.000831049 0.0014899 -3.86436e-17)
(-0.000932605 0.00130874 1.22453e-16)
(-0.00146334 0.00259911 -5.11052e-22)
(-0.00209493 0.00508003 2.24951e-16)
(-0.000303597 0.000279949 -6.3158e-17)
(-0.000549606 0.000622302 6.25023e-17)
(-8.42213e-05 4.95879e-05 -1.60463e-17)
(-0.000160767 0.000120082 0)
(-2.71867e-05 8.94818e-06 6.47627e-17)
(-4.58241e-05 2.02367e-05 -6.45284e-17)
(-1.54569e-05 4.61937e-06 -6.51937e-17)
(-1.90216e-05 5.32005e-06 6.49111e-17)
(-1.60879e-05 5.46955e-06 4.11029e-18)
(-1.51274e-05 4.68573e-06 2.0493e-18)
(-2.28471e-05 5.24944e-06 -2.08539e-18)
(-1.88938e-05 5.28809e-06 0)
(-3.11112e-05 4.38998e-06 -1.68623e-17)
(-2.71575e-05 4.78873e-06 2.10257e-18)
(-3.29229e-05 4.32999e-06 2.14515e-18)
(-3.27091e-05 4.37003e-06 1.70487e-17)
(-2.72551e-05 5.70082e-06 2.21891e-18)
(-3.04624e-05 4.62345e-06 -6.52465e-18)
(-2.04949e-05 7.87567e-06 -1.36689e-17)
(-2.32722e-05 6.1357e-06 1.90989e-17)
(-1.54495e-05 1.00704e-05 0)
(-1.70181e-05 7.49174e-06 0)
(-1.30906e-05 9.07358e-06 1.0502e-25)
(-0.00209734 3.8894 -1.07587e-18)
(-0.000950329 3.58101 -3.36683e-20)
(-0.000803312 3.18673 3.36744e-20)
(-0.00054699 2.87732 0)
(-0.000209322 2.60608 1.08462e-18)
(-3.09849e-05 2.37391 -1.59981e-18)
(9.89481e-05 2.1722 1.11152e-18)
(0.000200757 1.99652 -5.38754e-19)
(0.000198286 1.84228 1.0779e-18)
(0.000228089 1.70625 -1.14468e-18)
(0.000276688 1.58553 1.0103e-18)
(0.000232009 1.47792 -1.07721e-18)
(0.00014991 1.38149 -1.34669e-19)
(-2.40343e-05 1.29475 -1.61641e-18)
(-0.000509632 1.21647 2.15514e-18)
(-0.00135671 1.14543 4.31456e-18)
(-0.00264112 1.08028 -2.1615e-18)
(-0.00482147 1.01981 3.07716e-22)
(-0.00770998 0.962851 -4.95263e-22)
(-0.0112093 0.908245 8.82984e-18)
(-0.0160703 0.855374 0)
(-0.0230593 0.803835 0)
(-0.0344227 0.754288 -3.81682e-17)
(-0.0501855 0.706577 -1.99918e-17)
(-0.0685914 0.660313 0)
(-0.0801349 0.612429 0)
(-0.134599 0.51083 1.23182e-21)
(0.00322541 0.0039665 0)
(-0.208518 0.547577 -1.67904e-16)
(0.00374487 4.75722 5.20161e-19)
(0.00449468 4.75461 1.67888e-20)
(0.00381189 4.75193 5.5514e-19)
(0.0034721 4.74967 -1.05677e-18)
(0.00212171 4.74829 7.71627e-19)
(0.0012314 4.74726 1.29852e-19)
(-0.000293306 4.74708 6.70338e-20)
(-0.00138475 4.74791 -2.68117e-19)
(-0.00236561 4.74919 -5.36304e-19)
(-0.00311375 4.75115 8.39165e-21)
(-0.00362557 4.75336 5.19961e-19)
(-0.00276025 4.75563 -1.06738e-18)
(-0.00301774 4.75841 1.57961e-18)
(-0.00284309 0.0344112 -4.72654e-21)
(0.061141 0.635343 -9.46059e-17)
(0.0458468 0.700985 -1.13523e-18)
(0.0373916 0.747508 2.25127e-18)
(0.0281463 0.800644 -4.44745e-18)
(0.0197448 0.853764 -5.49685e-18)
(0.0136719 0.907632 -1.08832e-18)
(0.00894432 0.962903 1.07978e-18)
(0.005531 1.02016 3.23167e-18)
(0.00309593 1.08061 -4.30581e-18)
(0.00154306 1.14586 2.6901e-18)
(0.000731304 1.21715 -1.07616e-18)
(0.000324597 1.29558 -1.07665e-18)
(-0.000120867 1.38227 -1.07645e-18)
(-0.000294988 1.47851 1.61554e-18)
(-0.000295374 1.586 2.69342e-19)
(-0.000292927 1.70668 8.07984e-19)
(-0.000251666 1.84274 -1.07808e-18)
(-0.000125274 1.99701 0)
(-3.18607e-05 2.17271 -1.04395e-18)
(0.000113031 2.37447 1.0783e-18)
(0.000317909 2.60676 0)
(0.000537788 2.87814 1.1447e-18)
(0.000905012 3.18778 -1.14545e-18)
(0.00139519 3.58231 -1.11026e-18)
(0.00243838 3.89087 2.28768e-18)
(0.00291091 4.76024 -3.54821e-20)
(-0.0828552 0.627246 -4.83269e-16)
(0.137779 0.609019 1.38517e-16)
(-0.13689 0.498397 -1.96312e-16)
(6.98916e-06 6.72674e-05 1.53965e-24)
(-3.55284e-06 8.12826e-05 2.63713e-16)
(-0.00336469 0.0901568 0)
(-0.00733676 0.0917594 -7.60607e-17)
(1.39985e-07 0.000154383 -6.23381e-23)
(9.60175e-06 9.25601e-05 -3.01603e-16)
(4.66974e-06 7.62215e-05 2.62941e-24)
(0.00152586 0.0596215 2.02829e-16)
(-3.4037e-05 0.00012213 2.20379e-18)
(-0.0475132 0.40722 1.30531e-16)
(2.76653e-05 7.20188e-05 -6.68921e-25)
(0.0882169 0.574067 3.17496e-20)
(-0.00120107 0.0327784 -2.02153e-16)
(-0.000221466 0.0170843 -6.06922e-16)
(-0.131674 0.540032 4.89822e-16)
(-0.00592093 0.0258482 4.45181e-16)
(-0.00577039 0.424815 7.42329e-18)
(-0.0030751 0.203891 -5.73878e-17)
(-0.0506377 0.719992 -2.18865e-16)
(-0.115618 0.644488 -3.04265e-22)
(-0.0534586 0.71713 0)
(-0.124195 0.604042 2.49354e-16)
(0.0533099 0.610944 -1.79936e-20)
(-0.0023303 0.163904 -6.58605e-17)
(0.112326 0.439309 -2.91222e-17)
(0.043027 0.351517 -1.28224e-16)
(0.011495 0.260487 9.73066e-17)
(8.95187e-05 0.00169082 7.54221e-16)
(2.26844e-06 7.14451e-05 2.17843e-16)
(-1.51988e-06 6.81754e-05 -1.00835e-16)
(3.45861e-06 6.95058e-05 -1.38477e-16)
(-3.45288e-06 7.08033e-05 -1.38165e-16)
(-3.33173e-06 7.55915e-05 3.91513e-16)
(-4.36453e-06 7.03584e-05 -6.22305e-24)
(0.143628 0.531208 1.56964e-16)
(0.175461 0.538539 -3.07663e-16)
(0.199873 0.53941 -2.93747e-16)
(0.210561 0.555389 -8.4857e-16)
(0.208079 0.574282 2.77627e-16)
(0.188748 0.591979 1.379e-16)
(2.18599e-05 7.37901e-05 -6.16086e-17)
(-0.000142655 0.000327405 0)
(-0.0380701 0.761263 9.30566e-17)
(2.77366e-05 0.000119123 3.45811e-17)
(0.00210918 0.0211888 0)
(-0.000136322 0.0370297 0)
(-1.17514e-05 1.19623e-05 4.08635e-17)
(-4.48454e-06 2.16066e-05 -1.99791e-17)
(-9.1952e-06 2.37521e-05 6.06442e-19)
(-6.42818e-06 3.74988e-05 7.12301e-18)
(-8.25596e-06 4.51703e-05 -7.01229e-18)
(-7.48115e-06 6.18644e-05 0)
(-7.81995e-06 7.46044e-05 9.07914e-18)
(-7.25863e-06 9.00685e-05 -1.80188e-17)
(-6.68727e-06 0.000101139 -4.46549e-18)
(-5.73403e-06 0.000108377 0)
(-4.69356e-06 0.000109382 0)
(-3.99906e-06 0.000103719 0)
(-4.05595e-06 9.35567e-05 -2.19595e-18)
(-4.53476e-06 7.84502e-05 -6.24919e-26)
(-6.27051e-06 6.52272e-05 0)
(-6.82259e-06 4.79542e-05 0)
(-1.05716e-05 3.99469e-05 -9.33565e-18)
(-8.79964e-06 2.30257e-05 2.90008e-17)
(-1.46213e-05 2.36901e-05 0)
(-4.86744e-06 2.14247e-06 -7.90785e-17)
(-1.49906e-05 6.32776e-06 0)
(-1.76505e-05 3.62525e-06 3.80528e-17)
(-2.30546e-05 2.31149e-06 -1.88397e-17)
(-2.69013e-05 -3.86892e-07 -3.74734e-17)
(-2.87409e-05 -1.92862e-06 1.39202e-17)
(-2.75354e-05 -4.26854e-06 -4.58366e-18)
(-3.04222e-05 -4.22589e-06 4.50264e-18)
(-2.87216e-05 -4.95505e-06 -2.19954e-18)
(-3.12755e-05 -3.43899e-06 2.18817e-18)
(-3.28214e-05 -1.75373e-06 -8.69356e-18)
(-3.65978e-05 7.03745e-07 4.34049e-18)
(-3.98889e-05 3.01671e-06 -4.47235e-18)
(-4.29146e-05 4.97125e-06 4.33662e-18)
(-4.45731e-05 6.22741e-06 0)
(-4.48219e-05 6.64806e-06 -3.79836e-18)
(-4.36432e-05 6.38106e-06 5.43059e-18)
(-4.14789e-05 5.52163e-06 -4.34895e-18)
(-3.86523e-05 4.29245e-06 3.81024e-18)
(-3.56143e-05 3.05866e-06 0)
(-3.27231e-05 1.95502e-06 0)
(-3.01995e-05 1.0936e-06 0)
(-2.80708e-05 7.66689e-07 -9.77039e-18)
(-2.63854e-05 8.15539e-07 2.0589e-17)
(-2.4756e-05 1.54838e-06 -8.65586e-18)
(-2.2722e-05 2.53585e-06 -2.70788e-19)
(-2.03664e-05 3.41791e-06 5.41517e-19)
(-1.69148e-05 4.79487e-06 -3.24462e-18)
(-1.31725e-05 4.62581e-06 4.33169e-18)
(-9.35605e-06 4.54321e-06 0)
(-5.608e-06 3.93863e-06 4.31995e-18)
(-2.87339e-06 2.83741e-06 4.31206e-18)
(-7.18766e-07 2.40742e-06 8.59932e-18)
(9.17312e-07 2.22235e-06 -6.43205e-18)
(2.77762e-06 2.9876e-06 0)
(5.35469e-06 3.90591e-06 2.0068e-18)
(8.71503e-06 4.76268e-06 -2.14265e-18)
(1.27986e-05 5.1796e-06 4.28863e-18)
(1.68872e-05 4.91226e-06 0)
(2.04803e-05 4.01954e-06 -2.59716e-19)
(2.32875e-05 2.87889e-06 -2.68056e-19)
(2.51412e-05 1.77724e-06 8.04602e-19)
(2.67872e-05 1.23099e-06 5.3775e-19)
(2.83756e-05 1.18847e-06 1.34765e-19)
(3.04225e-05 1.73494e-06 -6.7679e-19)
(3.27979e-05 2.53682e-06 5.43826e-19)
(3.57185e-05 3.48376e-06 -4.37789e-18)
(3.8604e-05 4.64737e-06 4.40383e-18)
(4.16233e-05 5.80379e-06 0)
(4.37544e-05 6.58438e-06 0)
(4.50106e-05 6.87613e-06 -2.23749e-17)
(4.4423e-05 6.35712e-06 4.26344e-17)
(4.26521e-05 5.14474e-06 -3.37871e-17)
(3.9981e-05 3.234e-06 1.58237e-17)
(3.68538e-05 7.54164e-07 4.55656e-18)
(3.38826e-05 -1.23215e-06 0)
(3.11402e-05 -3.50093e-06 0)
(3.02621e-05 -4.48341e-06 -7.95957e-17)
(2.92747e-05 -5.10528e-06 4.74322e-18)
(2.93758e-05 -3.88781e-06 1.97978e-25)
(2.87353e-05 -3.00053e-06 1.57261e-16)
(2.65724e-05 -1.00259e-06 -7.77128e-17)
(2.39108e-05 1.03443e-06 9.67485e-17)
(0.0066358 4.51173 -5.54216e-19)
(0.00535416 4.51486 -1.61212e-18)
(-0.000483343 3.89084 0)
(-0.000170079 4.75998 -1.04098e-18)
(2.24236e-05 1.08448e-05 -5.57898e-17)
(-0.083973 0.614711 4.89521e-16)
(-0.00613365 0.0144081 7.79962e-22)
(2.00357e-05 4.27616e-06 -5.13654e-25)
(1.72707e-05 7.64112e-06 -7.38342e-17)
(0.000275377 0.00262167 0)
(-5.66956e-05 0.00023013 1.91999e-16)
(-1.49273e-05 1.89992e-05 0)
(-5.78931e-06 2.60286e-05 -4.18551e-17)
(-8.89567e-06 3.87638e-05 2.11225e-17)
(-5.64269e-06 4.87612e-05 0)
(-5.16073e-06 6.52075e-05 -2.72281e-22)
(-3.60462e-06 7.8586e-05 8.85003e-18)
(-3.03278e-06 9.30364e-05 0)
(-2.68818e-06 0.000102729 0)
(-2.94528e-06 0.000107832 -2.20358e-18)
(-3.45082e-06 0.000106688 0)
(-3.88252e-06 9.95848e-05 -4.45505e-18)
(-4.06831e-06 8.83924e-05 0)
(-4.27106e-06 7.32646e-05 0)
(-3.82236e-06 6.03318e-05 0)
(-4.1436e-06 4.45634e-05 2.32064e-18)
(-3.00682e-06 2.23352e-05 -4.0893e-17)
(-4.75103e-06 2.47048e-05 -5.82137e-17)
(-2.89255e-06 3.66944e-05 3.77808e-17)
(2.33126e-06 1.28008e-05 -4.283e-17)
(-3.2078e-06 1.5098e-05 -3.86168e-17)
(-8.74232e-06 1.62722e-05 3.70978e-17)
(-1.06275e-05 1.58103e-05 -1.82628e-17)
(-1.70928e-05 1.64856e-05 -4.50225e-18)
(-1.99895e-05 1.5214e-05 -1.11021e-18)
(-2.55106e-05 1.47366e-05 -1.09621e-18)
(-2.87734e-05 1.36796e-05 -1.08277e-18)
(-3.19458e-05 1.32186e-05 2.14421e-18)
(-3.23259e-05 1.29038e-05 -2.13888e-18)
(-3.13427e-05 1.27801e-05 0)
(-2.74943e-05 1.32541e-05 -4.22393e-18)
(-2.33401e-05 1.3609e-05 -1.05226e-18)
(-1.93883e-05 1.38764e-05 0)
(-1.63141e-05 1.47293e-05 -4.15905e-18)
(-1.53809e-05 1.4668e-05 2.07501e-18)
(-1.60717e-05 1.512e-05 0)
(-2.07911e-05 1.64121e-05 0)
(-3.30001e-05 2.07225e-05 8.25253e-18)
(-6.09667e-05 3.3913e-05 5.76969e-17)
(-0.000121532 6.85033e-05 -3.29693e-17)
(-0.000247694 0.000156614 0)
(-0.000496666 0.000368875 0)
(-0.000953547 0.000853 0)
(-0.00171621 0.00188665 -1.30422e-16)
(-0.00453372 0.00768006 -3.84745e-16)
(-0.00289696 0.00392204 3.83605e-16)
(-5.21027e-06 0.000621303 5.15312e-16)
(0.00506861 0.0207463 0)
(0.00142166 0.0027324 -1.54651e-16)
(0.00130179 0.00130018 1.9288e-16)
(0.000687695 0.000605846 -6.61746e-17)
(0.000373237 0.000269236 -3.34677e-17)
(0.000191382 0.00011923 3.38116e-17)
(9.85848e-05 5.57645e-05 0)
(5.20251e-05 2.97733e-05 2.9939e-17)
(2.98397e-05 1.93351e-05 -3.17671e-17)
(1.94566e-05 1.58043e-05 2.12339e-18)
(1.51002e-05 1.47337e-05 1.59748e-18)
(1.44161e-05 1.44008e-05 0)
(1.61024e-05 1.44173e-05 6.63933e-20)
(1.93969e-05 1.40262e-05 8.78985e-18)
(2.38304e-05 1.36869e-05 -9.09572e-18)
(2.83267e-05 1.32329e-05 0)
(3.17278e-05 1.31908e-05 -7.54033e-18)
(3.28757e-05 1.27365e-05 -2.15917e-18)
(3.20451e-05 1.3262e-05 4.3757e-18)
(2.84408e-05 1.35601e-05 -8.861e-18)
(2.50722e-05 1.46341e-05 1.34855e-17)
(1.94198e-05 1.53263e-05 9.07523e-18)
(1.69465e-05 1.61959e-05 -2.29895e-18)
(1.06397e-05 1.61112e-05 0)
(1.95468e-06 1.50405e-05 3.9166e-17)
(9.25244e-06 1.6323e-05 -3.79055e-17)
(-0.26264 0.547193 -4.98331e-21)
(1.78963e-06 1.90988e-05 0)
(5.4577e-06 2.30035e-05 -9.64709e-18)
(2.26494e-06 3.44767e-05 -4.67759e-18)
(4.30594e-06 4.35482e-05 2.30949e-18)
(3.39309e-06 5.88011e-05 4.56352e-18)
(4.15586e-06 7.22764e-05 4.49962e-18)
(3.98964e-06 8.73217e-05 -8.89199e-18)
(3.87489e-06 9.88739e-05 -9.55986e-26)
(3.357e-06 0.000106348 0)
(2.78494e-06 0.000107798 -1.36581e-18)
(2.4029e-06 0.000102999 0)
(2.62231e-06 9.33121e-05 1.76809e-17)
(3.14931e-06 7.94657e-05 0)
(4.58253e-06 6.56633e-05 -9.12057e-18)
(5.25752e-06 5.01781e-05 0)
(7.92166e-06 3.93773e-05 0)
(3.19247e-06 1.73962e-05 -8.26299e-26)
(1.03708e-05 2.6467e-05 0)
(3.33444e-05 0.000122633 3.30049e-17)
(-1.75912e-05 1.22105e-05 3.84837e-17)
(-2.58108e-05 1.10542e-05 -7.46748e-17)
(-2.75558e-05 1.18988e-05 5.50296e-17)
(-3.0578e-05 1.02597e-05 -4.56536e-17)
(-3.22661e-05 1.07335e-05 0)
(-3.21654e-05 7.52656e-06 4.51043e-18)
(-3.18365e-05 7.4204e-06 -4.4338e-18)
(-3.03548e-05 6.34777e-06 0)
(-3.09473e-05 7.12597e-06 0)
(-3.17851e-05 8.15461e-06 0)
(-3.4685e-05 1.00751e-05 0)
(-3.783e-05 1.2078e-05 -4.19904e-18)
(-4.12103e-05 1.39961e-05 4.40017e-18)
(-4.35453e-05 1.53372e-05 0)
(-4.45941e-05 1.59034e-05 -5.42123e-19)
(-4.40726e-05 1.57113e-05 4.34018e-18)
(-4.23015e-05 1.49605e-05 -3.36422e-26)
(-3.96421e-05 1.38098e-05 -8.14936e-18)
(-3.66267e-05 1.2524e-05 8.69646e-18)
(-3.36651e-05 1.14078e-05 4.35476e-18)
(-3.0865e-05 1.04915e-05 -1.74307e-17)
(-2.82788e-05 9.8695e-06 9.76386e-18)
(-2.58356e-05 9.93357e-06 -5.42049e-18)
(-2.36639e-05 1.06784e-05 4.86988e-18)
(-2.12968e-05 1.1857e-05 0)
(-1.90007e-05 1.32147e-05 -5.42144e-19)
(-1.62563e-05 1.42523e-05 -5.41493e-19)
(-1.31055e-05 1.45763e-05 0)
(-1.0133e-05 1.45011e-05 0)
(-6.83991e-06 1.3578e-05 -4.3154e-18)
(-4.0312e-06 1.27289e-05 -4.31087e-18)
(-1.44279e-06 1.20773e-05 4.30186e-18)
(9.66384e-07 1.20495e-05 1.07319e-18)
(3.40128e-06 1.26288e-05 -2.14402e-18)
(6.22542e-06 1.35108e-05 1.33925e-19)
(9.32582e-06 1.4243e-05 2.14386e-18)
(1.27369e-05 1.44785e-05 -5.36131e-19)
(1.61266e-05 1.38777e-05 -1.07241e-18)
(1.92447e-05 1.28139e-05 -8.38137e-21)
(2.20188e-05 1.14561e-05 -6.70622e-20)
(2.43935e-05 1.04543e-05 -2.68442e-19)
(2.66488e-05 1.0032e-05 1.07518e-18)
(2.88979e-05 1.01989e-05 -1.34709e-18)
(3.14022e-05 1.09249e-05 2.43213e-18)
(3.39798e-05 1.18685e-05 1.03606e-26)
(3.69245e-05 1.30029e-05 -4.35684e-18)
(3.97382e-05 1.4059e-05 4.37842e-18)
(4.27256e-05 1.51995e-05 -8.82662e-18)
(4.43913e-05 1.57818e-05 -8.85831e-18)
(4.47476e-05 1.57928e-05 1.77834e-17)
(4.34748e-05 1.52385e-05 -2.00997e-17)
(4.09576e-05 1.38862e-05 1.90241e-17)
(3.77356e-05 1.20999e-05 -3.91738e-27)
(3.47789e-05 9.92346e-06 -3.61526e-17)
(3.23849e-05 8.25814e-06 7.28783e-17)
(3.09132e-05 6.71136e-06 -3.66934e-17)
(3.05345e-05 6.2734e-06 4.63479e-18)
(3.13531e-05 5.99045e-06 7.00374e-17)
(3.18785e-05 7.66986e-06 -7.79487e-17)
(3.2638e-05 7.79302e-06 -7.85189e-17)
(3.05669e-05 1.03555e-05 7.65375e-17)
(3.06474e-05 9.56702e-06 -1.929e-17)
(2.56226e-05 1.24661e-05 -7.86154e-17)
(2.64462e-05 9.79845e-06 8.59874e-17)
(-3.77139e-05 0.000242939 3.34039e-16)
(0.0032824 0.023895 0)
(1.64782e-05 -6.54102e-07 -4.53982e-16)
(-9.51362e-07 1.09686e-05 1.9868e-16)
(0.137049 0.606014 4.07177e-16)
(0.214979 0.59708 -2.65036e-16)
(0.232905 0.591169 -1.3867e-16)
(0.248398 0.559491 -1.42452e-16)
(0.24464 0.527931 5.76763e-16)
(0.224825 0.50376 -3.32191e-22)
(0.198319 0.49036 3.89148e-21)
(0.169283 0.485337 4.8963e-16)
(0.132956 0.479434 4.16174e-16)
(0.106537 0.56232 -3.79594e-16)
(0.0950219 0.636449 -3.89768e-17)
(0.0505539 0.683528 1.82833e-17)
(0.034338 0.737993 -1.12001e-18)
(0.0246945 0.793145 6.65098e-18)
(0.0176082 0.848248 -2.19135e-18)
(0.0113223 0.903518 6.52843e-18)
(0.00717158 0.959811 -1.08089e-18)
(0.00446229 1.01816 1.07779e-18)
(0.00256493 1.07967 1.34572e-19)
(0.00115779 1.1456 5.38069e-19)
(0.000190136 1.21722 2.69079e-19)
(-0.00047879 1.29582 0)
(-0.000738026 1.38262 0)
(-0.000857508 1.47896 -1.88483e-18)
(-0.00088678 1.58646 5.38883e-19)
(-0.000826852 1.70709 0)
(-0.000798301 1.84307 1.07755e-18)
(-0.00077317 1.99734 -1.1455e-18)
(-0.000711593 2.17308 -3.47955e-26)
(-0.000648618 2.37493 0)
(-0.000551257 2.60734 -4.21041e-21)
(-0.000402247 2.87888 0)
(0.00113228 3.89255 9.76494e-19)
(-2.50203e-05 3.58357 -3.23729e-20)
(-0.000219286 3.18876 -1.00958e-18)
(-5.14195e-06 7.43841e-05 -4.23257e-16)
(-2.22851e-06 7.2513e-05 -1.39999e-16)
(1.63454e-06 7.23391e-05 6.62386e-17)
(3.93075e-06 7.19676e-05 1.37984e-16)
(0.00784494 0.0477267 0)
(0.000106511 0.00449668 3.44905e-16)
(0.00263256 0.182971 0)
(0.0148825 0.464821 1.51222e-17)
(0.0287135 0.373138 9.97705e-18)
(0.0249524 0.277365 9.28928e-22)
(0.011202 0.197083 -7.14422e-17)
(0.000669162 0.133032 -1.99824e-17)
(0.116387 0.610778 -6.80265e-16)
(-0.000613444 0.00710459 -3.1927e-16)
(-0.0782003 0.676893 -2.23802e-17)
(-0.0494362 0.72632 2.76244e-21)
(-0.00526929 4.50988 0)
(-0.00602217 4.5073 -5.70705e-19)
(-0.00499256 4.50475 3.35269e-20)
(-0.00423212 4.5026 5.36784e-19)
(-0.00210808 4.5011 2.68317e-19)
(-0.000546323 4.50044 -5.03325e-20)
(0.0016355 4.50058 -1.3417e-19)
(0.00336391 4.50146 -2.68331e-19)
(0.00551719 4.50318 3.024e-19)
(0.00604587 4.5056 5.37008e-19)
(0.00731746 4.50852 1.67707e-20)
(0.000117518 0.00279671 -1.06521e-15)
(-0.0740865 0.71697 0)
(-0.0463879 0.279457 -5.45036e-17)
(-0.0687156 0.396392 -7.18086e-18)
(-0.0132618 0.0434603 1.42422e-16)
(-0.000142949 0.000683178 1.51585e-16)
(-1.06846e-05 5.49653e-05 -1.25369e-16)
(3.339e-05 0.000110889 -3.32669e-17)
(-0.176688 0.595186 2.40291e-16)
(-0.200761 0.591367 0)
(-0.191519 0.560855 3.69835e-16)
(0.000389428 0.0886241 2.47425e-16)
(-0.221139 0.511021 -1.90903e-16)
(-0.18835 0.467937 0)
(-0.137514 0.536552 0)
(-0.0891498 0.570505 2.15882e-17)
(-0.0619133 0.625724 2.04564e-17)
(-0.0473827 0.684069 2.96454e-17)
(-0.0361938 0.741178 4.72839e-18)
(-0.0255335 0.796294 1.38048e-17)
(-0.017369 0.850426 0)
(-0.0112444 0.904851 -2.21684e-18)
(-0.00687146 0.960518 -6.5762e-18)
(-0.00401417 1.01842 -2.17688e-18)
(-0.00213357 1.0795 2.16664e-18)
(-0.00094387 1.14514 -1.08079e-18)
(-0.000209483 1.21665 0)
(0.000181919 1.2952 -5.39143e-19)
(0.000398395 1.38198 1.34736e-19)
(0.00051092 1.47836 -1.0776e-18)
(0.000579952 1.58595 1.11155e-18)
(0.000640746 1.70664 -1.01018e-18)
(0.00067949 1.84267 3.41463e-20)
(0.000695346 1.99691 1.11179e-18)
(0.000723215 2.17258 -3.36831e-20)
(0.000700482 2.37434 1.06068e-18)
(0.000659944 2.60662 -1.07822e-18)
(0.000680862 2.87799 0)
(0.000465849 3.18767 1.077e-18)
(0.000193226 3.58221 -1.07795e-18)
(-0.146896 0.579806 -1.62777e-16)
(-0.0934378 0.636618 -2.48834e-16)
(0.000335962 0.0278033 -2.75946e-16)
(-0.000648562 0.0238925 1.66691e-16)
(-0.00801158 0.0572673 8.43242e-17)
(-0.0754563 0.485576 2.83753e-17)
(-1.02085e-06 0.000108768 2.87281e-16)
(4.24591e-06 0.00011525 2.96149e-16)
(-3.42601e-05 0.000123948 0)
(2.61306e-05 5.66755e-05 -6.21075e-18)
(-1.03138e-05 1.63061e-05 7.10543e-19)
(-0.00505678 4.51293 -9.35997e-21)
(0.00147118 4.76226 3.36181e-20)
(3.86147e-06 7.61526e-05 -1.33945e-16)
(-0.0553436 0.529109 2.27538e-16)
(-0.00290769 0.0460659 1.86949e-16)
(-0.126923 0.662698 -2.61885e-16)
(0.00402899 4.51709 -8.39642e-21)
(-0.00278089 4.51467 1.06733e-18)
(1.46148e-06 8.83727e-06 0)
(-0.0711002 0.611852 -2.66716e-16)
(0.0253052 0.54109 0)
(-0.00310618 0.0825464 -9.23119e-17)
(-3.0179e-05 0.000155519 -3.44448e-16)
(4.87841e-06 6.9948e-05 -1.32095e-16)
(-2.85067e-06 6.84248e-05 6.44258e-17)
(-0.0147823 0.13448 8.95391e-17)
(-8.8503e-06 1.3076e-05 -1.99877e-16)
(-3.26274e-05 0.000111984 -6.533e-18)
(-0.0124011 0.0241158 -6.7949e-16)
(-3.28376e-05 0.000114318 8.73837e-18)
(-0.0105455 0.584838 -2.23822e-16)
(1.69649e-06 8.43942e-05 -5.26531e-16)
(0.0592834 0.0739968 4.26383e-16)
(-0.000770918 0.0362822 4.67839e-16)
(-0.150572 0.631958 2.96898e-16)
(0.000293521 3.58334 -1.06827e-18)
(-0.00107054 4.76248 3.36242e-20)
(-0.00045497 3.89215 1.07754e-18)
(-5.51067e-05 2.87856 -1.07721e-18)
(0.000253552 3.18827 1.07812e-18)
(0.000186312 2.37467 -1.06069e-18)
(0.000108487 2.60705 1.06976e-18)
(0.000270824 1.99707 -2.20634e-18)
(0.000241004 2.17283 1.09501e-18)
(0.000253874 1.70669 1.07769e-18)
(0.000264058 1.84277 -1.73078e-20)
(0.000239899 1.47822 0)
(0.000244767 1.58592 3.3684e-20)
(1.20836e-05 1.29466 1.34872e-18)
(0.000172086 1.38164 0)
(-0.00037097 1.14416 1.08159e-18)
(-0.000164129 1.21595 -1.07983e-18)
(-0.00152676 1.01597 5.44351e-19)
(-0.000784544 1.07791 -3.79526e-18)
(-0.00430636 0.900018 0)
(-0.00269294 0.957094 -2.19134e-18)
(-0.0101332 0.786534 -1.3698e-17)
(-0.00656825 0.843527 8.9699e-18)
(-0.0246333 0.669063 -4.80897e-17)
(-0.014694 0.72808 -9.30777e-18)
(-0.0635105 0.55217 -4.00753e-17)
(-0.0391333 0.609769 2.935e-17)
(-0.142405 0.44814 1.68455e-16)
(-0.0961111 0.494262 0)
(-0.237311 0.431931 1.68846e-16)
(-0.188463 0.432462 0)
(-0.311342 0.498748 0)
(-0.297311 0.424469 5.63487e-22)
(-0.332593 0.554274 0)
(-0.364861 0.488491 0)
(-0.176999 0.558537 5.89026e-16)
(-0.266027 0.572942 -1.28605e-16)
(-0.0329458 0.402138 1.7226e-16)
(-0.0994539 0.494897 -1.17472e-16)
(-0.000293532 0.207517 -2.03521e-16)
(0.00309544 0.284583 -8.69781e-17)
(0.0154531 0.132562 -1.45669e-20)
(0.00955359 7.04899 0)
(0.00805787 7.05977 5.70543e-19)
(0.00913641 7.05473 0)
(0.00720721 7.04011 2.68064e-19)
(0.0085998 7.04417 0)
(0.00248181 7.03596 -1.01342e-22)
(0.00473355 7.03723 -6.67988e-20)
(-0.003319 7.03676 -5.02105e-20)
(-0.00105245 7.03582 1.66829e-20)
(-0.00701705 7.043 0)
(-0.00575674 7.03924 3.34811e-20)
(-0.00755566 7.05181 3.01021e-19)
(-0.008161 7.04727 0)
(0.00557919 7.06379 -3.35522e-20)
(-0.00202265 4.51808 5.37097e-19)
(-0.00494634 7.05988 -1.67715e-20)
(-0.00698549 7.05652 -5.36865e-19)
(-0.0628659 0.683431 -1.74188e-16)
(-0.000200301 0.00103895 3.3553e-16)
(4.21902e-06 1.67526e-05 -5.60414e-17)
(-0.0015754 0.124315 7.6683e-17)
(-0.00540859 0.0688493 -1.10657e-16)
(3.97553e-07 6.9751e-05 1.57897e-16)
(-4.38559e-06 7.05831e-05 -1.27346e-16)
(0.00175513 4.5203 -5.28738e-19)
(0.000382709 3.89362 -1.04248e-18)
(0.000735136 4.76444 1.09365e-18)
(-0.00023967 3.18937 0)
(-0.000113376 3.58466 1.68335e-20)
(-0.000105932 2.60781 4.21032e-21)
(-4.01199e-05 2.87946 -8.41969e-21)
(-0.000214791 2.1734 -3.36851e-20)
(-0.000162019 2.37533 0)
(-0.000289034 1.84331 0)
(-0.000239833 1.99761 6.73687e-20)
(-0.000263527 1.58657 -6.73223e-19)
(-0.000307977 1.70726 1.07789e-18)
(-0.000103109 1.38241 1.07706e-18)
(-0.000217683 1.47894 2.69303e-19)
(0.000381231 1.21644 -2.6909e-19)
(9.96466e-05 1.29536 -1.07648e-18)
(0.00135444 1.07768 -1.21197e-18)
(0.000751579 1.14432 1.04318e-18)
(0.00368396 0.955755 -1.08109e-18)
(0.00234386 1.01524 5.39309e-19)
(0.00793777 0.841165 2.18077e-18)
(0.00560836 0.898123 -4.34229e-18)
(0.0189939 0.726597 -9.9675e-18)
(0.0123092 0.784157 -1.21061e-17)
(0.0358447 0.602667 5.37019e-17)
(0.0286265 0.669144 -1.79037e-17)
(0.0835328 0.567119 -4.30572e-21)
(0.0379567 0.528718 0)
(0.193884 0.441642 1.71618e-16)
(-0.000108864 0.00172513 -3.33415e-16)
(0.281196 0.438956 -5.42462e-21)
(0.232703 0.42491 -3.04878e-16)
(0.350021 0.504754 -1.37163e-20)
(0.322839 0.465597 -4.3645e-16)
(0.287303 0.583612 2.78471e-16)
(0.346337 0.547817 1.43787e-16)
(0.133845 0.490615 -1.07339e-20)
(0.161361 0.575692 -2.52511e-16)
(0.0146902 0.296291 6.21374e-21)
(0.0439726 0.403722 1.02372e-16)
(-0.00642679 0.206236 -7.35408e-21)
(5.71118e-07 2.23082e-07 2.86639e-25)
(5.94134e-07 -1.53468e-06 6.31907e-16)
(1.28212e-05 -7.299e-06 -1.69689e-16)
(-3.60215e-07 -7.15305e-06 0)
(2.59482e-05 -5.41982e-06 1.89144e-17)
(1.76964e-05 -5.54587e-06 1.9296e-16)
(3.14235e-05 -5.98857e-06 0)
(2.86668e-05 -5.76838e-06 -2.34112e-18)
(3.04845e-05 -6.64951e-06 0)
(3.13608e-05 -6.35429e-06 3.47888e-18)
(2.90084e-05 -6.40601e-06 2.26175e-18)
(2.93308e-05 -6.85172e-06 0)
(3.24291e-05 -4.1219e-06 -3.68827e-17)
(3.01466e-05 -5.51275e-06 3.37376e-17)
(3.90053e-05 -1.09205e-06 -1.10815e-18)
(3.54792e-05 -2.46728e-06 1.11365e-18)
(4.41875e-05 2.97916e-07 0)
(4.22424e-05 -8.79128e-08 0)
(4.31855e-05 -2.08166e-07 9.82852e-18)
(4.45368e-05 2.46985e-07 -8.77817e-18)
(3.7983e-05 -2.00434e-06 -1.08446e-18)
(4.08376e-05 -1.16832e-06 1.08879e-18)
(3.20868e-05 -3.85633e-06 -1.0787e-18)
(3.49864e-05 -3.01766e-06 -2.16393e-18)
(2.64486e-05 -4.6121e-06 -5.37593e-19)
(2.922e-05 -4.47258e-06 2.15439e-18)
(2.08755e-05 -3.44799e-06 -6.70852e-20)
(2.36467e-05 -4.2642e-06 1.3428e-19)
(1.52245e-05 -1.49068e-06 1.34087e-19)
(1.80069e-05 -2.42495e-06 -1.34144e-19)
(9.76002e-06 -1.14169e-06 -1.03848e-18)
(1.24915e-05 -1.00975e-06 5.36206e-19)
(4.27595e-06 -2.3704e-06 0)
(7.04942e-06 -1.72092e-06 0)
(-1.38055e-06 -2.78715e-06 -1.5239e-27)
(1.46568e-06 -2.85248e-06 1.61075e-18)
(-7.28971e-06 -1.75395e-06 -2.15844e-18)
(-4.36689e-06 -2.43591e-06 -2.40706e-26)
(-1.29222e-05 -1.28225e-06 -2.70515e-19)
(-1.02173e-05 -1.28308e-06 -4.86648e-18)
(-1.78132e-05 -2.53525e-06 4.32977e-18)
(-1.53504e-05 -1.58555e-06 5.41706e-19)
(-2.28094e-05 -4.31787e-06 -4.87277e-18)
(-2.02422e-05 -3.47536e-06 4.33172e-18)
(-2.85007e-05 -4.78094e-06 0)
(-2.5527e-05 -4.78866e-06 2.71037e-19)
(-3.4846e-05 -3.59617e-06 -3.39235e-20)
(-3.16049e-05 -4.3569e-06 0)
(-4.09265e-05 -1.53961e-06 0)
(-3.79918e-05 -2.5839e-06 0)
(-4.46087e-05 -8.23379e-08 0)
(-4.33101e-05 -6.7967e-07 -2.71102e-19)
(-4.26855e-05 -3.5413e-07 0)
(-4.44516e-05 7.83028e-08 -1.35417e-19)
(-3.59397e-05 -2.86822e-06 2.16662e-18)
(-3.97102e-05 -1.38944e-06 -2.23348e-18)
(-2.99055e-05 -5.97625e-06 -1.62953e-18)
(-3.25997e-05 -4.41129e-06 0)
(-2.92312e-05 -7.52604e-06 -2.22159e-18)
(-2.93851e-05 -6.96396e-06 5.77794e-19)
(-3.09572e-05 -6.87185e-06 0)
(-3.12615e-05 -7.4269e-06 3.28968e-18)
(-2.836e-05 -5.83304e-06 8.91158e-18)
(-3.15677e-05 -6.91815e-06 0)
(-1.73915e-05 -3.24839e-06 7.14677e-17)
(-2.45149e-05 -7.42378e-06 -3.55338e-17)
(3.21293e-05 0.000108912 3.40953e-17)
(-7.3987e-06 -1.20351e-05 -7.35371e-17)
(-0.000723608 0.00419239 5.03954e-16)
(3.72043e-07 3.29585e-05 0)
(4.4805e-06 2.1226e-05 -2.29084e-17)
(2.47058e-06 5.4151e-05 5.63201e-17)
(4.11444e-06 3.95457e-05 -3.90939e-17)
(2.04245e-06 8.14743e-05 -4.47958e-18)
(2.99117e-06 6.6632e-05 -2.7358e-17)
(1.52318e-06 0.000103595 -2.19639e-18)
(1.77659e-06 9.40574e-05 -1.10731e-17)
(1.82411e-06 0.000106618 -1.913e-18)
(1.60054e-06 0.000108068 4.37608e-18)
(1.96555e-06 8.79472e-05 4.41119e-18)
(2.01239e-06 9.93267e-05 -5.47927e-19)
(1.50962e-06 5.99373e-05 -4.51063e-18)
(2.06006e-06 7.34102e-05 -6.6834e-18)
(9.03318e-07 3.58297e-05 4.61905e-18)
(2.39724e-06 4.54514e-05 0)
(7.96002e-07 1.95085e-05 -4.00825e-17)
(4.52888e-06 2.50615e-05 0)
(0.000585514 0.111348 0)
(1.17463e-05 9.35397e-06 -3.73238e-25)
(-0.00489492 0.120278 -3.02559e-16)
(1.69758e-05 -1.84013e-06 5.53319e-17)
(1.67131e-05 -1.19631e-06 3.81472e-17)
(1.97974e-05 -2.66824e-06 0)
(1.61212e-05 -2.82282e-06 0)
(2.57476e-05 -2.72218e-06 -1.33474e-17)
(2.1204e-05 -2.80956e-06 2.02183e-17)
(3.21232e-05 -3.00943e-06 8.73314e-18)
(2.86295e-05 -3.1105e-06 -8.81547e-18)
(3.20648e-05 -2.86257e-06 1.7212e-17)
(3.30816e-05 -3.15811e-06 -6.50137e-18)
(2.42271e-05 -2.3463e-06 5.36159e-19)
(2.88397e-05 -2.73933e-06 -8.59736e-18)
(1.6029e-05 -1.52967e-06 -8.60854e-18)
(1.97746e-05 -2.01727e-06 8.5626e-18)
(1.55382e-05 -8.82406e-07 1.65635e-17)
(1.45627e-05 -1.02045e-06 -1.69327e-17)
(3.51825e-05 3.57344e-06 -3.20631e-18)
(2.09454e-05 1.88596e-07 -2.1323e-18)
(0.000141042 3.90905e-05 -4.29938e-18)
(6.81341e-05 1.31789e-05 -2.14438e-18)
(0.000631653 0.00029672 6.83449e-17)
(0.000298025 0.000108469 0)
(0.00259959 0.00220247 -1.25569e-16)
(0.00131833 0.000800991 6.66662e-17)
(0.00763913 0.0111214 2.08466e-16)
(0.0047962 0.00540466 -5.96691e-23)
(0.0139048 0.0221781 0)
(-0.00496316 0.00528558 -2.77651e-16)
(-0.00799337 0.0117041 4.15023e-16)
(-0.00147402 0.000915384 0)
(-0.00281828 0.0022357 0)
(-0.000335023 0.000130206 0)
(-0.000716754 0.000352548 0)
(-7.26754e-05 1.53781e-05 8.45407e-18)
(-0.000154396 4.66425e-05 -1.70184e-17)
(-2.17307e-05 7.27904e-07 0)
(-3.67394e-05 4.34248e-06 -1.0536e-17)
(-1.55899e-05 -9.77808e-07 3.36972e-17)
(-1.64081e-05 -4.90648e-07 0)
(-2.02609e-05 -2.26645e-06 5.28157e-19)
(-1.70282e-05 -1.24337e-06 -3.37126e-17)
(-2.84301e-05 -3.20182e-06 2.39389e-18)
(-2.44275e-05 -2.89075e-06 1.06047e-18)
(-3.28031e-05 -3.50604e-06 -1.49989e-17)
(-3.16256e-05 -3.60476e-06 0)
(-2.8732e-05 -3.05242e-06 -3.54181e-17)
(-3.18923e-05 -3.15714e-06 3.33957e-17)
(-2.11863e-05 -2.84271e-06 0)
(-2.56416e-05 -2.58417e-06 1.85409e-17)
(-1.59864e-05 -3.78631e-06 5.32774e-17)
(-1.9017e-05 -2.5433e-06 4.42947e-18)
(-1.9018e-05 -5.80275e-06 7.29412e-17)
(-1.51301e-05 -1.12926e-06 -3.55757e-17)
(-1.47891e-05 1.16326e-06 1.54761e-16)
(-3.13134e-05 9.91336e-05 -4.3337e-18)
(2.09903e-05 -9.22857e-07 0)
(-5.13411e-06 1.80772e-05 3.99293e-17)
(-1.02768e-05 6.72327e-06 0)
(-2.55047e-06 3.60961e-05 -1.1106e-16)
(-4.8213e-06 2.32068e-05 9.43623e-17)
(-1.80068e-06 6.06942e-05 3.6307e-17)
(-2.58072e-06 4.49428e-05 3.62524e-17)
(-1.73557e-06 8.87896e-05 1.78477e-17)
(-1.91248e-06 7.38886e-05 -3.36935e-17)
(-1.55954e-06 0.00010717 1.76472e-17)
(-1.68494e-06 9.99741e-05 -3.32437e-17)
(-1.49279e-06 0.000103903 -2.19396e-18)
(-1.45187e-06 0.00010859 3.29655e-18)
(-2.25605e-06 8.07041e-05 -3.31606e-18)
(-1.76897e-06 9.45869e-05 5.49321e-19)
(-3.42859e-06 5.18679e-05 0)
(-2.94028e-06 6.73401e-05 0)
(-3.59007e-06 2.97306e-05 -2.01244e-17)
(-3.61997e-06 4.1137e-05 2.32853e-17)
(-0.198893 0.577164 -1.30701e-16)
(1.73827e-07 1.76901e-05 0)
(-0.0287967 0.0757379 3.15161e-16)
(-1.24359e-05 -1.7741e-05 -1.65055e-16)
(0.00160467 7.06777 5.37471e-19)
(-0.00155884 7.06397 -5.54167e-19)
(-3.07558e-05 0.000109685 -2.1406e-17)
(0.0543045 0.509192 -6.66458e-16)
(-3.59497e-06 1.04561e-05 1.36868e-16)
(-7.80545e-06 -2.07147e-06 -4.09924e-16)
(2.00589e-06 1.77182e-05 7.67019e-17)
(-2.88266e-06 2.13168e-05 5.80623e-19)
(5.53911e-07 3.83522e-05 -4.10308e-17)
(-2.90344e-07 4.92211e-05 1.79248e-17)
(1.27166e-07 6.61699e-05 1.77053e-17)
(-1.29925e-07 7.98845e-05 4.39253e-18)
(-3.24843e-07 9.40514e-05 -3.82932e-18)
(-7.44024e-07 0.000103393 0)
(-1.18603e-06 0.000108019 7.65675e-18)
(-1.63275e-06 0.000106465 -8.77278e-18)
(-1.9393e-06 9.9061e-05 1.98203e-17)
(-2.11104e-06 8.73368e-05 -1.77006e-17)
(-2.19059e-06 7.20238e-05 -2.22341e-18)
(-2.04101e-06 5.79241e-05 -3.57674e-17)
(-1.90291e-06 4.22692e-05 3.62048e-17)
(-9.04779e-07 3.20386e-05 0)
(-1.71075e-07 2.01347e-05 4.44998e-18)
(3.18632e-06 1.56475e-05 -7.20228e-17)
(6.12829e-06 1.39608e-05 0)
(3.10389e-07 1.27531e-05 0)
(-3.01524e-05 9.73435e-05 4.29366e-18)
(-0.206778 0.59 -1.21843e-16)
(-8.49763e-06 2.64987e-05 0)
(3.83563e-06 1.18703e-05 -1.3374e-16)
(-1.11142e-05 1.79587e-05 -3.35305e-17)
(-1.05486e-05 1.06836e-05 3.44547e-17)
(-1.80008e-05 1.09303e-05 1.30677e-17)
(-1.9362e-05 8.91122e-06 -1.74431e-17)
(-2.47779e-05 8.72368e-06 0)
(-2.74201e-05 8.08367e-06 1.70253e-17)
(-3.09716e-05 8.01185e-06 -1.62166e-17)
(-3.19286e-05 7.68253e-06 0)
(-3.09546e-05 7.7705e-06 0)
(-2.83452e-05 7.80833e-06 -2.68325e-19)
(-2.44101e-05 7.8555e-06 0)
(-2.0517e-05 7.98114e-06 -3.47725e-17)
(-1.73233e-05 8.06846e-06 3.41978e-17)
(-1.57855e-05 8.16102e-06 0)
(-1.63975e-05 8.48083e-06 6.8534e-17)
(-2.1705e-05 9.34565e-06 -6.8709e-17)
(-3.74245e-05 1.2266e-05 2.15507e-18)
(-7.65247e-05 2.10156e-05 0)
(-0.000167535 4.62418e-05 -1.40588e-16)
(-0.000379257 0.00011683 1.44818e-16)
(-0.000864562 0.000316672 -1.85256e-17)
(-0.00194161 0.000849593 0)
(-0.00431806 0.00222331 1.51787e-16)
(-0.00925419 0.00562163 1.52026e-16)
(-0.0188791 0.0131363 -1.49625e-16)
(-0.0323347 0.0267564 1.36869e-16)
(0.0282151 0.0477163 -2.46097e-16)
(0.0184238 0.0183027 0)
(0.00963029 0.00612814 1.3623e-16)
(0.00460956 0.00210951 1.42453e-16)
(0.00206692 0.000706891 7.21158e-17)
(0.00091937 0.000226799 -1.07786e-16)
(0.000400193 7.9329e-05 3.47348e-17)
(0.00017716 3.29903e-05 -3.03787e-17)
(8.0993e-05 1.71936e-05 2.1545e-18)
(3.96215e-05 1.14196e-05 -1.6108e-17)
(2.22577e-05 9.42466e-06 1.71513e-17)
(1.58487e-05 8.56577e-06 -1.71304e-17)
(1.46173e-05 8.43523e-06 8.56043e-18)
(1.60587e-05 8.18612e-06 8.57309e-18)
(1.97685e-05 8.00688e-06 -8.57797e-18)
(2.42248e-05 7.81014e-06 8.58869e-18)
(2.86412e-05 7.66973e-06 4.30246e-18)
(3.16582e-05 7.68339e-06 -4.31261e-18)
(3.24098e-05 7.74971e-06 8.65807e-18)
(3.10912e-05 8.00986e-06 -1.14523e-25)
(2.72786e-05 8.24518e-06 -8.75509e-18)
(2.39601e-05 8.57081e-06 1.76204e-17)
(1.9021e-05 9.10024e-06 1.55232e-17)
(1.6956e-05 1.02557e-05 -3.56227e-17)
(1.09905e-05 1.17891e-05 0)
(7.95063e-06 1.5906e-05 0)
(-2.6366e-06 1.65679e-05 -9.82868e-28)
(-5.14664e-06 2.05704e-05 -8.38317e-17)
(0.183641 0.521878 -2.75809e-20)
(-1.32876e-05 3.47461e-06 0)
(3.43124e-06 1.75487e-05 6.83622e-25)
(-4.01732e-06 1.20289e-05 -7.26398e-17)
(2.47049e-06 2.2183e-05 -3.56513e-17)
(9.04556e-07 3.10696e-05 3.14387e-17)
(2.10565e-06 4.33624e-05 0)
(1.43682e-06 5.78e-05 -8.90371e-18)
(1.47293e-06 7.2446e-05 1.10405e-17)
(1.16079e-06 8.72192e-05 0)
(9.43892e-07 9.88714e-05 1.09278e-18)
(5.85021e-07 0.00010616 2.72887e-19)
(2.30973e-07 0.000107719 -4.36496e-18)
(-1.23711e-08 0.000103295 4.37401e-18)
(-1.76153e-07 9.37681e-05 1.09919e-17)
(-7.90129e-08 8.03303e-05 -2.21936e-17)
(-5.28873e-07 6.54684e-05 1.80034e-17)
(5.08363e-07 5.02709e-05 -3.66776e-17)
(-7.7169e-07 3.65354e-05 1.13253e-16)
(3.50018e-06 2.39424e-05 -7.63394e-17)
(3.04787e-08 1.3741e-05 0)
(0.00129884 0.0086671 0)
(-1.04996e-05 1.76176e-05 7.55743e-17)
(-2.63185e-05 9.85267e-06 -5.47287e-26)
(-1.99351e-05 1.44827e-05 6.67236e-17)
(-2.75328e-05 1.03649e-05 -4.79303e-26)
(-2.88059e-05 8.93632e-06 1.74423e-17)
(-3.28624e-05 8.20622e-06 0)
(-3.24003e-05 6.96765e-06 4.3791e-18)
(-3.22124e-05 6.83344e-06 -5.45842e-18)
(-2.99345e-05 6.21969e-06 1.08865e-18)
(-2.9249e-05 6.24358e-06 -6.11054e-19)
(-2.92012e-05 6.4304e-06 6.10329e-19)
(-3.14158e-05 6.95798e-06 0)
(-3.46556e-05 7.55193e-06 0)
(-3.85799e-05 8.1014e-06 0)
(-4.19119e-05 8.51245e-06 0)
(-4.41156e-05 8.67922e-06 1.35354e-19)
(-4.46421e-05 8.60097e-06 0)
(-4.35395e-05 8.3813e-06 2.70901e-19)
(-4.12764e-05 8.10028e-06 0)
(-3.84137e-05 7.78243e-06 0)
(-3.52241e-05 7.42329e-06 3.39313e-20)
(-3.18926e-05 7.06464e-06 0)
(-2.85019e-05 6.89354e-06 0)
(-2.51424e-05 6.94631e-06 -4.60803e-18)
(-2.21192e-05 7.1803e-06 2.09101e-26)
(-1.94007e-05 7.53118e-06 4.33174e-18)
(-1.70315e-05 7.91074e-06 0)
(-1.48292e-05 8.16372e-06 0)
(-1.27851e-05 8.24886e-06 2.70605e-19)
(-1.05979e-05 8.18575e-06 5.40687e-19)
(-7.93297e-06 7.94231e-06 0)
(-4.99756e-06 7.75581e-06 0)
(-1.7966e-06 7.58567e-06 1.07606e-18)
(1.40663e-06 7.61141e-06 -2.68595e-18)
(4.48666e-06 7.76503e-06 1.07324e-18)
(7.35313e-06 8.00325e-06 0)
(9.90239e-06 8.17448e-06 -3.35117e-20)
(1.22603e-05 8.18603e-06 1.07255e-18)
(1.46241e-05 7.96926e-06 -1.74347e-18)
(1.72125e-05 7.64137e-06 6.70784e-19)
(2.01243e-05 7.27743e-06 6.71023e-19)
(2.31651e-05 7.00425e-06 -1.20836e-18)
(2.6374e-05 6.88574e-06 1.61235e-18)
(2.95646e-05 6.96131e-06 -1.07608e-18)
(3.27237e-05 7.20328e-06 0)
(3.57291e-05 7.51605e-06 0)
(3.87556e-05 7.81514e-06 1.08171e-18)
(4.15942e-05 8.06064e-06 -1.08452e-18)
(4.38969e-05 8.24836e-06 -9.78755e-18)
(4.50744e-05 8.37092e-06 8.72594e-18)
(4.43264e-05 8.38586e-06 1.75024e-17)
(4.18787e-05 8.18981e-06 -3.51044e-17)
(3.82266e-05 7.83811e-06 1.75942e-17)
(3.44209e-05 7.36304e-06 1.10357e-18)
(3.14731e-05 6.7251e-06 1.10728e-18)
(2.98246e-05 6.14429e-06 2.22346e-18)
(2.97361e-05 5.88887e-06 -3.79847e-17)
(3.05745e-05 5.99541e-06 3.59586e-17)
(3.20733e-05 5.98009e-06 0)
(3.27842e-05 6.41657e-06 -1.13642e-18)
(3.25242e-05 6.57065e-06 0)
(2.98838e-05 7.79033e-06 2.28471e-18)
(2.74154e-05 9.18267e-06 0)
(2.35311e-05 1.16927e-05 -3.54384e-17)
(2.39059e-05 1.08425e-05 0)
(1.97751e-05 7.79761e-06 -3.0763e-16)
(1.72552e-05 6.62181e-06 1.61156e-16)
(1.46667e-05 2.40445e-06 -6.47026e-16)
(1.00838e-05 7.05833e-06 -6.31923e-16)
(8.19218e-06 8.90282e-06 3.72415e-25)
(-0.0112165 0.114505 -7.69516e-17)
(0.00243653 0.212978 7.98976e-17)
(0.0264357 0.302874 -2.34844e-20)
(0.0522614 0.428779 -1.53087e-16)
(0.132387 0.599656 1.68829e-20)
(0.25904 0.682499 0)
(0.341471 0.655611 -1.59997e-16)
(0.371567 0.57098 -1.57899e-16)
(0.354473 0.487409 3.03659e-16)
(0.31436 0.425459 0)
(0.265295 0.386322 -5.67597e-16)
(0.215074 0.369632 1.43332e-16)
(0.165989 0.372961 -4.58993e-16)
(0.153773 0.393542 -1.4033e-16)
(0.0718021 0.438459 1.32722e-16)
(0.0758774 0.492012 -3.49049e-17)
(0.0389632 0.568306 3.45514e-17)
(0.0236221 0.646963 0)
(0.0153415 0.71453 0)
(0.0098999 0.776696 -7.63145e-18)
(0.00638426 0.835578 8.68756e-18)
(0.00372286 0.89321 0)
(0.00194095 0.951027 0)
(0.000726768 1.01027 5.38765e-19)
(3.65062e-05 1.0723 0)
(-0.000442891 1.13849 3.36311e-20)
(-0.000803991 1.21017 0)
(-0.000952306 1.28867 0)
(-0.00102086 1.37521 0)
(-0.00101557 1.47119 0)
(-0.00103196 1.57822 9.42331e-19)
(-0.00102473 1.69832 -2.15467e-18)
(-0.00108838 1.83374 1.0777e-18)
(-0.00115061 1.98738 -1.07724e-18)
(-0.00121015 2.1625 1.07775e-18)
(-0.00129198 2.36365 -1.07702e-18)
(-0.00141997 2.59544 8.07482e-22)
(-0.00164101 2.86572 2.16258e-18)
(-0.00194355 3.17595 -1.07741e-18)
(-0.00300092 3.56585 1.05912e-18)
(-0.00190566 3.87901 -2.15254e-18)
(-0.0042811 4.73709 1.59731e-18)
(-0.00164873 4.49821 -1.07558e-18)
(4.79834e-05 7.03587 5.37695e-19)
(-4.2427e-06 7.85678e-05 2.44256e-16)
(3.4363e-07 7.46247e-05 -8.94914e-17)
(-0.0807816 0.578574 4.86241e-16)
(-0.00136181 0.107861 4.22319e-21)
(2.25052e-06 1.6558e-05 0)
(0.0464717 0.60977 0)
(-0.091226 0.664418 -2.63904e-21)
(0.000806606 7.01824 -1.03697e-19)
(-0.00853871 7.0121 1.03573e-19)
(-0.0121072 7.00674 0)
(-0.014696 6.99987 -4.14335e-19)
(-0.0151653 6.99328 0)
(-0.0136824 6.98714 0)
(-0.0106763 6.98175 0)
(-0.00621721 6.97818 0)
(-0.00156746 6.97677 -2.62114e-20)
(0.00392604 6.97696 -1.02719e-19)
(0.00867261 6.97869 2.57784e-19)
(0.0130742 6.98263 -7.25087e-25)
(0.0164284 6.98835 -1.03155e-19)
(0.0180181 6.99524 -2.06516e-19)
(0.0174715 7.00349 2.06772e-19)
(0.014176 7.01106 2.0702e-19)
(0.00983333 7.01732 -2.07269e-19)
(-0.000449088 7.02318 0)
(-0.00790115 6.9805 0)
(0.000411482 0.00703609 3.32184e-16)
(-0.0108307 0.202421 2.3158e-21)
(-0.0400818 0.306208 3.35088e-17)
(-0.0653797 0.427098 4.1596e-18)
(-0.141208 0.583769 -6.79131e-17)
(-0.24406 0.671753 -2.75029e-16)
(-0.33036 0.65673 -5.74719e-16)
(-0.360973 0.575868 1.42634e-16)
(-0.337124 0.510002 -4.17552e-16)
(-0.304716 0.429804 0)
(-0.252064 0.389004 -1.5019e-16)
(-0.208001 0.370357 -1.49286e-16)
(-0.158553 0.373137 0)
(-0.121221 0.396183 1.46305e-16)
(-0.090774 0.435542 0)
(-0.0561622 0.496211 -3.66254e-17)
(-0.0318636 0.576767 -2.78168e-17)
(-0.0222128 0.654636 3.71223e-17)
(-0.0155345 0.720103 1.83317e-17)
(-0.0101405 0.781117 -2.25835e-17)
(-0.00674773 0.839105 -8.91687e-18)
(-0.00423246 0.895768 8.82305e-18)
(-0.002468 0.952705 4.37527e-18)
(-0.00124941 1.01129 -2.7192e-18)
(-0.000393438 1.07284 1.76098e-18)
(0.000212077 1.13866 -1.35154e-19)
(0.000609264 1.21008 0)
(0.000811419 1.28835 -1.34808e-18)
(0.000870456 1.37475 1.07815e-18)
(0.000917724 1.47069 0)
(0.000986834 1.57776 0)
(0.0010272 1.69788 0)
(0.00106791 1.83334 -1.68369e-20)
(0.00112492 1.98699 1.68363e-20)
(0.00121253 2.16209 -1.68353e-20)
(0.00134417 2.36317 1.07701e-18)
(0.0015424 2.59485 -2.15447e-18)
(0.00187755 2.86499 1.07754e-18)
(0.00221019 3.17503 -1.07632e-18)
(0.00331167 3.56464 1.06884e-18)
(0.00238941 3.8775 1.07555e-18)
(0.00509578 4.73509 -1.11031e-18)
(0.00220868 4.49601 1.6803e-20)
(0.000282298 7.03249 0)
(0.00807724 6.9765 0)
(-0.00232178 0.0707921 -1.59025e-16)
(0.000796743 0.0457345 2.389e-16)
(3.38482e-07 7.62408e-05 6.07977e-17)
(3.54712e-06 7.81351e-05 1.22658e-16)
(-0.0769801 0.657078 9.3427e-17)
(-0.00173062 0.141378 2.48943e-16)
(-0.00254392 0.0576026 -1.33615e-16)
(-0.0111123 0.620519 2.65709e-16)
(1.08658e-05 -9.20857e-06 0)
(-1.67273e-06 7.65945e-05 -2.45983e-16)
(-0.000242782 0.00171745 -1.68685e-16)
(0.0117568 0.0920306 -1.28098e-20)
(2.56936e-05 1.40119e-05 1.49109e-16)
(-1.52436e-05 5.36534e-05 0)
(1.05046e-05 1.47558e-05 6.01785e-16)
(1.26597e-05 5.33256e-06 7.21592e-16)
(0.00157378 0.0371539 0)
(0.113589 0.449698 -7.78499e-16)
(-2.75113e-05 -7.63088e-06 7.72636e-16)
(8.35815e-06 1.81231e-05 3.73938e-16)
(0.0192759 0.169116 -1.09627e-15)
(-2.44235e-05 2.62595e-05 -3.30058e-16)
(0.000234749 0.000680999 0)
(0.000249969 0.000642762 4.4128e-16)
(-0.0232875 0.752384 0)
(1.64803e-05 6.78582e-05 -3.18589e-16)
(0.00240831 0.00735821 -5.54695e-16)
(0.00061331 0.00135947 7.65599e-16)
(0.123645 0.692579 7.61069e-16)
(3.78225e-05 8.29056e-05 -3.28758e-16)
(2.40996e-05 1.0403e-05 -8.81152e-16)
(1.44685e-05 6.61987e-05 -1.87853e-16)
(7.65198e-06 7.20217e-05 0)
(1.33477e-05 5.21546e-05 -3.6446e-16)
(-0.0212659 0.634555 8.74136e-21)
(2.34278e-06 3.00434e-05 0)
(-3.20371e-05 9.74823e-05 0)
(1.92885e-05 8.22552e-05 0)
(0.0285426 0.830736 0)
(-2.35849e-05 2.82006e-05 -3.64835e-16)
(-0.00191394 0.00394751 0)
(-0.162076 0.563424 2.28034e-16)
(0.0964847 0.658881 -3.22208e-16)
(-0.000485068 0.000884726 -5.56064e-16)
(-1.39511e-05 -6.07123e-06 7.80878e-16)
(-0.109675 0.646031 0)
(3.14628e-05 0.000138531 3.56672e-16)
(-9.15486e-06 5.86913e-05 -3.78701e-16)
(-1.59121e-05 -6.13328e-06 0)
(-0.0040358 0.0629995 -9.2589e-16)
(-9.9155e-06 4.94484e-06 3.13882e-16)
(-0.000944355 0.140282 9.22878e-16)
(3.70148e-07 6.79545e-05 4.95269e-16)
(-0.223848 0.467411 0)
(0.129934 0.588882 6.14067e-16)
(0.130781 0.500481 -5.95127e-16)
(-0.00655463 0.0427872 1.46928e-21)
(2.00123e-05 2.16962e-05 0)
(0.0456364 0.494869 3.53052e-16)
(0.0796829 0.669003 3.82097e-16)
(0.000168987 0.00152635 4.04397e-22)
(0.0539301 0.622093 -7.94102e-16)
(-7.53351e-05 0.000228034 -1.34066e-16)
(-1.65753e-06 4.42184e-05 0)
(-7.82302e-07 2.00883e-05 1.14832e-15)
(-1.25568e-05 5.09379e-05 3.51455e-16)
(2.39277e-05 4.17244e-05 -6.98075e-16)
(-1.24131e-05 6.34366e-05 -1.82255e-16)
(2.79154e-05 5.91578e-05 4.19516e-16)
(3.76066e-05 0.00010657 7.51506e-16)
(-2.99525e-05 7.10374e-05 0)
)
;

boundaryField
{
    wall
    {
        type            noSlip;
    }
    outlet
    {
        type            zeroGradient;
    }
    frontAndBackPlanes
    {
        type            empty;
    }
}


// ************************************************************************* //
