/*--------------------------------*- C++ -*----------------------------------*\
| =========                 |                                                 |
| \\      /  F ield         | OpenFOAM: The Open Source CFD Toolbox           |
|  \\    /   O peration     | Version:  2212                                  |
|   \\  /    A nd           | Website:  www.openfoam.com                      |
|    \\/     M anipulation  |                                                 |
\*---------------------------------------------------------------------------*/
FoamFile
{
    version     2.0;
    format      ascii;
    arch        "LSB;label=32;scalar=64";
    class       surfaceScalarField;
    location    "0.0133";
    object      phi;
}
// * * * * * * * * * * * * * * * * * * * * * * * * * * * * * * * * * * * * * //

dimensions      [1 0 -1 0 0 0 0];

oriented        oriented;

internalField   nonuniform List<scalar> 
4475
(
4.94008e-05
-5.18475e-05
9.46302e-05
-0.000107372
3.23473e-07
-7.05118e-05
6.10227e-06
5.6869e-05
0.000242576
-0.000262216
1.47521e-05
1.38009e-05
-3.31053e-05
0.000108327
2.74937e-05
-9.97899e-05
-7.21275e-05
6.28984e-05
7.74602e-05
-5.73741e-05
8.49481e-05
-5.29846e-05
-9.05322e-05
6.59188e-05
-1.44663e-05
1.27263e-05
0.000126757
-0.000112448
-5.84617e-05
-7.29608e-05
7.65343e-05
6.51995e-05
6.10923e-05
-6.7132e-05
-5.56411e-05
-0.00012076
1.01157e-05
2.3217e-06
0.000105128
-8.35351e-06
6.79158e-06
-0.000124126
-0.000136352
2.87507e-05
-1.84709e-05
0.000120737
-0.000143186
1.23671e-05
-1.03167e-05
-0.000147322
6.24282e-06
-5.62272e-06
-0.000148464
1.96765e-06
-2.71508e-06
-0.000146376
-1.36669e-06
-7.8326e-07
-3.14928e-06
-0.000138495
-3.12441e-06
0.000137976
-4.30125e-06
-0.000130868
6.50352e-07
0.000149065
-1.21903e-05
0.000151481
-3.53731e-06
0.000150274
1.2796e-06
0.000146784
5.86671e-06
0.000142228
1.11727e-05
0.000148306
1.53049e-05
0.000125538
6.89261e-06
0.000114044
1.6039e-05
0.000140485
2.90692e-05
-5.95759e-05
0.000133809
-9.55533e-06
1.54533e-05
0.000130201
-0.000119183
-1.11035e-05
-0.000131963
-7.59958e-06
0.000134703
-5.48312e-06
6.80956e-06
0.000137699
-3.86449e-08
6.07957e-07
0.000141166
5.99576e-06
-6.03116e-06
0.000143097
1.29852e-05
-1.29082e-05
0.000142386
1.92833e-05
-1.94877e-05
0.000137865
2.54353e-05
-2.56306e-05
0.000130167
3.02358e-05
-3.09136e-05
0.000119814
3.37554e-05
-3.48659e-05
0.000106252
3.61633e-05
-3.82146e-05
8.98573e-05
3.59754e-05
-3.9324e-05
7.28024e-05
3.34148e-05
-3.82644e-05
5.7601e-05
2.9227e-05
-3.51798e-05
4.68731e-05
2.46043e-05
-3.09008e-05
4.23489e-05
2.1287e-05
-2.68031e-05
2.052e-05
4.36062e-05
-2.46053e-05
-4.19186e-05
4.57385e-05
1.68446e-05
-4.3698e-05
1.63269e-05
-5.25371e-05
1.83164e-05
-6.79873e-05
2.27269e-05
-8.69623e-05
2.75698e-05
-0.000105463
3.11942e-05
-0.000121141
3.24907e-05
-0.00013335
3.21501e-05
-0.000142478
2.82685e-05
-0.000147912
2.39964e-05
-0.000149908
1.89604e-05
-0.000147944
1.2597e-05
-0.000144248
6.40214e-06
-0.000139901
7.50938e-07
-0.00013813
-2.39064e-06
-0.000144468
-3.2526e-07
-0.000114223
1.49028e-05
-4.46672e-05
-0.000120747
7.42742e-06
-0.000119089
2.39193e-06
-0.000123805
-4.24998e-06
5.33701e-06
-0.000135823
-1.0744e-05
-0.000141481
-8.78584e-06
-0.000144903
-5.38779e-06
-0.000145728
-3.68887e-06
-0.000142941
-3.7992e-06
-0.000139771
-4.93811e-06
2.26017e-05
-2.4978e-05
4.8481e-05
1.91463e-05
5.27825e-05
0.000150333
-2.18745e-05
-0.000137156
0.000153653
-5.99365e-06
0.000153243
5.63548e-08
0.000150226
4.83323e-06
0.000146983
8.1264e-06
0.000143657
1.0395e-05
0.000131718
9.90484e-06
0.000125536
1.36744e-05
0.000130518
1.72945e-05
0.000129051
1.27374e-05
0.000128946
6.32514e-06
0.000131103
2.14694e-07
0.000133933
-6.11897e-06
0.000135976
-1.27009e-05
0.000135751
-1.90729e-05
0.000132225
-2.50911e-05
0.000125894
-3.08464e-05
0.000116906
-3.52272e-05
0.000105376
-3.91077e-05
9.12036e-05
-4.14157e-05
7.62229e-05
-4.19834e-05
6.23115e-05
-4.02022e-05
5.13248e-05
-3.68249e-05
4.46684e-05
-3.26426e-05
4.28574e-05
-2.89892e-05
-7.0294e-06
-0.00012656
7.3941e-06
-2.75157e-05
4.52102e-05
-1.78076e-05
-0.000117005
-0.000133758
-1.07513e-05
-4.86677e-05
5.67254e-05
1.43376e-05
-4.28022e-05
1.26521e-05
-4.1594e-05
1.13855e-05
-4.81187e-05
1.24165e-05
-6.24942e-05
1.57371e-05
-8.25348e-05
2.05991e-05
-0.000103421
2.51904e-05
-0.000122279
2.80171e-05
-0.000135201
2.80973e-05
-0.000145995
2.52635e-05
-0.000153367
2.22575e-05
-0.000155591
1.76055e-05
-0.000153866
1.22732e-05
-0.000149764
7.07248e-06
-0.000145096
2.8085e-06
-0.000140752
3.88602e-07
-0.000136732
1.50099e-06
-0.000124148
5.57917e-06
-0.000120619
4.11687e-06
-0.000121977
2.09835e-06
-0.0001263
-3.0714e-06
-0.000133967
-7.0231e-06
-0.000139693
-6.66595e-06
-0.000142632
-5.23679e-06
-0.000143914
-3.99371e-06
-0.000142665
-5.29117e-06
-0.000138915
-7.56327e-06
-6.38228e-05
9.83169e-05
-8.08496e-05
4.61269e-05
-9.91298e-05
-2.66425e-05
8.43913e-05
-6.05352e-05
-6.58938e-05
7.03936e-05
6.06329e-05
7.51296e-05
0.000165348
4.22487e-06
-1.60792e-05
-0.000145825
0.000155994
-7.22395e-06
0.000157118
-5.35133e-06
0.000156072
-2.13272e-07
0.000153564
3.21654e-06
0.000149244
5.60219e-06
0.000143546
6.99544e-06
0.000135144
7.73507e-06
0.000128468
9.49462e-06
0.000126146
1.027e-05
0.000123844
7.99062e-06
0.000123221
3.58808e-06
0.000124655
-1.46124e-06
0.000127105
-6.95612e-06
0.000128731
-1.25153e-05
0.000128863
-1.86094e-05
0.000126452
-2.45543e-05
0.000120872
-3.00871e-05
0.000113018
-3.49784e-05
0.000103155
-3.91412e-05
9.10691e-05
-4.24628e-05
7.81386e-05
-4.40186e-05
6.59783e-05
-4.37146e-05
5.58138e-05
-4.15807e-05
4.84837e-05
-3.78613e-05
4.45538e-05
-3.36675e-05
4.41815e-05
-3.03755e-05
2.84303e-05
4.68785e-05
-2.91559e-05
2.80702e-05
4.99325e-05
2.66189e-05
5.51243e-05
2.28584e-05
6.08371e-05
-6.2829e-05
6.98536e-05
-6.83546e-05
6.54225e-05
1.70813e-05
-7.20666e-05
-6.4177e-05
8.67377e-05
-5.69776e-05
8.93067e-05
4.71398e-05
-7.00917e-05
-2.32281e-05
-0.000124176
6.56365e-05
-4.98174e-05
6.78238e-05
-7.46452e-05
8.03791e-05
6.615e-05
-7.20192e-05
-0.00015044
-1.06811e-05
4.21094e-05
-0.000136072
-1.10178e-05
3.1409e-05
-2.94234e-05
5.09446e-05
3.27146e-05
5.56267e-05
3.16409e-05
6.23692e-05
2.68379e-05
6.97308e-05
1.94926e-05
7.52925e-05
-6.87098e-05
1.15844e-05
7.90931e-05
-5.93389e-05
1.00121e-05
-5.12206e-05
8.81584e-06
-4.41098e-05
7.43191e-06
-4.10164e-05
6.3412e-06
-4.46968e-05
6.19676e-06
-5.72924e-05
8.28531e-06
-7.73596e-05
1.24223e-05
-0.000100097
1.76249e-05
-0.000121041
2.16861e-05
-0.000136582
2.29621e-05
-0.000148594
2.14924e-05
-0.000156879
1.92188e-05
-0.000159883
1.60462e-05
-0.000158286
1.1982e-05
-0.000153634
7.83194e-06
-0.000147925
4.89683e-06
-0.000141404
2.58143e-06
-0.000134587
2.38905e-06
-0.000126953
3.17721e-06
-0.000124239
3.20109e-06
-0.00012342
4.81444e-07
-0.000127209
-1.82902e-06
-0.000133007
-4.66028e-06
-0.000137452
-5.57279e-06
-0.000140533
-4.52811e-06
-0.000141603
-4.14292e-06
-0.000141641
-5.32674e-06
-8.45669e-06
-0.000139753
2.56793e-06
1.06458e-07
-0.000129741
0.000138277
8.08563e-05
-0.000131556
0.000106248
-7.44667e-05
6.79491e-05
-6.19477e-05
8.18053e-05
9.23085e-05
1.61401e-06
1.59522e-05
0.000108699
1.08593e-05
-1.6143e-05
0.000122022
1.17495e-05
0.00013226
9.27158e-06
-6.89383e-06
0.000140851
5.75785e-06
0.000149966
3.7244e-06
-2.65643e-06
0.000159949
1.94503e-06
0.000160028
-2.00193e-06
0.000159897
-3.00838e-06
0.000158675
-5.61133e-08
0.000155905
1.68916e-06
0.000150857
3.28645e-06
0.000144521
3.41011e-06
0.000136219
4.24118e-06
0.000128853
4.50013e-06
0.000123803
4.03309e-06
0.000120125
2.37553e-06
0.000118357
-4.82191e-07
0.00011867
-4.17006e-06
0.00012048
-8.79435e-06
0.000121762
-1.29704e-05
0.000122033
-1.86123e-05
0.000119954
-2.39171e-05
0.00011541
-2.93348e-05
0.000108526
-3.41656e-05
0.000100233
-3.86569e-05
8.94903e-05
-4.19358e-05
7.85466e-05
-4.42806e-05
6.85584e-05
-4.52512e-05
5.98531e-05
-4.4326e-05
5.29043e-05
-4.14448e-05
4.82891e-05
-3.76037e-05
4.62101e-05
-3.35831e-05
4.68121e-05
-3.04682e-05
-2.84952e-05
4.96614e-05
-1.8123e-05
0.000206966
-0.00015167
-2.29756e-05
-5.80111e-05
6.35427e-05
-0.000154081
0.000151259
8.6348e-05
-8.47622e-05
-3.76508e-06
9.74484e-05
5.37841e-06
-9.3549e-05
-0.000220207
-4.72097e-05
8.45162e-05
0.000189679
-6.80124e-05
-4.30143e-05
-2.00281e-05
-0.000135228
-0.000125248
-4.06924e-06
0.000139636
-7.02349e-05
8.12193e-05
5.44166e-06
-6.1151e-05
4.45451e-06
-5.27092e-05
3.03284e-06
-4.58394e-05
2.17281e-06
-4.13101e-05
5.38981e-07
-4.2728e-05
-4.75331e-07
-5.30043e-05
2.21448e-07
-7.22242e-05
3.33009e-06
-9.62715e-05
8.5202e-06
-0.000119325
1.33735e-05
-0.000137109
1.63799e-05
-0.000149543
1.67108e-05
-0.000158925
1.55072e-05
-0.000162728
1.44658e-05
-0.000161248
1.18226e-05
-0.00015666
9.24665e-06
-0.00014967
6.5955e-06
-0.000142193
4.87207e-06
-0.00013469
3.86682e-06
-0.000128503
3.47546e-06
-0.000125589
3.04307e-06
-0.000125135
-2.59973e-07
-0.000128283
-6.60596e-07
-0.000132945
-2.98589e-06
-0.000136506
-4.71704e-06
-0.000138729
-4.112e-06
-0.00013948
-4.11582e-06
-0.000138922
-5.68324e-06
-0.000139358
-7.07664e-06
-1.0553e-05
-0.000138123
-5.1308e-05
-5.40842e-05
6.26873e-05
-1.91504e-05
-7.94733e-05
8.18122e-05
2.57253e-05
9.72914e-05
1.09738e-05
-9.4183e-05
0.000109426
1.11553e-05
0.000121659
1.22488e-05
0.00013239
1.11949e-05
0.000142291
7.68472e-06
0.000151305
4.94953e-06
0.000158403
2.64577e-06
0.000161236
3.09166e-07
0.000161261
-7.84119e-07
0.000160529
-4.76538e-07
0.000156927
7.36917e-07
0.000151835
5.57904e-07
0.000144585
1.24886e-07
0.000136261
5.35801e-08
0.000128255
-7.60578e-07
0.000121877
-1.92414e-06
0.000117071
-3.4871e-06
0.000114773
-5.65091e-06
0.0001146
-8.32385e-06
0.000115017
-1.12926e-05
0.000116058
-1.48781e-05
0.00011572
-1.90778e-05
0.00011392
-2.38041e-05
0.000110005
-2.85703e-05
0.000104464
-3.34158e-05
9.66358e-05
-3.68748e-05
8.73141e-05
-4.01925e-05
7.81652e-05
-4.28788e-05
6.98749e-05
-4.43301e-05
6.26716e-05
-4.41342e-05
5.69778e-05
-4.25225e-05
5.28267e-05
-3.96321e-05
5.00977e-05
-3.5734e-05
4.9269e-05
-3.19286e-05
5.06029e-05
-2.84513e-05
2.85721e-05
-2.71294e-05
5.38908e-05
3.20799e-05
5.33726e-05
3.6811e-05
5.46294e-05
4.00475e-05
6.04418e-05
3.86422e-05
6.9999e-05
3.27155e-05
7.96389e-05
2.36839e-05
8.69408e-05
1.415e-05
9.17245e-05
9.41483e-05
6.97358e-06
-0.000165298
-9.43512e-05
0.0001048
-3.97732e-05
4.91679e-05
-0.000227706
0.000229495
-3.0026e-05
3.64857e-05
-2.99534e-05
2.46789e-05
-7.92867e-05
-3.78774e-05
5.62855e-05
8.4458e-05
-0.000102434
-2.65204e-05
3.85201e-05
5.81814e-05
-0.00013762
-1.05969e-05
-1.56208e-05
-0.000139202
-4.1618e-05
-5.84629e-05
5.32325e-05
-6.24308e-05
-3.025e-05
1.86768e-05
-0.000102587
4.24075e-05
-5.16941e-05
0.000100293
8.18988e-05
7.73962e-05
9.77569e-05
-8.71218e-05
1.12658e-05
0.000108045
1.28938e-05
0.000120183
1.24989e-05
0.000131808
1.1948e-05
0.000142315
8.67688e-06
0.000151345
5.84906e-06
0.000157917
3.61801e-06
0.000161397
1.53671e-06
0.000162425
1.67429e-07
0.000161013
-5.31062e-07
0.000157644
-8.26515e-07
0.00015171
-1.72692e-06
0.000143934
-2.99399e-06
0.000135288
-4.14136e-06
0.000126838
-5.79746e-06
0.000120066
-7.56821e-06
0.000114868
-9.36422e-06
0.000111991
-1.12749e-05
0.000110771
-1.30036e-05
0.000110615
-1.51104e-05
0.000110737
-1.77289e-05
0.000110346
-2.0954e-05
0.000108571
-2.44284e-05
0.000105674
-2.8525e-05
0.000100414
-3.19178e-05
9.33448e-05
-3.43015e-05
8.53438e-05
-3.75575e-05
7.71438e-05
-3.956e-05
6.9839e-05
-4.06823e-05
6.42832e-05
-4.11063e-05
6.03638e-05
-4.06433e-05
5.71488e-05
-3.86198e-05
5.47883e-05
-3.56453e-05
5.32865e-05
-3.20732e-05
5.32723e-05
-2.83952e-05
5.48366e-05
-2.64481e-05
2.62938e-05
-2.51156e-05
5.73421e-05
2.87967e-05
5.76113e-05
3.32202e-05
5.6767e-05
3.80882e-05
5.77761e-05
4.2306e-05
6.33901e-05
4.28172e-05
7.4826e-05
3.7105e-05
8.89663e-05
2.67453e-05
0.000100248
1.63623e-05
0.000106166
8.71228e-06
0.000108459
-9.40156e-05
0.000106211
6.22609e-06
-8.24552e-05
4.56022e-06
-7.18825e-05
2.7639e-06
-6.24133e-05
9.2358e-07
-5.45552e-05
-1.00135e-06
-4.75105e-05
-3.21014e-06
-4.2523e-05
-5.48002e-06
-4.22577e-05
-7.51975e-06
-5.0058e-05
-8.32834e-06
-6.73977e-05
-6.35161e-06
-9.1265e-05
-1.87661e-06
-0.000116221
3.81179e-06
-0.000136172
8.55494e-06
-0.000149314
1.13083e-05
-0.00015989
1.17642e-05
-0.00016394
1.24534e-05
-0.000162738
1.17474e-05
-0.000157861
1.07538e-05
-0.000150929
8.96913e-06
-0.0001431
7.44101e-06
-0.000135671
6.04904e-06
-0.000130071
4.87843e-06
-0.000127849
4.18461e-06
-0.000128047
1.88144e-08
-0.000130659
1.04857e-07
-0.000133582
-2.68273e-06
-0.000136178
-4.3822e-06
-0.000137421
-4.0365e-06
-0.000137499
-4.01458e-06
-0.000137503
-4.82595e-06
-6.99633e-06
-0.000136272
-5.32719e-05
-5.56556e-05
6.06598e-05
-1.35254e-05
-0.000137119
-0.000149219
-1.27577e-05
2.77279e-05
2.56365e-06
-3.82412e-05
-6.37631e-05
7.15953e-05
-6.79501e-05
-3.13965e-05
6.79681e-05
-2.91605e-05
-2.87635e-05
5.98949e-05
-6.69698e-05
-1.83796e-05
7.48852e-05
1.12241e-05
1.63991e-06
8.79654e-05
8.81501e-06
-7.64993e-05
9.6311e-05
1.36718e-05
0.000106595
1.42099e-05
0.000117919
1.30353e-05
0.000130394
1.12199e-05
0.000141346
8.6518e-06
0.000150753
5.82595e-06
0.000157112
4.35989e-06
0.000160913
1.98428e-06
0.00016216
4.08724e-07
0.000160703
-1.00483e-06
0.000156911
-2.38746e-06
0.000150553
-3.89651e-06
0.00014235
-5.89775e-06
0.000133231
-7.9059e-06
0.000124715
-1.03513e-05
0.000118015
-1.26709e-05
0.000112688
-1.46622e-05
0.000109553
-1.67481e-05
0.000107956
-1.8189e-05
0.000107297
-1.98106e-05
0.000106978
-2.17045e-05
0.000106272
-2.39356e-05
0.000104809
-2.62441e-05
0.000101963
-2.86152e-05
9.70458e-05
-3.0152e-05
9.13963e-05
-3.20752e-05
8.38453e-05
-3.37651e-05
7.5839e-05
-3.43495e-05
6.92916e-05
-3.4912e-05
6.50188e-05
-3.5455e-05
6.22835e-05
-3.51625e-05
6.07579e-05
-3.43603e-05
5.92775e-05
-3.23894e-05
5.75871e-05
-2.95396e-05
5.64772e-05
-2.67259e-05
5.55779e-05
-2.46983e-05
5.58193e-05
-2.42085e-05
3.25222e-05
5.50164e-05
-3.06763e-05
2.98299e-05
6.46659e-05
2.9086e-05
6.54386e-05
3.65168e-05
5.74136e-05
4.94597e-05
5.24842e-05
6.06292e-05
5.88513e-05
6.27318e-05
7.75828e-05
5.15092e-05
0.000103482
3.42704e-05
0.000120787
1.66479e-05
0.000128418
3.98443e-06
0.000128007
1.74732e-06
0.000117754
-0.000104888
0.000108528
8.63222e-06
-9.49874e-05
7.892e-06
-8.43961e-05
5.98486e-06
-7.41353e-05
2.78924e-06
-6.46437e-05
-5.66852e-07
-5.65288e-05
-4.23587e-06
-4.98479e-05
-7.69112e-06
-4.48122e-05
-1.12256e-05
-4.32877e-05
-1.45335e-05
-4.87318e-05
-1.67913e-05
-6.31878e-05
-1.64073e-05
-8.57826e-05
-1.26014e-05
-0.000111435
-6.5112e-06
-0.000133652
1.86637e-07
-0.000147833
5.35223e-06
-0.000158853
8.06181e-06
-0.000163687
1.03878e-05
-0.000163393
1.21166e-05
-0.000158636
1.22078e-05
-0.000151927
1.15628e-05
-0.000144295
1.03225e-05
-0.000137238
8.64718e-06
-0.000132173
6.84612e-06
-0.000129469
4.95794e-06
-0.000130721
1.53315e-06
-0.000132468
1.28925e-07
-0.000135053
-2.4138e-06
-0.000136338
-4.7753e-06
-0.000136373
-4.42677e-06
-0.000135225
-4.33061e-06
-0.000133651
-4.58822e-06
-5.85911e-06
-0.000132838
-0.000135187
-1.00593e-05
-4.74351e-05
-6.17033e-05
-5.76358e-05
-5.68603e-05
6.2293e-05
3.96529e-05
5.26062e-05
-6.88534e-05
-2.13511e-05
-0.000133364
-1.3442e-05
-6.49898e-05
-1.51263e-05
7.17224e-06
-6.96268e-05
-1.98382e-05
-7.13919e-05
-2.52932e-05
5.82539e-06
-5.28629e-05
-9.75502e-05
-3.34256e-05
-8.49501e-05
1.94807e-05
-0.000134967
-1.14701e-05
-4.01861e-05
-6.66935e-05
-7.05589e-05
-3.35412e-05
3.18524e-05
-3.51981e-05
5.72916e-05
3.05908e-05
6.75774e-05
3.16392e-05
6.78244e-05
3.578e-05
5.77446e-05
4.19326e-05
5.06697e-05
4.92215e-05
5.48057e-05
5.23406e-05
7.61544e-05
4.76168e-05
0.000109332
3.72154e-05
0.00013338
2.4895e-05
0.000144797
1.44271e-05
0.000143772
9.23762e-06
0.000128886
6.68366e-06
0.000117392
-0.000113243
5.41886e-06
0.000121759
-0.000109628
1.61904e-05
-9.99875e-05
1.0217e-05
-8.90564e-05
7.76624e-06
-7.84727e-05
3.38539e-06
-6.84855e-05
-1.22956e-06
-6.01724e-05
-6.25138e-06
-5.35219e-05
-1.10549e-05
-4.83057e-05
-1.59755e-05
-4.5719e-05
-2.05537e-05
-4.87103e-05
-2.42741e-05
-6.01771e-05
-2.54371e-05
-8.00755e-05
-2.28828e-05
-0.000104993
-1.66095e-05
-0.000128546
-8.34903e-06
-0.000144684
-7.07494e-07
-0.000155937
4.75805e-06
-0.000162179
8.78297e-06
-0.000162222
1.19686e-05
-0.000158584
1.3912e-05
-0.00015259
1.4105e-05
-0.000145694
1.32003e-05
-0.000139306
1.13578e-05
-0.000134703
8.80192e-06
-0.000132368
5.90297e-06
-0.00013225
1.70993e-06
-0.000134785
1.04243e-06
-0.000135773
-3.26572e-06
-0.000137094
-4.45193e-06
-0.000135529
-5.53708e-06
-0.000132928
-5.00116e-06
-0.000130226
-4.2896e-06
-3.9334e-06
-0.000129258
-8.86203e-06
-0.000132187
8.13761e-05
-5.36818e-05
-7.93868e-05
-4.26284e-05
-6.95249e-05
7.37267e-05
-6.96167e-06
1.60044e-05
-8.25077e-05
0.000204991
-5.71238e-06
-0.000191125
2.85601e-06
9.1591e-05
1.55574e-05
-8.2916e-05
0.000103411
1.35702e-05
0.000116076
1.1692e-05
0.000128689
9.75219e-06
0.000139845
7.77933e-06
0.000149246
5.18944e-06
0.000155976
4.23388e-06
0.000159854
1.85038e-06
0.000161006
1.22481e-07
0.000159352
-1.7645e-06
0.000155012
-3.75092e-06
0.000148501
-6.0452e-06
0.000139907
-8.43093e-06
0.000130529
-1.10819e-05
0.000121976
-1.3958e-05
0.000115396
-1.67407e-05
0.000110551
-1.93206e-05
0.000107336
-2.14343e-05
0.000105621
-2.32313e-05
0.000104769
-2.47978e-05
0.000104285
-2.62698e-05
0.000103508
-2.76351e-05
0.000102088
-2.87121e-05
9.96938e-05
-2.9436e-05
9.60002e-05
-2.9545e-05
9.03959e-05
-2.94475e-05
8.29824e-05
-2.92521e-05
7.52298e-05
-2.81967e-05
6.90529e-05
-2.76284e-05
6.49655e-05
-2.7073e-05
6.33897e-05
-2.68556e-05
6.3032e-05
-2.65427e-05
6.23339e-05
-2.53298e-05
6.11246e-05
-2.38857e-05
5.94309e-05
-2.24916e-05
5.6462e-05
-2.07762e-05
5.43863e-05
-2.25842e-05
4.55661e-05
-2.41359e-05
4.6862e-05
-4.03551e-05
-6.05114e-05
-6.25268e-05
6.55734e-05
-5.38184e-05
-6.54462e-05
0.000184442
-2.31817e-05
2.60503e-05
-0.000178962
-0.000112642
-1.24462e-05
-5.96847e-05
-0.000128002
-1.41582e-05
-0.000129181
0.00013896
2.97067e-06
-0.000119404
1.71335e-05
-0.000107667
9.68037e-06
-9.54628e-05
7.26384e-06
-8.39787e-05
2.18333e-06
-7.37988e-05
-2.54596e-06
-6.52363e-05
-8.12056e-06
-5.83119e-05
-1.3784e-05
-5.29738e-05
-1.94684e-05
-4.93114e-05
-2.51366e-05
-4.99333e-05
-2.99068e-05
-5.78776e-05
-3.2545e-05
-7.4504e-05
-3.11407e-05
-9.72236e-05
-2.54569e-05
-0.00012106
-1.62909e-05
-0.000139561
-6.50088e-06
-0.000151152
1.57483e-06
-0.000158606
7.31113e-06
-0.000160222
1.20268e-05
-0.00015763
1.50433e-05
-0.000152845
1.62792e-05
-0.000147215
1.57085e-05
-0.000141757
1.36173e-05
-0.000137693
1.03747e-05
-0.000135564
6.55669e-06
-0.000136288
2.66094e-06
-0.000136222
-7.91813e-08
-0.000136725
-3.97175e-06
-0.000136535
-4.81304e-06
-0.000134644
-5.93506e-06
-0.000130627
-5.88122e-06
-0.000126249
-4.4717e-06
-0.000124573
-1.45407e-06
-6.24359e-06
-0.00012948
6.89835e-05
-5.35144e-05
7.53778e-05
-7.55578e-05
-3.7482e-05
6.91079e-05
-4.84764e-05
1.85048e-05
6.4443e-05
5.86312e-05
3.61948e-05
9.49891e-05
1.40465e-05
8.96448e-05
2.75141e-05
4.35558e-05
5.5915e-05
2.10333e-05
9.33881e-05
1.55886e-05
0.000111006
5.63151e-05
9.14723e-05
0.000127572
5.40302e-05
0.000172693
1.08235e-05
0.000192746
-2.37474e-05
0.000184244
-2.44824e-05
0.00013457
1.96615e-08
9.64584e-05
2.57162e-05
0.000102382
3.39676e-05
0.000137815
9.25319e-05
-5.12415e-05
-8.47169e-05
7.69146e-05
-3.13658e-05
7.0192e-05
-1.94869e-05
6.55274e-05
-1.27359e-05
-1.13742e-05
-6.98333e-05
8.33328e-05
7.77619e-05
-2.71766e-05
-0.000118013
-1.18157e-05
1.42443e-05
5.94114e-06
-5.61747e-06
-2.62419e-05
-8.71435e-05
8.2962e-05
8.71731e-05
1.34667e-05
-7.48322e-05
0.000100608
1.08534e-05
0.000114036
9.10191e-06
0.000126789
7.63142e-06
0.000138307
6.02862e-06
0.000147246
4.49337e-06
0.00015451
3.041e-06
0.000158293
1.30166e-06
0.000159084
-5.19643e-07
0.000157121
-2.66084e-06
0.000152496
-5.03418e-06
0.000145488
-7.66087e-06
0.00013656
-1.04689e-05
0.000127081
-1.34605e-05
0.000118676
-1.65819e-05
0.000112325
-1.96206e-05
0.000107587
-2.25514e-05
0.000104735
-2.51437e-05
0.000103222
-2.74237e-05
0.000102567
-2.92821e-05
0.000102294
-3.06557e-05
0.00010183
-3.14297e-05
0.000100832
-3.14404e-05
9.89913e-05
-3.07238e-05
9.57882e-05
-2.93922e-05
9.08342e-05
-2.74828e-05
8.35959e-05
-2.49695e-05
7.58616e-05
-2.20768e-05
6.91381e-05
-1.94416e-05
6.506e-05
-1.75507e-05
6.36729e-05
-1.64483e-05
6.36748e-05
-1.56259e-05
6.41287e-05
-1.54967e-05
6.36483e-05
-1.53953e-05
6.2033e-05
-1.56473e-05
5.86182e-05
-1.50063e-05
5.62569e-05
-2.07846e-05
4.73159e-05
-1.89194e-05
4.84282e-05
-4.72493e-05
2.22605e-05
-3.37696e-05
2.56771e-05
0.000192517
-2.64006e-05
-1.59781e-05
-0.000127896
-6.89251e-05
3.53658e-05
-6.50664e-05
-7.17818e-05
7.19921e-05
-4.96296e-05
-7.86109e-05
-6.9497e-05
-6.32082e-05
-0.000184101
-4.73704e-05
0.00021888
0.000179126
-2.6317e-05
-0.000155477
9.07467e-05
-1.05813e-05
-0.000126181
6.54687e-06
-0.000133463
8.58232e-05
7.63408e-05
-7.46931e-05
-0.000100063
-0.000178827
0.000113606
5.50177e-05
-8.02242e-05
-4.7159e-05
7.10332e-05
-3.18446e-05
-0.000213882
1.86576e-05
0.00024326
-0.000154561
0.000170716
2.52712e-05
-0.000142467
-1.88479e-06
-0.000126963
1.0673e-05
-0.000114087
6.31073e-06
-0.000101079
4.11953e-06
-8.94457e-05
-3.02278e-08
-7.89877e-05
-4.75089e-06
-7.04598e-05
-9.95919e-06
-6.36511e-05
-1.56695e-05
-5.79835e-05
-2.17288e-05
-5.36697e-05
-2.7743e-05
-5.20372e-05
-3.3186e-05
-5.63356e-05
-3.67891e-05
-6.87854e-05
-3.66282e-05
-8.85713e-05
-3.17465e-05
-0.000111338
-2.26264e-05
-0.000131336
-1.17421e-05
-0.000144809
-1.39435e-06
-0.000153383
6.16086e-06
-0.000156643
1.17198e-05
-0.00015587
1.57864e-05
-0.000152656
1.76108e-05
-0.000148475
1.73386e-05
-0.000144296
1.51067e-05
-0.000140929
1.13184e-05
-0.000138865
6.71554e-06
-0.000138344
2.53119e-06
-0.000138645
-2.97699e-07
-0.000138228
-4.71948e-06
-0.000136667
-5.536e-06
-0.000133357
-6.62602e-06
-0.000128569
-6.28831e-06
-0.000123288
-4.14947e-06
-0.000117936
-1.12285e-06
6.42413e-06
-0.000113087
9.42869e-05
-4.64188e-05
-0.000138875
0.000110394
-4.05481e-05
7.75773e-05
-5.48781e-05
-0.00018135
9.17458e-05
-0.000117126
4.56849e-05
6.13954e-05
4.88721e-05
4.12188e-05
8.07607e-05
3.10116e-05
0.000108369
2.68157e-05
9.67889e-05
2.94958e-05
4.29537e-05
4.37819e-05
6.25689e-06
5.5304e-05
2.17743e-06
6.04156e-05
4.8066e-05
6.34936e-05
0.000122346
5.7105e-05
0.000180116
4.48931e-05
0.000209098
3.18875e-05
0.000203752
1.85645e-05
0.000155612
-4.37205e-06
0.00012683
-2.5788e-05
0.000130693
-3.37035e-05
0.000151203
-3.16022e-05
0.000172691
-6.38549e-05
8.25156e-05
-2.86586e-05
7.16752e-05
-1.3089e-05
6.42165e-05
-5.53888e-06
5.91123e-05
-3.46742e-06
-9.59682e-06
5.61028e-05
7.31733e-06
-1.35343e-05
7.38919e-05
-0.000112145
7.32659e-05
1.40142e-05
-6.01334e-05
-1.83259e-05
8.59282e-05
1.05554e-05
9.91338e-05
8.06388e-06
0.000112461
6.36525e-06
0.000125298
5.14617e-06
0.000136674
4.09867e-06
0.00014594
3.07359e-06
0.000152662
1.87048e-06
0.00015617
4.80034e-07
0.000156459
-1.34532e-06
0.000154087
-3.5424e-06
0.000149155
-6.05749e-06
0.000141818
-8.79975e-06
0.000132534
-1.17698e-05
0.000122994
-1.48315e-05
0.000114538
-1.79561e-05
0.000108275
-2.11454e-05
0.000103872
-2.43649e-05
0.00010131
-2.73948e-05
0.000100202
-3.0223e-05
0.000100066
-3.2525e-05
0.000100468
-3.40219e-05
0.000100787
-3.45235e-05
0.000100561
-3.38556e-05
9.94486e-05
-3.20598e-05
9.6862e-05
-2.95204e-05
9.23558e-05
-2.60285e-05
8.55764e-05
-2.15651e-05
7.76315e-05
-1.6545e-05
7.04529e-05
-1.16688e-05
6.55146e-05
-7.63548e-06
6.32232e-05
-4.83019e-06
6.341e-05
-3.58909e-06
6.39997e-05
-3.72224e-06
6.38638e-05
-4.89099e-06
6.26727e-05
-7.09792e-06
6.0745e-05
-9.276e-06
5.90578e-05
-1.9439e-05
5.66103e-05
-2.02888e-05
5.81558e-05
-5.57486e-05
5.84301e-05
-4.59222e-05
6.77852e-05
-0.00013226
9.25991e-05
-4.87169e-05
-8.54592e-05
-1.90338e-05
-0.000124476
6.38471e-05
-0.000112422
-7.99417e-05
8.28704e-05
-5.28323e-05
5.10489e-05
-7.89834e-05
-6.05325e-05
5.60961e-05
-7.12054e-05
-8.16006e-05
-0.000124212
-1.55943e-05
-9.09724e-05
-7.46766e-05
-7.62364e-05
-8.4468e-05
-6.71765e-05
0.000213108
-0.000197335
-3.05393e-05
0.000110074
-0.00010622
7.94748e-05
-8.82392e-05
-0.000248584
0.000232733
-2.56911e-05
9.0949e-05
-6.7783e-05
0.000103025
6.11188e-06
-3.82138e-05
0.000100659
3.91774e-05
0.000189355
-0.000174681
1.97254e-05
2.30233e-05
0.000199904
0.000112774
2.35267e-06
0.000119279
-7.61228e-07
0.000125922
-4.02359e-06
0.000131547
-6.23015e-06
0.000136057
-7.22189e-06
0.000139066
-6.41336e-06
0.000139663
-4.47936e-06
0.000141416
-1.67435e-06
0.000142458
2.20479e-06
0.000144068
6.69754e-06
0.000146515
1.15262e-05
0.000149196
1.55668e-05
0.000151515
1.78315e-05
0.000152749
1.78772e-05
0.000151627
1.56882e-05
0.000146058
1.14016e-05
0.000136219
4.8852e-06
0.000120534
-4.25292e-06
0.000100008
-1.56426e-05
7.91269e-05
-2.65873e-05
6.31179e-05
-3.49434e-05
5.51222e-05
-3.87935e-05
5.43594e-05
-3.79046e-05
5.7757e-05
-3.38564e-05
6.26033e-05
-2.83599e-05
6.82255e-05
-2.24128e-05
7.47875e-05
-1.66196e-05
8.30909e-05
-1.13984e-05
9.31219e-05
-6.81465e-06
0.000104701
-2.78415e-06
0.000117452
-5.36893e-07
0.000131003
-2.11126e-07
0.000150077
-1.80474e-06
0.000166591
-1.30462e-05
0.00020155
-4.11256e-06
0.000212413
-4.03901e-05
2.92339e-05
0.000205079
-3.47084e-05
7.35729e-05
-6.55434e-05
4.78469e-05
0.000109654
-4.65537e-07
0.000153823
-1.50207e-07
0.000111855
0.000122522
1.26634e-05
0.00020641
-3.66918e-05
0.000141949
2.09146e-05
-1.51378e-05
5.9357e-05
-3.23026e-05
9.78595e-05
-3.96055e-05
0.000154586
-1.55811e-05
0.00015551
0.000112007
8.45177e-05
0.000246285
-2.50941e-05
0.000319164
-0.000115123
0.000299722
-8.06386e-05
0.000126658
-7.54744e-06
5.45568e-05
3.39755e-05
8.94078e-05
6.2348e-05
0.000114849
7.38522e-05
0.000150242
2.72763e-05
0.000248891
9.9314e-05
-4.37368e-05
-3.19887e-05
-0.000117924
-4.71462e-05
8.66037e-05
4.79419e-05
6.64624e-05
0.00020112
-0.00014067
-0.000115339
4.46346e-05
-0.000152451
2.95611e-05
-0.000154955
2.07291e-05
-0.000157379
0.000174891
1.25518e-05
-0.000158428
0.000187736
1.53928e-05
0.000199993
1.88133e-05
-3.16947e-05
3.54916e-05
0.000202949
8.33866e-05
-3.38081e-05
3.06268e-05
0.000203679
-0.000193222
-3.3986e-05
6.64921e-05
0.00010874
-6.92665e-05
7.98527e-05
0.000117936
-0.000131225
-6.29978e-05
0.000123619
-8.67491e-05
-5.62373e-05
8.74709e-05
-8.80884e-05
-6.64819e-05
-7.8476e-05
-9.262e-05
-1.33725e-05
-0.000118179
9.05332e-05
-4.52451e-05
-8.51718e-05
4.0221e-05
-3.05145e-05
8.89774e-05
-2.0037e-05
7.38248e-05
-6.04084e-06
6.31381e-05
1.49311e-06
5.64938e-05
2.84241e-06
-9.46307e-07
5.03408e-05
-2.7248e-05
5.86863e-05
3.17753e-05
9.51557e-06
2.32152e-06
-2.94778e-05
1.95466e-05
5.93946e-05
1.59648e-05
-2.01041e-05
-4.70364e-05
7.18348e-05
1.08135e-05
8.46631e-05
7.60404e-06
9.78136e-05
5.35929e-06
0.000110979
3.85627e-06
0.000123564
2.88147e-06
0.000134775
2.16147e-06
0.000143877
1.4827e-06
0.000150154
6.77068e-07
0.000153331
-5.36648e-07
0.000153068
-2.13686e-06
0.000150167
-4.24457e-06
0.000144918
-6.68981e-06
0.000137219
-9.34772e-06
0.000127697
-1.22278e-05
0.000118115
-1.51474e-05
0.000109609
-1.81181e-05
0.000103199
-2.12562e-05
9.90263e-05
-2.46064e-05
9.66524e-05
-2.79706e-05
9.60184e-05
-3.11333e-05
9.66373e-05
-3.37968e-05
9.80835e-05
-3.55533e-05
9.95782e-05
-3.60621e-05
0.000100485
-3.52021e-05
0.000100282
-3.2813e-05
9.85768e-05
-2.93598e-05
9.48101e-05
-2.49138e-05
8.86829e-05
-1.90348e-05
8.06825e-05
-1.21454e-05
7.25938e-05
-5.23231e-06
6.62551e-05
8.92806e-07
6.28372e-05
5.94491e-06
6.16502e-05
8.38112e-06
6.15113e-05
8.2102e-06
6.09132e-05
6.04194e-06
6.00032e-05
1.80717e-06
5.87903e-05
-3.628e-06
5.67909e-05
-1.69213e-05
5.85523e-05
-2.47369e-05
6.09043e-05
-6.38989e-05
7.40511e-05
-6.97762e-05
8.20406e-05
-0.000147897
7.96808e-05
-7.58324e-05
0.000107124
7.71882e-05
-0.000112087
0.000103242
6.38558e-05
-5.20698e-05
5.242e-05
9.77837e-05
-0.000206941
4.56961e-05
0.000213406
-4.07331e-05
9.7737e-05
-4.45638e-05
-1.86396e-05
-0.000119494
-6.71957e-07
0.000252729
-3.01712e-06
4.79998e-05
9.07221e-05
-4.38918e-05
5.11194e-05
0.000219031
-7.37911e-05
-0.000186519
-8.26406e-05
-9.09877e-05
-9.7985e-05
-8.46803e-05
-8.68633e-05
6.03911e-05
-0.00010218
9.84268e-05
9.42523e-05
-7.17812e-05
-9.8408e-05
9.26369e-05
0.000204355
-0.00010631
0.000215743
4.37473e-05
-3.0397e-05
-0.000210387
4.53479e-05
0.000208799
0.000108623
-0.000119873
-0.000140092
-0.00011722
-4.28009e-05
0.000114387
-6.36669e-05
-0.000197862
1.53406e-05
-0.000183063
9.87295e-06
-0.000164977
3.11127e-06
0.000105799
1.19266e-06
0.000114455
-1.42286e-06
0.000122209
-3.81679e-06
0.000128914
-5.95096e-06
0.000134092
-7.02154e-06
0.000138211
-6.86978e-06
0.000140729
-4.74613e-06
0.000143026
-2.52735e-06
0.000144537
1.79567e-06
0.000146059
6.12687e-06
0.00014743
1.09433e-05
0.00014861
1.46574e-05
0.000149012
1.68543e-05
0.000148254
1.69394e-05
0.000144475
1.50794e-05
0.00013728
1.04577e-05
0.000125371
2.79382e-06
0.000108145
-6.62719e-06
8.78287e-05
-1.76766e-05
6.92966e-05
-2.77064e-05
5.73974e-05
-3.475e-05
5.36226e-05
-3.74727e-05
5.59257e-05
-3.60687e-05
6.06609e-05
-3.21339e-05
6.58746e-05
-2.69647e-05
7.12295e-05
-2.14538e-05
7.72861e-05
-1.63786e-05
8.49851e-05
-1.18435e-05
9.40992e-05
-8.00902e-06
0.000104586
-5.22489e-06
0.00011566
-4.7934e-06
0.000127267
-6.60827e-06
0.000143896
-1.40083e-05
0.000158716
-2.37617e-05
0.000194771
-3.50076e-05
0.000207813
-5.17579e-05
0.000265782
-3.27367e-05
-4.84852e-05
7.10656e-06
4.02188e-05
-5.84752e-05
9.27479e-06
-7.23668e-05
7.74894e-06
-9.08023e-05
9.75286e-07
-0.000114332
-1.14974e-05
-0.000144022
-2.81378e-05
-0.000147557
0.000112159
0.000126346
-3.36082e-05
0.000103187
-0.000107282
0.000105524
-4.78566e-05
8.92825e-05
5.00586e-05
9.62493e-05
-2.33612e-05
0.000216553
1.52782e-05
2.88259e-05
0.00021336
8.56359e-05
-0.000127652
-7.79448e-05
-8.41362e-05
-0.000105629
0.000147389
-3.89565e-05
1.96633e-05
-0.000120101
-1.75537e-05
-0.000142293
1.18016e-05
-6.86171e-05
0.000100604
-4.43431e-05
5.25415e-05
-4.23839e-05
-0.00013307
0.000133139
-0.000207991
2.26451e-05
0.000216389
-4.07885e-05
-0.000175594
0.000179137
-0.000161019
5.03765e-05
0.000200729
2.37118e-05
0.000170132
3.54063e-05
7.06489e-05
0.000103174
4.18872e-06
0.000189016
-3.27983e-05
0.00024237
-6.40312e-05
0.000166357
-5.84726e-05
-3.18362e-05
2.87014e-05
-0.000128538
9.8013e-05
-0.000118619
9.6802e-05
-2.49454e-05
9.6947e-05
0.000105797
0.000103837
0.000236123
0.000104246
0.00031894
0.000100548
0.000309547
4.71954e-05
0.00017297
-4.05612e-05
0.000153023
-0.000114179
0.000176795
-0.000140222
0.000149756
-0.000109042
0.00013123
-9.19276e-05
0.000244162
-9.74829e-05
0.000274723
5.29031e-05
-0.00013099
4.15463e-05
-0.0001316
2.91043e-05
-0.000133683
1.84371e-05
-0.0001382
9.33611e-06
-0.000141193
3.72328e-07
-0.000147943
-0.000221251
1.47253e-05
-2.14581e-05
-0.000113211
-4.31002e-05
9.16222e-05
4.58059e-05
9.66534e-05
-5.43436e-05
9.52917e-05
4.6844e-05
-7.38612e-05
8.30132e-05
4.2736e-05
9.13436e-06
0.00023894
-0.000226907
3.48427e-05
0.000226359
-9.322e-05
-0.000105358
-0.000255131
7.81516e-05
-0.000166335
0.000168767
-9.30472e-05
-0.000100118
0.00023558
4.04478e-05
-0.000113881
-1.60179e-05
2.00673e-05
-1.46302e-05
-0.000140863
-4.11225e-05
-0.000100625
-9.49517e-05
2.76605e-05
-2.0111e-05
1.11897e-05
-1.4943e-05
4.15167e-05
1.15282e-05
-1.92063e-05
5.57513e-05
9.83504e-06
6.90549e-05
7.08406e-06
8.22535e-05
4.70835e-06
9.56305e-05
2.85917e-06
0.000108756
1.76052e-06
0.000121223
9.30185e-07
0.000132193
4.64297e-07
0.000140938
5.13419e-08
0.000146826
-5.17296e-07
0.000149337
-1.36293e-06
0.000148592
-2.80628e-06
0.000145042
-4.60514e-06
0.000139474
-6.86188e-06
0.000131451
-9.28196e-06
0.00012183
-1.18465e-05
0.000112189
-1.44342e-05
0.000103555
-1.71177e-05
9.68278e-05
-1.99942e-05
9.26325e-05
-2.32275e-05
9.04281e-05
-2.66589e-05
9.03118e-05
-2.99252e-05
9.18634e-05
-3.27841e-05
9.44801e-05
-3.46876e-05
9.73789e-05
-3.53813e-05
9.9627e-05
-3.45919e-05
0.00010071
-3.23192e-05
0.00010003
-2.84944e-05
9.73806e-05
-2.34511e-05
9.21082e-05
-1.69732e-05
8.45363e-05
-9.04511e-06
7.56416e-05
-7.12926e-07
6.77158e-05
7.43814e-06
6.17045e-05
1.40767e-05
5.80439e-05
1.78964e-05
5.59162e-05
1.8298e-05
5.41143e-05
1.56069e-05
5.19338e-05
1.00156e-05
4.95889e-05
2.42475e-06
4.60404e-05
-1.22549e-05
4.54394e-05
-2.51643e-05
4.76819e-05
-6.86587e-05
4.96076e-05
-7.73428e-05
6.29046e-05
-0.000166389
3.06483e-05
-4.87118e-05
-0.000151891
1.54613e-05
9.36575e-05
-3.24413e-05
-4.86582e-06
-5.1109e-05
0.000156114
8.75739e-05
-0.000169385
-6.98654e-05
2.09933e-05
4.43743e-05
9.26517e-05
0.000215776
-0.00011634
-3.1743e-05
-6.17452e-06
6.43751e-06
8.36817e-05
-9.06973e-05
8.51741e-05
0.00012282
-4.57205e-05
1.75427e-05
-2.47175e-05
1.6446e-05
-3.88407e-06
1.13693e-05
-3.42362e-05
1.36178e-05
-4.66468e-05
1.49402e-05
-6.28328e-05
1.31e-05
-8.32586e-05
7.14567e-06
-0.000107814
-3.63227e-06
-0.000136647
-1.66041e-05
-0.000164696
-2.82902e-05
-4.3386e-05
4.59805e-05
-0.000192759
-0.000180945
-3.87129e-05
-7.22062e-05
1.7524e-05
-2.4468e-05
-6.1498e-05
7.50528e-05
-6.97387e-05
1.31766e-05
6.18883e-05
-3.48931e-05
2.81363e-05
8.36443e-05
-4.42475e-06
8.88438e-06
9.07789e-05
4.42848e-06
9.91247e-05
1.24832e-06
0.000107989
-1.19743e-06
0.00011647
-3.27634e-06
0.000123995
-5.2369e-06
0.000130401
-6.51867e-06
0.000135143
-6.29115e-06
0.00013922
-5.01896e-06
0.000142158
-2.85185e-06
0.000144741
7.79839e-07
0.00014634
4.93213e-06
0.000146982
9.24602e-06
0.000146389
1.25688e-05
0.00014481
1.46319e-05
0.000141726
1.51628e-05
0.00013614
1.28756e-05
0.000126945
8.11032e-06
0.000112805
9.93566e-07
9.43179e-05
-7.72673e-06
7.4571e-05
-1.74261e-05
5.87737e-05
-2.58091e-05
5.08205e-05
-3.13276e-05
5.09069e-05
-3.31122e-05
5.57622e-05
-3.16078e-05
6.15237e-05
-2.82742e-05
6.70606e-05
-2.36468e-05
7.18693e-05
-1.89971e-05
7.71685e-05
-1.46694e-05
8.3814e-05
-1.0901e-05
9.17689e-05
-8.05634e-06
0.000100271
-6.43296e-06
0.000109004
-7.85156e-06
0.000117478
-1.10043e-05
0.000129303
-2.23229e-05
0.000139725
-3.07455e-05
0.000170076
-6.08421e-05
0.00018183
-6.2862e-05
0.000240313
-9.12308e-05
0.000267541
-0.000130221
-0.000203666
7.86978e-06
-0.000185207
1.3436e-06
-0.000170504
-2.64313e-06
-0.000153813
-8.15801e-06
-0.000237432
2.13442e-05
5.54446e-05
-0.000106068
-3.23531e-05
7.75073e-05
-0.00010804
-3.88609e-05
-5.03843e-05
0.000148322
-8.81156e-05
-0.000140021
-7.21055e-05
-8.20047e-05
-4.26988e-05
7.23381e-05
8.22899e-06
1.83263e-05
-8.81249e-05
-2.01288e-05
-0.000106696
-4.21367e-05
9.25442e-05
4.34075e-05
9.66635e-05
-5.11186e-05
0.000102404
4.08148e-05
-0.000109926
7.44187e-06
9.13583e-05
-9.68574e-06
0.000240359
2.29946e-05
0.000230476
3.12784e-05
-0.000185284
-0.000116484
0.000144076
-8.58409e-05
0.000240132
4.39232e-05
-2.44851e-05
0.000104323
0.000266156
-4.85362e-05
2.95258e-05
0.000203778
0.00011868
-5.24473e-05
9.44282e-05
-0.000152759
-9.86696e-05
-0.000115832
0.000251824
3.31789e-05
1.20892e-05
-0.000106883
-1.50325e-05
0.000101267
1.72878e-05
1.22545e-05
-8.64732e-05
1.31472e-05
-2.06595e-06
7.28709e-05
9.52586e-05
-7.29069e-05
-0.000196771
0.000186812
1.21906e-05
-1.18305e-06
-2.46642e-05
6.38317e-05
0.000244032
-1.25236e-05
-8.0309e-06
5.18035e-05
-6.27008e-05
-0.000119401
4.53642e-05
-0.000116819
3.89666e-05
-0.00011544
3.0917e-05
-0.000115037
2.22971e-05
-0.000117122
1.23778e-05
-0.000120755
3.79032e-06
-0.000125495
-5.54363e-06
-0.000131662
-1.45594e-05
-0.000138018
9.70112e-05
-4.08698e-05
-0.000110017
-1.65269e-05
-0.000109442
-0.000110259
-0.000114683
-0.000105836
0.00024842
-7.63319e-06
7.42217e-05
0.000163213
-6.5329e-05
-0.000155122
-1.14784e-06
-6.89137e-05
7.08041e-05
-1.06661e-05
2.43046e-05
5.60814e-06
3.73302e-05
5.20161e-06
5.09293e-05
4.91698e-06
6.41743e-05
3.97308e-06
7.78371e-05
2.0588e-06
9.14867e-05
7.92765e-07
0.000104911
-4.57743e-08
0.000117276
-5.36729e-07
0.000127989
-8.48583e-07
0.000136386
-1.07859e-06
0.000141724
-1.41328e-06
0.000143761
-2.08524e-06
0.000142384
-3.11497e-06
0.000138286
-4.63478e-06
0.000132399
-6.52946e-06
0.000124073
-8.55795e-06
0.000114436
-1.0679e-05
0.000104747
-1.28128e-05
9.5895e-05
-1.50282e-05
8.87981e-05
-1.74693e-05
8.42712e-05
-2.03078e-05
8.23902e-05
-2.35025e-05
8.27018e-05
-2.66213e-05
8.50708e-05
-2.93452e-05
8.89584e-05
-3.13179e-05
9.32906e-05
-3.21438e-05
9.71341e-05
-3.17049e-05
9.96733e-05
-2.97881e-05
0.000100332
-2.63186e-05
9.88686e-05
-2.12004e-05
9.49136e-05
-1.47714e-05
8.792e-05
-6.90318e-06
7.87572e-05
1.62932e-06
6.89213e-05
1.07575e-05
6.00782e-05
1.84199e-05
5.30709e-05
2.3269e-05
4.78491e-05
2.44851e-05
4.35939e-05
2.2065e-05
3.93088e-05
1.62788e-05
3.49129e-05
7.96806e-06
2.87379e-05
-5.59815e-06
1.9634e-05
-1.60986e-05
1.95948e-05
-6.72985e-05
-5.75761e-06
-4.96301e-05
2.76087e-06
-0.000175208
-3.97505e-05
2.19062e-06
-5.18094e-05
-0.000129773
-0.000178131
0.000248284
-7.899e-05
-7.84805e-05
-5.82803e-05
1.70619e-05
-3.51152e-05
5.76285e-05
-1.8525e-05
0.000102421
-1.37597e-05
0.000172478
2.9442e-05
2.56831e-05
0.000337799
-0.000130685
0.000395182
-8.53516e-05
0.000119815
-1.81501e-05
-8.72128e-05
-1.11846e-05
-0.000136103
4.83758e-06
-0.00013577
4.17161e-05
-6.83748e-05
0.000125424
1.22741e-05
0.000109672
0.00023789
-7.26257e-05
0.000487444
-0.000234368
0.000473018
-8.98307e-05
4.63216e-05
-2.31085e-06
5.71912e-05
2.31925e-05
0.000126276
6.69761e-05
7.06385e-05
8.14888e-05
5.88826e-05
0.000139685
0.000130161
5.42928e-05
0.000348899
0.00033343
-1.43064e-05
4.15167e-05
9.95849e-05
3.10093e-05
0.000240842
5.29308e-05
-4.86829e-05
-0.000192781
5.4288e-05
-0.000204192
-0.000173788
0.000107245
1.41797e-07
1.03912e-06
8.36729e-06
0.000148117
-0.000105957
-9.2762e-05
0.000142867
-0.000137259
-1.65456e-05
9.97948e-05
-9.46794e-05
9.23938e-05
-0.000106843
5.02072e-06
-5.756e-06
1.50091e-05
-1.5144e-05
1.7162e-05
-2.77967e-05
1.76209e-05
-4.46629e-05
1.58043e-05
-6.54762e-05
1.09623e-05
-8.97735e-05
2.49835e-06
-0.000115873
-7.83766e-06
-0.000139362
-1.86703e-05
-0.000158435
-2.93872e-05
-0.000170039
-4.26362e-05
0.000169593
6.11146e-05
-8.48686e-05
-0.000145153
-5.80858e-05
-0.000196934
5.82389e-05
-6.01682e-05
-9.98005e-05
9.47935e-05
2.72559e-05
-3.89674e-05
0.00023388
-0.00017667
-8.52194e-06
0.000196472
0.00025075
5.00439e-05
0.000113941
-0.000133631
1.97628e-05
0.000264245
-1.52397e-05
1.50104e-05
0.00022764
-6.04034e-06
-9.49021e-05
-2.02676e-06
8.01398e-06
0.000115621
-0.000117746
-7.11812e-05
0.00010791
-5.61718e-05
9.93644e-05
-4.68567e-05
9.37607e-05
-3.79822e-05
9.01246e-05
-2.95852e-05
8.28796e-05
-2.20238e-05
-1.19216e-05
0.000100081
-4.54158e-06
7.86732e-05
-9.99044e-06
-8.41003e-05
1.09435e-05
-3.31189e-05
-1.29977e-05
-0.000216597
4.64519e-06
-0.000197455
-3.23449e-07
-0.000181942
-3.6149e-06
-0.000167028
-8.27005e-06
-0.000153062
-1.39508e-05
-0.00014006
-2.10116e-05
0.000100466
-3.93282e-05
-0.000105419
-1.53958e-05
8.1671e-06
-6.29113e-06
9.19197e-06
-0.000128688
-0.00011593
4.73219e-05
-0.00010402
-3.44702e-05
0.000100679
5.14756e-05
-0.000100359
4.29639e-05
-0.000101278
3.55504e-05
-0.000100713
2.85601e-05
-0.000100482
2.20765e-05
-0.000101286
1.48801e-05
-0.00010322
7.00917e-06
-0.000106631
-1.58845e-06
-0.000111048
-1.1152e-05
-0.000116557
-2.08333e-05
-0.000123068
-2.95658e-05
-0.000126464
0.00012312
-6.84246e-05
0.000125059
0.000249608
-1.08426e-05
-8.91022e-05
2.13264e-05
0.000107118
4.11221e-05
-1.844e-05
6.77743e-05
-5.83376e-05
6.74676e-06
4.22767e-06
1.63852e-05
1.8841e-06
2.83006e-05
1.11298e-06
4.18184e-05
9.49278e-07
5.60956e-05
5.69971e-07
7.02756e-05
-1.48845e-07
8.41919e-05
-7.67991e-07
9.76818e-05
-1.4118e-06
0.00011007
-1.70567e-06
0.000120736
-1.78494e-06
0.000128783
-1.85782e-06
0.000133742
-2.05404e-06
0.00013522
-2.48145e-06
0.000133519
-3.28265e-06
0.000128949
-4.28598e-06
0.000122799
-5.73626e-06
0.000114326
-7.27482e-06
0.000104748
-8.85667e-06
9.50077e-05
-1.0408e-05
8.59666e-05
-1.20338e-05
7.85425e-05
-1.38852e-05
7.36911e-05
-1.61165e-05
7.19675e-05
-1.87218e-05
7.27969e-05
-2.14386e-05
7.59937e-05
-2.38236e-05
8.1013e-05
-2.55624e-05
8.67227e-05
-2.64529e-05
9.19973e-05
-2.63261e-05
9.61885e-05
-2.50208e-05
9.85419e-05
-2.22741e-05
9.84395e-05
-1.79609e-05
9.56164e-05
-1.20474e-05
8.97103e-05
-5.13958e-06
8.04532e-05
2.43285e-06
6.90443e-05
1.09872e-05
5.72825e-05
1.8555e-05
4.65386e-05
2.37658e-05
3.74052e-05
2.56901e-05
2.96093e-05
2.41969e-05
2.21565e-05
1.97733e-05
1.3562e-05
1.35494e-05
1.47352e-06
4.92222e-06
-1.79636e-05
4.56024e-06
-6.11403e-05
-1.90168e-05
-0.000105788
2.90349e-06
-0.000229187
-3.93145e-05
-0.000263602
5.72101e-05
-0.000408887
5.17013e-05
-0.000366311
0.000246441
6.73927e-05
-0.000564289
0.000152173
0.000115542
-0.000106252
9.41553e-05
-3.76504e-05
0.000125872
-6.8522e-05
0.000262523
-0.000137533
0.000196367
7.48141e-05
-3.50882e-05
0.000264994
-0.000186084
0.000490241
-0.000318113
0.000516535
-0.000450399
0.00022154
-0.000220284
-0.000350466
-6.79846e-05
-0.000297855
-5.21416e-05
-0.000153516
6.79988e-05
-0.00019475
0.000193038
-0.00012106
0.000211587
0.000196226
0.00022569
0.000452202
0.000235
0.000454198
7.12683e-05
0.000220616
-9.49862e-05
0.000236832
-0.000208563
0.000242697
-0.000266578
0.000131237
-0.000149613
-9.58663e-06
-0.00023538
0.000258452
-0.000331617
0.000450986
-0.000545432
0.00053931
1.88167e-05
-0.000363352
-0.000254967
-2.79444e-05
8.57991e-06
-6.77267e-05
-0.000100626
-8.88324e-05
-6.97174e-05
-0.000101468
-5.05751e-05
-0.000100316
-5.69555e-05
-0.000102498
-2.49716e-05
-9.9767e-05
-2.16912e-05
-9.67945e-05
-1.03306e-05
-9.16318e-05
-8.05891e-06
-8.55023e-05
-5.86323e-06
-7.90526e-05
-6.84127e-06
-7.3465e-05
-8.72405e-06
-6.89503e-05
-1.1682e-05
-6.4594e-05
-1.51488e-05
-5.90927e-05
-1.87814e-05
-5.23469e-05
-2.23299e-05
-4.5724e-05
-2.50821e-05
-4.24338e-05
-2.62377e-05
-4.6952e-05
-2.51298e-05
-5.99529e-05
-2.13633e-05
-7.86721e-05
-1.52047e-05
-9.77849e-05
-7.64499e-06
-0.000113688
-4.22476e-07
-0.000125385
5.45957e-06
-0.00013324
9.55262e-06
-0.000138214
1.14607e-05
-0.000141077
1.12959e-05
-0.000143183
9.28083e-06
-0.00014321
6.50749e-06
-0.000141508
3.16796e-06
-0.000138235
-3.61211e-07
-0.000134269
-3.03505e-06
-0.000129151
-4.79019e-06
-0.000123047
-5.49041e-06
-0.0001158
-5.43691e-06
-0.00010751
-4.11355e-06
-9.81944e-05
-2.69203e-06
-8.87603e-05
-8.43628e-07
-7.92127e-05
9.17499e-07
-6.97893e-05
2.23777e-06
-7.34647e-05
4.66258e-06
-5.5614e-05
1.3233e-05
-2.86196e-05
-5.85649e-05
1.53006e-05
2.29673e-05
-4.32743e-05
-9.82963e-05
-9.88698e-05
-8.06789e-05
-7.71353e-05
-1.05149e-05
2.37069e-05
5.44249e-05
0.000103114
-7.08893e-05
-1.34422e-05
-0.000121227
-0.000122139
0.000141691
-0.000111442
-1.45274e-05
-0.000106311
7.98095e-06
-0.000106531
1.14766e-05
3.84241e-05
9.98262e-05
-3.83231e-05
9.62983e-05
-0.000103293
1.38002e-05
0.000103432
3.51771e-05
2.15587e-05
0.000243407
-1.17418e-05
0.000248251
6.26468e-05
-0.000206475
0.000219237
2.03469e-05
-0.000214449
6.19663e-05
-0.000187651
0.000122832
0.00020386
0.000117818
-0.000204421
-0.000116044
-0.00012781
0.000113931
-0.000169155
0.00025065
2.61161e-05
-0.000243397
0.000249156
5.04133e-05
-5.96449e-05
9.91673e-05
-6.00978e-05
-1.68288e-05
-9.85196e-05
2.67589e-05
-0.000149939
0.000126803
5.1597e-05
-7.62817e-05
9.56384e-05
-0.000191171
0.000156139
-0.000204933
0.000246805
2.58786e-05
9.79778e-05
-0.000104428
0.000139544
-5.73715e-05
0.00012546
-3.22884e-05
0.000106844
-1.94299e-05
8.52988e-05
-1.02743e-05
6.22907e-05
-2.129e-06
3.98997e-05
5.25772e-06
2.04711e-05
1.10253e-05
5.03737e-06
1.43245e-05
-5.69095e-06
1.57552e-05
-1.1931e-05
1.50235e-05
1.35885e-05
-1.43727e-05
-0.000164129
2.94394e-06
-1.68149e-05
9.9606e-05
-7.53842e-05
-1.16549e-05
1.64199e-05
-7.18134e-05
-1.19633e-05
-7.2216e-05
-1.56498e-05
-7.27907e-05
-2.02505e-05
-7.50547e-05
-2.55821e-05
-7.98528e-05
-3.10707e-05
-8.68683e-05
-3.7699e-05
-4.66759e-05
-6.82415e-05
9.43252e-05
8.29714e-05
-0.000177075
-1.27114e-05
0.000189345
-0.000169745
-1.95165e-05
-0.000158959
-2.28388e-05
-3.06746e-05
9.99725e-05
-8.64342e-05
6.67087e-05
-2.47294e-05
0.000100441
-3.61403e-05
0.000215728
0.000144612
-9.41601e-05
1.34199e-05
0.000248204
-4.0772e-06
1.38233e-05
6.55439e-05
-0.000177345
2.36467e-06
-0.000165435
-7.10856e-07
-0.000153855
-4.24173e-06
-0.000143913
-8.77306e-06
-0.000136267
-1.3536e-05
-0.000130217
-2.0869e-05
-0.000122973
-3.23952e-05
-4.008e-05
7.91139e-05
-6.60413e-05
4.24291e-05
1.52577e-05
-4.38083e-05
5.11669e-05
1.81187e-05
-3.93213e-05
3.87427e-05
1.52977e-05
3.60577e-05
1.43769e-05
-1.92257e-05
4.04473e-05
1.38985e-05
4.36957e-05
1.09533e-05
5.1598e-05
8.19699e-06
5.72129e-05
4.90981e-06
6.48556e-05
2.56813e-06
7.4152e-05
1.17835e-06
8.38048e-05
-2.50794e-07
9.33069e-05
-1.62873e-06
0.000102474
-2.95028e-06
0.000110572
-4.04053e-06
0.000117859
-4.527e-06
0.000124074
-4.29437e-06
0.000129161
-3.26844e-06
0.000132875
-1.49723e-06
0.000134926
7.1099e-07
0.00013424
3.06157e-06
0.000131244
5.17088e-06
0.000127031
6.59567e-06
0.000120026
6.76112e-06
0.000110055
5.4291e-06
9.64226e-05
2.5902e-06
7.90989e-05
-1.48813e-06
5.96566e-05
-6.29764e-06
4.20767e-05
-1.09425e-05
3.11192e-05
-1.45513e-05
2.90298e-05
-1.67749e-05
3.44689e-05
-1.74569e-05
4.23117e-05
-1.66e-05
4.96865e-05
-1.48339e-05
5.52536e-05
-1.26718e-05
5.94129e-05
-1.01686e-05
6.33286e-05
-7.70469e-06
6.78756e-05
-5.60886e-06
7.28923e-05
-4.50755e-06
7.69589e-05
-3.69763e-06
7.91266e-05
-5.73101e-06
7.84151e-05
-6.12124e-06
7.40937e-05
-1.39324e-05
6.67558e-05
-1.34568e-05
4.54795e-05
-2.8755e-05
2.09007e-05
-2.67164e-05
-5.34514e-05
1.26301e-05
-0.000208128
2.78611e-05
-0.000375702
0.000156772
-0.000772889
-3.63039e-05
-0.000187674
0.000131958
-0.000139061
-0.000135928
-0.000649479
0.000311214
-4.31614e-05
-0.000664707
-1.68505e-05
-0.000639568
-9.30426e-06
-0.000674609
-2.52419e-05
-0.000783374
-4.6778e-05
-0.000722193
1.27882e-06
-0.000627413
0.000157195
-0.000360887
0.000214732
8.29675e-07
0.000159165
0.000264267
-1.00228e-05
1.88272e-05
-5.98806e-05
-0.000261982
-3.92071e-05
-0.000406097
-3.06275e-05
-0.000584555
-1.21537e-05
-0.000680427
-2.01015e-05
-0.000464494
-1.29591e-05
-6.40581e-05
2.52942e-05
0.000257016
0.000135216
0.000297988
0.000184572
0.000302551
0.000229936
0.000248963
0.000255593
6.77155e-05
0.000264761
-0.000201727
0.000229112
-0.000186591
0.000232195
2.7899e-05
0.000214961
0.000459286
0.000173755
0.000229708
-6.25928e-05
-0.000144
-0.000118312
-0.000111329
-2.69954e-05
4.23507e-05
-4.36393e-05
-9.42528e-05
3.92479e-05
-8.8986e-05
3.31144e-05
-8.71816e-05
2.67199e-05
-8.71259e-05
2.07965e-05
-8.80806e-05
1.52004e-05
-8.99075e-05
9.67063e-06
-9.24565e-05
3.20333e-06
-9.5419e-05
-4.61964e-06
-9.89299e-05
-1.40169e-05
-0.000103189
-2.60748e-05
-0.000107422
-3.60156e-05
-0.000113312
-4.21562e-05
-0.000114068
-0.000146369
-7.91674e-06
-0.000106107
-1.32066e-05
-1.28763e-05
-0.000102556
-2.7043e-05
-3.70087e-05
-9.99931e-05
-1.33321e-05
2.10611e-06
2.14646e-05
-5.44607e-06
1.33119e-06
4.47571e-06
-7.86829e-07
1.63782e-05
-1.74318e-06
2.98266e-05
-1.81906e-06
4.39923e-05
-1.72626e-06
5.81602e-05
-1.69567e-06
7.23484e-05
-2.02993e-06
8.59511e-05
-2.27391e-06
9.83926e-05
-2.35027e-06
0.000108937
-2.30207e-06
0.000116776
-2.32674e-06
0.000121369
-2.39505e-06
0.000122497
-2.65492e-06
0.000120383
-3.1242e-06
0.00011562
-3.73002e-06
0.000109288
-4.58352e-06
0.000100761
-5.50799e-06
9.12359e-05
-6.46289e-06
8.14364e-05
-7.34902e-06
7.22058e-05
-8.29128e-06
6.44679e-05
-9.43175e-06
5.9317e-05
-1.08761e-05
5.75063e-05
-1.26695e-05
5.8868e-05
-1.4755e-05
6.28072e-05
-1.65968e-05
6.88e-05
-1.79211e-05
7.56675e-05
-1.87275e-05
8.2311e-05
-1.887e-05
8.801e-05
-1.81466e-05
9.20771e-05
-1.6375e-05
9.36621e-05
-1.33385e-05
9.19298e-05
-8.97225e-06
8.6884e-05
-3.53195e-06
7.8093e-05
2.20085e-06
6.57105e-05
8.62666e-06
5.14794e-05
1.4856e-05
3.72821e-05
1.95527e-05
2.44503e-05
2.1726e-05
1.35995e-05
2.11079e-05
4.50706e-06
1.81765e-05
-3.66647e-06
1.44475e-05
-1.27766e-05
9.53575e-06
-2.24394e-05
1.49794e-05
-5.00317e-05
1.36123e-05
-8.10906e-05
4.42402e-05
-0.000157028
5.85862e-05
-0.000191081
0.000128839
-0.000255227
0.000160958
-0.000288984
0.000263299
-0.000554291
0.000325252
-6.2418e-05
5.06218e-06
0.000244536
2.14878e-05
7.39022e-05
-0.000227445
2.1291e-05
0.000249286
-1.48372e-05
0.000253736
-9.91431e-05
1.99334e-05
3.44199e-05
0.000101496
-1.5331e-05
-0.000102308
1.38891e-05
-9.76477e-05
0.000118141
-9.30214e-05
-0.000231283
-0.000108373
-0.000149098
3.44751e-05
-3.27181e-05
4.39265e-06
-6.79984e-06
-0.000172371
-5.23538e-05
-5.7105e-06
4.29385e-05
-5.52685e-05
-6.51659e-06
-5.39302e-05
-7.57256e-06
-5.17272e-05
-9.23915e-06
-4.96447e-05
-1.11256e-05
-4.90388e-05
-1.33119e-05
-5.06668e-05
-1.55824e-05
-5.59991e-05
-1.79867e-05
-2.11575e-05
9.73824e-05
-1.83952e-05
-8.99113e-05
-0.000137106
0.00013471
-0.000133862
-2.37464e-05
-0.000114703
-1.12081e-05
-0.000105613
-8.88057e-06
-1.10729e-05
3.40309e-05
8.91649e-06
0.00010653
-3.39411e-05
9.1e-05
-1.85762e-05
7.25581e-05
-8.68676e-06
5.27958e-05
-3.31905e-06
3.23676e-05
8.37639e-07
1.22765e-05
4.59616e-06
-5.12586e-06
7.57394e-06
-1.91295e-05
9.79169e-06
-2.86227e-05
1.03576e-05
9.80658e-06
-0.000102564
0.000100334
2.96613e-05
0.000253971
-0.000235735
6.2506e-05
0.000146633
-0.000171368
3.86853e-05
3.19328e-06
-4.24396e-05
3.48252e-05
4.70177e-06
-9.37519e-06
3.18338e-05
6.47197e-06
2.8012e-05
8.05112e-06
2.1413e-05
8.28476e-06
1.70821e-05
8.50448e-06
1.75374e-05
7.34267e-06
2.10198e-05
5.99929e-06
2.74721e-05
4.8897e-06
3.48372e-05
3.57587e-06
4.31228e-05
2.49966e-06
5.25777e-05
1.39912e-06
6.25564e-05
2.54526e-07
7.26359e-05
-7.53071e-07
8.23303e-05
-1.76845e-06
9.12688e-05
-2.68771e-06
9.93547e-05
-3.33303e-06
0.000106358
-3.49912e-06
0.000112057
-3.21475e-06
0.000116046
-2.45443e-06
0.000117756
-1.39566e-06
0.000116093
-1.83648e-07
0.000111991
1.03329e-06
0.000105783
1.91387e-06
9.6464e-05
2.17441e-06
8.41443e-05
1.74155e-06
6.8269e-05
6.19498e-07
4.91968e-05
-1.09128e-06
2.88654e-05
-2.95425e-06
1.14115e-05
-4.63855e-06
1.50282e-06
-6.15243e-06
2.27654e-07
-6.79495e-06
6.29898e-06
-6.65225e-06
1.50262e-05
-6.87466e-06
2.3221e-05
-6.89958e-06
2.96545e-05
-6.07373e-06
3.427e-05
-4.84383e-06
3.81869e-05
-3.55787e-06
4.24729e-05
-2.49009e-06
4.72431e-05
-2.20375e-06
5.08438e-05
-1.51397e-06
5.1923e-05
-2.63132e-06
5.08289e-05
-1.68587e-06
4.40555e-05
-3.94071e-06
3.6295e-05
-1.08918e-06
1.6507e-05
-1.21972e-06
-1.3536e-05
4.4879e-06
-3.8142e-05
4.86119e-05
-0.000123205
9.94663e-05
-0.000147501
0.00018597
-0.000563618
0.000351483
-0.000130999
-0.000565575
-0.000130736
2.6555e-06
-0.000117984
1.71207e-06
-0.000107935
1.18665e-06
-9.87862e-05
-2.26605e-06
-9.37214e-05
-4.43966e-06
-9.28174e-05
-6.73287e-06
-9.62989e-05
-1.16828e-05
-0.000102816
-2.19087e-05
-0.000102953
-9.33086e-05
1.16851e-05
0.000259971
-1.17785e-05
-0.000172235
-0.000130509
0.000272495
3.27166e-06
2.40458e-05
0.000249335
-9.37439e-05
2.36673e-05
-1.8945e-05
-8.48599e-05
-4.5553e-06
9.89524e-05
-7.38149e-05
-9.25697e-06
-7.70791e-05
-1.17984e-05
-1.09744e-05
-5.37705e-05
0.000145694
4.87498e-05
-7.07919e-05
-7.31773e-05
3.49496e-05
-7.58997e-05
2.69018e-05
-7.61729e-05
2.14946e-05
-7.69756e-05
1.73884e-05
-7.86659e-05
1.39807e-05
-8.10035e-05
1.06965e-05
-8.34512e-05
7.20004e-06
-8.61687e-05
2.99169e-06
-8.8724e-05
-2.44008e-06
-9.12802e-05
-1.02934e-05
-9.33389e-05
-2.02289e-05
-9.5864e-05
-3.45786e-05
-9.74529e-05
-4.71705e-05
-0.000100215
-0.000102576
-4.64459e-05
4.17601e-05
-3.51498e-05
3.47827e-05
4.031e-05
-9.95069e-05
1.58256e-06
6.85655e-07
8.3754e-06
-1.87763e-05
4.90085e-06
-2.59696e-05
3.6517e-06
-3.79889e-05
-1.33825e-05
-5.97583e-05
-2.86413e-05
-5.90781e-05
9.36083e-07
-3.24333e-05
0.000130385
-7.3444e-06
0.000189047
2.8464e-05
0.000121371
2.84743e-05
-1.16474e-05
-8.77159e-06
-2.63991e-05
-2.02773e-05
-3.24986e-05
-2.15696e-05
-3.39691e-05
-2.97416e-05
2.51364e-06
-4.78718e-05
3.76103e-06
-5.72586e-05
6.38643e-07
-2.84301e-05
-6.75765e-06
7.52816e-06
9.70142e-05
1.64908e-05
0.000174567
1.00297e-05
0.000234888
6.54562e-06
0.000257023
8.80121e-07
0.000267741
-1.2869e-05
0.000241196
-3.13003e-05
0.000249163
-1.62579e-05
0.000197928
2.14347e-05
0.00013489
-2.73748e-05
-1.78743e-05
-0.000126627
-1.69656e-05
-0.000227032
-3.08423e-05
-2.7605e-05
2.29034e-09
-1.96929e-05
-4.48087e-07
-1.04498e-05
-1.76244e-06
4.51192e-07
-2.59481e-06
1.30288e-05
-2.85179e-06
2.65516e-05
-2.63961e-06
4.05491e-05
-2.4653e-06
5.45979e-05
-2.44853e-06
6.81674e-05
-2.49094e-06
8.05446e-05
-2.43602e-06
9.08791e-05
-2.41385e-06
9.84298e-05
-2.39524e-06
0.000102686
-2.40255e-06
0.000103403
-2.43375e-06
0.00010083
-2.50787e-06
9.55624e-05
-2.58818e-06
8.87359e-05
-2.78751e-06
7.99008e-05
-3.03958e-06
7.00574e-05
-3.27699e-06
5.9896e-05
-3.47599e-06
5.02222e-05
-3.70437e-06
4.19826e-05
-4.088e-06
3.63826e-05
-4.69603e-06
3.42613e-05
-5.72093e-06
3.59707e-05
-7.04016e-06
4.06091e-05
-8.19642e-06
4.73858e-05
-9.08651e-06
5.5223e-05
-9.75023e-06
6.30262e-05
-1.00494e-05
7.00711e-05
-9.88549e-06
7.55907e-05
-9.10375e-06
7.86798e-05
-7.59397e-06
7.8249e-05
-5.27867e-06
7.36739e-05
-2.20725e-06
6.53005e-05
1.07148e-06
5.26557e-05
4.7287e-06
3.68637e-05
8.47253e-06
2.01445e-05
1.16223e-05
4.47111e-06
1.33152e-05
-8.71157e-06
1.32015e-05
-1.87822e-05
1.16667e-05
-2.47364e-05
9.82232e-06
-2.80557e-05
7.68964e-06
-2.42884e-05
1.12743e-05
-1.75394e-05
1.28344e-05
7.50549e-06
3.22595e-05
4.41017e-05
4.64209e-05
0.000120171
0.000101528
0.000184395
0.000153413
0.000211817
0.000239306
-8.42679e-05
0.000413098
-0.000143864
0.000181443
-0.000310507
6.41141e-05
-0.000210734
8.99184e-05
0.000263233
-0.000104869
-0.000688298
0.000209392
-0.000382859
3.04306e-05
8.20546e-05
-1.66365e-05
0.000595074
-0.00072089
-0.000399457
0.00029867
0.000625264
-0.000517021
0.000314306
-9.15346e-05
-8.95088e-05
0.000315599
-0.00053641
0.00069304
-0.000694227
0.000626224
-0.000545035
0.000462085
-0.000380238
0.000286354
-0.000209944
0.000155909
-5.52491e-05
6.29512e-05
-0.000274752
0.000405408
-0.000388718
0.000300917
-0.000231598
8.52045e-05
0.000269949
-0.000546054
0.00107727
-0.00103236
0.000758258
0.000911347
-0.000904123
0.000734761
-0.000479732
0.000255855
-0.000101004
2.6546e-05
1.90831e-05
-3.74104e-05
4.87111e-05
-4.9975e-05
4.69087e-05
-3.92806e-05
2.76093e-05
-1.25682e-05
-3.84867e-06
1.94205e-05
-3.19896e-05
4.07729e-05
-4.5764e-05
4.65394e-05
-4.38381e-05
3.86189e-05
-3.17496e-05
2.39203e-05
-1.58215e-05
8.3166e-06
-2.36941e-06
-8.02756e-07
8.46206e-09
3.87663e-06
-1.05841e-05
1.91458e-05
-2.86517e-05
3.83031e-05
-4.74015e-05
5.5142e-05
-6.18162e-05
6.62226e-05
-6.76045e-05
6.56472e-05
-6.04332e-05
5.2453e-05
-4.24017e-05
3.10367e-05
-1.91529e-05
7.55712e-06
3.41433e-06
-1.3376e-05
2.23027e-05
-3.03044e-05
3.68633e-05
-4.03181e-05
4.39369e-05
-4.72842e-05
4.55245e-05
-3.85928e-05
2.7112e-05
-1.23172e-05
-4.38384e-06
2.12673e-05
-3.73549e-05
5.33374e-05
-7.32653e-05
0.000102638
-8.13128e-05
6.79232e-05
-5.45098e-05
4.13199e-05
-3.25633e-05
2.79911e-05
-2.76595e-05
3.43079e-05
2.13252e-05
2.09139e-05
-2.02504e-05
8.35864e-06
-1.86395e-06
-2.31373e-06
4.48663e-06
-5.84312e-06
6.43341e-06
-6.61899e-06
6.37904e-06
-6.13622e-06
6.14684e-06
-7.17159e-06
1.0192e-05
-1.60322e-05
4.69371e-05
3.53732e-05
-9.31177e-05
-2.04455e-05
-9.22129e-06
-1.27179e-05
1.24173e-05
1.46975e-05
-9.59118e-06
9.23236e-06
-1.45471e-05
2.93799e-05
-3.32036e-05
4.27231e-05
-5.28398e-05
6.02358e-05
-5.46192e-05
4.47584e-05
-3.61173e-05
3.05075e-05
-2.78775e-05
2.72325e-05
-2.78908e-05
2.90651e-05
-2.96775e-05
2.89875e-05
-2.58956e-05
1.97983e-05
-1.50313e-05
1.15234e-05
1.28667e-06
-5.78787e-06
-1.14779e-06
8.32113e-06
-1.47477e-05
1.79701e-05
-1.75321e-05
1.304e-05
-5.10053e-06
-4.43157e-06
1.52517e-05
-2.62954e-05
3.704e-05
-4.71948e-05
5.64006e-05
-6.43617e-05
7.09057e-05
-7.58922e-05
7.90534e-05
-8.00386e-05
7.83314e-05
-7.32629e-05
6.55003e-05
-5.53828e-05
4.2575e-05
-2.7394e-05
9.64606e-06
9.93191e-06
-2.90273e-05
4.39601e-05
-5.06448e-05
4.7334e-05
-3.75432e-05
2.53389e-05
-1.47082e-05
6.81887e-06
-1.33587e-06
-3.09392e-06
7.80881e-06
-1.25632e-05
1.6503e-05
-1.79399e-05
1.95065e-05
-1.821e-05
2.14096e-05
-2.69418e-05
3.30718e-05
-9.50275e-05
0.000185372
-2.37916e-05
-1.12855e-05
-8.9951e-06
2.90577e-05
0.000262791
-0.000132538
-0.000185359
-0.000196489
-6.64767e-06
1.1268e-05
-1.33965e-06
-1.2276e-06
-1.7374e-07
-1.9616e-07
-1.72442e-05
3.635e-05
0.000286503
-4.79849e-07
-0.000124441
6.75759e-05
-5.25241e-05
-7.41601e-05
-5.20609e-05
-5.24162e-05
6.90572e-05
-5.27419e-05
-7.64453e-05
-5.03594e-05
-5.11266e-05
7.14252e-05
-5.44386e-05
-7.76836e-05
-4.95141e-05
-5.06279e-05
7.44966e-05
-7.94819e-05
0.000165694
2.40484e-05
)
;

boundaryField
{
    wall
    {
        type            calculated;
        value           uniform 0;
    }
    outlet
    {
        type            calculated;
        value           nonuniform List<scalar> 
33
(
1.38583e-09
1.12501e-09
1.18399e-09
1.30707e-09
1.24673e-09
1.35983e-09
1.29739e-09
1.22317e-09
1.29138e-09
1.10454e-09
1.13813e-09
1.12239e-09
1.08503e-09
1.23479e-09
1.20247e-09
1.24146e-09
1.24178e-09
1.24928e-09
1.24221e-09
1.17576e-09
1.2168e-09
1.2676e-09
1.19556e-09
1.32382e-09
1.31523e-09
1.37457e-09
1.3391e-09
1.38568e-09
1.37533e-09
1.12538e-09
1.30486e-09
7.30499e-10
5.39336e-10
)
;
    }
    inlet
    {
        type            calculated;
        value           nonuniform List<scalar> 
30
(
-7.00979e-05
-3.53108e-05
-4.49887e-05
-5.52085e-05
-1.11315e-05
-4.9182e-05
-8.82203e-05
-8.42192e-05
-9.14019e-05
-9.07968e-05
-8.9422e-05
-9.07715e-05
-8.53413e-05
-8.7526e-05
-8.01942e-05
-8.28559e-05
-7.45968e-05
-7.73637e-05
-6.90816e-05
-7.19735e-05
-6.45772e-05
-2.69134e-05
-3.32334e-05
-1.36054e-05
-5.30464e-06
-5.15286e-06
-1.07869e-06
-1.14397e-06
-1.96475e-07
-1.7873e-07
)
;
    }
    frontAndBackPlanes
    {
        type            empty;
        value           nonuniform List<scalar> 0();
    }
}


// ************************************************************************* //
