/*--------------------------------*- C++ -*----------------------------------*\
| =========                 |                                                 |
| \\      /  F ield         | OpenFOAM: The Open Source CFD Toolbox           |
|  \\    /   O peration     | Version:  2212                                  |
|   \\  /    A nd           | Website:  www.openfoam.com                      |
|    \\/     M anipulation  |                                                 |
\*---------------------------------------------------------------------------*/
FoamFile
{
    version     2.0;
    format      ascii;
    arch        "LSB;label=32;scalar=64";
    class       volVectorField;
    location    "0.0011";
    object      U;
}
// * * * * * * * * * * * * * * * * * * * * * * * * * * * * * * * * * * * * * //

dimensions      [0 1 -1 0 0 0 0];

internalField   nonuniform List<vector> 
2681
(
(-3.49139e-05 4.41543e-05 -6.23936e-17)
(-3.21913e-05 5.64474e-05 0)
(-2.30241e-05 5.40235e-05 -9.32879e-17)
(1.15252e-07 9.88661e-05 -2.76084e-16)
(-1.96089e-05 7.8689e-05 6.45546e-17)
(3.30793e-05 6.12079e-05 1.58736e-16)
(1.17685e-05 2.43684e-05 -6.86649e-17)
(-5.78605e-09 9.95188e-05 8.92834e-18)
(-3.90893e-09 9.95973e-05 1.77024e-17)
(3.97135e-09 9.95997e-05 -4.45632e-18)
(2.97496e-09 9.90712e-05 0)
(1.5578e-09 9.95659e-05 -4.73411e-18)
(2.09504e-09 9.95607e-05 -4.59654e-18)
(-2.209e-06 8.88438e-05 0)
(1.75375e-08 9.96621e-05 -2.10124e-17)
(-6.26585e-08 9.84484e-05 3.44212e-17)
(-4.35692e-07 9.5865e-05 0)
(2.10633e-08 9.95702e-05 -2.20037e-17)
(-2.54809e-10 9.95787e-05 9.75083e-17)
(6.01103e-09 9.95934e-05 -1.12651e-16)
(-1.57922e-09 9.95931e-05 -3.62719e-16)
(2.39785e-09 9.95657e-05 2.6707e-17)
(6.82804e-09 9.95736e-05 -1.06688e-16)
(9.12535e-09 9.95847e-05 7.18723e-17)
(-6.60054e-11 9.95854e-05 -3.98776e-17)
(1.42307e-09 9.95637e-05 0)
(-2.61621e-09 9.9536e-05 -8.35997e-17)
(1.89463e-08 9.95801e-05 7.83212e-18)
(-5.23856e-08 9.95954e-05 3.55857e-17)
(-1.47063e-08 9.9487e-05 4.26726e-17)
(-6.56918e-09 9.95162e-05 -2.0175e-17)
(1.5135e-08 9.94984e-05 4.18331e-17)
(-6.48642e-09 9.94759e-05 -3.65094e-17)
(6.78673e-09 9.95453e-05 1.84943e-17)
(6.41703e-09 9.95267e-05 0)
(1.52133e-09 9.95557e-05 -2.73842e-17)
(7.53028e-09 9.95597e-05 6.91676e-17)
(-4.55901e-09 9.95627e-05 8.2888e-18)
(-1.37265e-09 9.95655e-05 -1.6528e-17)
(4.59248e-09 9.95647e-05 -1.67531e-17)
(3.90602e-08 9.95206e-05 3.08466e-17)
(-7.95973e-09 9.95534e-05 0)
(3.82052e-09 9.9565e-05 -8.74589e-18)
(1.81673e-08 9.95596e-05 0)
(2.74806e-09 9.95413e-05 0)
(5.19292e-06 8.18161e-05 0)
(2.49244e-09 9.95892e-05 4.51503e-18)
(-6.13738e-09 9.95921e-05 -3.51833e-17)
(2.23039e-09 9.91773e-05 0)
(-1.56883e-09 9.95774e-05 -8.94098e-18)
(-4.54368e-09 9.95856e-05 6.89565e-27)
(-1.11111e-09 9.95681e-05 6.58004e-17)
(-2.76009e-07 9.49981e-05 4.91996e-18)
(-1.75729e-08 9.82613e-05 -8.90864e-18)
(-4.07343e-09 9.82703e-05 1.81262e-17)
(1.73335e-09 9.84421e-05 4.59105e-18)
(5.56992e-09 9.84648e-05 -1.38009e-17)
(3.34217e-09 9.95814e-05 -9.30149e-18)
(2.93609e-10 9.95705e-05 0)
(-4.96179e-10 9.84921e-05 1.77438e-17)
(1.95e-09 9.84637e-05 4.44983e-18)
(2.20736e-08 9.86034e-05 0)
(7.37051e-09 9.85848e-05 7.82086e-17)
(4.25416e-08 9.86853e-05 9.28855e-17)
(-2.73533e-08 9.86925e-05 -1.59204e-17)
(1.42429e-08 9.85157e-05 -2.59074e-26)
(1.62266e-08 9.85702e-05 0)
(-9.8677e-09 9.8472e-05 0)
(1.40247e-09 9.84807e-05 1.70974e-17)
(-3.14489e-06 -3.52181e-06 0)
(5.38933e-08 9.84883e-05 3.52835e-17)
(-6.47996e-09 9.8399e-05 8.04248e-18)
(-1.97945e-08 9.83983e-05 -2.89693e-17)
(-4.35923e-08 9.84919e-05 -5.17729e-17)
(-1.39427e-08 9.84339e-05 -1.55121e-17)
(1.19181e-08 9.95901e-05 1.90541e-17)
(1.88115e-05 -1.49576e-05 0)
(-1.10289e-06 8.62454e-05 2.43412e-16)
(-2.81195e-05 6.40417e-05 1.56335e-16)
(-2.01854e-08 9.83857e-05 3.836e-17)
(1.33559e-08 9.86165e-05 -2.13638e-17)
(-4.33104e-08 9.853e-05 5.42997e-17)
(-4.17707e-08 9.81849e-05 0)
(-1.33027e-09 9.82718e-05 3.98046e-17)
(1.15111e-08 9.81913e-05 4.0061e-17)
(-6.43554e-09 9.81487e-05 -3.85569e-18)
(2.29866e-08 9.8359e-05 0)
(2.35754e-08 9.82754e-05 -1.91984e-17)
(5.75112e-09 9.84133e-05 2.76291e-17)
(1.25425e-08 9.83866e-05 0)
(-1.06095e-07 9.82355e-05 0)
(-3.43503e-09 9.83766e-05 3.69576e-17)
(6.93213e-09 9.84075e-05 -3.63458e-17)
(4.15882e-08 9.84379e-05 9.33615e-18)
(9.14514e-09 9.83635e-05 0)
(7.99474e-10 9.85903e-05 0)
(1.34696e-08 9.85411e-05 -9.06038e-18)
(-2.38171e-08 9.85587e-05 0)
(-2.44718e-09 9.85866e-05 0)
(-1.00344e-08 9.8524e-05 1.76301e-17)
(4.24052e-09 9.8268e-05 -2.27425e-18)
(-4.53603e-11 9.95249e-05 2.2707e-18)
(1.94968e-08 9.85226e-05 1.81904e-17)
(6.49288e-08 9.83964e-05 1.47497e-16)
(2.69213e-08 9.95871e-05 0)
(-2.05215e-08 9.95835e-05 -6.68057e-17)
(2.73928e-09 9.86179e-05 0)
(7.69004e-09 9.46942e-05 -4.40436e-18)
(4.82836e-09 9.46186e-05 -2.20143e-17)
(3.45774e-07 9.49889e-05 -2.17069e-16)
(2.9252e-07 9.46793e-05 1.41776e-16)
(1.13232e-07 9.83913e-05 0)
(-1.13261e-07 9.85499e-05 0)
(-3.00992e-09 9.3789e-05 -6.349e-17)
(9.58993e-08 9.83372e-05 1.41738e-16)
(-1.39754e-07 9.44196e-05 1.56583e-16)
(-1.27177e-09 9.41403e-05 -1.80643e-17)
(5.59277e-09 9.82549e-05 3.67157e-17)
(5.27279e-09 9.40321e-05 1.84089e-17)
(4.76871e-07 9.73164e-05 -7.075e-17)
(1.86166e-06 8.90405e-05 4.40105e-17)
(-2.30548e-07 9.45338e-05 -9.70402e-18)
(3.5983e-06 9.54823e-05 -3.28061e-16)
(3.81101e-08 9.86263e-05 3.58747e-17)
(1.53448e-08 9.96107e-05 -3.76791e-17)
(-4.64173e-08 9.95431e-05 0)
(7.71968e-09 9.84292e-05 0)
(-2.21185e-05 5.59252e-05 2.3585e-16)
(6.08023e-10 9.9551e-05 1.5797e-18)
(-3.81644e-06 9.3854e-05 0)
(-3.32988e-06 8.76533e-05 7.41632e-17)
(1.37088e-07 9.5667e-05 1.02084e-16)
(4.9731e-08 9.61427e-05 -3.3178e-17)
(1.6509e-08 9.51603e-05 -8.52677e-18)
(7.63099e-08 9.52625e-05 8.72081e-18)
(6.35737e-08 9.51641e-05 -4.88448e-17)
(-2.56563e-08 9.51935e-05 1.66417e-17)
(5.43707e-08 9.48677e-05 0)
(6.73625e-08 9.50073e-05 3.27623e-17)
(4.02749e-08 9.48642e-05 1.61916e-17)
(1.8857e-08 9.48032e-05 1.86368e-17)
(-6.49273e-08 9.50373e-05 3.04552e-17)
(-5.94361e-08 9.44244e-05 7.95441e-18)
(-1.10092e-07 9.43443e-05 -1.94446e-17)
(-4.84644e-08 9.45765e-05 3.87284e-18)
(-7.47624e-08 9.44754e-05 -8.23787e-26)
(-1.59672e-06 8.5338e-05 3.47379e-17)
(-2.23311e-09 9.9523e-05 9.06495e-18)
(6.34591e-06 9.98232e-05 7.66693e-16)
(-5.25761e-08 9.41984e-05 -8.79995e-18)
(9.53752e-10 9.41876e-05 0)
(5.14078e-08 9.46945e-05 4.37516e-18)
(1.24933e-07 9.39096e-05 3.33014e-17)
(1.60373e-08 9.4627e-05 0)
(-2.7308e-08 9.43836e-05 -1.91157e-17)
(-3.6056e-08 9.45902e-05 -3.59194e-17)
(-4.3599e-08 9.40417e-05 9.82574e-18)
(8.61376e-09 9.41689e-05 -9.6699e-18)
(6.72965e-08 9.40119e-05 -1.93657e-17)
(-8.32445e-08 9.39334e-05 1.84306e-17)
(9.49442e-08 9.43695e-05 0)
(-7.22557e-09 9.41418e-05 -9.49471e-18)
(3.43237e-08 9.46652e-05 0)
(-6.2537e-09 9.45498e-05 -9.15259e-18)
(3.10526e-08 9.49061e-05 -1.776e-17)
(-2.99191e-10 9.47579e-05 0)
(2.3295e-06 8.86362e-05 0)
(3.381e-08 9.51613e-05 3.44739e-17)
(-4.50292e-08 9.42729e-05 -1.83726e-17)
(1.60919e-07 9.39895e-05 3.98606e-17)
(-1.08937e-08 9.44134e-05 -1.8238e-17)
(1.49578e-08 9.44089e-05 3.68071e-17)
(3.43144e-08 9.46426e-05 -9.14891e-18)
(6.80959e-08 9.44695e-05 0)
(-3.62903e-09 9.49401e-05 2.18997e-18)
(2.32335e-08 9.48292e-05 0)
(-4.52069e-08 9.48711e-05 -3.48946e-17)
(7.25259e-09 9.49341e-05 1.96483e-17)
(-2.56302e-08 9.4777e-05 1.75699e-17)
(7.69694e-10 9.9564e-05 1.35135e-17)
(1.89654e-09 9.45199e-05 4.36592e-17)
(-9.30106e-10 9.84338e-05 4.42174e-18)
(8.12181e-10 9.95256e-05 -1.81604e-17)
(1.3522e-05 -2.43423e-05 7.63559e-17)
(6.80498e-07 9.04588e-05 -1.07258e-16)
(4.89216e-06 7.65836e-05 -2.17059e-16)
(-7.03211e-07 8.4832e-05 -2.86742e-17)
(6.13512e-07 9.49771e-05 -7.62782e-17)
(7.13553e-07 9.58286e-05 3.98392e-17)
(2.72321e-08 9.95507e-05 7.67901e-17)
(1.5147e-08 9.87324e-05 -1.07507e-16)
(-3.25901e-08 9.96082e-05 0)
(1.50761e-06 8.21795e-05 6.24149e-17)
(-2.15259e-08 9.86101e-05 -7.05914e-17)
(-6.34767e-08 9.49958e-05 7.08891e-17)
(-1.35335e-08 8.40205e-05 1.79888e-17)
(-9.29531e-08 8.37344e-05 -2.27663e-17)
(2.07729e-07 9.84242e-05 3.79613e-17)
(-1.41904e-07 9.87361e-05 7.88724e-17)
(-5.6324e-10 9.84144e-05 0)
(-1.67103e-07 9.3871e-05 -1.65645e-17)
(7.01476e-07 0.0111896 1.01269e-19)
(-1.08424e-07 0.00404576 -1.34941e-19)
(-1.37995e-06 0.00404937 -1.09683e-18)
(-3.64818e-06 0.0111974 1.0887e-18)
(8.5521e-08 9.43057e-05 -1.73641e-17)
(5.51057e-08 8.45861e-05 -1.72817e-17)
(3.13211e-07 8.40327e-05 0)
(-1.08857e-06 8.59236e-05 1.73279e-16)
(1.4414e-06 8.69223e-05 0)
(1.81251e-05 -2.75009e-05 -8.16337e-17)
(1.02059e-07 9.71343e-05 3.50606e-17)
(-1.94867e-05 7.21608e-05 -3.26924e-16)
(-9.66745e-06 8.15634e-05 2.21094e-16)
(1.27923e-05 8.54115e-05 -8.98224e-17)
(1.04097e-08 9.96358e-05 0)
(-1.88991e-08 9.962e-05 0)
(-2.5743e-05 5.49984e-05 3.67938e-16)
(4.78067e-09 9.95646e-05 -3.58545e-17)
(1.31588e-05 5.05819e-05 1.43519e-16)
(-7.35138e-09 8.8151e-05 -3.32061e-17)
(4.08252e-08 8.87099e-05 3.38295e-17)
(1.50329e-07 8.70276e-05 0)
(7.23973e-08 8.76216e-05 3.34825e-17)
(4.61823e-08 8.61351e-05 8.38445e-18)
(1.10051e-07 8.64037e-05 -1.68945e-17)
(8.93278e-08 8.60087e-05 1.64569e-17)
(1.46329e-09 8.60794e-05 -4.95838e-27)
(1.03827e-07 8.55741e-05 0)
(1.34691e-07 8.58026e-05 -8.17383e-18)
(1.06832e-08 8.5546e-05 0)
(4.96975e-08 8.54437e-05 -2.04919e-18)
(7.02036e-07 8.56736e-05 -3.25909e-17)
(6.73702e-08 8.57209e-05 0)
(9.50277e-07 8.58786e-05 -1.73465e-17)
(-1.82437e-07 8.45111e-05 1.59297e-17)
(-3.30971e-07 8.44699e-05 2.35519e-17)
(-6.869e-08 8.47421e-05 -1.97097e-17)
(-2.24101e-07 8.45951e-05 -1.56665e-17)
(4.60701e-08 8.44319e-05 4.08795e-18)
(8.187e-09 8.47056e-05 9.9694e-18)
(-1.38381e-07 8.42661e-05 -2.11395e-18)
(-1.09815e-07 8.4319e-05 0)
(-5.53218e-08 8.4388e-05 -1.69083e-17)
(-7.15722e-08 8.42933e-05 2.16183e-17)
(-3.21162e-08 8.42153e-05 0)
(-1.78594e-07 0.00136199 3.37242e-20)
(-1.5736e-07 0.000470896 -3.36959e-20)
(-1.01428e-07 0.000196687 -5.21757e-19)
(-2.09279e-08 0.000121457 1.61377e-18)
(-6.01636e-09 0.000103665 -8.05782e-19)
(-2.30163e-10 0.000100459 -1.33964e-19)
(-2.3279e-11 0.000100045 -2.26882e-18)
(-4.16611e-11 0.000100004 -4.12206e-18)
(-2.29636e-10 9.99999e-05 -1.31927e-19)
(-1.38463e-09 9.99976e-05 -2.09297e-18)
(1.32538e-09 9.99976e-05 0)
(-7.682e-09 9.99872e-05 4.13357e-18)
(-3.80302e-08 9.99401e-05 1.42287e-17)
(2.7438e-08 9.99482e-05 2.4269e-17)
(6.52931e-09 9.99882e-05 -8.26817e-18)
(3.49207e-11 0.000100004 4.39487e-18)
(2.34219e-10 9.99999e-05 8.33394e-18)
(-1.01092e-10 0.00010046 8.0431e-19)
(-4.83455e-11 0.000100045 0)
(-9.23247e-10 0.000121503 5.38186e-19)
(2.94916e-10 0.000103673 -5.07194e-27)
(-1.90096e-07 0.000471479 5.73046e-19)
(-4.04454e-08 0.000196865 -1.21153e-18)
(-8.80241e-07 0.00136359 -3.37246e-20)
(1.14307e-07 8.43233e-05 0)
(-1.47453e-07 8.36126e-05 0)
(-3.39263e-08 8.42383e-05 1.86451e-17)
(6.00998e-09 8.43996e-05 0)
(7.33582e-09 8.38858e-05 -9.56309e-18)
(2.84873e-08 8.40017e-05 -9.45594e-18)
(1.29293e-07 8.38754e-05 9.63432e-18)
(-1.03505e-07 8.38118e-05 -8.43295e-18)
(1.40414e-07 8.44237e-05 -1.85071e-17)
(-1.51376e-07 8.40824e-05 -9.37406e-18)
(5.4351e-08 8.51599e-05 0)
(8.46576e-09 8.4864e-05 1.81636e-17)
(1.85014e-08 8.56936e-05 -1.74158e-17)
(-5.20484e-08 8.5399e-05 8.83757e-18)
(-2.58456e-05 6.9851e-05 3.36253e-16)
(5.51829e-08 8.62028e-05 2.35596e-17)
(4.41383e-07 8.71358e-05 3.81502e-18)
(-1.00688e-07 8.5596e-05 0)
(-7.78924e-08 9.56815e-05 -2.75152e-16)
(-1.49521e-06 9.13942e-05 -2.75875e-16)
(6.34118e-07 8.65136e-05 -6.17031e-17)
(9.44329e-09 8.39341e-05 1.89089e-17)
(-1.89238e-07 8.46492e-05 0)
(1.54078e-08 8.42074e-05 -1.84143e-17)
(3.02617e-07 8.39149e-05 -9.47239e-18)
(7.97133e-09 8.45577e-05 -9.06734e-18)
(-1.51604e-08 8.44522e-05 1.81592e-17)
(-4.78401e-09 8.50343e-05 2.67633e-17)
(6.39869e-08 8.47423e-05 0)
(-5.50147e-09 8.54591e-05 1.52963e-17)
(4.56113e-08 8.52834e-05 -8.83569e-18)
(-5.70234e-08 8.5369e-05 -1.7387e-17)
(2.2592e-08 8.54615e-05 -1.90923e-17)
(3.89613e-08 8.50354e-05 4.37019e-18)
(-4.54729e-08 8.5196e-05 8.72358e-18)
(2.86273e-08 8.48799e-05 4.3611e-18)
(5.50003e-09 9.95534e-05 -1.79794e-17)
(2.28976e-08 9.83813e-05 -1.763e-17)
(-4.72282e-09 9.82318e-05 -5.73665e-17)
(2.01027e-09 9.95213e-05 2.04183e-17)
(-2.96678e-07 8.32818e-05 1.84575e-17)
(-4.6585e-08 9.3914e-05 0)
(-1.80712e-05 7.57143e-05 0)
(3.25432e-05 7.17058e-05 -1.61397e-16)
(5.45338e-08 9.95579e-05 -3.74898e-17)
(2.47731e-08 9.88642e-05 1.40169e-16)
(-4.65282e-08 9.88343e-05 -1.41641e-16)
(-3.72956e-08 9.96515e-05 -7.46488e-17)
(-2.11297e-06 8.1372e-05 -1.56758e-17)
(4.93743e-06 7.06659e-05 1.40082e-16)
(-7.04842e-06 0.028521 1.35026e-19)
(-2.00683e-06 0.0285357 0)
(-4.09038e-06 5.98821e-05 -7.23236e-17)
(3.52454e-05 0.000122597 0)
(-6.68521e-09 9.99906e-05 8.39871e-18)
(-3.37982e-08 9.99543e-05 8.32616e-18)
(2.25585e-07 9.87082e-05 -1.5394e-16)
(6.64853e-07 9.73673e-05 9.15364e-17)
(-2.22283e-07 9.69226e-05 2.8206e-16)
(-1.95474e-07 9.86441e-05 8.09299e-17)
(6.50773e-07 9.13286e-05 3.70595e-17)
(7.70415e-07 7.71915e-05 1.22854e-16)
(1.18144e-05 0.0285368 -5.40025e-19)
(-1.66627e-05 0.0644041 -1.68748e-19)
(1.14876e-05 0.064451 1.08004e-18)
(3.05642e-07 9.39141e-05 -1.08489e-18)
(9.07256e-07 8.29179e-05 6.95358e-18)
(1.11101e-07 6.53882e-05 2.38751e-25)
(1.05791e-06 6.43537e-05 0)
(9.69474e-08 9.97917e-05 2.32637e-17)
(-1.6583e-07 9.97454e-05 -1.5761e-17)
(4.98921e-07 8.43233e-05 4.9033e-17)
(-3.189e-07 9.37866e-05 5.37696e-17)
(8.1302e-07 9.57645e-05 0)
(-7.66587e-07 9.53137e-05 8.84807e-17)
(8.01405e-07 8.26645e-05 4.01998e-17)
(1.00363e-07 9.28461e-05 -2.31247e-16)
(1.66464e-05 8.2205e-05 1.66218e-16)
(3.51565e-06 7.251e-05 1.54862e-16)
(1.1181e-05 7.75754e-05 1.38456e-16)
(-9.79676e-06 -2.40422e-06 -1.55949e-16)
(-1.15857e-06 6.33809e-05 -1.37379e-17)
(-1.12094e-06 8.24045e-05 -1.85188e-17)
(-2.88724e-06 6.15153e-05 1.85472e-17)
(1.93357e-08 9.96715e-05 -8.54084e-26)
(-1.88726e-08 9.96826e-05 7.21844e-17)
(-8.96815e-07 8.19482e-05 3.46264e-17)
(-5.16986e-08 9.83761e-05 -1.72096e-17)
(-2.911e-07 9.38345e-05 3.42269e-17)
(3.06124e-08 9.93572e-05 3.52395e-17)
(-1.57041e-09 9.95602e-05 -1.63994e-17)
(1.70412e-07 9.74202e-05 -3.59005e-17)
(1.36e-07 7.01255e-05 -1.64514e-17)
(-1.74405e-06 7.07444e-05 1.54878e-17)
(1.55295e-07 6.92673e-05 0)
(4.4111e-09 6.99339e-05 1.6669e-17)
(7.91003e-08 6.83068e-05 -8.34393e-18)
(1.36402e-07 6.8653e-05 0)
(9.73962e-08 6.79736e-05 8.27294e-18)
(8.01486e-08 6.80769e-05 1.24471e-17)
(1.34287e-07 6.7442e-05 -4.08418e-18)
(1.87927e-07 6.77259e-05 -2.45465e-17)
(4.64444e-08 6.7513e-05 -3.33793e-17)
(1.77707e-07 6.72879e-05 2.8587e-17)
(1.56133e-06 6.82172e-05 3.24418e-17)
(5.0573e-07 6.79222e-05 -3.24924e-17)
(2.19504e-06 6.91186e-05 2.48714e-17)
(-7.51852e-07 9.5733e-05 -8.68149e-17)
(-3.78325e-06 7.18102e-05 -3.29769e-16)
(-2.21322e-06 6.69982e-05 -3.02286e-17)
(-1.83022e-06 6.93078e-05 2.16039e-17)
(-6.05539e-07 6.58304e-05 -3.15803e-17)
(-1.09176e-06 6.61256e-05 3.89123e-17)
(-1.56803e-07 6.61051e-05 0)
(-5.34083e-07 6.59705e-05 1.55282e-17)
(1.05172e-07 6.57629e-05 4.08406e-18)
(-6.11865e-08 6.60764e-05 -2.00639e-18)
(-1.79174e-07 6.58363e-05 8.29487e-18)
(-2.2612e-07 6.57223e-05 0)
(-3.65553e-08 6.58598e-05 -5.41328e-19)
(-2.76295e-07 6.58747e-05 -8.43356e-18)
(-5.73791e-08 6.5045e-05 1.79306e-17)
(-2.60425e-07 6.55498e-05 -2.18797e-17)
(-3.6462e-07 6.44605e-05 1.35719e-17)
(1.97641e-07 0.00404649 0)
(1.64142e-06 0.0111945 -5.73678e-19)
(-6.49172e-08 0.000470722 0)
(-3.63661e-08 0.00136187 0)
(-1.96804e-09 0.000121438 1.68063e-20)
(-1.51681e-08 0.000196614 -1.68339e-20)
(-2.8719e-10 0.000100459 -5.36193e-19)
(-5.3719e-10 0.00010366 1.17557e-19)
(-1.91008e-10 0.000100004 0)
(-7.20279e-12 0.000100045 4.81328e-18)
(-1.19198e-09 9.99986e-05 -8.47402e-18)
(-9.60034e-06 0.0285662 -1.08033e-18)
(-1.85166e-05 0.0644931 -1.08026e-18)
(1.43689e-05 0.0644259 3.03801e-19)
(2.36854e-07 9.92579e-05 8.34697e-17)
(1.50837e-06 9.82782e-05 5.26603e-17)
(4.85453e-05 8.16426e-05 1.38869e-16)
(1.21414e-07 9.98492e-05 -3.69895e-17)
(4.2663e-07 9.94854e-05 -3.20471e-17)
(6.30087e-09 9.99914e-05 -8.42493e-18)
(2.98155e-08 9.99614e-05 0)
(1.88639e-10 0.000100004 -4.26328e-18)
(1.1663e-09 9.99986e-05 -4.24465e-18)
(-6.18183e-10 0.000100461 -1.60815e-18)
(7.50084e-11 0.000100045 -5.35289e-19)
(-1.0563e-08 0.000121531 -8.07424e-19)
(-5.64432e-09 0.000103679 1.61044e-18)
(-1.20895e-07 0.000471973 -6.73916e-20)
(1.55983e-09 0.000196982 6.73087e-19)
(-1.5321e-06 0.00405453 5.56839e-19)
(-7.71398e-08 0.00136532 -5.0589e-19)
(-3.52166e-06 0.0112106 1.07176e-18)
(-2.57964e-07 6.43513e-05 -9.10273e-18)
(-4.34419e-07 6.33283e-05 1.80261e-17)
(-7.54269e-08 6.48372e-05 -4.64434e-18)
(-3.01958e-08 6.48305e-05 -9.14265e-18)
(-1.00166e-07 6.47058e-05 4.70319e-18)
(8.87493e-08 6.47417e-05 -2.34112e-18)
(-9.16203e-08 6.47744e-05 -9.26079e-18)
(-1.07747e-07 6.46995e-05 8.48908e-18)
(1.494e-07 6.56346e-05 -9.19232e-18)
(2.61703e-09 6.5119e-05 0)
(-8.57369e-08 6.68217e-05 0)
(5.32343e-08 6.6319e-05 0)
(-1.1333e-07 6.76578e-05 -1.08384e-17)
(-9.38957e-08 6.72405e-05 2.19672e-18)
(1.21809e-07 6.89506e-05 -1.66782e-17)
(8.71865e-08 6.8326e-05 -1.17031e-24)
(-8.07861e-07 6.79171e-05 -5.14554e-17)
(2.59215e-07 6.90533e-05 2.90127e-17)
(1.66362e-07 8.45854e-05 -1.8754e-17)
(2.85097e-07 6.66412e-05 1.79061e-17)
(1.11183e-07 6.66603e-05 0)
(9.01473e-07 8.46107e-05 1.32769e-16)
(-1.21473e-06 6.68652e-05 -2.43448e-17)
(7.80356e-07 8.18251e-05 8.49305e-17)
(-1.43678e-06 6.35984e-05 9.87074e-18)
(2.12397e-06 6.5526e-05 3.56795e-17)
(2.11165e-06 6.73217e-05 1.22247e-16)
(-9.23061e-07 6.48854e-05 3.69475e-17)
(1.00082e-07 6.73226e-05 -5.01885e-17)
(-1.19921e-06 6.90278e-05 3.79243e-18)
(5.52018e-08 6.51537e-05 4.50644e-17)
(-7.15454e-08 6.60404e-05 3.52298e-17)
(1.33995e-07 6.53035e-05 -9.02553e-18)
(3.19972e-07 6.49752e-05 -2.7312e-17)
(1.5158e-08 6.58124e-05 8.94867e-18)
(2.33905e-08 6.56443e-05 1.80054e-17)
(-2.18725e-08 6.64379e-05 -1.32392e-17)
(1.50558e-08 6.6105e-05 2.22513e-17)
(-1.16467e-08 6.69144e-05 0)
(4.01839e-08 6.67105e-05 -1.31764e-17)
(-4.14552e-08 6.68518e-05 0)
(4.49926e-08 6.6946e-05 -5.44719e-19)
(1.07531e-07 6.63769e-05 -1.08724e-17)
(-2.8681e-08 6.66175e-05 8.69077e-18)
(1.8579e-07 6.6105e-05 4.33634e-18)
(1.26944e-08 9.95298e-05 -5.59708e-19)
(6.99901e-08 9.82702e-05 2.46808e-18)
(-8.22802e-08 9.8163e-05 1.60468e-17)
(-1.37643e-08 9.95069e-05 -1.55239e-17)
(-3.44621e-07 9.36173e-05 0)
(1.62245e-05 7.39876e-05 -3.37242e-16)
(3.16004e-05 4.48972e-05 -3.5778e-16)
(-1.50453e-07 9.98046e-05 -2.47047e-26)
(5.51646e-08 9.96479e-05 7.53845e-17)
(4.49849e-08 9.92191e-05 1.44674e-16)
(-4.53308e-08 9.91604e-05 0)
(-4.80633e-08 9.96461e-05 -2.29613e-16)
(2.24084e-06 5.54597e-05 -1.10456e-17)
(2.0666e-05 7.15983e-05 -8.01989e-16)
(5.07327e-06 7.70387e-05 -7.59214e-17)
(-1.50372e-06 9.02663e-05 -1.44022e-16)
(7.82944e-06 0.0285925 1.07973e-18)
(2.12231e-05 0.0645697 3.37443e-20)
(-2.00473e-06 8.19388e-05 -4.42946e-17)
(3.54282e-05 6.78825e-05 1.84038e-16)
(1.01437e-06 5.78087e-05 2.96034e-16)
(-1.4831e-06 6.00189e-05 -3.11973e-24)
(-4.60027e-06 5.91896e-05 0)
(1.73246e-06 6.17032e-05 2.47654e-17)
(-2.86837e-06 3.52863e-05 -2.27074e-17)
(-5.97878e-06 3.2295e-05 -2.67124e-25)
(-6.19852e-07 9.89998e-05 -1.18853e-16)
(-1.37064e-05 5.7173e-05 1.40133e-16)
(-1.62163e-05 6.23675e-05 1.39353e-16)
(7.53695e-06 7.34627e-05 1.71979e-16)
(1.5598e-05 -2.58804e-06 0)
(-2.12574e-08 9.99671e-05 -1.69291e-17)
(-9.71662e-08 9.9856e-05 4.93383e-27)
(1.57494e-05 5.25077e-05 1.50587e-16)
(2.87704e-05 4.13704e-05 6.43929e-17)
(2.4242e-05 6.13873e-05 1.43223e-16)
(-2.44164e-08 9.78588e-05 -1.60985e-16)
(2.31696e-07 9.8713e-05 0)
(-2.23625e-07 9.87022e-05 0)
(-1.13859e-07 9.77426e-05 0)
(-8.13165e-06 7.53613e-05 4.24582e-16)
(-5.99548e-06 0.0286223 3.37492e-20)
(-1.54366e-05 0.0646149 6.74983e-20)
(-3.80392e-05 6.17469e-05 1.71941e-16)
(2.93965e-05 6.94327e-05 -6.22261e-17)
(2.19563e-05 7.59341e-05 -2.80162e-24)
(8.78601e-06 7.08201e-05 -1.43333e-16)
(9.60939e-07 9.62215e-05 0)
(-1.17144e-08 9.41466e-05 -1.92746e-17)
(2.13481e-07 6.74077e-05 0)
(3.76207e-08 8.52884e-05 0)
(-1.55275e-07 6.56756e-05 3.67174e-17)
(6.2521e-08 8.42324e-05 3.10248e-24)
(-9.26157e-08 9.44966e-05 1.45133e-16)
(-8.40248e-07 9.55135e-05 0)
(-2.67307e-06 9.54391e-05 -3.25925e-16)
(-5.78565e-07 9.92658e-05 -4.86568e-17)
(1.22145e-05 4.8036e-06 5.83889e-16)
(4.62237e-06 8.82325e-05 3.0738e-16)
(2.68383e-05 6.13793e-05 2.06292e-16)
(1.63216e-08 9.97604e-05 -7.36243e-17)
(-1.89343e-08 9.975e-05 0)
(-1.84673e-07 9.82654e-05 1.60017e-26)
(-7.1792e-07 9.37123e-05 -2.61111e-17)
(7.43901e-08 9.93184e-05 -1.7606e-17)
(-2.38922e-08 9.95081e-05 1.35659e-19)
(1.11665e-06 9.12139e-05 0)
(3.42342e-07 9.73698e-05 1.80783e-17)
(5.52417e-06 5.34045e-05 0)
(2.76355e-06 7.7089e-05 -3.91835e-17)
(1.05168e-05 2.30541e-05 0)
(-8.63309e-07 3.78233e-05 -4.35633e-24)
(1.02892e-05 2.74874e-05 -1.04008e-17)
(4.53495e-08 4.29382e-05 0)
(3.91204e-06 4.29352e-05 -7.70424e-17)
(2.02994e-07 4.23929e-05 4.47276e-18)
(3.12443e-07 4.28026e-05 -4.44812e-18)
(1.46772e-07 4.16526e-05 -8.3537e-18)
(1.33368e-07 4.19716e-05 4.1791e-18)
(1.08289e-07 4.12258e-05 0)
(9.07633e-08 4.14821e-05 3.54089e-25)
(1.97734e-07 4.08941e-05 2.46066e-17)
(2.29504e-07 4.11145e-05 4.11855e-18)
(5.71163e-07 4.13431e-05 -5.15951e-19)
(4.03442e-07 4.07979e-05 -1.23286e-17)
(3.22521e-06 4.36284e-05 -3.20272e-17)
(1.72629e-06 4.23223e-05 0)
(5.36743e-06 5.07035e-05 4.44755e-17)
(5.43302e-06 4.63793e-05 2.36244e-17)
(1.40569e-05 5.38824e-05 -1.20113e-16)
(-7.84942e-06 5.01854e-05 5.62491e-17)
(-1.26288e-05 5.39109e-05 -1.15577e-16)
(-3.77584e-06 4.23195e-05 0)
(-6.23827e-06 4.5486e-05 -5.13964e-17)
(-1.43758e-06 3.95227e-05 1.52607e-17)
(-2.34518e-06 4.0506e-05 0)
(-5.44203e-07 3.94492e-05 -7.87921e-18)
(-9.43845e-07 3.93651e-05 0)
(8.55417e-08 3.90691e-05 0)
(-2.6819e-07 3.94864e-05 0)
(-1.55291e-07 3.93546e-05 1.65049e-17)
(-2.87908e-07 3.92636e-05 -1.63541e-17)
(-1.09882e-07 3.936e-05 8.58141e-18)
(-5.31197e-07 3.94741e-05 4.16042e-18)
(-4.75622e-07 3.81476e-05 -8.86561e-18)
(-3.80982e-07 3.89641e-05 -2.17166e-17)
(-1.20103e-06 3.70512e-05 1.79037e-17)
(9.10782e-07 0.00405285 -4.72116e-19)
(3.34267e-06 0.0112146 -1.01201e-18)
(3.4136e-08 0.000471188 5.38879e-19)
(3.37245e-07 0.00136367 6.73983e-19)
(-7.86736e-09 0.000121467 0)
(1.21997e-08 0.000196731 -5.38479e-19)
(4.44707e-10 0.00010046 -1.07358e-18)
(9.6679e-10 0.000103667 -6.71976e-20)
(-7.40042e-10 0.000100003 -4.26736e-18)
(-7.96831e-11 0.000100045 -2.14258e-18)
(-4.11515e-09 9.99937e-05 1.27713e-17)
(8.93749e-06 0.129337 0)
(1.50558e-05 0.129484 1.01177e-18)
(-1.07141e-05 0.129369 -7.41936e-19)
(7.43123e-08 9.22366e-05 -7.87949e-17)
(-6.48695e-06 0.129644 -6.74499e-20)
(-1.05048e-05 0.129442 6.74306e-20)
(1.07215e-05 8.77342e-05 0)
(1.6253e-05 8.06289e-05 9.97808e-17)
(2.65142e-06 9.67007e-05 -3.54492e-17)
(5.68957e-06 9.32556e-05 8.71627e-17)
(3.17589e-07 9.95915e-05 -2.95312e-17)
(1.0023e-06 9.87655e-05 4.23162e-17)
(2.03855e-08 9.99699e-05 4.24485e-18)
(8.82643e-08 9.98791e-05 4.23061e-18)
(7.03384e-10 0.000100003 -4.26981e-18)
(4.06865e-09 9.99939e-05 -8.78707e-30)
(-1.76768e-10 0.000100462 -2.14252e-18)
(-2.35576e-11 0.000100045 8.56168e-18)
(-2.39532e-09 0.000121572 -2.69236e-19)
(3.43432e-09 0.000103688 -2.68778e-19)
(6.50406e-09 0.000472461 -4.71574e-19)
(7.83751e-09 0.000197109 5.38727e-19)
(-5.51688e-07 0.00406126 5.3971e-19)
(-9.69708e-08 0.0013672 2.36088e-19)
(-1.93486e-06 0.0112314 -5.40048e-19)
(-6.20911e-06 2.94462e-05 1.35159e-16)
(-8.73649e-06 2.72848e-05 7.76517e-17)
(-4.3076e-06 2.94202e-05 -2.36753e-16)
(-4.95823e-07 3.21518e-05 -1.03554e-17)
(-1.12292e-06 2.7493e-05 -3.34504e-17)
(-3.94959e-07 3.60365e-05 -4.07356e-18)
(-9.96559e-07 3.49577e-05 1.42235e-17)
(-2.36038e-07 3.7125e-05 2.31904e-18)
(-2.70819e-07 3.68992e-05 -5.76995e-19)
(-2.20155e-07 3.73217e-05 2.45428e-18)
(6.35128e-08 3.72291e-05 9.83901e-26)
(-3.11227e-07 3.75457e-05 -2.29216e-18)
(-2.56337e-08 3.74047e-05 -2.87351e-19)
(-8.32903e-08 3.86553e-05 1.35783e-17)
(3.31835e-08 3.79713e-05 4.56895e-18)
(-2.32601e-07 4.00791e-05 4.41338e-18)
(-1.08006e-08 3.94359e-05 -3.80738e-25)
(-1.90092e-07 4.10757e-05 1.08436e-17)
(-8.00413e-08 4.0569e-05 -1.31644e-17)
(8.35607e-09 4.21455e-05 2.11395e-18)
(1.00581e-07 4.16174e-05 -1.50901e-17)
(-5.42313e-07 4.14165e-05 -5.97821e-17)
(1.19848e-07 4.21939e-05 1.2725e-17)
(1.48115e-07 4.04236e-05 -1.74654e-17)
(-1.02387e-08 4.05453e-05 3.47498e-17)
(-3.77902e-09 6.83531e-05 0)
(-9.98944e-09 4.19654e-05 -1.72907e-17)
(3.27071e-07 4.1117e-05 1.73979e-17)
(3.17108e-07 4.24779e-05 0)
(-1.23673e-07 4.25822e-05 -4.25012e-18)
(-2.57584e-07 6.77781e-05 0)
(-2.69536e-07 4.09254e-05 8.70796e-18)
(1.46682e-07 4.21318e-05 0)
(-4.37681e-07 3.79726e-05 -1.13051e-18)
(-3.32847e-07 3.91398e-05 8.92904e-18)
(-5.80521e-07 3.90066e-05 0)
(8.31421e-07 3.82654e-05 1.10327e-18)
(1.09784e-06 3.99206e-05 2.55028e-17)
(-4.57295e-07 3.89499e-05 -4.32891e-18)
(-2.18503e-07 4.01354e-05 6.91549e-25)
(-3.66944e-07 4.09248e-05 1.65934e-17)
(2.62225e-08 3.83262e-05 -8.80914e-18)
(-2.79603e-08 3.90684e-05 0)
(1.88639e-07 3.83536e-05 8.93633e-18)
(3.32351e-07 3.80622e-05 -1.78786e-17)
(-1.40622e-08 3.89315e-05 4.42234e-18)
(2.10911e-08 3.87085e-05 4.45296e-18)
(-5.58834e-08 3.94649e-05 -2.19277e-17)
(1.16871e-08 3.91795e-05 1.32358e-17)
(-2.15847e-08 3.98654e-05 -8.70805e-18)
(2.51254e-08 3.96948e-05 1.31252e-17)
(1.1702e-08 3.98508e-05 0)
(5.85944e-08 3.99175e-05 0)
(2.60037e-07 3.93414e-05 1.95297e-17)
(4.41705e-08 3.96121e-05 -6.5061e-18)
(5.84211e-07 3.78701e-05 -7.11599e-25)
(5.84616e-07 3.89267e-05 -8.65701e-18)
(7.59031e-07 3.28028e-05 -3.06398e-17)
(3.06293e-06 3.52608e-05 3.36162e-17)
(5.34972e-06 5.89991e-05 2.48958e-17)
(1.33745e-05 2.81895e-05 4.64422e-17)
(6.9266e-07 9.3322e-05 2.18117e-18)
(1.99405e-06 8.14431e-05 -1.22979e-17)
(3.48695e-08 9.94612e-05 -1.11692e-18)
(1.96479e-07 9.80689e-05 1.20734e-17)
(-2.60705e-07 9.78727e-05 -2.28157e-18)
(-5.11893e-08 9.94169e-05 1.80091e-17)
(-2.53105e-06 8.06319e-05 0)
(-9.1579e-07 9.28066e-05 2.29833e-18)
(-9.90735e-06 2.82934e-05 1.68248e-17)
(-5.58023e-06 5.84489e-05 -1.73777e-17)
(3.01333e-05 7.29799e-05 -1.64042e-16)
(-1.96541e-06 9.67277e-05 -1.34569e-16)
(4.31854e-08 9.45458e-05 -3.14469e-17)
(2.70552e-05 3.03871e-05 2.91722e-16)
(-3.80734e-07 9.94541e-05 -1.6773e-17)
(2.56213e-05 7.72608e-05 3.05971e-16)
(1.73435e-05 6.0999e-05 -1.6704e-16)
(3.29617e-05 6.44392e-05 -1.15463e-24)
(2.4394e-05 7.33991e-05 2.22054e-16)
(2.18806e-05 7.01198e-05 -2.32755e-16)
(2.58208e-08 9.94219e-05 7.47271e-17)
(6.02334e-08 9.96566e-05 -7.42726e-17)
(-5.13338e-09 6.90211e-05 -1.70292e-17)
(2.8745e-07 6.90485e-05 4.51478e-25)
(-5.93603e-08 9.96574e-05 3.13206e-16)
(-3.75725e-08 9.93996e-05 0)
(-7.79225e-06 7.6044e-05 -4.62189e-16)
(2.20187e-05 3.7681e-05 -1.20757e-16)
(-2.91609e-05 4.64129e-05 -2.72389e-17)
(1.8509e-06 2.04528e-06 -1.42333e-16)
(-7.72125e-06 8.36831e-05 -5.10711e-16)
(-2.31385e-05 4.19125e-05 8.19882e-18)
(-1.47362e-05 2.85111e-05 5.89193e-17)
(5.9381e-06 0.12969 -1.07933e-18)
(3.08244e-05 7.05388e-05 8.68752e-17)
(2.7498e-05 6.33347e-05 -2.65994e-25)
(-1.193e-05 2.57618e-05 1.91348e-17)
(-1.435e-05 -2.68866e-06 5.13027e-25)
(-1.27231e-05 -2.26775e-06 9.79937e-17)
(-3.60526e-06 7.62324e-05 3.90776e-16)
(1.22108e-05 7.42575e-05 -3.14244e-16)
(3.00005e-07 9.8884e-05 0)
(3.74138e-08 9.81822e-05 7.65263e-17)
(9.03114e-08 8.60834e-05 -2.20464e-18)
(-2.1289e-07 8.61295e-05 0)
(-8.41488e-08 9.83482e-05 8.62658e-25)
(-2.92954e-07 9.8653e-05 -2.52243e-16)
(-3.35132e-06 8.71947e-05 -1.6624e-16)
(9.2241e-06 4.95954e-05 -1.44847e-17)
(1.4024e-05 1.90348e-05 4.83303e-18)
(-1.92745e-06 9.75852e-05 1.58029e-17)
(4.08989e-05 5.51213e-05 8.49474e-17)
(-1.20487e-05 0.000142319 -2.01992e-16)
(3.67788e-05 6.13962e-05 4.95035e-16)
(-2.35829e-07 9.63053e-05 0)
(1.39314e-05 8.0279e-05 1.92726e-16)
(6.29341e-06 8.75453e-05 -4.14509e-16)
(-3.35509e-05 6.82492e-05 -1.26559e-16)
(5.12383e-06 8.69884e-05 -3.18555e-16)
(3.81594e-06 9.55299e-05 2.88816e-24)
(9.35843e-07 9.69102e-05 -4.83387e-16)
(5.56229e-08 9.46157e-05 1.82954e-17)
(-9.79089e-08 9.40973e-05 -7.10611e-17)
(-1.08606e-06 9.62764e-05 -9.74558e-17)
(-1.32309e-05 2.3995e-05 2.32707e-18)
(-1.42208e-05 -7.86406e-07 -8.69354e-18)
(-1.60051e-05 -3.41626e-06 6.97752e-18)
(-0.000118948 0.222996 0)
(-1.48436e-05 0.129909 1.07942e-18)
(-9.13106e-05 0.223341 0)
(-1.28806e-06 9.82149e-05 6.64522e-17)
(7.78205e-06 5.6145e-05 8.55936e-18)
(2.00891e-06 9.65134e-05 -7.35981e-25)
(-9.94303e-07 9.83561e-05 -1.49288e-16)
(2.15731e-05 6.66407e-05 -1.08589e-16)
(8.36106e-09 9.95294e-05 -3.49958e-17)
(4.21266e-08 9.84805e-05 2.26403e-17)
(1.85152e-08 9.98087e-05 7.35823e-17)
(-5.24225e-08 6.92509e-05 2.12624e-17)
(-2.06134e-08 9.98053e-05 -1.50094e-16)
(-1.05051e-05 7.91799e-05 4.21415e-24)
(-4.05229e-06 7.98129e-05 3.59714e-17)
(-8.23292e-06 5.66148e-05 -1.84922e-17)
(-4.60671e-07 9.77896e-05 1.52926e-17)
(-1.55613e-06 9.25228e-05 0)
(1.57693e-07 9.91129e-05 -4.068e-26)
(-7.47236e-08 9.93234e-05 -6.55662e-18)
(2.08914e-06 8.99675e-05 0)
(6.85884e-07 9.68426e-05 -8.97247e-18)
(4.95019e-06 7.47625e-05 -9.48572e-18)
(1.51611e-05 -4.51816e-06 9.69345e-18)
(4.50965e-06 6.68683e-06 7.24357e-17)
(1.17011e-05 1.05524e-06 0)
(1.38378e-06 1.38853e-05 -2.55101e-25)
(3.76466e-06 1.17552e-05 -8.49759e-18)
(3.93891e-07 1.39168e-05 -2.6463e-19)
(7.62436e-07 1.40233e-05 4.36363e-18)
(1.92277e-07 1.36801e-05 2.09379e-18)
(3.02599e-07 1.38283e-05 4.34035e-18)
(2.09802e-07 1.34706e-05 2.07499e-18)
(1.61977e-07 1.35633e-05 -1.45462e-17)
(4.10914e-07 1.33889e-05 -2.46675e-17)
(1.39263e-07 1.33776e-05 1.24451e-17)
(1.57161e-06 1.46967e-05 6.73928e-17)
(9.8572e-07 1.35699e-05 -3.29597e-17)
(5.86739e-06 1.90744e-05 0)
(3.46736e-06 1.63581e-05 -3.25158e-17)
(1.19989e-05 2.79541e-05 4.62102e-17)
(8.48443e-06 2.31231e-05 0)
(1.37706e-05 3.32212e-05 1.14509e-16)
(3.24883e-06 8.51063e-05 -1.79726e-16)
(-2.02032e-05 3.53431e-05 1.5573e-26)
(-6.86248e-06 1.80917e-05 0)
(-1.05071e-05 2.28794e-05 0)
(-2.49483e-06 1.31507e-05 -3.09177e-17)
(-4.12639e-06 1.49909e-05 0)
(-9.37016e-07 1.23706e-05 -5.61659e-25)
(-1.27787e-06 1.23738e-05 3.9133e-17)
(-1.46925e-07 1.19214e-05 0)
(-3.13858e-07 1.23631e-05 1.00243e-18)
(-8.69095e-08 1.23623e-05 0)
(-3.44917e-07 1.22622e-05 4.09183e-18)
(-3.5091e-07 1.23325e-05 -4.23015e-18)
(-6.13201e-07 1.23037e-05 4.15054e-18)
(-1.04313e-06 1.09096e-05 0)
(-7.97384e-07 1.16435e-05 1.72597e-17)
(-5.59742e-06 6.98233e-06 1.1257e-17)
(-2.58894e-06 9.54826e-06 -4.44635e-18)
(-9.89773e-06 3.30508e-06 -9.76171e-18)
(4.73327e-06 0.0286576 0)
(5.03172e-07 0.064722 -1.11297e-18)
(9.71341e-07 0.00406087 -1.14636e-18)
(1.89916e-06 0.0112384 3.37259e-20)
(2.19807e-08 0.000471869 -6.73636e-19)
(2.15907e-07 0.00136606 1.34751e-18)
(1.14443e-08 0.000121516 6.72854e-20)
(1.79184e-08 0.00019692 1.07677e-18)
(4.46489e-10 0.000100462 1.88054e-18)
(3.82257e-09 0.000103679 -1.14285e-18)
(-2.27486e-09 9.99999e-05 -8.56999e-18)
(-3.55729e-10 0.000100045 4.29189e-18)
(-5.58699e-08 9.99046e-05 1.70683e-17)
(-1.17994e-08 9.99792e-05 -4.2764e-18)
(-7.9835e-07 9.87697e-05 1.69955e-17)
(-2.28816e-07 9.96293e-05 -5.11038e-17)
(0.00011372 0.222759 6.73768e-20)
(2.81278e-05 0.129956 0)
(0.000132714 0.223384 1.34839e-19)
(6.92672e-05 0.223029 -2.01865e-19)
(-1.18064e-05 0.222596 6.73639e-20)
(-2.74258e-05 0.222622 5.38915e-19)
(-2.39081e-05 0.222725 -6.73718e-20)
(1.47844e-05 8.08836e-05 0)
(2.17319e-05 7.26577e-05 -8.54598e-17)
(4.56203e-06 9.38632e-05 -3.66116e-17)
(8.89322e-06 8.84174e-05 0)
(7.11192e-07 9.89833e-05 -2.15007e-17)
(1.97873e-06 9.72864e-05 -8.74499e-18)
(5.49083e-08 9.99096e-05 1.28265e-17)
(2.13733e-07 9.96757e-05 4.81076e-18)
(2.23395e-09 9.99998e-05 2.14301e-18)
(1.1928e-08 9.99794e-05 -4.28352e-18)
(-1.35838e-10 0.000100464 -2.68495e-18)
(3.06149e-10 0.000100045 2.14526e-18)
(9.61624e-09 0.000121596 0)
(-1.72544e-09 0.000103694 1.61351e-18)
(6.61745e-08 0.000472887 2.69457e-19)
(2.1496e-08 0.000197227 -5.38842e-19)
(-5.72945e-09 0.00406732 -6.74529e-20)
(-1.8712e-09 0.00136885 -2.69724e-19)
(-2.79039e-06 0.0286809 -1.09643e-18)
(-1.00464e-06 0.0112517 3.37394e-20)
(3.40924e-06 0.0647573 1.01214e-18)
(-7.17217e-06 1.2245e-06 0)
(-9.6591e-06 -1.21327e-07 6.00288e-17)
(-1.84831e-06 5.21654e-06 -2.0056e-17)
(-3.60489e-06 3.1389e-06 -1.03583e-17)
(-7.51734e-07 8.5798e-06 0)
(-1.08511e-06 7.40652e-06 1.9217e-17)
(-4.99611e-07 9.722e-06 9.32538e-18)
(-4.56984e-07 9.38457e-06 -2.64565e-25)
(-3.66789e-07 1.00297e-05 2.1582e-18)
(-7.36511e-08 9.89332e-06 4.58855e-18)
(-3.43657e-07 1.04493e-05 4.56022e-18)
(-2.18569e-07 1.02386e-05 -4.56772e-18)
(-4.22027e-07 1.13225e-05 -4.4898e-18)
(-1.25184e-07 1.08172e-05 0)
(-4.05078e-07 1.24621e-05 -6.57865e-27)
(-1.31848e-07 1.1936e-05 -8.88622e-18)
(-2.21786e-07 1.33613e-05 4.88167e-18)
(-1.31718e-07 1.2913e-05 1.31405e-17)
(-6.08318e-08 1.40314e-05 2.1335e-18)
(-6.75805e-08 1.37131e-05 -9.16465e-18)
(-3.51218e-07 1.36791e-05 8.53361e-18)
(1.16611e-08 1.40765e-05 -4.27559e-18)
(2.58644e-08 1.31562e-05 0)
(-3.2001e-08 1.32219e-05 -4.30241e-18)
(5.11834e-08 1.41476e-05 -1.71605e-17)
(2.64335e-07 1.35862e-05 0)
(-1.63546e-09 1.4514e-05 -4.28949e-18)
(3.02824e-07 1.4405e-05 1.92763e-17)
(-2.18517e-07 1.32026e-05 -1.7339e-17)
(1.34997e-07 1.40555e-05 8.62481e-18)
(-1.22066e-07 1.14901e-05 -2.20677e-17)
(-1.30231e-07 1.21788e-05 8.78278e-18)
(-1.76969e-07 1.15018e-05 -6.51255e-18)
(3.02715e-07 1.12666e-05 9.86417e-18)
(3.66184e-07 1.21432e-05 -7.47915e-25)
(-1.05485e-07 1.18437e-05 -4.32086e-18)
(-1.06068e-07 1.22763e-05 2.31547e-26)
(2.61542e-08 1.25924e-05 -3.40876e-17)
(-7.97112e-09 1.11914e-05 -3.49446e-17)
(-2.44004e-08 1.16718e-05 3.47065e-17)
(1.04963e-07 1.12717e-05 -2.21216e-18)
(2.37289e-07 1.09956e-05 1.75288e-17)
(-6.92284e-09 1.1659e-05 4.39185e-18)
(5.74008e-08 1.14915e-05 -4.41639e-18)
(-5.69021e-08 1.19755e-05 -8.73672e-18)
(-8.00641e-10 1.18224e-05 -8.77339e-18)
(-1.62123e-08 1.22117e-05 -1.08715e-18)
(1.18981e-08 1.21204e-05 8.72714e-18)
(8.83112e-08 1.22079e-05 -3.75006e-27)
(6.8206e-08 1.2249e-05 8.69536e-18)
(5.09743e-07 1.18205e-05 0)
(1.60499e-07 1.20267e-05 -1.1927e-17)
(2.31269e-06 1.0279e-05 -7.31831e-25)
(1.09887e-06 1.13852e-05 -1.30362e-17)
(1.15983e-05 -1.6425e-07 1.40475e-16)
(4.42611e-06 7.94168e-06 -1.74298e-17)
(1.48439e-06 9.22403e-05 -2.18375e-18)
(3.82515e-06 7.93568e-05 2.15724e-17)
(9.18602e-08 9.92835e-05 -8.89106e-18)
(4.68559e-07 9.76364e-05 -1.09799e-17)
(-5.67126e-07 9.72759e-05 1.81796e-17)
(-1.2242e-07 9.92021e-05 2.24095e-18)
(-4.36489e-06 7.7718e-05 -4.62263e-18)
(-1.76498e-06 9.13086e-05 2.29479e-17)
(-8.57242e-06 5.42286e-05 0)
(8.3962e-06 -4.34596e-06 0)
(-2.48005e-05 0.000109514 -3.59815e-16)
(-3.70256e-05 7.56672e-05 -1.428e-16)
(-1.19969e-05 -2.27442e-05 3.91011e-17)
(1.33936e-05 8.04121e-05 -3.8749e-16)
(1.24789e-05 7.62674e-05 5.16425e-16)
(-9.33441e-06 8.52929e-05 3.41546e-16)
(7.12019e-08 9.97112e-05 7.52813e-17)
(2.09451e-08 9.95321e-05 -1.49595e-16)
(6.4841e-08 8.66822e-05 -1.07799e-17)
(-1.25874e-08 8.70347e-05 -4.52414e-25)
(-3.04245e-08 9.95778e-05 -1.47179e-16)
(-7.77451e-08 9.96551e-05 -7.91273e-17)
(-4.37336e-06 8.81681e-05 5.18275e-24)
(5.7865e-09 9.83305e-05 5.81568e-17)
(1.63725e-05 -6.61713e-06 0)
(2.92232e-05 2.34777e-05 -1.30868e-16)
(2.01405e-05 7.21818e-05 -5.18586e-16)
(-1.88938e-05 7.50096e-05 -1.92205e-16)
(-3.35446e-05 3.13661e-05 -1.05348e-16)
(-5.3537e-06 9.3456e-05 0)
(-1.48566e-05 -2.63447e-05 -9.87085e-17)
(3.8995e-05 5.58893e-05 2.77522e-16)
(-1.47233e-05 7.42627e-05 -5.03161e-16)
(3.86968e-05 0.130217 -1.01182e-18)
(0.000133946 0.223767 -1.0787e-18)
(3.54668e-05 6.76838e-05 1.66622e-16)
(2.94388e-05 5.55501e-05 1.62657e-16)
(-1.41485e-07 9.74719e-05 -1.45758e-16)
(-1.56589e-05 7.3628e-05 1.70621e-16)
(5.62449e-06 8.81129e-05 3.56303e-16)
(5.75321e-06 8.72882e-05 -1.61878e-16)
(-1.23257e-05 8.5283e-05 -1.52465e-17)
(4.76618e-06 9.16529e-05 8.57276e-16)
(3.65649e-07 9.90989e-05 2.12512e-16)
(4.00341e-08 9.84179e-05 -3.66832e-17)
(7.9466e-08 9.50913e-05 3.54297e-17)
(-2.38548e-07 9.54924e-05 -3.04849e-17)
(-5.48527e-08 9.89374e-05 -2.90797e-16)
(-3.51499e-07 9.87932e-05 -2.41445e-27)
(-1.5067e-06 9.57668e-05 3.63525e-16)
(-1.3153e-05 2.44881e-05 0)
(-1.30762e-05 -1.01731e-07 -1.35912e-16)
(-1.69526e-05 -2.56598e-05 0)
(-1.55183e-05 -2.4907e-05 9.3001e-18)
(-1.42698e-05 2.12573e-05 -4.67547e-18)
(-1.40476e-05 -2.54827e-06 4.70078e-18)
(-4.14134e-05 0.13019 2.15808e-18)
(-0.000127766 0.223738 -1.07884e-18)
(-0.000190584 0.333386 0)
(-0.000262451 0.33375 0)
(4.1517e-05 4.35832e-05 -6.72862e-16)
(-3.64826e-06 9.50177e-05 3.23719e-17)
(1.03324e-05 5.23014e-05 -1.56607e-25)
(1.3804e-05 2.32869e-05 -5.33527e-17)
(-2.31316e-06 9.65464e-05 -3.4072e-17)
(-1.93418e-05 -5.50997e-07 -1.69632e-16)
(1.89474e-06 9.50535e-05 3.5368e-16)
(7.43599e-06 -8.78114e-06 0)
(1.2998e-05 7.93554e-05 -1.87847e-16)
(3.29967e-08 9.43362e-05 4.07753e-18)
(1.90213e-08 9.98474e-05 -7.42045e-17)
(1.06136e-08 8.69852e-05 1.25693e-17)
(-2.26358e-08 9.98458e-05 -6.71148e-26)
(-5.49188e-06 8.91755e-05 5.35333e-16)
(-5.68861e-06 7.68013e-05 2.69425e-17)
(-9.87146e-06 5.36533e-05 -4.5941e-17)
(-8.69615e-07 9.68906e-05 8.77663e-18)
(-2.53622e-06 9.06207e-05 0)
(3.04234e-07 9.86333e-05 2.2066e-18)
(-1.60695e-07 9.89096e-05 -2.1943e-18)
(3.32984e-06 8.76226e-05 0)
(1.2176e-06 9.57274e-05 -4.47456e-18)
(1.15829e-05 4.58414e-05 -4.73175e-18)
(7.04873e-06 7.11045e-05 4.62769e-18)
(1.30562e-05 -4.79853e-06 1.19512e-18)
(1.44213e-05 1.72161e-05 0)
(8.11806e-06 -2.01207e-05 3.59474e-18)
(1.69523e-05 -2.70466e-05 -9.50435e-18)
(1.49162e-05 -2.55687e-05 1.19272e-18)
(8.69781e-06 -2.1165e-05 0)
(1.46318e-05 -2.4759e-05 0)
(2.3642e-06 -1.54231e-05 1.29224e-17)
(5.2087e-06 -1.77621e-05 0)
(4.61847e-07 -1.4411e-05 -6.631e-20)
(1.27496e-06 -1.46942e-05 0)
(3.83127e-07 -1.42359e-05 6.29538e-18)
(3.72932e-07 -1.43012e-05 0)
(3.82943e-07 -1.41581e-05 -2.08734e-18)
(2.22721e-07 -1.4161e-05 -2.09318e-18)
(8.188e-07 -1.37449e-05 2.07006e-17)
(3.20809e-07 -1.40061e-05 1.67334e-17)
(3.30153e-06 -1.17324e-05 3.12647e-17)
(1.78451e-06 -1.31315e-05 -3.32282e-17)
(9.4453e-06 -5.40574e-06 9.90711e-17)
(6.315e-06 -9.2186e-06 -6.56703e-17)
(1.78442e-05 6.06372e-06 3.1909e-17)
(1.3414e-05 -3.96622e-07 -8.15e-17)
(2.31821e-05 1.3991e-05 -6.30872e-17)
(-3.30998e-05 5.11384e-05 2.94892e-16)
(-2.31326e-05 1.11827e-05 5.92331e-17)
(-2.92762e-05 2.13415e-05 -1.20027e-16)
(-1.14492e-05 -4.40084e-06 -6.14993e-17)
(-1.67361e-05 2.33115e-06 0)
(-4.38757e-06 -1.17992e-05 7.85555e-17)
(-7.3171e-06 -8.86088e-06 -9.60177e-25)
(-1.2949e-06 -1.38824e-05 -3.62234e-25)
(-2.27473e-06 -1.3292e-05 -7.93661e-18)
(-1.70507e-07 -1.44856e-05 -3.25214e-17)
(-6.07503e-07 -1.42654e-05 1.00815e-18)
(1.54788e-07 -1.43739e-05 -7.52171e-27)
(-7.23198e-07 -1.42818e-05 1.2238e-17)
(-2.64543e-07 -1.46699e-05 -4.22786e-18)
(-8.50038e-07 -1.44839e-05 1.55827e-17)
(-1.94273e-06 -1.59848e-05 -1.73435e-17)
(-1.29656e-06 -1.52107e-05 -8.5407e-18)
(-8.95791e-06 -2.0254e-05 -1.11935e-17)
(-4.33273e-06 -1.75417e-05 2.22636e-17)
(-1.3829e-05 -2.35606e-05 9.67899e-18)
(4.74825e-06 0.0287224 -1.68602e-20)
(-5.27606e-06 0.0648697 -1.06223e-18)
(1.11752e-06 0.0040694 0)
(2.60203e-06 0.0112635 3.372e-20)
(1.62306e-07 0.000472704 -8.08441e-19)
(2.61871e-07 0.00136877 1.21271e-18)
(2.55599e-08 0.000121594 -6.73143e-20)
(5.95288e-08 0.000197185 -1.34666e-19)
(9.49413e-10 0.000100465 2.69129e-19)
(5.73715e-09 0.000103698 -2.15338e-18)
(-5.77253e-09 9.99919e-05 -2.15111e-18)
(-1.02699e-09 0.000100044 1.0757e-18)
(-1.22129e-07 9.97656e-05 -8.6069e-18)
(-2.82635e-08 9.99429e-05 1.29069e-17)
(-1.3909e-06 9.76449e-05 1.73e-17)
(-4.52045e-07 9.91898e-05 8.61873e-18)
(0.000155031 0.333139 -5.38638e-19)
(0.000303308 0.333778 -6.73644e-20)
(0.000166624 0.33342 1.07761e-18)
(-7.01735e-05 0.333017 -3.36525e-20)
(6.08172e-05 0.333006 6.73204e-20)
(-0.000105529 0.333112 0)
(1.74902e-05 7.29086e-05 9.45577e-18)
(2.26866e-05 6.67425e-05 -2.12307e-16)
(6.69741e-06 8.96958e-05 -9.06827e-18)
(1.17167e-05 8.21988e-05 -9.37876e-18)
(1.33287e-06 9.78303e-05 -8.6738e-18)
(3.27331e-06 9.4866e-05 8.81887e-18)
(1.23961e-07 9.97713e-05 1.07527e-18)
(4.44514e-07 9.92301e-05 7.00305e-18)
(5.85601e-09 9.99915e-05 2.14622e-18)
(2.91196e-08 9.99421e-05 0)
(-7.95066e-10 0.000100465 7.23529e-27)
(9.02261e-10 0.000100044 -3.22383e-18)
(-7.64949e-09 0.000121622 -1.07732e-18)
(-2.31305e-09 0.000103703 1.61393e-18)
(6.36639e-08 0.000473234 2.6949e-19)
(-6.63836e-09 0.000197313 1.07737e-18)
(2.09118e-07 0.00407254 6.74394e-20)
(2.03754e-07 0.00137022 0)
(5.67595e-07 0.0287339 -1.63575e-18)
(-3.40484e-07 0.0112698 4.72138e-19)
(1.05129e-05 0.064889 2.19222e-18)
(-6.53403e-07 9.42867e-05 -7.78768e-17)
(-1.03421e-05 -2.38304e-05 -5.00621e-18)
(-1.39764e-05 -2.55711e-05 7.92193e-17)
(-3.31775e-06 -2.02393e-05 -2.94041e-17)
(-6.30712e-06 -2.16629e-05 0)
(-8.58729e-07 -1.79486e-05 0)
(-1.57874e-06 -1.88825e-05 3.82605e-17)
(-4.38598e-07 -1.70919e-05 -2.09168e-17)
(-5.44069e-07 -1.74672e-05 -9.25591e-18)
(-2.839e-07 -1.66865e-05 1.60303e-17)
(-3.60271e-07 -1.67442e-05 -4.59685e-18)
(-3.01389e-07 -1.61582e-05 9.0858e-18)
(-3.13067e-07 -1.64174e-05 -6.83431e-18)
(-4.04394e-07 -1.56396e-05 1.11556e-18)
(-2.63213e-07 -1.59756e-05 0)
(-3.47969e-07 -1.50318e-05 -5.50037e-18)
(-1.52233e-07 -1.53068e-05 -1.10943e-18)
(-1.86094e-07 -1.44261e-05 -4.34214e-18)
(-1.66256e-07 -1.47181e-05 1.09381e-18)
(-6.28665e-08 -1.40681e-05 0)
(-1.47032e-07 -1.4169e-05 0)
(-1.8027e-07 -1.40544e-05 2.1376e-18)
(-1.25424e-07 -1.39759e-05 0)
(-1.76472e-08 -1.41834e-05 4.29946e-18)
(-4.85697e-08 -1.42158e-05 1.3113e-25)
(4.40615e-08 -1.38329e-05 0)
(1.87841e-07 -1.40171e-05 0)
(7.32748e-08 -1.36004e-05 2.14195e-18)
(1.92887e-07 -1.37002e-05 -2.13926e-18)
(-1.16863e-07 -1.43318e-05 8.63313e-18)
(-4.41942e-08 -1.38925e-05 8.59282e-18)
(-1.16695e-07 -1.50611e-05 4.35525e-18)
(-1.21912e-08 -1.47116e-05 0)
(-9.97375e-09 -1.53091e-05 2.1671e-18)
(1.35318e-07 -1.52583e-05 3.26601e-18)
(9.55648e-08 -1.5078e-05 -8.62299e-18)
(7.38158e-08 -1.50539e-05 0)
(-1.45327e-08 -1.5018e-05 -1.72437e-17)
(9.30075e-08 -1.49688e-05 8.75303e-18)
(-5.12506e-09 -1.54694e-05 -1.74168e-17)
(-7.7684e-09 -1.52785e-05 3.46792e-17)
(9.7159e-08 -1.54232e-05 2.19886e-18)
(5.93297e-08 -1.55368e-05 6.84574e-19)
(7.19582e-08 -1.52518e-05 -1.09398e-17)
(2.9674e-08 -1.53477e-05 8.77472e-18)
(3.88733e-09 -1.51368e-05 -8.71847e-18)
(-1.55003e-09 -1.51765e-05 8.73451e-18)
(2.35342e-08 -1.50644e-05 1.08608e-18)
(3.17948e-08 -1.50792e-05 0)
(1.59247e-07 -1.50995e-05 0)
(1.00352e-07 -1.50577e-05 0)
(6.80185e-07 -1.5351e-05 9.79652e-18)
(2.94357e-07 -1.52107e-05 -7.60182e-18)
(2.87723e-06 -1.66412e-05 0)
(1.42731e-06 -1.57997e-05 -4.3679e-18)
(9.53451e-06 -2.21687e-05 1.99814e-17)
(6.56539e-06 -1.82047e-05 -3.63055e-17)
(1.60546e-05 -2.94999e-05 4.23202e-20)
(2.63655e-06 9.01546e-05 -6.84788e-18)
(5.91473e-06 7.59349e-05 4.37042e-18)
(1.9494e-07 9.88664e-05 4.42826e-18)
(9.23012e-07 9.67006e-05 0)
(-1.05999e-06 9.61852e-05 -1.80173e-17)
(-2.49677e-07 9.874e-05 0)
(-6.34487e-06 7.38661e-05 4.6062e-18)
(-2.93453e-06 8.89507e-05 -2.04831e-17)
(-1.08488e-05 4.9802e-05 -2.32154e-18)
(4.55615e-05 6.46927e-05 0)
(4.29612e-05 6.60054e-05 0)
(0.00029264 0.334192 1.14582e-18)
(3.12354e-05 7.32015e-05 3.02725e-16)
(4.18264e-05 6.81367e-05 1.6457e-24)
(4.14402e-05 6.46309e-05 -5.69347e-16)
(-1.00006e-05 7.51635e-05 -6.86918e-16)
(-1.73972e-05 7.43697e-05 0)
(-1.18989e-07 9.82168e-05 1.40222e-16)
(-5.25116e-06 7.24289e-05 3.10682e-16)
(6.4099e-06 8.93667e-05 5.22351e-16)
(6.37471e-06 8.82125e-05 -3.31099e-16)
(-3.76678e-06 9.25065e-05 -3.34086e-16)
(9.38373e-06 8.95258e-05 2.01402e-16)
(-4.33473e-05 8.40601e-05 -2.98607e-16)
(-2.03389e-06 8.86413e-05 -1.67032e-24)
(6.37069e-08 9.97819e-05 -7.37218e-17)
(1.9493e-08 9.96092e-05 1.46932e-16)
(4.49313e-08 9.54473e-05 0)
(5.68747e-08 9.59243e-05 2.96899e-17)
(-1.94994e-08 9.97366e-05 1.46018e-16)
(-9.04818e-08 9.96823e-05 3.16019e-16)
(-1.77895e-06 9.5459e-05 1.68596e-16)
(-4.38071e-08 9.41841e-05 -4.17885e-18)
(-1.28631e-05 -2.07912e-05 -2.01321e-17)
(6.7761e-06 -3.7967e-07 -4.15676e-18)
(2.38238e-07 -1.40345e-05 -1.32444e-17)
(3.90435e-05 3.00672e-05 -1.96339e-24)
(3.20892e-05 5.40969e-05 7.67174e-16)
(-3.89076e-05 5.09281e-05 3.83916e-16)
(-4.13307e-05 4.32828e-05 1.34556e-24)
(-9.83634e-06 -2.006e-05 -1.64575e-25)
(-0.000235563 0.334157 -6.73855e-20)
(4.64703e-05 5.39155e-05 1.6209e-16)
(4.26009e-05 3.54526e-05 -2.30997e-17)
(-9.32889e-06 8.83957e-05 -6.41892e-17)
(1.27808e-05 -1.53231e-06 1.83983e-17)
(-3.9112e-05 6.87567e-05 -1.42451e-16)
(-5.84675e-06 9.17766e-05 6.75319e-17)
(-3.56934e-06 9.42338e-05 -3.47131e-17)
(-5.22024e-08 9.93313e-05 0)
(-3.04077e-05 6.99671e-05 -5.83437e-16)
(9.1042e-07 9.36401e-05 -3.38199e-16)
(2.20065e-06 9.51981e-05 1.64162e-16)
(-9.26237e-06 7.36881e-05 3.18075e-16)
(9.47335e-08 9.93988e-05 0)
(3.84788e-08 9.86088e-05 7.15625e-17)
(-4.50217e-07 9.86998e-05 -2.88729e-26)
(0.000476511 0.426185 -1.07683e-18)
(0.000517894 0.426532 0)
(3.90688e-05 7.60604e-05 0)
(6.84679e-07 9.86192e-05 0)
(3.3921e-05 8.41612e-05 -2.62379e-16)
(-7.86916e-06 -2.94311e-06 -9.95123e-18)
(-7.1086e-08 9.87222e-05 -2.64875e-16)
(2.02845e-05 7.64867e-05 -2.87049e-16)
(8.21391e-06 7.25946e-05 3.82736e-24)
(6.47738e-06 8.94898e-05 3.44491e-16)
(2.04438e-09 9.95113e-05 6.57699e-18)
(-3.68731e-05 7.91337e-05 0)
(-3.77797e-05 0.000100345 -1.2044e-16)
(1.50947e-08 9.98819e-05 -1.47662e-16)
(-2.22004e-08 9.5712e-05 -3.29391e-17)
(-2.26607e-08 9.98836e-05 1.50846e-16)
(-2.17374e-06 9.55717e-05 0)
(3.54734e-06 -1.5897e-05 6.82192e-17)
(-1.15796e-05 2.44459e-05 0)
(-7.60361e-06 2.07862e-06 1.25957e-16)
(-6.76666e-06 7.35052e-05 -2.25429e-17)
(-1.02498e-05 5.11206e-05 3.68553e-17)
(-1.34295e-06 9.55068e-05 -9.889e-18)
(-3.44582e-06 8.81433e-05 -3.33429e-18)
(4.97629e-07 9.77722e-05 2.19883e-18)
(-2.72014e-07 9.81634e-05 2.1939e-18)
(4.38839e-06 8.4553e-05 0)
(1.82442e-06 9.39715e-05 -8.85557e-18)
(1.11899e-05 4.31896e-05 1.98375e-17)
(8.13952e-06 6.71344e-05 -1.14449e-18)
(1.10285e-05 1.80407e-05 -5.89964e-19)
(9.37938e-07 -9.88488e-06 -1.44781e-17)
(-7.32341e-06 -6.46485e-06 9.81587e-18)
(1.47512e-05 -1.91746e-05 0)
(8.81164e-06 -1.55795e-05 -2.37549e-18)
(1.14466e-05 -1.83317e-05 1.79954e-17)
(1.55535e-05 -1.99062e-05 0)
(3.7558e-06 -1.44003e-05 -1.3035e-17)
(7.17448e-06 -1.62109e-05 1.77793e-17)
(1.15643e-06 -1.3467e-05 6.66182e-20)
(2.09529e-06 -1.37373e-05 -4.31903e-18)
(4.95492e-07 -1.35468e-05 1.26746e-17)
(7.80712e-07 -1.35927e-05 -4.22452e-18)
(5.03908e-07 -1.33894e-05 2.02896e-26)
(3.6471e-07 -1.35167e-05 -2.58957e-17)
(1.45327e-06 -1.27043e-05 0)
(5.9713e-07 -1.31085e-05 1.68414e-17)
(5.33604e-06 -9.20525e-06 3.7657e-17)
(2.88425e-06 -1.13504e-05 -3.13388e-17)
(1.33195e-05 -3.49467e-07 0)
(8.92513e-06 -5.64364e-06 8.32612e-18)
(2.5129e-05 1.36644e-05 0)
(1.85272e-05 6.10426e-06 1.65213e-17)
(3.3029e-05 2.14635e-05 6.54159e-17)
(-5.02765e-05 5.97392e-05 -4.63392e-16)
(-3.15646e-05 2.30084e-05 -1.8146e-16)
(-3.71952e-05 3.34466e-05 1.81843e-16)
(-1.61291e-05 3.33592e-06 0)
(-2.39057e-05 1.27277e-05 0)
(-6.17115e-06 -8.15661e-06 4.7774e-17)
(-1.03808e-05 -3.51709e-06 0)
(-1.678e-06 -1.23998e-05 8.04575e-18)
(-3.52895e-06 -1.0872e-05 -6.39866e-17)
(-1.7829e-07 -1.31983e-05 0)
(-1.02626e-06 -1.3167e-05 -6.08696e-18)
(-1.2788e-07 -1.34412e-05 -1.45276e-17)
(-8.03286e-07 -1.34592e-05 0)
(-6.82367e-07 -1.3506e-05 2.53823e-17)
(-1.01489e-06 -1.34029e-05 1.77588e-17)
(-3.39001e-06 -1.44709e-05 -4.29771e-18)
(-1.7136e-06 -1.35749e-05 -1.706e-17)
(-1.15228e-05 -1.8305e-05 -2.23787e-18)
(-6.54257e-06 -1.5755e-05 8.82825e-18)
(-1.55976e-05 -2.07239e-05 -1.84238e-17)
(-1.55997e-05 -2.06491e-05 0)
(-2.26495e-06 -1.21189e-05 -9.46867e-18)
(-9.82667e-06 -1.76878e-05 1.86096e-17)
(-4.44697e-05 0.130423 0)
(-0.000368983 0.334551 1.17935e-18)
(-0.000162603 0.224087 -3.37076e-20)
(-1.50901e-06 0.0287766 2.33678e-27)
(-1.03617e-05 0.0649919 -1.47525e-20)
(2.88886e-07 0.00407647 0)
(6.04936e-07 0.011284 -6.74239e-20)
(1.56882e-07 0.0004735 9.43267e-19)
(2.53633e-07 0.00137112 -1.07817e-18)
(1.82235e-08 0.000121669 0)
(5.09446e-08 0.000197437 1.34721e-19)
(3.57267e-10 0.000100468 0)
(5.11075e-09 0.000103716 0)
(-1.2088e-08 9.99738e-05 2.15605e-18)
(-2.34391e-09 0.000100041 -4.30954e-18)
(-2.20245e-07 9.95096e-05 0)
(-5.5429e-08 9.9868e-05 0)
(-1.9962e-06 9.60681e-05 0)
(-7.30093e-07 9.84782e-05 0)
(5.30772e-05 6.2074e-05 0)
(0.000197082 0.425668 1.38419e-22)
(0.000336989 0.425884 5.38192e-19)
(-9.71132e-05 0.42556 0)
(0.000140238 0.425552 -2.94272e-20)
(-0.000278056 0.425855 -4.20505e-21)
(-0.00023234 0.425646 4.20343e-21)
(-0.000443459 0.426485 0)
(-0.000456578 0.42616 0)
(1.80886e-05 6.60583e-05 -7.84133e-18)
(2.3149e-05 5.85488e-05 1.6142e-17)
(8.15687e-06 8.48425e-05 1.78835e-17)
(1.28881e-05 7.59029e-05 0)
(2.0064e-06 9.60953e-05 6.51749e-18)
(4.424e-06 9.1681e-05 -4.40086e-18)
(2.28334e-07 9.94969e-05 -1.07717e-18)
(7.47248e-07 9.84635e-05 -3.2357e-18)
(1.24949e-08 9.99722e-05 -5.3785e-18)
(5.80989e-08 9.98625e-05 4.30177e-18)
(-4.57417e-10 0.000100467 1.07555e-18)
(2.19213e-09 0.00010004 2.15129e-18)
(-1.68679e-08 0.000121678 0)
(-4.24092e-09 0.000103716 -2.15406e-18)
(-3.76185e-08 0.000473761 -2.69554e-19)
(-2.88284e-08 0.000197478 0)
(-2.88815e-07 0.00407848 5.39362e-19)
(-7.41894e-08 0.00137199 5.39289e-19)
(9.2529e-07 0.0287873 -1.07897e-18)
(-1.38768e-07 0.0112887 -5.05737e-19)
(5.55763e-05 0.130465 -1.34866e-19)
(1.14873e-05 0.0650142 1.04539e-18)
(0.000328926 0.334618 -1.01122e-18)
(0.000165756 0.224143 1.07858e-18)
(-1.07334e-05 -1.86965e-05 5.87743e-17)
(5.38907e-06 -1.54223e-05 0)
(-8.81801e-06 -1.63494e-05 -3.88542e-17)
(6.3336e-05 8.23711e-05 -1.29303e-16)
(8.68369e-06 -2.00095e-05 1.89788e-17)
(8.6291e-06 2.91614e-06 -1.86165e-17)
(1.57109e-06 -1.34948e-05 1.91051e-17)
(1.19987e-09 9.95574e-05 0)
(-1.2073e-05 -1.76118e-05 8.35192e-17)
(-1.41781e-05 -1.9002e-05 -9.82395e-17)
(-4.85874e-06 -1.42601e-05 -9.62891e-18)
(-8.41837e-06 -1.57499e-05 -7.80499e-17)
(-1.36237e-06 -1.28011e-05 -3.73425e-17)
(-2.58495e-06 -1.33638e-05 3.79346e-17)
(-6.67725e-07 -1.26543e-05 -4.58366e-18)
(-1.03125e-06 -1.27372e-05 0)
(-5.77898e-07 -1.26436e-05 1.59198e-17)
(-7.31132e-07 -1.26187e-05 -1.82417e-17)
(-5.30064e-07 -1.27915e-05 4.49314e-18)
(-5.69122e-07 -1.28296e-05 -4.50971e-18)
(-4.60585e-07 -1.29687e-05 0)
(-5.3034e-07 -1.29508e-05 0)
(-4.00081e-07 -1.31286e-05 4.39478e-18)
(-4.53492e-07 -1.30018e-05 -2.21009e-18)
(-2.50141e-07 -1.31663e-05 2.71573e-19)
(-3.64682e-07 -1.31106e-05 2.18511e-18)
(-2.47804e-07 -1.32675e-05 -3.22082e-18)
(-2.81495e-07 -1.31755e-05 1.88902e-18)
(-1.80555e-07 -1.32832e-05 -2.14354e-18)
(-2.33904e-07 -1.32742e-05 0)
(-1.49109e-09 -1.32356e-05 0)
(-1.10888e-07 -1.33391e-05 0)
(8.53786e-08 -1.32744e-05 -2.14193e-18)
(8.50695e-08 -1.32446e-05 -2.14864e-18)
(1.09774e-07 -1.31076e-05 -6.42658e-18)
(1.4621e-07 -1.31483e-05 4.28069e-18)
(1.93543e-08 -1.31472e-05 -2.46568e-27)
(-9.97881e-09 -1.31501e-05 -9.15061e-26)
(3.33942e-08 -1.31232e-05 0)
(4.14295e-08 -1.31584e-05 0)
(1.1351e-07 -1.32191e-05 -4.33094e-18)
(1.61574e-07 -1.31538e-05 -4.33871e-18)
(1.37922e-07 -1.31406e-05 0)
(1.41974e-07 -1.30636e-05 7.57412e-18)
(3.33444e-08 -1.30762e-05 0)
(1.09443e-07 -1.31016e-05 1.35202e-19)
(1.43954e-08 -1.30982e-05 8.69684e-18)
(1.34068e-09 -1.30899e-05 -1.08316e-17)
(7.87433e-08 -1.30457e-05 0)
(-5.40294e-09 -1.30422e-05 -5.45942e-19)
(8.81953e-08 -1.30076e-05 2.18328e-18)
(1.71548e-08 -1.30565e-05 0)
(4.91667e-08 -1.30503e-05 -1.85021e-17)
(-1.44352e-08 -1.30338e-05 8.71239e-18)
(6.142e-08 -1.31126e-05 0)
(2.62844e-08 -1.30834e-05 8.69414e-18)
(2.29038e-07 -1.31583e-05 0)
(1.3099e-07 -1.31336e-05 0)
(1.01925e-06 -1.33012e-05 -5.44153e-18)
(4.49469e-07 -1.32108e-05 4.34247e-18)
(4.41767e-06 -1.44178e-05 8.86409e-18)
(1.93529e-06 -1.36696e-05 0)
(1.20749e-05 -1.89115e-05 3.32144e-17)
(7.68502e-06 -1.62727e-05 -9.17295e-18)
(1.59686e-05 -1.99254e-05 -3.88062e-17)
(1.61644e-05 -1.94504e-05 1.46447e-17)
(2.35121e-07 -1.10809e-05 -5.7671e-17)
(8.2902e-06 -1.68106e-05 1.91809e-17)
(1.07169e-05 4.95045e-05 -2.66444e-17)
(1.1966e-05 2.37111e-05 3.62347e-17)
(3.64124e-06 8.73986e-05 2.4647e-18)
(7.1209e-06 7.22056e-05 -4.38826e-18)
(3.26068e-07 9.80995e-05 4.42099e-18)
(1.4334e-06 9.52054e-05 0)
(-1.62859e-06 9.45228e-05 4.48175e-18)
(-4.1955e-07 9.79175e-05 0)
(-7.57556e-06 6.97247e-05 -4.57593e-18)
(-3.99434e-06 8.59065e-05 1.3579e-17)
(-1.21927e-05 2.09842e-05 -4.67967e-18)
(-1.11761e-05 4.63737e-05 0)
(-2.65815e-06 -1.37902e-05 -1.01707e-17)
(-8.99476e-06 1.33876e-06 2.36407e-18)
(-3.24369e-05 6.51449e-05 -3.14769e-16)
(3.01444e-05 5.90784e-05 9.39763e-24)
(3.83414e-05 7.82116e-05 2.90425e-16)
(3.50064e-05 6.88022e-05 2.97358e-16)
(2.51056e-05 5.24523e-05 0)
(2.18002e-05 5.45203e-05 1.84484e-24)
(4.54353e-05 4.72017e-05 -1.6429e-16)
(-7.55299e-06 8.80735e-05 -1.06218e-16)
(-4.4779e-06 9.14549e-05 3.55536e-17)
(-3.89322e-08 9.95755e-05 0)
(-1.86152e-05 7.2643e-05 -2.71753e-16)
(2.08519e-06 9.53667e-05 -3.23602e-16)
(2.45564e-06 9.56061e-05 -1.60103e-16)
(-8.72831e-07 9.65316e-05 -3.24755e-16)
(-1.86025e-05 7.6708e-05 0)
(6.37513e-06 -2.90454e-06 7.95758e-17)
(-3.25089e-05 9.26568e-05 3.59504e-16)
(3.28872e-06 7.66027e-05 3.06784e-16)
(-1.21038e-05 8.37997e-05 6.97786e-17)
(3.71154e-08 9.98618e-05 -1.48029e-16)
(1.37675e-08 9.96728e-05 -1.44475e-16)
(2.99349e-08 9.87606e-05 6.94701e-17)
(-4.38914e-08 9.89435e-05 3.1947e-17)
(-1.70847e-08 9.98414e-05 1.43252e-16)
(-1.10463e-07 9.96766e-05 3.08223e-27)
(-5.51429e-07 9.86554e-05 2.01775e-25)
(-7.70137e-07 9.86228e-05 4.45515e-16)
(-8.52529e-06 -2.91066e-06 1.20773e-16)
(-5.12972e-05 7.3505e-05 -1.3202e-24)
(5.78256e-06 -7.46191e-06 -9.69657e-18)
(-0.000550302 0.426821 -2.75994e-22)
(0.000533365 0.42689 -6.73626e-20)
(-2.06853e-05 0.000132956 -5.45963e-26)
(3.80811e-05 8.75351e-05 6.60879e-24)
(2.98522e-05 8.24522e-05 0)
(-1.84905e-05 7.93607e-05 1.47339e-16)
(6.74251e-07 9.86177e-05 -1.60445e-16)
(1.54367e-07 9.96134e-05 1.65503e-16)
(-1.78939e-06 -8.19102e-06 0)
(-5.69912e-06 -6.96655e-06 3.87983e-17)
(-9.4209e-09 9.985e-05 -7.24784e-17)
(-2.08498e-06 8.03161e-05 6.97309e-16)
(-9.17946e-06 8.59027e-05 -3.33913e-16)
(-1.58265e-07 0.000142976 -2.96096e-16)
(1.19951e-06 0.000144284 2.86032e-16)
(-2.56952e-06 0.0001443 -1.15344e-16)
(-1.23488e-06 0.000144273 0)
(8.67802e-06 8.24701e-05 -3.09348e-24)
(-8.31201e-06 8.4152e-05 -1.81881e-17)
(-3.2526e-06 9.47214e-05 4.82693e-16)
(-3.00242e-08 9.97426e-05 0)
(-4.23299e-06 7.66532e-05 -2.72149e-16)
(2.459e-06 9.58805e-05 3.18432e-16)
(-1.18341e-06 9.77871e-05 3.09287e-16)
(-2.66586e-05 8.34233e-05 -3.24861e-16)
(1.60462e-05 8.34669e-05 0)
(-2.47912e-05 6.36154e-05 -1.83591e-16)
(-3.05463e-05 6.68515e-05 -1.75071e-16)
(-1.68155e-05 3.30157e-06 1.24547e-16)
(-4.16247e-05 7.76814e-05 3.03138e-24)
(-1.3061e-05 7.47447e-05 3.78696e-17)
(-1.32385e-05 7.91332e-05 1.47014e-16)
(-3.56126e-05 7.09316e-05 5.10908e-16)
(1.04482e-08 9.99111e-05 -2.34645e-26)
(2.2495e-08 9.88767e-05 3.3204e-17)
(-2.52188e-08 9.99066e-05 0)
(-6.60391e-07 9.86593e-05 -1.53773e-16)
(-9.10104e-06 2.66511e-05 0)
(-7.0178e-06 6.42299e-06 -7.79403e-17)
(-6.78628e-06 7.06479e-05 1.12158e-18)
(-9.10906e-06 4.97313e-05 1.60158e-17)
(-1.69159e-06 9.37642e-05 1.37477e-18)
(-3.90361e-06 8.54561e-05 8.29847e-19)
(6.69998e-07 9.6544e-05 -2.1876e-18)
(-3.69607e-07 9.70715e-05 2.73832e-19)
(4.90891e-06 8.14139e-05 1.11078e-18)
(2.26642e-06 9.18523e-05 1.32012e-17)
(9.35655e-06 4.28115e-05 -2.00623e-17)
(7.92462e-06 6.4293e-05 1.85918e-17)
(2.61128e-06 6.39888e-06 7.06852e-18)
(7.41337e-06 2.17817e-05 -1.16391e-18)
(-2.10472e-06 -6.23736e-06 2.41676e-17)
(-1.34186e-06 -6.54888e-06 9.60867e-18)
(-6.73475e-06 -6.70206e-06 -3.96088e-17)
(1.2369e-05 -1.6212e-05 -1.62219e-17)
(4.68445e-06 -1.19606e-05 2.11977e-17)
(1.35551e-05 -2.03789e-05 -4.49822e-17)
(1.56453e-05 -1.94681e-05 9.15801e-18)
(4.71666e-06 -1.90506e-05 4.37122e-18)
(9.01184e-06 -1.99451e-05 8.90397e-18)
(9.03071e-07 -1.8441e-05 6.97235e-18)
(2.0573e-06 -1.86189e-05 4.85927e-18)
(4.55154e-07 -1.86155e-05 0)
(4.4375e-07 -1.84935e-05 -8.48878e-18)
(6.29817e-07 -1.83057e-05 2.91027e-26)
(3.18291e-07 -1.84894e-05 -1.6708e-17)
(2.47477e-06 -1.7201e-05 -1.05243e-18)
(1.10574e-06 -1.79329e-05 1.67924e-17)
(8.84925e-06 -1.33824e-05 -2.10033e-18)
(4.88528e-06 -1.55824e-05 -2.10837e-18)
(1.97838e-05 -5.11278e-06 0)
(1.37647e-05 -9.86926e-06 -4.22506e-18)
(3.13179e-05 7.64092e-06 -3.3086e-17)
(2.58386e-05 2.46551e-07 4.64325e-25)
(3.94986e-05 2.68865e-05 -3.31459e-25)
(3.72129e-05 1.58949e-05 -4.99385e-17)
(4.55304e-05 3.45475e-05 -3.86438e-17)
(-4.72628e-05 3.40289e-05 1.22453e-16)
(-5.07045e-05 4.48935e-05 -2.03948e-24)
(-4.88676e-05 6.00166e-05 2.24953e-16)
(-3.70648e-05 1.56085e-05 -6.31581e-17)
(-4.26104e-05 2.43453e-05 6.25023e-17)
(-2.33532e-05 3.95812e-07 -1.60463e-17)
(-3.06202e-05 7.93211e-06 0)
(-9.97964e-06 -1.04911e-05 6.47627e-17)
(-1.61024e-05 -5.84664e-06 -6.45284e-17)
(-2.88865e-06 -1.58411e-05 -6.51937e-17)
(-5.70004e-06 -1.37885e-05 6.49111e-17)
(-6.64131e-07 -1.7328e-05 4.11029e-18)
(-1.48582e-06 -1.69519e-05 2.0493e-18)
(-1.48427e-07 -1.79855e-05 -2.08539e-18)
(-4.95124e-07 -1.78424e-05 0)
(-9.8012e-07 -1.8123e-05 -1.68623e-17)
(-5.65831e-07 -1.78974e-05 2.10257e-18)
(-4.42899e-06 -1.88463e-05 2.14515e-18)
(-1.96859e-06 -1.80182e-05 1.70487e-17)
(-1.37654e-05 -2.12756e-05 2.21891e-18)
(-8.6579e-06 -1.99318e-05 -6.52465e-18)
(-1.35844e-05 -1.87134e-05 -1.36689e-17)
(-1.62818e-05 -2.12091e-05 1.90989e-17)
(1.46558e-06 -8.36147e-06 0)
(-5.74958e-06 -1.4737e-05 0)
(6.26819e-06 -8.52417e-06 3.07906e-25)
(-0.000457612 0.427135 -1.07796e-18)
(-0.000262189 0.334897 -3.37048e-20)
(-0.0001481 0.224383 3.37079e-20)
(-5.73865e-05 0.130621 0)
(-1.54458e-05 0.0650937 1.08522e-18)
(-1.77048e-06 0.0288205 -1.60124e-18)
(5.26232e-07 0.0113005 1.11234e-18)
(7.82341e-07 0.00408229 -5.39249e-19)
(3.78811e-07 0.00137314 1.07835e-18)
(1.71888e-07 0.000474184 -1.14555e-18)
(6.58017e-08 0.000197647 1.01066e-18)
(2.13338e-08 0.000121729 -1.07791e-18)
(5.28863e-09 0.000103729 -1.34732e-19)
(1.2902e-11 0.000100469 -1.61687e-18)
(-4.16588e-09 0.000100034 2.15627e-18)
(-2.04076e-08 9.99403e-05 4.31586e-18)
(-8.7644e-08 9.97423e-05 -2.16299e-18)
(-3.19334e-07 9.91241e-05 -6.31601e-27)
(-9.6203e-07 9.7533e-05 3.24603e-26)
(-2.3708e-06 9.42269e-05 8.83318e-18)
(-4.7818e-06 8.86077e-05 0)
(-8.03693e-06 8.06237e-05 0)
(-1.14147e-05 7.12485e-05 -3.81794e-17)
(-1.41982e-05 6.2336e-05 -1.99979e-17)
(-1.62421e-05 5.59292e-05 0)
(-1.90446e-05 5.33773e-05 0)
(-1.65019e-05 5.28308e-05 1.49689e-24)
(6.11164e-05 5.8413e-05 0)
(-3.52961e-05 7.15752e-05 -1.67961e-16)
(0.000669359 0.527445 5.2165e-19)
(0.000691554 0.527179 1.68206e-20)
(0.000569424 0.526919 5.5502e-19)
(0.000470125 0.526694 -1.05894e-18)
(0.00027227 0.526552 7.73004e-19)
(0.000123331 0.526461 1.30226e-19)
(-9.73575e-05 0.526441 6.72233e-20)
(-0.000259584 0.526532 -2.68875e-19)
(-0.000409959 0.526675 -5.37821e-19)
(-0.00055312 0.526886 8.40754e-21)
(-0.000637891 0.527125 5.21449e-19)
(-0.000615996 0.527377 -1.06873e-18)
(-0.00059115 0.527628 1.58243e-18)
(-3.99234e-05 0.000105218 1.91071e-24)
(1.98526e-05 5.5705e-05 -9.46469e-17)
(1.54888e-05 6.29475e-05 -1.13564e-18)
(1.17848e-05 7.18502e-05 2.25197e-18)
(8.16588e-06 8.08803e-05 -4.44886e-18)
(4.92073e-06 8.8511e-05 -5.49861e-18)
(2.47312e-06 9.4056e-05 -1.08873e-18)
(1.01516e-06 9.74225e-05 1.08007e-18)
(3.38676e-07 9.90764e-05 3.2329e-18)
(9.30199e-08 9.97265e-05 -4.30742e-18)
(2.12579e-08 9.99362e-05 2.69095e-18)
(4.09679e-09 0.000100033 -1.0766e-18)
(-8.12773e-11 0.000100469 -1.07712e-18)
(-4.85166e-09 0.000103731 -1.0771e-18)
(-1.84648e-08 0.000121741 1.61619e-18)
(-4.72789e-08 0.000197717 2.69485e-19)
(-1.20838e-07 0.000474485 8.08663e-19)
(-2.55376e-07 0.00137424 -1.07853e-18)
(-3.96344e-07 0.00408546 0)
(5.48745e-08 0.0113087 -1.045e-18)
(2.93682e-06 0.0288395 1.07885e-18)
(1.67423e-05 0.0651334 0)
(5.33873e-05 0.130692 1.14611e-18)
(0.000147509 0.22449 -1.14623e-18)
(0.000289764 0.335029 -1.112e-18)
(0.000464835 0.427264 2.29084e-18)
(0.000542449 0.527733 -3.38705e-20)
(-3.51951e-05 8.5358e-05 -4.83444e-16)
(3.22255e-05 9.59285e-05 1.38554e-16)
(-1.94033e-05 5.89956e-05 -1.96383e-16)
(3.60628e-06 8.93815e-05 -1.74375e-24)
(-2.22542e-07 9.96092e-05 2.63713e-16)
(-2.85526e-05 0.000125259 0)
(-4.82282e-05 0.000140673 -7.60622e-17)
(2.6864e-07 9.82463e-05 1.44909e-24)
(6.70284e-07 9.87651e-05 -3.01603e-16)
(1.51305e-07 9.969e-05 -6.15492e-26)
(-1.95341e-05 0.000111095 2.02837e-16)
(-3.21033e-09 9.95084e-05 2.20379e-18)
(-3.66279e-06 0.000136762 1.30539e-16)
(3.02237e-08 9.54229e-05 1.62085e-25)
(1.22317e-05 0.000111599 8.82311e-24)
(-2.3508e-05 9.60435e-05 -2.02159e-16)
(-7.0559e-06 8.15249e-05 -6.06926e-16)
(-4.0135e-05 7.27044e-05 4.90022e-16)
(-5.3536e-05 0.000101972 4.45184e-16)
(2.80304e-07 0.000139527 7.46517e-18)
(8.14575e-06 0.000146307 -5.73831e-17)
(-2.0276e-05 7.36747e-05 -2.18946e-16)
(-2.01676e-05 5.37429e-05 2.47745e-27)
(-1.74023e-05 6.51416e-05 0)
(-2.93374e-05 7.68827e-05 2.49437e-16)
(1.78248e-05 9.04538e-05 -3.53961e-24)
(-1.37126e-06 0.000137447 -6.58622e-17)
(1.06833e-05 0.000137565 -2.91284e-17)
(1.87971e-06 0.000144227 -1.28223e-16)
(-3.36829e-06 0.000144839 9.73351e-17)
(1.24837e-05 7.85443e-05 7.54222e-16)
(3.01445e-08 9.99084e-05 2.17843e-16)
(5.86431e-09 9.98097e-05 -1.00835e-16)
(1.17546e-08 9.97244e-05 -1.38477e-16)
(-1.43397e-08 9.99043e-05 -1.38165e-16)
(-1.58702e-07 9.96849e-05 3.91513e-16)
(-1.32169e-07 9.96774e-05 2.0791e-25)
(2.57587e-05 5.73158e-05 1.57014e-16)
(3.09954e-05 6.38693e-05 -3.0775e-16)
(3.62185e-05 7.25929e-05 -2.93827e-16)
(4.14333e-05 8.01587e-05 -8.48799e-16)
(4.46576e-05 8.8101e-05 2.77704e-16)
(4.22842e-05 9.64521e-05 1.3791e-16)
(-1.7261e-07 9.56214e-05 -6.16086e-17)
(-2.20772e-05 6.93064e-05 0)
(-8.56423e-06 8.44056e-05 9.30998e-17)
(1.33286e-08 9.92889e-05 3.45811e-17)
(4.49893e-05 9.03726e-05 0)
(3.44843e-05 0.000101298 0)
(5.20129e-06 -5.83861e-06 4.08635e-17)
(8.00388e-06 -3.3119e-06 -1.99791e-17)
(6.64506e-07 -5.83546e-06 6.06442e-19)
(-4.47362e-06 7.38134e-06 7.12301e-18)
(-8.54049e-06 2.33596e-05 -7.01229e-18)
(-9.48869e-06 4.48114e-05 0)
(-7.50831e-06 6.62366e-05 9.07914e-18)
(-4.5093e-06 8.27007e-05 -1.80188e-17)
(-2.05181e-06 9.24488e-05 -4.46549e-18)
(-5.77543e-07 9.67227e-05 0)
(4.29637e-07 9.69885e-05 0)
(1.78472e-06 9.33872e-05 0)
(4.05925e-06 8.45882e-05 -2.19595e-18)
(7.02537e-06 6.9182e-05 1.08785e-25)
(9.28025e-06 4.82251e-05 0)
(8.78796e-06 2.61234e-05 0)
(4.73373e-06 9.09627e-06 -9.33565e-18)
(-3.17042e-07 -6.92683e-06 2.90008e-17)
(-9.7193e-06 -1.62304e-07 0)
(-1.80424e-06 -1.08451e-05 -7.90785e-17)
(-9.61064e-06 -7.68047e-06 0)
(-3.65451e-06 -8.52394e-06 3.80528e-17)
(2.89194e-06 -1.324e-05 -1.88397e-17)
(1.16963e-05 -1.72917e-05 -3.74734e-17)
(1.62586e-05 -2.05881e-05 1.39201e-17)
(1.50159e-05 -2.09545e-05 -4.58366e-18)
(1.02197e-05 -1.99645e-05 4.50264e-18)
(5.77171e-06 -1.87198e-05 -2.19954e-18)
(2.45036e-06 -1.79405e-05 2.18817e-18)
(1.15257e-06 -1.76877e-05 -8.69356e-18)
(3.96916e-07 -1.75947e-05 4.34049e-18)
(2.37478e-07 -1.75888e-05 -4.47235e-18)
(1.27605e-07 -1.75916e-05 4.33662e-18)
(8.66326e-08 -1.75423e-05 0)
(6.87687e-08 -1.7506e-05 -3.79836e-18)
(6.92484e-08 -1.74128e-05 5.43059e-18)
(5.08012e-08 -1.73708e-05 -4.34895e-18)
(4.93521e-08 -1.72912e-05 3.81024e-18)
(9.47377e-09 -1.72828e-05 0)
(1.34287e-08 -1.72185e-05 0)
(-1.35657e-08 -1.7181e-05 0)
(1.57782e-08 -1.72402e-05 -9.77039e-18)
(4.42523e-08 -1.72927e-05 2.0589e-17)
(4.46723e-08 -1.73721e-05 -8.65586e-18)
(5.45863e-08 -1.74108e-05 -2.70788e-19)
(2.50242e-08 -1.74653e-05 5.41517e-19)
(-2.71259e-08 -1.74402e-05 -3.24462e-18)
(2.00061e-08 -1.75299e-05 4.33169e-18)
(-6.10147e-09 -1.75726e-05 0)
(-3.00647e-08 -1.77184e-05 4.31995e-18)
(2.18249e-08 -1.79709e-05 4.31206e-18)
(-1.86368e-08 -1.81849e-05 8.59932e-18)
(6.56308e-09 -1.84383e-05 -6.43205e-18)
(-1.39653e-08 -1.85661e-05 0)
(2.3047e-08 -1.86449e-05 2.0068e-18)
(-2.20902e-08 -1.87175e-05 -2.14265e-18)
(-4.15355e-08 -1.86693e-05 4.28862e-18)
(-1.72903e-08 -1.85811e-05 0)
(-1.62657e-08 -1.86325e-05 -2.59716e-19)
(-4.44047e-08 -1.86147e-05 -2.68056e-19)
(-6.05314e-08 -1.86012e-05 8.04602e-19)
(-7.58864e-08 -1.85375e-05 5.3775e-19)
(-1.26386e-07 -1.83949e-05 1.34765e-19)
(-7.73837e-08 -1.82371e-05 -6.7679e-19)
(-1.83611e-07 -1.80128e-05 5.43826e-19)
(-9.42897e-08 -1.78375e-05 -4.37789e-18)
(-2.73114e-07 -1.74899e-05 4.40383e-18)
(-7.21409e-08 -1.7249e-05 0)
(-2.6524e-07 -1.69898e-05 0)
(-1.2848e-07 -1.67288e-05 -2.23749e-17)
(-2.71893e-07 -1.65292e-05 4.26344e-17)
(-2.04526e-07 -1.62337e-05 -3.37871e-17)
(-3.07314e-07 -1.60703e-05 1.58237e-17)
(-4.59288e-07 -1.58896e-05 4.55656e-18)
(-8.96234e-07 -1.56281e-05 0)
(-1.77378e-06 -1.56223e-05 0)
(-3.65939e-06 -1.59332e-05 -7.95956e-17)
(-6.87162e-06 -1.65107e-05 4.74322e-18)
(-1.08663e-05 -1.72271e-05 6.08297e-25)
(-1.40253e-05 -1.75103e-05 1.57261e-16)
(-1.39843e-05 -1.67093e-05 -7.77128e-17)
(-1.0768e-05 -1.37739e-05 9.67485e-17)
(0.000860542 0.514858 -5.55081e-19)
(0.000736259 0.515028 -1.61551e-18)
(-0.00027381 0.427418 0)
(-0.000302493 0.527837 -1.04396e-18)
(1.34462e-05 1.0972e-05 -5.57898e-17)
(-2.40318e-05 9.344e-05 4.89659e-16)
(-6.27474e-05 9.16903e-05 5.7992e-25)
(-2.74401e-06 -1.19524e-05 1.59909e-24)
(2.68348e-06 -3.53805e-06 -7.38342e-17)
(2.36755e-05 7.17711e-05 0)
(-1.43819e-05 7.90635e-05 1.91999e-16)
(-1.16417e-05 -3.94821e-06 0)
(-3.23459e-06 -3.4252e-07 -4.18551e-17)
(5.617e-07 1.24851e-05 2.11225e-17)
(4.71838e-06 2.871e-05 0)
(6.29315e-06 4.81015e-05 -2.72281e-22)
(5.47413e-06 6.72634e-05 8.85003e-18)
(3.5702e-06 8.22794e-05 0)
(1.73524e-06 9.16117e-05 0)
(4.34079e-07 9.57133e-05 -2.20358e-18)
(-6.32103e-07 9.53171e-05 0)
(-2.03617e-06 9.02898e-05 -4.45505e-18)
(-3.95806e-06 7.9806e-05 0)
(-5.78471e-06 6.36794e-05 0)
(-6.21719e-06 4.42116e-05 0)
(-3.9099e-06 2.54313e-05 2.32064e-18)
(8.69981e-06 -2.15409e-06 -4.0893e-17)
(4.5545e-06 -9.41805e-07 -5.82137e-17)
(4.90959e-07 1.08396e-05 3.77808e-17)
(1.23074e-05 5.77737e-06 -4.283e-17)
(1.1336e-05 1.17774e-05 -3.86168e-17)
(6.7811e-06 1.57785e-05 3.70978e-17)
(2.77295e-06 1.45809e-05 -1.82628e-17)
(-7.93921e-06 1.28868e-05 -4.50225e-18)
(-1.29223e-05 1.04058e-05 -1.11021e-18)
(-1.32853e-05 9.49761e-06 -1.09621e-18)
(-9.396e-06 9.88329e-06 -1.08277e-18)
(-5.24421e-06 1.08723e-05 2.14421e-18)
(-2.44902e-06 1.15005e-05 -2.13888e-18)
(-1.304e-06 1.15059e-05 0)
(-7.2966e-07 1.18351e-05 -4.22393e-18)
(-5.35893e-07 1.1619e-05 -1.05226e-18)
(-8.87597e-07 1.17478e-05 0)
(-1.17191e-06 1.22228e-05 -4.15905e-18)
(-2.27833e-06 1.27456e-05 2.07501e-18)
(-4.05439e-06 1.37302e-05 0)
(-7.24816e-06 1.54989e-05 0)
(-1.17521e-05 1.79738e-05 8.25253e-18)
(-1.77169e-05 2.0958e-05 5.76969e-17)
(-2.51671e-05 2.44912e-05 -3.29693e-17)
(-3.36328e-05 2.90091e-05 0)
(-4.19735e-05 3.54013e-05 0)
(-4.859e-05 4.34359e-05 0)
(-5.45457e-05 5.34694e-05 -1.30422e-16)
(-6.25378e-05 7.84636e-05 -3.84746e-16)
(-5.94139e-05 6.56009e-05 3.83607e-16)
(-1.97004e-06 8.98805e-05 5.15312e-16)
(4.66167e-05 9.42695e-05 0)
(6.29803e-05 5.76035e-05 -1.54652e-16)
(5.38843e-05 4.85166e-05 1.9288e-16)
(4.83809e-05 3.96092e-05 -6.61747e-17)
(3.88296e-05 3.05285e-05 -3.34677e-17)
(2.99943e-05 2.46359e-05 3.38116e-17)
(2.21611e-05 2.09773e-05 0)
(1.56018e-05 1.84714e-05 2.9939e-17)
(1.04743e-05 1.59766e-05 -3.17671e-17)
(6.27992e-06 1.43172e-05 2.12339e-18)
(3.28529e-06 1.29897e-05 1.59748e-18)
(1.71576e-06 1.21219e-05 0)
(9.60014e-07 1.17748e-05 6.63933e-20)
(6.74006e-07 1.15293e-05 8.78985e-18)
(5.80568e-07 1.15487e-05 -9.09572e-18)
(6.92763e-07 1.16185e-05 0)
(1.17171e-06 1.16539e-05 -7.54033e-18)
(2.44688e-06 1.12466e-05 -2.15917e-18)
(5.37568e-06 1.09547e-05 4.3757e-18)
(9.02989e-06 1.04059e-05 -8.861e-18)
(1.21633e-05 1.07239e-05 1.34855e-17)
(1.14529e-05 1.20482e-05 9.07523e-18)
(6.76595e-06 1.4631e-05 -2.29895e-18)
(-2.53815e-06 1.59221e-05 0)
(-1.15681e-05 1.17999e-05 3.9166e-17)
(-6.0432e-06 1.60984e-05 -3.79055e-17)
(-4.29075e-05 8.34986e-05 -2.58122e-26)
(-8.28755e-06 -5.62758e-06 0)
(-4.21137e-06 -3.46553e-06 -9.64709e-18)
(-1.34932e-06 9.46404e-06 -4.67759e-18)
(2.72408e-06 2.46862e-05 2.30949e-18)
(5.39098e-06 4.34431e-05 4.56352e-18)
(5.66481e-06 6.26486e-05 4.49962e-18)
(4.0832e-06 7.88914e-05 -8.89199e-18)
(2.15309e-06 8.97731e-05 8.3249e-26)
(6.9496e-07 9.51404e-05 0)
(-3.99265e-07 9.57852e-05 -1.36581e-18)
(-1.7071e-06 9.19726e-05 0)
(-3.56609e-06 8.30994e-05 1.76809e-17)
(-5.50215e-06 6.86082e-05 0)
(-6.24082e-06 4.94899e-05 -9.12057e-18)
(-4.61067e-06 2.90318e-05 0)
(-4.15734e-08 1.22592e-05 0)
(2.46274e-06 -7.2701e-06 8.95563e-26)
(8.64079e-06 -4.15332e-06 0)
(2.12206e-08 9.91228e-05 3.30049e-17)
(-7.46198e-06 1.14563e-05 3.84837e-17)
(-9.5976e-06 1.55486e-05 -7.46748e-17)
(-3.85045e-06 1.56515e-05 5.50296e-17)
(5.46029e-06 1.43737e-05 -4.56536e-17)
(1.2041e-05 1.16027e-05 0)
(1.35432e-05 1.01797e-05 4.51043e-18)
(1.05513e-05 1.00355e-05 -4.4338e-18)
(6.30895e-06 1.08039e-05 0)
(2.89116e-06 1.166e-05 0)
(1.31932e-06 1.19358e-05 0)
(4.76645e-07 1.2146e-05 0)
(2.89103e-07 1.21032e-05 -4.19904e-18)
(1.77585e-07 1.2136e-05 4.40017e-18)
(1.5331e-07 1.2159e-05 0)
(1.37923e-07 1.21692e-05 -5.42123e-19)
(1.4231e-07 1.22179e-05 4.34018e-18)
(1.35889e-07 1.22485e-05 1.7094e-28)
(1.18515e-07 1.22583e-05 -8.14936e-18)
(6.66204e-08 1.22728e-05 8.69646e-18)
(4.00961e-08 1.23563e-05 4.35476e-18)
(2.00943e-08 1.24033e-05 -1.74306e-17)
(-3.76586e-08 1.23137e-05 9.76386e-18)
(-1.52148e-08 1.22844e-05 -5.42049e-18)
(-1.77941e-08 1.22056e-05 4.86988e-18)
(1.05131e-08 1.21979e-05 0)
(5.61226e-08 1.2201e-05 -5.42144e-19)
(-2.79825e-08 1.21285e-05 -5.41493e-19)
(-3.52798e-08 1.215e-05 0)
(-1.07517e-07 1.21127e-05 0)
(-2.17625e-07 1.20083e-05 -4.3154e-18)
(-2.47458e-07 1.18725e-05 -4.31087e-18)
(-2.75928e-07 1.17442e-05 4.30186e-18)
(-2.22932e-07 1.16072e-05 1.07319e-18)
(-1.43247e-07 1.15497e-05 -2.14402e-18)
(-3.21135e-08 1.14879e-05 1.33925e-19)
(1.2835e-08 1.14761e-05 2.14386e-18)
(5.10401e-09 1.15063e-05 -5.36131e-19)
(-2.55061e-09 1.15377e-05 -1.07241e-18)
(-3.85069e-08 1.15344e-05 -8.38137e-21)
(-7.37304e-08 1.15373e-05 -6.70622e-20)
(-7.59185e-08 1.15337e-05 -2.68442e-19)
(-5.50445e-08 1.15802e-05 1.07518e-18)
(-4.34809e-08 1.16565e-05 -1.34709e-18)
(5.99e-08 1.177e-05 2.43213e-18)
(2.17422e-08 1.18602e-05 8.42501e-27)
(1.02049e-07 1.19972e-05 -4.35684e-18)
(-6.41595e-08 1.21061e-05 4.37842e-18)
(9.85967e-08 1.24004e-05 -8.82662e-18)
(-1.10108e-07 1.25436e-05 -8.85831e-18)
(-7.74769e-08 1.2644e-05 1.77834e-17)
(-1.70681e-07 1.2862e-05 -2.00997e-17)
(-1.55308e-07 1.29317e-05 1.90241e-17)
(-2.65331e-07 1.31081e-05 -5.56557e-26)
(-4.53999e-07 1.3138e-05 -3.61526e-17)
(-9.88958e-07 1.32709e-05 7.28783e-17)
(-2.1452e-06 1.32005e-05 -3.66933e-17)
(-4.38552e-06 1.28492e-05 4.63479e-18)
(-7.58318e-06 1.26712e-05 7.00374e-17)
(-1.06144e-05 1.26182e-05 -7.79487e-17)
(-1.16504e-05 1.32729e-05 -7.85189e-17)
(-9.03923e-06 1.43836e-05 7.65375e-17)
(-2.62521e-06 1.48014e-05 -1.929e-17)
(4.25133e-06 1.52887e-05 -7.86154e-17)
(1.08033e-05 1.35301e-05 8.59874e-17)
(-8.14957e-06 8.69397e-05 3.34039e-16)
(2.51819e-05 9.58598e-05 0)
(1.43469e-05 -6.28738e-06 -4.53982e-16)
(-1.25275e-06 -3.75039e-06 1.9868e-16)
(3.27298e-05 0.000107538 4.07292e-16)
(3.68455e-05 0.000123483 -2.65116e-16)
(4.14996e-05 0.000108733 -1.38711e-16)
(4.03377e-05 9.49777e-05 -1.42494e-16)
(3.4938e-05 8.35929e-05 5.76929e-16)
(2.8793e-05 7.47534e-05 -9.38336e-27)
(2.30203e-05 6.58991e-05 5.17648e-24)
(1.84036e-05 5.786e-05 4.89774e-16)
(9.72925e-06 5.24275e-05 4.16335e-16)
(1.17573e-05 5.33828e-05 -3.79754e-16)
(9.51421e-06 5.26483e-05 -3.89917e-17)
(9.963e-06 6.0322e-05 1.82887e-17)
(8.43951e-06 6.89434e-05 -1.12033e-18)
(6.40003e-06 7.79095e-05 6.65303e-18)
(4.2596e-06 8.58662e-05 -2.19214e-18)
(2.398e-06 9.21148e-05 6.53048e-18)
(1.08843e-06 9.62963e-05 -1.08132e-18)
(3.94844e-07 9.85663e-05 1.07811e-18)
(1.16018e-07 9.9544e-05 1.34622e-19)
(2.81635e-08 9.98837e-05 5.38277e-19)
(5.70125e-09 0.000100021 2.6919e-19)
(5.6262e-11 0.000100469 0)
(-6.35193e-09 0.000103748 0)
(-2.71338e-08 0.000121825 -1.88594e-18)
(-9.06899e-08 0.000198021 5.38997e-19)
(-2.58039e-07 0.000475494 0)
(-7.05805e-07 0.00137725 1.07846e-18)
(-1.73501e-06 0.00409422 -1.14602e-18)
(-3.28633e-06 0.0113318 -1.8815e-27)
(-5.55501e-06 0.028895 0)
(-2.24155e-06 0.0652508 -4.214e-21)
(1.6487e-05 0.130905 0)
(0.000343546 0.427568 9.77248e-19)
(0.000178009 0.335381 -3.33597e-20)
(7.55091e-05 0.224799 -1.011e-18)
(-1.50177e-07 9.96856e-05 -4.23257e-16)
(-2.76867e-08 9.99217e-05 -1.39999e-16)
(7.48453e-09 9.9769e-05 6.62386e-17)
(8.49735e-09 9.99331e-05 1.37984e-16)
(4.93283e-05 0.000116068 0)
(6.86582e-08 7.37989e-05 3.44903e-16)
(-7.33433e-06 0.000140813 0)
(4.02449e-06 0.000146743 1.51254e-17)
(1.46809e-06 0.000152559 9.97839e-18)
(-7.69662e-07 0.000151362 1.75755e-26)
(-5.56427e-06 0.000147047 -7.14478e-17)
(-1.60572e-05 0.000138022 -1.99833e-17)
(2.21225e-05 0.000103799 -6.80427e-16)
(-2.83619e-05 7.2305e-05 -3.19269e-16)
(-1.99255e-05 5.77878e-05 -2.23874e-17)
(-1.94288e-05 6.91104e-05 -2.34434e-24)
(-0.000783255 0.514793 0)
(-0.000825125 0.514624 -5.7161e-19)
(-0.000684202 0.51446 3.36098e-20)
(-0.000563672 0.514315 5.37604e-19)
(-0.000302013 0.514215 2.68727e-19)
(-0.000119705 0.514166 -5.0381e-20)
(0.000146115 0.514179 -1.3435e-19)
(0.000351972 0.51423 -2.68741e-19)
(0.000619657 0.514338 3.02439e-19)
(0.000708166 0.514487 5.37829e-19)
(0.000891513 0.514663 1.68121e-20)
(7.66603e-06 7.57109e-05 -1.06521e-15)
(-5.08348e-06 9.33718e-05 0)
(-2.32766e-06 0.000145711 -5.4512e-17)
(-6.66623e-06 0.000147341 -7.18218e-18)
(-5.75413e-05 0.000108114 1.42412e-16)
(-2.09245e-05 5.44296e-05 1.51585e-16)
(-6.77303e-06 7.06347e-05 -1.25369e-16)
(3.19081e-08 9.63822e-05 -3.32669e-17)
(-3.08713e-05 0.000122749 2.4035e-16)
(-3.7519e-05 0.000109866 0)
(-3.28129e-05 9.20515e-05 3.69978e-16)
(3.53258e-06 0.000120581 2.47433e-16)
(-2.99609e-05 7.52782e-05 -1.90985e-16)
(-2.37544e-05 6.87445e-05 0)
(-1.01876e-05 5.13448e-05 0)
(-1.02953e-05 5.12026e-05 2.1596e-17)
(-1.01569e-05 5.40996e-05 2.04624e-17)
(-9.4311e-06 6.01706e-05 2.96542e-17)
(-8.04976e-06 6.86149e-05 4.72977e-18)
(-6.17117e-06 7.78376e-05 1.38091e-17)
(-4.0664e-06 8.61438e-05 0)
(-2.24423e-06 9.24539e-05 -2.21769e-18)
(-1.0077e-06 9.65137e-05 -6.57851e-18)
(-3.65408e-07 9.86621e-05 -2.17747e-18)
(-1.07975e-07 9.95757e-05 2.16759e-18)
(-2.6694e-08 9.9892e-05 -1.08121e-18)
(-5.7145e-09 0.000100022 0)
(-2.5888e-10 0.000100469 -5.39377e-19)
(6.19219e-09 0.000103748 1.34799e-19)
(2.64768e-08 0.000121816 -1.07831e-18)
(8.93582e-08 0.000197965 1.11197e-18)
(2.62801e-07 0.000475233 -1.01098e-18)
(7.07443e-07 0.00137634 3.37069e-20)
(1.68865e-06 0.00409128 1.11229e-18)
(3.57882e-06 0.0113236 -3.37075e-20)
(5.33665e-06 0.0288747 1.06183e-18)
(4.58858e-06 0.0652073 -1.07882e-18)
(-6.29448e-06 0.130824 0)
(-6.57093e-05 0.224678 1.07849e-18)
(-0.000165495 0.335231 -1.07871e-18)
(-3.1983e-05 6.53712e-05 -1.62828e-16)
(-4.57598e-05 6.84276e-05 -2.48942e-16)
(3.15006e-06 8.93394e-05 -2.75952e-16)
(-1.54358e-05 8.84581e-05 1.66686e-16)
(-3.85232e-05 0.00011704 8.43256e-17)
(-7.71e-06 0.000127873 2.84163e-17)
(-2.00361e-07 9.92626e-05 2.87281e-16)
(6.11272e-07 9.87483e-05 2.96149e-16)
(-4.94897e-09 9.95127e-05 0)
(-2.20526e-08 8.67334e-05 -6.21075e-18)
(4.06353e-06 -4.21802e-06 7.10543e-19)
(-0.000753619 0.514964 -8.46935e-21)
(0.000438929 0.527962 3.36818e-20)
(1.14753e-07 9.9733e-05 -1.33945e-16)
(-1.1328e-06 0.000110836 2.27565e-16)
(-1.4703e-05 0.000103733 1.86959e-16)
(-3.11539e-05 6.13284e-05 -2.6199e-16)
(0.000624769 0.515191 -8.41722e-21)
(-0.000509703 0.515109 1.06895e-18)
(5.85456e-06 -5.83197e-07 0)
(-1.57134e-05 8.27895e-05 -2.66782e-16)
(7.89973e-06 0.000130128 0)
(-1.76241e-05 0.000122984 -9.23199e-17)
(-6.97822e-06 8.84987e-05 -3.44448e-16)
(2.26624e-08 9.99372e-05 -1.32095e-16)
(-9.6071e-09 9.99442e-05 6.44258e-17)
(-4.3857e-05 0.000148344 8.95507e-17)
(-9.22902e-06 -1.92265e-06 -1.99877e-16)
(-1.03148e-08 9.82273e-05 -6.533e-18)
(-7.3646e-05 8.71065e-05 -6.79497e-16)
(-1.55501e-08 9.82422e-05 8.73837e-18)
(-1.04562e-05 0.000118643 -2.23883e-16)
(7.40605e-08 9.96855e-05 -5.26531e-16)
(8.84811e-05 0.000154039 4.26422e-16)
(-6.00153e-06 9.65038e-05 4.67838e-16)
(-3.66911e-05 6.01786e-05 2.96998e-16)
(-0.00019024 0.335501 -1.06997e-18)
(-0.000348769 0.528071 3.3688e-20)
(-0.000300304 0.427667 1.07843e-18)
(-4.75792e-05 0.130981 -1.07855e-18)
(-0.00011118 0.224902 1.07884e-18)
(-1.63376e-06 0.0289155 -1.06184e-18)
(-1.31246e-05 0.0652933 1.07036e-18)
(6.19366e-07 0.00409778 -2.20785e-18)
(3.48013e-07 0.0113407 1.09554e-18)
(1.29499e-07 0.000475965 1.07852e-18)
(2.90446e-07 0.0013786 -1.68578e-20)
(1.22492e-08 0.000121871 0)
(4.01692e-08 0.00019818 3.37019e-20)
(-8.27953e-10 0.000100468 1.34919e-18)
(2.7889e-09 0.000103758 0)
(-2.49646e-08 9.98393e-05 1.08201e-18)
(-5.65962e-09 0.000100009 -1.08039e-18)
(-3.10243e-07 9.82363e-05 5.44582e-19)
(-9.64924e-08 9.94079e-05 -3.79662e-18)
(-1.66335e-06 9.11682e-05 0)
(-8.04589e-07 9.56744e-05 -2.19209e-18)
(-4.05028e-06 7.63157e-05 -1.37026e-17)
(-2.8089e-06 8.45832e-05 8.97248e-18)
(-6.15408e-06 6.0005e-05 -4.81037e-17)
(-5.26372e-06 6.75593e-05 -9.31061e-18)
(-1.02278e-05 5.13057e-05 -4.0087e-17)
(-7.22704e-06 5.45348e-05 2.93593e-17)
(-2.28147e-05 5.29193e-05 1.68504e-16)
(-1.6161e-05 5.12153e-05 0)
(-3.91665e-05 5.69089e-05 1.68906e-16)
(-3.05234e-05 5.47566e-05 0)
(-5.08456e-05 7.35928e-05 0)
(-4.862e-05 5.93732e-05 8.36366e-25)
(-6.31226e-05 9.75588e-05 0)
(-6.14046e-05 8.53271e-05 0)
(-3.81556e-05 0.000133888 5.89189e-16)
(-5.69523e-05 0.000118093 -1.28609e-16)
(3.65814e-06 0.00015266 1.72298e-16)
(-1.61604e-05 0.000146325 -1.17472e-16)
(2.70646e-05 0.000154434 -2.03528e-16)
(1.33112e-05 0.000153872 -8.69971e-17)
(4.93862e-05 0.000147364 -1.14024e-24)
(0.000987699 0.68597 0)
(0.000888899 0.686463 5.71999e-19)
(0.000968699 0.686238 0)
(0.000708368 0.685583 2.68733e-19)
(0.000859267 0.685758 0)
(0.000205183 0.685409 -3.33092e-24)
(0.000433789 0.685454 -6.71621e-20)
(-0.000385407 0.685449 -5.0374e-20)
(-0.000154669 0.685408 1.67863e-20)
(-0.000805657 0.685751 0)
(-0.000654494 0.685569 3.359e-20)
(-0.000896973 0.686166 3.02589e-19)
(-0.000934512 0.685949 0)
(0.000679753 0.686726 -3.36618e-20)
(-0.000415386 0.515296 5.38836e-19)
(-0.000627983 0.686627 -1.68263e-20)
(-0.000846252 0.686386 -5.3821e-19)
(-2.46327e-05 6.08427e-05 -1.74248e-16)
(-2.81016e-05 6.18665e-05 3.3553e-16)
(1.71119e-05 2.22896e-06 -5.60414e-17)
(-1.19018e-05 0.000133268 7.66815e-17)
(1.31357e-05 0.000116891 -1.10638e-16)
(5.35336e-09 9.99521e-05 1.57897e-16)
(-2.68186e-08 9.99341e-05 -1.27346e-16)
(0.000376157 0.515383 -5.30457e-19)
(0.000269571 0.42779 -1.04453e-18)
(0.000287922 0.528177 1.09506e-18)
(0.000102994 0.225019 0)
(0.000189222 0.335637 1.68517e-20)
(8.58785e-06 0.0653355 4.21391e-21)
(3.5165e-05 0.131058 -8.42744e-21)
(-1.02364e-06 0.0113481 -3.37095e-20)
(3.49063e-07 0.0289346 0)
(-3.51236e-07 0.00137938 0)
(-7.29016e-07 0.00410033 6.74137e-20)
(-4.45557e-08 0.000198223 -6.73774e-19)
(-1.46352e-07 0.00047617 1.07831e-18)
(-3.12109e-09 0.000103757 1.07742e-18)
(-1.33578e-08 0.000121875 2.69437e-19)
(5.58078e-09 0.000100006 -2.69201e-19)
(4.35469e-10 0.000100467 -1.07709e-18)
(1.06541e-07 9.93588e-05 -1.2125e-18)
(2.70872e-08 9.98259e-05 1.04349e-18)
(8.81406e-07 9.53876e-05 -1.08152e-18)
(3.43499e-07 9.80981e-05 5.39433e-19)
(2.9553e-06 8.42549e-05 2.18155e-18)
(1.78315e-06 9.07631e-05 -4.34362e-18)
(5.45846e-06 6.7264e-05 -9.97e-18)
(4.18444e-06 7.62016e-05 -1.21096e-17)
(9.21125e-06 5.24429e-05 5.37184e-17)
(6.84242e-06 5.86271e-05 -1.79084e-17)
(2.00916e-05 4.84576e-05 -1.01063e-24)
(1.40282e-05 4.80859e-05 0)
(3.07803e-05 5.52949e-05 1.71669e-16)
(-1.61353e-05 7.6063e-05 -3.33415e-16)
(4.61584e-05 6.28569e-05 -5.58808e-24)
(3.88125e-05 6.05475e-05 -3.04967e-16)
(6.21542e-05 7.99935e-05 3.35661e-25)
(5.4282e-05 6.9104e-05 -4.36574e-16)
(6.08104e-05 0.0001174 2.78572e-16)
(6.7104e-05 9.61991e-05 1.43826e-16)
(2.17336e-05 0.000148775 -6.84622e-25)
(3.86521e-05 0.000136707 -2.52588e-16)
(-8.23108e-06 0.000153813 3.8065e-25)
(-7.2611e-07 0.000154973 1.02393e-16)
(-2.53418e-05 0.000153493 -4.36234e-25)
(-7.25763e-06 -2.80443e-06 -1.51519e-24)
(-2.08388e-06 -7.09332e-06 6.31907e-16)
(-4.38485e-07 -6.15648e-06 -1.69689e-16)
(-1.04288e-05 -6.1478e-06 0)
(-5.29064e-06 -5.04002e-06 1.89144e-17)
(-1.58835e-06 -4.69385e-06 1.9296e-16)
(-1.15019e-05 -5.17978e-06 0)
(-9.46189e-06 -4.79606e-06 -2.34112e-18)
(-8.50471e-06 -4.83576e-06 0)
(-1.099e-05 -5.37331e-06 3.47888e-18)
(-2.8134e-06 -3.42923e-06 2.26175e-18)
(-5.28586e-06 -4.30128e-06 0)
(-6.57558e-07 -2.46671e-06 -3.68827e-17)
(-1.40225e-06 -2.88104e-06 3.37376e-17)
(-2.18689e-07 -1.93452e-06 -1.10815e-18)
(-3.20551e-07 -2.15943e-06 1.11365e-18)
(-1.7501e-07 -1.6383e-06 0)
(-1.81965e-07 -1.77924e-06 0)
(-1.68477e-07 -1.24881e-06 9.82852e-18)
(-8.32768e-08 -1.43651e-06 -8.77817e-18)
(-6.58155e-08 -9.33585e-07 -1.08446e-18)
(-1.18052e-07 -1.19556e-06 1.08879e-18)
(-8.2001e-08 -6.98427e-07 -1.0787e-18)
(-8.96468e-08 -8.43725e-07 -2.16393e-18)
(-7.71881e-08 -5.63552e-07 -5.37593e-19)
(-9.88062e-08 -6.37506e-07 2.15439e-18)
(-3.13388e-08 -4.8323e-07 -6.70852e-20)
(-5.43641e-08 -5.27129e-07 1.3428e-19)
(-2.66918e-08 -4.23909e-07 1.34087e-19)
(-2.23925e-08 -4.60613e-07 -1.34144e-19)
(-4.98165e-08 -4.22479e-07 -1.03848e-18)
(-4.67346e-08 -4.13334e-07 5.36206e-19)
(-3.93316e-08 -4.79432e-07 0)
(-4.07788e-08 -4.3451e-07 0)
(-2.21923e-08 -6.70173e-07 8.56298e-27)
(-2.79595e-08 -5.79068e-07 1.61075e-18)
(-2.51664e-08 -8.98943e-07 -2.15844e-18)
(-7.63349e-09 -8.09636e-07 -4.07692e-28)
(-6.70393e-08 -1.08742e-06 -2.70515e-19)
(-1.66923e-08 -1.02103e-06 -4.86648e-18)
(-1.05746e-08 -1.0969e-06 4.32977e-18)
(-1.86002e-08 -1.13402e-06 5.41706e-19)
(2.55326e-08 -1.14763e-06 -4.87277e-18)
(-3.36164e-09 -1.15247e-06 4.33172e-18)
(3.04363e-08 -1.20394e-06 0)
(4.97549e-08 -1.16421e-06 2.71037e-19)
(-3.00465e-08 -1.24889e-06 -3.39235e-20)
(1.38823e-08 -1.21853e-06 0)
(6.55211e-08 -1.18528e-06 0)
(2.32117e-08 -1.24632e-06 0)
(7.234e-08 -1.07904e-06 0)
(5.39368e-08 -1.1249e-06 -2.71102e-19)
(9.05335e-08 -1.00445e-06 0)
(8.28276e-08 -1.04024e-06 -1.35417e-19)
(2.85488e-07 -1.04123e-06 2.16662e-18)
(1.38087e-07 -9.96902e-07 -2.23348e-18)
(1.6714e-06 -1.37638e-06 -1.62953e-18)
(6.75374e-07 -1.09615e-06 0)
(7.37812e-06 -2.59513e-06 -2.22159e-18)
(3.81138e-06 -1.8079e-06 5.77794e-19)
(1.37194e-05 -3.32333e-06 0)
(1.16843e-05 -3.27048e-06 3.28968e-18)
(5.46233e-06 -1.90927e-06 8.91158e-18)
(1.11983e-05 -2.70959e-06 0)
(-6.15511e-07 -1.18118e-06 7.14677e-17)
(-1.09152e-06 -3.22236e-06 -3.55338e-17)
(2.74819e-08 9.6631e-05 3.40953e-17)
(6.03831e-06 -1.08304e-05 -7.35371e-17)
(-3.63375e-05 6.6511e-05 5.03956e-16)
(-4.01339e-07 7.44322e-06 0)
(6.30459e-06 -2.55646e-06 -2.29084e-17)
(-2.4267e-06 3.24307e-05 5.63201e-17)
(-8.14589e-07 1.65907e-05 -3.90939e-17)
(-3.50217e-06 6.77625e-05 -4.47958e-18)
(-3.54229e-06 5.0378e-05 -2.7358e-17)
(-1.34403e-06 9.05491e-05 -2.19639e-18)
(-2.53731e-06 8.15724e-05 -1.10731e-17)
(5.63126e-07 9.39355e-05 -1.913e-18)
(-3.33519e-07 9.4633e-05 4.37608e-18)
(2.77731e-06 7.75569e-05 4.41119e-18)
(1.62427e-06 8.83025e-05 -5.47927e-19)
(3.00076e-06 4.51541e-05 -4.51063e-18)
(3.41864e-06 6.24426e-05 -6.6834e-18)
(1.41158e-07 1.37304e-05 4.61905e-18)
(1.67948e-06 2.83747e-05 0)
(-4.20215e-06 -2.3508e-06 -4.00825e-17)
(-1.75911e-07 1.61777e-06 0)
(2.34579e-05 0.00012988 0)
(2.98925e-06 -8.78677e-06 -2.26116e-25)
(1.1469e-05 0.000131047 -3.02557e-16)
(1.97658e-06 -5.03206e-06 5.53319e-17)
(3.61507e-06 -6.75983e-06 3.81472e-17)
(7.75172e-06 -3.52141e-06 0)
(1.62406e-06 -4.75258e-06 0)
(1.27646e-05 -3.20122e-06 -1.33474e-17)
(1.17038e-05 -3.43699e-06 2.02183e-17)
(6.24877e-06 -1.96849e-06 8.73314e-18)
(1.0051e-05 -2.86077e-06 -8.81547e-18)
(1.37827e-06 -7.42631e-07 1.7212e-17)
(3.05726e-06 -1.32984e-06 -6.50137e-18)
(4.27951e-07 -4.9516e-07 5.36159e-19)
(7.18816e-07 -6.13095e-07 -8.59736e-18)
(9.75731e-07 -2.12336e-07 -8.60854e-18)
(6.50654e-07 -4.90256e-07 8.5626e-18)
(4.266e-06 5.87494e-07 1.65635e-17)
(2.19437e-06 2.61689e-07 -1.69327e-17)
(1.19961e-05 2.45489e-06 -3.20631e-18)
(7.53803e-06 1.4936e-06 -2.1323e-18)
(2.43707e-05 4.46753e-06 -4.29938e-18)
(1.75708e-05 3.55653e-06 -2.14438e-18)
(4.26529e-05 9.46408e-06 6.8345e-17)
(3.2432e-05 6.29294e-06 0)
(6.55198e-05 2.84328e-05 -1.25568e-16)
(5.41353e-05 1.60636e-05 6.66662e-17)
(7.51909e-05 6.1253e-05 2.08465e-16)
(7.04089e-05 4.64975e-05 -1.27081e-24)
(7.69436e-05 7.94889e-05 0)
(-7.38978e-05 3.97777e-05 -2.77653e-16)
(-7.65035e-05 6.11388e-05 4.15025e-16)
(-5.53514e-05 1.3692e-05 0)
(-6.56725e-05 2.34583e-05 0)
(-3.51731e-05 5.88374e-06 0)
(-4.51398e-05 8.24159e-06 0)
(-1.90239e-05 3.28847e-06 8.45407e-18)
(-2.64338e-05 4.49435e-06 -1.70184e-17)
(-8.20978e-06 1.23778e-06 0)
(-1.30496e-05 2.18663e-06 -1.0536e-17)
(-2.59172e-06 4.14857e-08 3.36972e-17)
(-4.74705e-06 4.91399e-07 0)
(-6.86172e-07 -5.06516e-07 5.28157e-19)
(-1.22089e-06 -1.43825e-07 -3.37126e-17)
(-8.71334e-07 -6.59193e-07 2.39389e-18)
(-6.07287e-07 -7.21515e-07 1.06047e-18)
(-3.27975e-06 -1.40084e-06 -1.49989e-17)
(-1.47105e-06 -1.02962e-06 0)
(-1.04297e-05 -2.78737e-06 -3.54181e-17)
(-6.20866e-06 -1.92864e-06 3.33957e-17)
(-1.25269e-05 -2.85397e-06 0)
(-1.36682e-05 -3.03106e-06 1.85409e-17)
(-6.63223e-07 -3.54725e-06 5.32774e-17)
(-7.8035e-06 -2.24953e-06 4.42947e-18)
(-6.53144e-06 -9.9017e-06 7.29412e-17)
(2.71134e-07 -1.91049e-06 -3.55757e-17)
(-5.67579e-06 -6.39581e-06 1.54761e-16)
(-4.54488e-08 9.41627e-05 -4.3337e-18)
(1.18088e-05 -6.7283e-06 0)
(1.67796e-06 -2.08664e-06 3.99293e-17)
(3.89307e-07 -1.1636e-05 0)
(-1.23698e-06 1.47605e-05 -1.1106e-16)
(3.82813e-07 2.45712e-06 9.43623e-17)
(-3.54534e-06 4.50983e-05 3.6307e-17)
(-2.69342e-06 2.8429e-05 3.62524e-17)
(-2.86308e-06 7.80411e-05 1.78477e-17)
(-3.7295e-06 6.27351e-05 -3.36935e-17)
(-5.74265e-07 9.40806e-05 1.76472e-17)
(-1.64415e-06 8.86518e-05 -3.32437e-17)
(1.27929e-06 9.02885e-05 -2.19396e-18)
(3.08433e-07 9.46001e-05 3.29655e-18)
(3.47054e-06 6.64496e-05 -3.31606e-18)
(2.45442e-06 8.08613e-05 5.49321e-19)
(2.93166e-06 3.1795e-05 0)
(3.71635e-06 4.88974e-05 0)
(-3.57214e-07 6.48601e-06 -2.01244e-17)
(1.61677e-06 1.7519e-05 2.32853e-17)
(-4.20642e-05 8.89908e-05 -1.30734e-16)
(1.5625e-06 -5.14999e-06 0)
(-8.49398e-05 0.000142297 3.15171e-16)
(-1.23415e-05 -2.30821e-05 -1.65055e-16)
(0.000515356 0.686982 5.3882e-19)
(-0.000516285 0.686881 -5.5557e-19)
(-2.59006e-09 9.82446e-05 -2.1406e-17)
(4.78934e-06 0.000120462 -6.66681e-16)
(-6.7181e-06 3.6782e-06 1.36868e-16)
(-1.10453e-05 -1.68713e-05 -4.09924e-16)
(-2.36244e-06 -6.86847e-07 7.67019e-17)
(-4.33474e-06 -1.21336e-06 5.80623e-19)
(-1.16781e-06 1.4685e-05 -4.10308e-17)
(-2.01583e-07 2.96845e-05 1.79248e-17)
(6.24761e-07 4.77317e-05 1.77053e-17)
(1.0051e-06 6.53614e-05 4.39253e-18)
(8.78353e-07 7.96844e-05 -3.82932e-18)
(5.19803e-07 8.91583e-05 0)
(1.55216e-07 9.35074e-05 7.65675e-18)
(-1.70063e-07 9.28205e-05 -8.77278e-18)
(-4.71158e-07 8.70908e-05 1.98203e-17)
(-5.91188e-07 7.62824e-05 -1.77006e-17)
(-2.39948e-07 6.08657e-05 -2.22341e-18)
(6.68314e-07 4.27044e-05 -3.57674e-17)
(1.73208e-06 2.52051e-05 3.62048e-17)
(2.9878e-06 1.11406e-05 0)
(5.19424e-06 -1.79043e-08 4.44998e-18)
(9.25302e-06 -3.3943e-06 -7.20228e-17)
(1.48197e-05 -3.9242e-06 0)
(5.71813e-06 -2.09382e-07 0)
(-2.66803e-08 9.41256e-05 4.29366e-18)
(-4.43516e-05 9.09488e-05 -1.21876e-16)
(-2.66661e-06 2.82442e-05 0)
(1.31632e-05 1.46856e-05 -1.3374e-16)
(1.39198e-07 2.25318e-05 -3.35305e-17)
(2.24971e-06 1.74915e-05 3.44548e-17)
(-8.24385e-06 1.83053e-05 1.30677e-17)
(-1.16708e-05 1.75655e-05 -1.74431e-17)
(-1.33853e-05 1.70496e-05 0)
(-1.04933e-05 1.68189e-05 1.70253e-17)
(-6.77805e-06 1.69985e-05 -1.62166e-17)
(-3.75592e-06 1.71303e-05 0)
(-1.61313e-06 1.73229e-05 0)
(-1.18701e-06 1.75322e-05 -2.68325e-19)
(-7.08988e-07 1.75445e-05 0)
(-8.91652e-07 1.76727e-05 -3.47725e-17)
(-1.38422e-06 1.76874e-05 3.41978e-17)
(-2.63932e-06 1.7724e-05 0)
(-4.53743e-06 1.77424e-05 6.8534e-17)
(-7.6894e-06 1.783e-05 -6.8709e-17)
(-1.21367e-05 1.79003e-05 2.15507e-18)
(-1.79005e-05 1.79908e-05 0)
(-2.55877e-05 1.83403e-05 -1.40588e-16)
(-3.51038e-05 1.90583e-05 1.44818e-16)
(-4.70603e-05 2.16218e-05 -1.85257e-17)
(-6.04406e-05 2.81111e-05 0)
(-7.63468e-05 3.96245e-05 1.51787e-16)
(-9.31616e-05 5.8701e-05 1.52027e-16)
(-0.000104732 8.31314e-05 -1.4963e-16)
(-0.000109642 0.000112166 1.36867e-16)
(8.81243e-05 0.000135975 -2.46102e-16)
(0.00010202 9.39664e-05 0)
(8.85959e-05 5.76493e-05 1.36231e-16)
(7.44237e-05 3.90112e-05 1.42453e-16)
(6.1557e-05 2.70353e-05 7.21157e-17)
(4.79328e-05 2.12266e-05 -1.07786e-16)
(3.52258e-05 1.90584e-05 3.47348e-17)
(2.52158e-05 1.86134e-05 -3.03787e-17)
(1.76887e-05 1.8543e-05 2.1545e-18)
(1.21247e-05 1.84346e-05 -1.6108e-17)
(7.71455e-06 1.82763e-05 1.71513e-17)
(4.58663e-06 1.80402e-05 -1.71304e-17)
(2.48914e-06 1.79334e-05 8.56043e-18)
(1.1367e-06 1.78135e-05 8.57309e-18)
(7.68965e-07 1.7714e-05 -8.57797e-18)
(5.5091e-07 1.76442e-05 8.58869e-18)
(9.21988e-07 1.75826e-05 4.30246e-18)
(1.75422e-06 1.74369e-05 -4.31261e-18)
(3.53951e-06 1.7189e-05 8.65807e-18)
(6.61951e-06 1.69231e-05 8.78203e-26)
(1.00476e-05 1.67259e-05 -8.75509e-18)
(1.2481e-05 1.66926e-05 1.76204e-17)
(1.14553e-05 1.66739e-05 1.55232e-17)
(7.76534e-06 1.65998e-05 -3.56227e-17)
(-1.62192e-07 1.62265e-05 0)
(-3.81722e-06 1.84194e-05 0)
(-1.36472e-05 1.73633e-05 7.97549e-25)
(-1.34995e-05 2.07536e-05 -8.38317e-17)
(2.87581e-05 0.00013265 6.20379e-25)
(-1.9654e-05 -1.06834e-05 0)
(-4.0956e-06 1.47747e-06 9.69749e-26)
(-8.94297e-06 -8.34003e-06 -7.26398e-17)
(-2.01189e-06 -1.45064e-07 -3.56513e-17)
(-1.22336e-06 9.4818e-06 3.14387e-17)
(-4.18564e-07 2.5874e-05 0)
(3.41824e-07 4.37972e-05 -8.90371e-18)
(7.93352e-07 6.14114e-05 1.10405e-17)
(8.5117e-07 7.64473e-05 0)
(5.7965e-07 8.71221e-05 1.09278e-18)
(2.20196e-07 9.28184e-05 2.72887e-19)
(-1.26032e-07 9.34962e-05 -4.36496e-18)
(-4.89459e-07 8.92543e-05 4.37401e-18)
(-8.3131e-07 8.01709e-05 1.09919e-17)
(-8.89206e-07 6.64353e-05 -2.21936e-17)
(-3.53103e-07 4.87919e-05 1.80034e-17)
(7.31322e-07 2.95938e-05 -3.66776e-17)
(2.51775e-06 1.26718e-05 1.13253e-16)
(5.39586e-06 -4.93204e-07 -7.63394e-17)
(5.61716e-06 -6.42495e-06 0)
(4.11388e-05 7.43147e-05 0)
(-9.63009e-07 2.435e-05 7.55743e-17)
(-1.29503e-05 1.49539e-05 -1.74618e-25)
(-1.76873e-06 2.20503e-05 6.67236e-17)
(-3.26858e-06 1.77239e-05 5.83762e-25)
(6.10491e-06 1.8122e-05 1.74423e-17)
(1.0375e-05 1.72839e-05 0)
(1.30692e-05 1.68148e-05 4.3791e-18)
(1.13606e-05 1.65135e-05 -5.45842e-18)
(7.62182e-06 1.65464e-05 1.08865e-18)
(4.10165e-06 1.67666e-05 -6.11054e-19)
(1.88814e-06 1.6959e-05 6.10329e-19)
(7.97551e-07 1.70696e-05 0)
(3.6156e-07 1.71273e-05 0)
(1.70188e-07 1.71356e-05 0)
(1.01047e-07 1.71334e-05 0)
(8.42036e-08 1.71136e-05 1.35354e-19)
(4.89188e-08 1.70768e-05 0)
(3.09233e-08 1.70345e-05 2.70901e-19)
(3.72998e-08 1.69963e-05 0)
(1.88222e-08 1.69644e-05 0)
(3.25173e-08 1.69354e-05 3.39313e-20)
(1.35029e-08 1.69112e-05 0)
(2.09049e-08 1.69396e-05 0)
(5.03284e-08 1.69863e-05 -4.60803e-18)
(2.66038e-08 1.70236e-05 -1.76791e-29)
(-1.89852e-09 1.70578e-05 4.33174e-18)
(-6.40465e-09 1.7082e-05 0)
(8.83974e-09 1.70676e-05 0)
(-1.18174e-08 1.70807e-05 2.70605e-19)
(-6.85408e-09 1.71291e-05 5.40687e-19)
(-2.24647e-08 1.72473e-05 0)
(-1.35707e-08 1.73796e-05 0)
(-1.68151e-08 1.75204e-05 1.07606e-18)
(-1.76505e-08 1.76313e-05 -2.68595e-18)
(-2.52027e-08 1.77222e-05 1.07324e-18)
(-3.01431e-08 1.77637e-05 0)
(-3.32275e-08 1.77737e-05 -3.35117e-20)
(-3.86487e-08 1.77573e-05 1.07255e-18)
(-3.22519e-08 1.77339e-05 -1.74347e-18)
(-5.24575e-08 1.77086e-05 6.70784e-19)
(-6.72697e-08 1.76887e-05 6.71023e-19)
(-9.14131e-08 1.76572e-05 -1.20836e-18)
(-1.02559e-07 1.76186e-05 1.61235e-18)
(-1.28388e-07 1.75561e-05 -1.07608e-18)
(-1.3291e-07 1.74793e-05 0)
(-1.82915e-07 1.73647e-05 0)
(-1.58811e-07 1.72438e-05 1.08171e-18)
(-1.97057e-07 1.70883e-05 -1.08452e-18)
(-2.37617e-07 1.69548e-05 -9.78755e-18)
(-1.94361e-07 1.67555e-05 8.72594e-18)
(-2.50516e-07 1.65897e-05 1.75024e-17)
(-3.01716e-07 1.64172e-05 -3.51044e-17)
(-3.8206e-07 1.62481e-05 1.75942e-17)
(-5.60985e-07 1.60632e-05 1.10357e-18)
(-9.45974e-07 1.58614e-05 1.10728e-18)
(-1.90694e-06 1.5597e-05 2.22346e-18)
(-3.53931e-06 1.52888e-05 -3.79847e-17)
(-6.16276e-06 1.49572e-05 3.59586e-17)
(-9.15568e-06 1.48039e-05 0)
(-1.10281e-05 1.48776e-05 -1.13642e-18)
(-1.06498e-05 1.52408e-05 0)
(-7.65084e-06 1.59316e-05 2.28471e-18)
(-1.1246e-06 1.63564e-05 0)
(7.59827e-06 1.74835e-05 -3.54384e-17)
(1.36292e-05 1.68707e-05 0)
(1.31536e-05 1.25383e-05 -3.0763e-16)
(1.53299e-05 1.0902e-05 1.61156e-16)
(1.53491e-05 1.42466e-06 -6.47026e-16)
(1.49542e-05 -1.35438e-06 -6.31923e-16)
(1.22194e-05 -4.02277e-06 -1.3106e-24)
(-3.43793e-05 0.000151851 -7.6952e-17)
(-1.70939e-05 0.000184261 7.99157e-17)
(-2.77549e-06 0.000173249 -1.5718e-24)
(4.47324e-06 0.000177476 -1.53118e-16)
(2.99443e-05 0.000190668 9.52916e-25)
(5.55672e-05 0.000173226 0)
(6.92262e-05 0.000141528 -1.60024e-16)
(6.77793e-05 0.000108068 -1.57961e-16)
(5.66457e-05 8.37335e-05 3.03784e-16)
(4.45334e-05 6.89752e-05 0)
(3.25927e-05 5.88792e-05 -5.67816e-16)
(2.19709e-05 5.2536e-05 1.43385e-16)
(1.22634e-05 4.20134e-05 -4.59148e-16)
(4.57896e-06 4.717e-05 -1.4038e-16)
(5.57069e-06 4.23142e-05 1.32773e-16)
(4.78397e-07 4.39574e-05 -3.49192e-17)
(1.45635e-06 4.85731e-05 3.45655e-17)
(1.59785e-06 5.64801e-05 0)
(1.40424e-06 6.5461e-05 0)
(1.23176e-06 7.47397e-05 -7.6353e-18)
(9.50775e-07 8.29789e-05 8.6915e-18)
(6.33591e-07 8.96675e-05 0)
(3.39988e-07 9.45112e-05 0)
(1.41494e-07 9.74608e-05 5.39064e-19)
(4.56639e-08 9.88982e-05 0)
(1.19773e-08 9.94527e-05 3.36518e-20)
(2.29278e-09 9.96645e-05 0)
(-1.56421e-09 0.000100139 0)
(-1.14025e-08 0.000103458 0)
(-4.10542e-08 0.000121679 0)
(-1.38686e-07 0.000198353 9.43322e-19)
(-4.69675e-07 0.000477309 -2.15666e-18)
(-1.5072e-06 0.00138338 1.07854e-18)
(-4.36967e-06 0.00411175 -1.07866e-18)
(-1.13446e-05 0.0113764 1.07873e-18)
(-2.66525e-05 0.0289949 -1.07869e-18)
(-5.553e-05 0.0654467 1.63771e-22)
(-0.000100108 0.131218 2.16583e-18)
(-0.0001482 0.225174 -1.07882e-18)
(-0.000190124 0.335659 1.06153e-18)
(-0.000165676 0.427637 -2.15682e-18)
(-0.00024876 0.527665 1.60057e-18)
(-5.69449e-05 0.514651 -1.07814e-18)
(3.81101e-05 0.686089 5.39038e-19)
(-2.09889e-08 9.99369e-05 2.44256e-16)
(3.2732e-09 9.99648e-05 -8.94914e-17)
(-1.09823e-05 0.000101675 4.86369e-16)
(-2.99277e-06 0.000126508 1.16687e-24)
(-6.92674e-06 9.81729e-06 0)
(1.74222e-05 0.000119692 0)
(-2.72877e-05 5.57171e-05 7.46569e-25)
(-0.000682725 0.472784 -6.79734e-20)
(-0.000751082 0.472575 6.79346e-20)
(-0.000958446 0.472382 0)
(-0.00102764 0.47221 -2.71505e-19)
(-0.00103456 0.472046 0)
(-0.000923945 0.471899 0)
(-0.000716646 0.471769 0)
(-0.000438684 0.471682 0)
(-0.000147386 0.471646 -1.72111e-20)
(0.000195565 0.471647 -6.75181e-20)
(0.000487788 0.471682 1.69463e-19)
(0.000757762 0.471769 -7.20284e-27)
(0.000985671 0.471895 -6.78177e-20)
(0.0010964 0.472054 -1.35691e-19)
(0.0011066 0.472254 1.35758e-19)
(0.00102706 0.472445 1.35828e-19)
(0.000803689 0.472656 -1.35899e-19)
(0.000703607 0.472855 0)
(9.76365e-05 0.472184 0)
(1.27748e-05 7.37338e-05 3.32184e-16)
(1.21776e-05 0.000171455 2.90977e-25)
(-2.43279e-06 0.000174369 3.35132e-17)
(-7.78311e-06 0.000173003 4.16052e-18)
(-3.01306e-05 0.000185027 -6.79332e-17)
(-5.15119e-05 0.000172539 -2.75112e-16)
(-6.48271e-05 0.000144108 -5.74917e-16)
(-6.31e-05 0.00011142 1.42702e-16)
(-5.42898e-05 8.79056e-05 -4.17721e-16)
(-4.10231e-05 6.9737e-05 0)
(-3.35627e-05 5.89607e-05 -1.50249e-16)
(-2.48833e-05 5.34199e-05 -1.49343e-16)
(-1.69294e-05 4.68676e-05 0)
(-1.10398e-05 4.22514e-05 1.46361e-16)
(-5.88028e-06 4.04716e-05 0)
(-3.11298e-06 4.28668e-05 -3.66401e-17)
(-1.82296e-06 4.89781e-05 -2.78288e-17)
(-1.43131e-06 5.67066e-05 3.7138e-17)
(-1.23482e-06 6.53283e-05 1.83405e-17)
(-1.13148e-06 7.46274e-05 -2.25936e-17)
(-8.76249e-07 8.31792e-05 -8.92158e-18)
(-5.74853e-07 9.00222e-05 8.82715e-18)
(-3.00614e-07 9.47973e-05 4.37772e-18)
(-1.22469e-07 9.76131e-05 -2.72062e-18)
(-3.96752e-08 9.89556e-05 1.76198e-18)
(-1.06638e-08 9.94678e-05 -1.35226e-19)
(-2.3768e-09 9.96665e-05 0)
(1.1999e-09 0.000100138 -1.34914e-18)
(1.04597e-08 0.00010346 1.07881e-18)
(3.89175e-08 0.000121686 0)
(1.37018e-07 0.000198366 0)
(4.80874e-07 0.000477313 0)
(1.53364e-06 0.00138334 -1.68535e-20)
(4.50415e-06 0.00411135 1.68542e-20)
(1.19638e-05 0.0113749 -1.68548e-20)
(2.90026e-05 0.0289897 1.07868e-18)
(6.24288e-05 0.0654322 -2.15744e-18)
(0.000117136 0.131186 1.07882e-18)
(0.000175915 0.225115 -1.07849e-18)
(0.000230416 0.335569 1.07032e-18)
(0.000233575 0.427534 1.07829e-18)
(0.000346364 0.527564 -1.11202e-18)
(0.000124295 0.514574 1.68445e-20)
(-1.16611e-05 0.686015 0)
(-8.75012e-05 0.472136 0)
(-7.59766e-06 0.000114409 -1.59035e-16)
(9.78786e-06 0.000103549 2.38913e-16)
(-7.09252e-09 9.99671e-05 6.07976e-17)
(8.47175e-09 9.99474e-05 1.22658e-16)
(-3.3799e-05 5.94756e-05 9.34681e-17)
(1.50019e-06 0.000133688 2.4897e-16)
(1.48671e-07 0.000108361 -1.33621e-16)
(-2.53398e-06 9.00083e-05 2.65794e-16)
(2.03197e-05 -1.84159e-05 0)
(-2.28295e-08 9.99164e-05 -2.45983e-16)
(-2.6899e-05 6.75838e-05 -1.68685e-16)
(5.40863e-05 0.000131461 -1.76363e-24)
(1.98596e-05 1.40672e-05 1.49109e-16)
(-3.88617e-06 8.55778e-05 0)
(1.24467e-05 7.622e-06 6.01785e-16)
(2.23494e-05 1.8157e-07 7.21592e-16)
(4.98691e-05 0.000110578 0)
(2.99503e-05 5.80544e-05 -7.78765e-16)
(-2.51006e-05 -4.61146e-06 7.72636e-16)
(7.73469e-06 -1.05243e-05 3.73938e-16)
(5.59178e-05 0.000177136 -1.09632e-15)
(-1.58514e-05 1.64409e-05 -3.30058e-16)
(3.77714e-05 5.54898e-05 0)
(2.02687e-05 5.132e-05 4.4128e-16)
(-1.93746e-06 8.41276e-05 0)
(-9.20368e-07 9.25726e-05 -3.18589e-16)
(5.14897e-05 7.87985e-05 -5.547e-16)
(4.82755e-05 4.06291e-05 7.656e-16)
(2.81365e-05 6.69291e-05 7.61563e-16)
(5.43331e-06 7.0088e-05 -3.28758e-16)
(2.09448e-05 -7.2149e-06 -8.81152e-16)
(1.21473e-06 9.47002e-05 -1.87853e-16)
(9.95293e-07 9.84929e-05 0)
(4.11756e-06 8.53441e-05 -3.6446e-16)
(-1.90054e-05 8.64626e-05 -8.26075e-24)
(-6.24554e-06 2.38362e-05 0)
(-8.44312e-09 9.97905e-05 0)
(5.53856e-09 9.94909e-05 0)
(7.2367e-06 9.23904e-05 0)
(1.33919e-05 3.13292e-06 -3.64835e-16)
(-4.36599e-05 6.87369e-05 0)
(-2.25036e-05 5.54237e-05 2.28148e-16)
(2.27374e-05 5.12602e-05 -3.22363e-16)
(-3.63943e-05 6.09011e-05 -5.56064e-16)
(-2.40489e-05 -1.06267e-05 7.80879e-16)
(-3.05951e-05 5.54722e-05 0)
(6.14817e-08 9.956e-05 3.56672e-16)
(-9.20099e-07 9.37001e-05 -3.78701e-16)
(-8.78417e-06 -1.55695e-05 0)
(-2.93235e-05 0.000116997 -9.25906e-16)
(-1.67914e-05 -4.27031e-06 3.13882e-16)
(1.57595e-05 0.000141731 9.22979e-16)
(4.60202e-08 9.96746e-05 4.95269e-16)
(-3.83993e-05 8.49637e-05 0)
(2.15005e-05 0.000146817 6.14347e-16)
(1.22647e-05 4.76347e-05 -5.95433e-16)
(-3.18133e-05 0.000108585 5.90362e-24)
(6.96259e-06 -5.2952e-06 0)
(3.62954e-06 0.000131367 3.53189e-16)
(1.63802e-05 4.90154e-05 3.8233e-16)
(2.95e-05 6.64544e-05 -7.31721e-24)
(3.99955e-05 5.80786e-05 -7.94556e-16)
(-1.26429e-05 7.03346e-05 -1.34066e-16)
(1.31757e-06 7.70931e-05 0)
(-4.45249e-07 9.0937e-07 1.14832e-15)
(1.57917e-06 7.88191e-05 3.51455e-16)
(3.37341e-07 5.31088e-05 -6.98075e-16)
(-1.66894e-06 9.44282e-05 -1.82255e-16)
(-1.63539e-06 5.18167e-05 4.19516e-16)
(1.17499e-09 9.97787e-05 7.51506e-16)
(-6.15713e-08 9.76613e-05 0)
)
;

boundaryField
{
    wall
    {
        type            noSlip;
    }
    outlet
    {
        type            zeroGradient;
    }
    frontAndBackPlanes
    {
        type            empty;
    }
}


// ************************************************************************* //
