/*--------------------------------*- C++ -*----------------------------------*\
| =========                 |                                                 |
| \\      /  F ield         | OpenFOAM: The Open Source CFD Toolbox           |
|  \\    /   O peration     | Version:  2212                                  |
|   \\  /    A nd           | Website:  www.openfoam.com                      |
|    \\/     M anipulation  |                                                 |
\*---------------------------------------------------------------------------*/
FoamFile
{
    version     2.0;
    format      ascii;
    arch        "LSB;label=32;scalar=64";
    class       surfaceScalarField;
    location    "0.25";
    object      phi;
}
// * * * * * * * * * * * * * * * * * * * * * * * * * * * * * * * * * * * * * //

dimensions      [1 0 -1 0 0 0 0];

oriented        oriented;

internalField   nonuniform List<scalar> 
4475
(
0.00132182
-0.00126201
0.00201385
-0.0020692
-1.24442e-05
2.83693e-06
-1.20566e-07
9.80743e-06
0.00219933
-0.00284464
0.00116654
-0.00051913
-1.11118e-05
0.00104591
6.13367e-06
-0.00104063
-0.00113935
0.00103918
0.00109222
-0.000991753
0.000963677
-0.000732696
-0.00107946
0.000848893
-0.000303444
0.000292664
0.00144659
-0.00143612
-0.000920614
-0.00120694
0.00107127
0.00105604
0.00108368
-0.00119941
-0.00102357
-0.000913755
-2.21186e-05
0.000135792
0.000800232
-0.000169395
0.00016353
-0.00090818
-0.00104269
0.000144162
-5.85466e-05
0.000957131
-0.00108068
4.23962e-05
-4.32084e-06
-0.00111391
1.87287e-05
1.46474e-05
-0.00113903
1.15338e-05
1.39804e-05
-0.00115098
6.14109e-06
6.15663e-06
1.19472e-05
-0.0011273
-3.53669e-05
0.00110758
-8.56263e-05
-0.00109618
7.42112e-05
0.00115997
-4.03859e-05
0.00114845
1.77475e-05
0.00112152
3.87034e-05
0.00109106
4.94082e-05
0.00106411
6.94766e-05
0.00113586
7.27134e-05
0.000967845
-1.64862e-06
0.000888704
5.71531e-05
0.0010951
0.000144502
-0.000350829
0.00100884
3.30679e-05
5.28861e-05
0.00147962
-0.00150042
-0.000283067
-0.00111835
-9.44252e-05
0.000968506
2.5044e-05
1.5076e-05
0.000937869
2.2715e-05
7.836e-06
0.000913042
2.05491e-05
4.30984e-06
0.000888414
2.16454e-05
3.03001e-06
0.00086705
1.81945e-05
3.13731e-06
0.000844625
1.93737e-05
2.97109e-06
0.000823961
1.8418e-05
2.23175e-06
0.00080421
1.72612e-05
2.57019e-06
0.000786066
1.58969e-05
2.36942e-06
0.000767417
1.70834e-05
1.72266e-06
0.000750949
1.54925e-05
1.08244e-06
0.000734241
1.56898e-05
1.1802e-06
0.000718411
1.49654e-05
1.04429e-06
0.000704051
1.35894e-05
1.00637e-06
1.08392e-05
0.000693432
6.92369e-08
-0.00070386
0.000690182
2.46909e-05
-0.000717764
2.77621e-05
-0.000729692
2.71186e-05
-0.000745086
3.12791e-05
-0.00076062
3.12e-05
-0.000776525
3.31308e-05
-0.000792621
3.20536e-05
-0.000814896
3.96205e-05
-0.000833898
3.74352e-05
-0.000853294
3.88536e-05
-0.000877788
4.28351e-05
-0.000899812
4.38427e-05
-0.000924807
4.56376e-05
-0.000951587
4.93977e-05
-0.000989636
6.2967e-05
-0.00106309
0.00010652
-0.000849563
0.000236109
-0.000449457
-0.00091358
0.000199788
-0.000902344
0.000152359
-0.000947039
9.39377e-05
-4.90631e-05
-0.00103924
3.36574e-05
-0.00107962
3.62794e-05
-0.00111033
4.56519e-05
-0.00113489
3.88852e-05
-0.00114151
1.32856e-05
-0.00115545
-2.09994e-05
1.28553e-05
3.27084e-07
0.000680378
2.12114e-05
0.000682092
0.00116551
-6.69313e-05
-0.00113916
0.00114788
3.55603e-05
0.00112381
6.28699e-05
0.001093
8.05229e-05
0.00107999
8.26226e-05
0.00107184
8.10427e-05
0.00100845
6.16347e-05
0.000983396
8.19317e-05
0.00102408
0.00010375
0.0010016
7.50399e-05
0.000968868
4.76495e-05
0.000940873
3.56671e-05
0.000916378
2.87017e-05
0.000893702
2.55677e-05
0.000872202
2.44738e-05
0.000849792
2.53747e-05
0.000830543
2.1517e-05
0.000810441
2.28883e-05
0.000791816
2.11049e-05
0.000772745
2.0977e-05
0.000756006
1.78503e-05
0.000738577
1.87194e-05
0.000722589
1.71012e-05
0.000706587
1.70991e-05
0.000691594
1.53562e-05
-0.000134002
-0.00112015
0.000157958
1.31114e-05
0.0006788
-0.000211208
-0.0010412
-0.00115255
-9.69754e-05
-0.000685825
0.000674225
3.28687e-05
-0.0006975
3.65488e-05
-0.000706058
3.63807e-05
-0.000721166
4.24682e-05
-0.000733063
4.33152e-05
-0.000747116
4.54279e-05
-0.00076149
4.7612e-05
-0.000780951
5.16998e-05
-0.00079517
5.39544e-05
-0.000813373
5.57297e-05
-0.000834906
6.04734e-05
-0.000855425
6.34551e-05
-0.000877369
6.59365e-05
-0.000901658
7.0023e-05
-0.000929706
7.74275e-05
-0.000960043
9.33092e-05
-0.000980381
0.000126855
-0.000922069
0.000177902
-0.000905997
0.000183594
-0.000922532
0.000168884
-0.000957316
0.000128958
-0.00101421
9.0502e-05
-0.00106139
8.37846e-05
-0.00109577
8.01563e-05
-0.00113042
7.3862e-05
-0.00115476
3.80383e-05
-0.00116809
-7.2321e-06
-0.00114655
0.0016906
-0.00146579
0.00058859
-0.00117595
-0.000356668
0.000944117
-0.000740427
-0.000686352
0.000813611
0.000613204
0.000811877
0.00135712
0.000176934
-0.000277159
-0.00125729
0.00120918
8.08639e-05
0.001165
7.97124e-05
0.00113027
9.76914e-05
0.00110344
0.000107441
0.00108123
0.00010484
0.00106025
0.00010195
0.00102763
9.39054e-05
0.00100694
0.000102397
0.00100503
0.000105389
0.000988535
9.12274e-05
0.000964662
7.14151e-05
0.000939825
6.03125e-05
0.000917767
5.07218e-05
0.000893662
4.93768e-05
0.000873138
4.4889e-05
0.000853082
4.53997e-05
0.00083235
4.23401e-05
0.000812525
4.29282e-05
0.000794237
3.96373e-05
0.000777737
3.76557e-05
0.00076017
3.55697e-05
0.000742756
3.62559e-05
0.000728489
3.14486e-05
0.000714739
3.0991e-05
0.000701107
2.90889e-05
0.000688255
2.61669e-05
-1.20449e-05
0.000677643
2.29665e-05
5.74861e-07
0.000666464
1.22676e-05
0.000668968
2.23484e-05
0.000672137
-0.00104182
0.0009989
-0.00116439
0.000660898
3.56979e-05
-0.00143287
-0.00138218
0.00166656
-0.00121534
0.00182361
0.00102196
-0.00162979
-0.000237033
-0.00112668
0.00131723
-0.000998531
0.00132863
-0.00164879
0.00106632
0.00105098
-0.00107816
-0.00143848
1.98533e-05
0.000298531
-0.00119429
-7.03291e-05
-7.88643e-06
2.07156e-05
0.000665004
2.67831e-06
0.000656095
1.22807e-05
0.00065963
2.25893e-05
0.000661891
2.69054e-05
0.000656629
-0.000689397
-1.86712e-06
0.000718455
-0.000680022
2.66123e-05
-0.000686309
3.9413e-05
-0.000699243
4.98636e-05
-0.000717389
5.50186e-05
-0.000725835
5.13338e-05
-0.000735045
5.29313e-05
-0.000745102
5.58374e-05
-0.000757475
6.02708e-05
-0.000771222
6.56601e-05
-0.000786006
6.89571e-05
-0.000801644
7.15376e-05
-0.000818038
7.70018e-05
-0.00083663
8.22572e-05
-0.000857506
8.68462e-05
-0.000879295
9.18883e-05
-0.000904599
0.000102647
-0.000927055
0.00011572
-0.000938712
0.000138507
-0.000926282
0.000165602
-0.000926194
0.000183642
-0.000928437
0.000171286
-0.000957107
0.000157787
-0.00100326
0.000136715
-0.00104413
0.000124805
-0.00108738
0.000123497
-0.00112562
0.000112201
-0.00116878
8.14623e-05
2.38913e-05
-0.00119948
0.000180125
-0.00013682
-0.00133881
0.00129531
0.00147153
-0.00211747
0.0018937
-0.00124937
0.00102714
-0.000983438
0.00104894
0.00139488
0.000136522
0.000158619
0.00144271
0.000294899
-0.000343092
0.00142459
0.000310455
0.0013812
0.000274797
-0.000231425
0.00133043
0.000230597
0.00130316
0.000211722
-0.000184776
0.00129596
0.000183714
0.00122822
0.00014823
0.00117644
0.000131412
0.00113738
0.000136555
0.00110828
0.00013667
0.00107919
0.000133689
0.00105571
0.000125267
0.0010253
0.000123793
0.00100532
0.000121965
0.000991486
0.000118954
0.000974566
0.000107837
0.000950662
9.5269e-05
0.000928139
8.26402e-05
0.000906885
7.19077e-05
0.000884835
7.12435e-05
0.000863914
6.57093e-05
0.000844465
6.49896e-05
0.000823776
6.33073e-05
0.000806064
6.10449e-05
0.000789833
5.62008e-05
0.000773047
5.47424e-05
0.00075453
5.43142e-05
0.000742414
4.86786e-05
0.000728142
4.60555e-05
0.000716852
4.26512e-05
0.000704524
4.16041e-05
0.000692059
3.89799e-05
0.000679554
3.63757e-05
2.77568e-05
0.000671977
-0.000858734
0.00326412
-0.00222469
-0.000180693
-0.00134118
0.00122492
-0.000969646
0.00100057
0.000589135
-0.000620105
-0.000376346
0.000852361
0.000337677
-0.000813743
-0.00180692
-9.60955e-06
0.000428085
0.001389
-0.00147186
-0.00112671
-0.000185081
-0.00124594
-0.00128614
-0.000162625
0.00131189
-0.000783639
0.000953116
-0.000170911
-0.000725973
-3.05711e-05
-0.000694749
8.39836e-06
-0.000688962
4.4356e-05
-0.000688863
5.509e-05
-0.000706734
6.94293e-05
-0.000720145
6.65176e-05
-0.000731089
6.69124e-05
-0.000741303
7.06622e-05
-0.000753288
7.75916e-05
-0.000766066
8.18552e-05
-0.000781371
8.70495e-05
-0.000796004
9.1915e-05
-0.000812968
9.95279e-05
-0.000831117
0.000105278
-0.00085151
0.000112452
-0.000869938
0.000121196
-0.000888107
0.000134111
-0.000900267
0.000150833
-0.000903676
0.000169242
-0.000907185
0.00018726
-0.000915016
0.000179329
-0.000941078
0.000184224
-0.000979391
0.000175172
-0.00101935
0.000164873
-0.00106146
0.000165542
-0.00110526
0.00015599
-0.00114723
0.000123733
-0.00120778
8.46443e-05
-2.96337e-05
-0.00123973
-0.00115202
-0.00109667
0.00124932
-0.000370146
-0.00187135
0.00171968
0.000526784
0.00149196
0.000291602
-0.001647
0.00147926
0.000307598
0.00145179
0.000337309
0.00140486
0.000321324
0.00135919
0.000275691
0.00132399
0.000246678
0.00128758
0.000219614
0.00123934
0.000196209
0.00118825
0.000181784
0.00115109
0.000173454
0.00111429
0.000172522
0.00108524
0.000162452
0.00105577
0.000153806
0.00102926
0.000149741
0.00100699
0.000143649
0.000988745
0.000136258
0.000969464
0.000126779
0.000950759
0.000113325
0.000931236
0.000101865
0.00090879
9.41708e-05
0.000889977
8.97865e-05
0.000867249
8.82512e-05
0.000848609
8.3841e-05
0.000829402
8.26296e-05
0.00081635
7.42817e-05
0.000798117
7.42387e-05
0.000782705
7.0375e-05
0.000770737
6.62841e-05
0.00076175
5.73474e-05
0.000750741
5.79117e-05
0.000734092
5.85472e-05
0.000722989
5.43471e-05
0.000710719
5.00189e-05
0.000712363
3.66363e-05
0.000724812
1.67502e-05
-1.80147e-05
-2.23786e-05
0.000769374
-1.57766e-05
0.000671434
-5.40996e-06
0.000655083
4.03995e-06
0.000646718
9.21686e-06
0.00065434
2.08372e-05
0.000650345
1.83183e-05
0.000659261
-3.59195e-05
0.000773053
0.00113102
-0.000213097
-0.00104787
-0.000556806
0.000635276
-0.000614027
0.000941054
-0.00209558
0.00176823
-0.0013418
0.00136247
-0.00185482
0.00183415
-0.00175857
-0.00105372
0.00152005
0.00181312
-0.00201117
-0.00087613
0.00102421
0.00112088
-0.00124933
1.20723e-05
-0.000112239
-0.00131228
-0.00105326
-0.00121922
0.00111929
-0.00138798
-0.000900012
0.000529706
-0.00188749
0.00100175
-0.00121536
0.00209881
0.00098301
0.00111044
0.00150314
-0.00154309
0.000332262
0.00144405
0.000366959
0.00141448
0.000366766
0.00137711
0.000358002
0.00133699
0.000314836
0.00129727
0.000285136
0.00125623
0.000259623
0.00121244
0.000239031
0.00117162
0.000221779
0.00113235
0.00021206
0.00110196
0.000202691
0.0010698
0.000193875
0.00104288
0.000180145
0.00101763
0.000174041
0.000997854
0.000162768
0.000976746
0.000156687
0.000959305
0.000143711
0.000938486
0.000133839
0.000917747
0.000122324
0.000893724
0.000117888
0.000873964
0.000109163
0.000853838
0.000108151
0.000835175
0.000102239
0.000820817
9.67451e-05
0.000804277
9.10358e-05
0.000787792
9.10626e-05
0.00077844
7.91515e-05
0.000771426
7.49965e-05
0.00075586
7.1636e-05
0.000743245
7.29828e-05
0.000735191
6.55469e-05
0.000738155
5.22296e-05
0.000760904
2.80122e-05
0.000815929
-1.84174e-05
0.000957277
-0.000122223
0.0011497
-0.000215185
0.00013611
-0.000224109
0.00123796
3.4754e-06
0.000905786
-8.16483e-06
0.000682921
-5.07907e-06
0.000652354
1.11543e-06
0.000640679
9.17288e-06
0.000646202
1.49256e-05
0.000644805
-9.55032e-06
0.00068393
-0.000172071
0.000935845
-0.000225713
0.0011845
-0.00127175
0.0012505
-0.00020457
-0.00124697
-0.000237999
-0.00118544
-0.000232562
-0.000998382
-0.000216236
-0.000830764
-0.000158691
-0.000760656
-2.5185e-05
-0.000730303
2.48124e-05
-0.000714591
5.39631e-05
-0.000715953
6.80236e-05
-0.000733449
8.46088e-05
-0.000749455
8.68927e-05
-0.000761074
8.94498e-05
-0.000769542
9.06616e-05
-0.000785787
0.000103538
-0.000798203
0.000104519
-0.000813072
0.000114642
-0.000826269
0.000118646
-0.000842255
0.000128688
-0.000856249
0.000135335
-0.000870676
0.000148333
-0.000881764
0.000161982
-0.000890626
0.000178129
-0.000899475
0.000196304
-0.000911758
0.000191921
-0.000934536
0.000207191
-0.000963045
0.000203656
-0.000999811
0.000201411
-0.00104053
0.000206087
-0.00108626
0.000201558
-0.0011442
0.000181672
0.000135398
-0.00119479
-0.00119613
-0.0011565
0.00125591
-5.81644e-05
-0.00130357
-0.00149332
-0.000126092
0.00030761
-0.00012363
-0.00106506
-0.00137719
0.00161134
-0.00149784
-0.00101187
0.001555
-0.0009954
-0.000913839
0.00134171
-0.00165782
-0.000433999
0.00172793
0.000301372
-1.93787e-05
0.0015422
0.000311488
-0.00155021
0.00145972
0.000416637
0.00139788
0.000430381
0.00135271
0.00041267
0.00132393
0.000386882
0.00128904
0.000349675
0.0012556
0.000318814
0.0012182
0.000296598
0.00118262
0.000273459
0.00114931
0.000254267
0.00111849
0.00024131
0.00109261
0.000227739
0.00106758
0.000217925
0.0010449
0.000202297
0.00102611
0.000191878
0.00100692
0.000181421
0.000991924
0.000171035
0.000973755
0.000161836
0.000958169
0.00014903
0.000936788
0.000143693
0.000919735
0.000134838
0.00089913
0.000129919
0.000884226
0.000123442
0.0008682
0.000118621
0.000853752
0.000111767
0.000838607
0.00010594
0.000832677
9.95047e-05
0.000813496
9.60631e-05
0.000797237
9.38246e-05
0.000786082
8.08774e-05
0.000799573
5.89336e-05
0.00083056
3.46519e-05
0.000898432
-2.0378e-05
0.00104747
-0.000123167
0.00125744
-0.00023239
0.00135095
-0.000221458
0.00137653
-0.000243313
0.0013671
-0.000219158
0.000252185
0.00130752
-0.00019594
0.000215029
0.00127594
3.89781e-05
0.00109798
1.99334e-06
0.000723711
1.43426e-06
0.00065359
4.90072e-06
0.000637104
7.16298e-06
0.000643865
-3.11203e-07
0.000652321
-4.60958e-05
0.000729789
-0.000210115
0.00109993
-0.000238626
0.00121288
-0.000188892
0.00120056
-0.00120346
0.00117926
-0.0001649
-0.00123505
-0.000173067
-0.00129152
-0.000181834
-0.00132775
-0.000196613
-0.00131389
-0.000230303
-0.00123833
-0.000234542
-0.00104266
-0.000219284
-0.00086093
-0.00015633
-0.000786133
-1.66974e-05
-0.00075425
3.63257e-05
-0.000737262
6.79584e-05
-0.000737032
8.69255e-05
-0.000752365
0.000105054
-0.000771907
0.000110548
-0.000780336
0.000112361
-0.000789641
0.000114221
-0.000800035
0.000125462
-0.000813298
0.000132052
-0.000825184
0.000140729
-0.000837493
0.000147767
-0.000848724
0.000159537
-0.000857423
0.000171086
-0.000866109
0.000186989
-0.0008716
0.000202181
-0.000888954
0.00020957
-0.000905675
0.000224048
-0.000931886
0.000230137
-0.000960715
0.000230437
-0.000996554
0.000241812
-0.00103801
0.000242429
-0.00108872
0.000232048
0.000198825
-0.00115183
-0.00124995
6.71865e-05
-0.00114699
-0.00126852
-0.00117836
-0.00127639
0.0012978
0.00133862
0.0025998
-0.00226755
-0.00167094
-0.00129446
-1.38615e-05
-0.00161155
-0.000542411
0.000287113
-0.00167737
-0.000846064
-0.00165458
-0.0010185
2.0796e-05
-0.000484745
-0.00102901
-0.000565225
-0.00121442
6.97375e-05
-0.0013448
-8.48807e-05
-0.0011383
-0.00142634
-0.00152013
-0.00114534
0.000239727
-0.000194129
0.00126076
0.000224603
0.00128766
0.000169955
0.00115357
2.71025e-05
0.000867798
5.85508e-06
0.000675589
6.81574e-06
0.000636466
3.6116e-06
0.000647022
-2.13952e-05
0.000677634
-0.000184993
0.000893244
-0.0002238
0.00113857
-0.000214134
0.00120305
-0.000182825
0.00116914
-0.00016116
0.00115742
-0.00117507
-0.00014154
0.00115527
-0.00119258
-0.000147694
-0.00121516
-0.000150646
-0.00124033
-0.000156946
-0.00127699
-0.000160467
-0.00133961
-0.000168402
-0.00138375
-0.000191113
-0.00139488
-0.000208703
-0.0013155
-0.000236015
-0.00111533
-0.000218468
-0.000917782
-0.000160503
-0.000831547
-2.00202e-05
-0.000787717
4.35536e-05
-0.00076577
8.34495e-05
-0.000758082
0.000103169
-0.000768875
0.000123526
-0.000789777
0.000135614
-0.000798444
0.000134596
-0.00080452
0.000138514
-0.000817929
0.000154602
-0.000829462
0.000159593
-0.000843827
0.000173947
-0.000854037
0.000181544
-0.000864806
0.000197851
-0.00087161
0.000209422
-0.000881024
0.000219465
-0.000896079
0.000239477
-0.000909539
0.000243806
-0.000931905
0.000252674
-0.000954357
0.000263817
-0.000982623
0.000270552
-0.00102555
0.000275174
0.000263214
-0.00108963
0.000132007
-0.00121645
0.00108089
-0.000893195
-0.00117112
-0.00108514
-0.00143964
0.000825361
0.000124766
-5.04579e-05
-0.000899655
0.00188765
0.000358673
-0.00205351
-0.000178416
0.00135541
0.000529791
-0.00146657
0.00129625
0.000491117
0.00125959
0.000450397
0.00123084
0.000415832
0.00120111
0.000379878
0.00117327
0.00034606
0.00114506
0.000324464
0.00111897
0.000298998
0.00109417
0.000278319
0.00107251
0.000262138
0.0010502
0.000249365
0.00103158
0.000234854
0.00100904
0.000223723
0.00098983
0.0002097
0.000970117
0.000199691
0.00095331
0.00018671
0.000938235
0.000175955
0.00092104
0.000165795
0.000904924
0.000159031
0.000889868
0.00014975
0.000877382
0.000142337
0.000867252
0.000134333
0.000860717
0.000125034
0.000856043
0.000118136
0.000836736
0.000124745
0.000828548
0.00010889
0.000847193
7.72601e-05
0.000878015
6.38653e-05
0.000936068
2.01219e-05
0.00102547
-3.54667e-05
0.00120591
-0.00015112
0.00139471
-0.000229705
0.0014833
-0.000216629
0.00146963
-0.000223949
0.00144065
-0.000196255
0.00137639
-0.000182153
0.00133279
-0.000176086
0.00130717
-0.000171038
0.0012763
-0.00016601
-0.00116705
-0.00136551
0.00135447
-0.00123829
-0.00130626
0.00163449
-0.000217367
0.00017576
-0.00159277
-0.00118629
-0.000137465
-0.00114007
-0.00130842
-7.0985e-05
-0.00117139
0.00115419
-0.000124843
-0.00119088
-0.000128684
-0.0012082
-0.000133498
-0.00123047
-0.000134988
-0.00125224
-0.00013906
-0.00128329
-0.000137968
-0.00133288
-0.000142275
-0.00139452
-0.000147638
-0.00146399
-0.000166887
-0.00148967
-0.00019288
-0.00141501
-0.00023539
-0.00121988
-0.000212002
-0.000981104
-0.000194579
-0.000887504
-9.82626e-06
-0.000837395
5.34092e-05
-0.000808934
9.52066e-05
-0.000792232
0.000119227
-0.000800856
0.000143667
-0.000826267
0.00016449
-0.000836641
0.000165326
-0.000845146
0.000168388
-0.000853373
0.000182314
-0.000860875
0.000189522
-0.000868051
0.000204984
-0.00087239
0.000213816
-0.00088134
0.000228268
-0.000883052
0.000241254
-0.000887037
0.000247911
-0.000898441
0.000264786
-0.000905802
0.000271522
-0.000922436
0.000287623
-0.000952051
0.000304727
-0.00102279
0.000333457
0.0002143
-0.001172
0.00100935
-0.000833597
0.000905224
-0.00155348
-0.000957909
0.000189402
-0.000162598
0.00124507
0.000212256
0.0012356
0.000253444
0.00124737
0.00021481
0.00119308
6.54364e-05
0.00102673
1.55274e-05
0.000726855
5.6148e-06
0.000646128
-5.03287e-06
0.000657932
-5.77154e-05
0.000730165
-0.000207214
0.00104233
-0.00023825
0.00116932
-0.000195821
0.00116044
-0.000176535
0.00114982
-0.000156981
0.00113779
-0.000139148
0.00113736
-0.000125124
0.00113995
0.0013267
-0.000905708
-0.00131429
0.00182958
-0.00116084
0.00180207
-0.000989734
0.00175504
-0.000793166
-0.000441329
-0.000979011
0.000930839
0.00103162
-0.000414317
-0.00149395
-0.000131059
0.0001423
1.77784e-05
-2.78845e-05
-2.81469e-05
-0.000989955
0.001005
0.00121493
0.000532279
-0.00121514
0.00120986
0.000498697
0.0011964
0.000465849
0.00118804
0.000425788
0.00116931
0.000399094
0.00115048
0.000364639
0.00112927
0.000344849
0.00111044
0.000316049
0.0010897
0.000298673
0.00107253
0.000278256
0.00105666
0.00026484
0.00104146
0.000250165
0.0010266
0.000237751
0.00100838
0.000228046
0.000994624
0.000212593
0.000976467
0.000205474
0.000962109
0.00018892
0.000943464
0.000184969
0.000933466
0.000168301
0.000917345
0.000165896
0.000907772
0.000152475
0.000888541
0.000154302
0.000867786
0.000146187
0.000863024
0.00012223
0.000900767
8.75348e-05
0.00095652
4.88504e-05
0.00104133
-5.22281e-06
0.00115675
-5.94249e-05
0.00137029
-0.000204079
0.00151615
-0.000205669
0.00157248
-0.000218758
0.00153504
-0.000185608
0.00150076
-0.000176251
0.00143028
-0.000157552
0.00138689
-0.000153872
0.00135
-0.000146686
0.00132134
-0.000147216
0.00129528
-0.000146349
0.00126806
-0.000141228
0.00124473
-0.000141562
0.000171129
0.0017653
-0.000301852
1.00804e-05
-0.00124027
-0.000789698
0.000415694
-0.0011445
-0.00147372
0.00145166
-0.00115844
-0.00151987
-0.00129797
-0.00137387
-0.00157547
-0.000971854
0.00233003
0.00309135
-0.0011459
-0.00280397
0.00109395
-7.89529e-05
-0.00136639
0.000412615
-0.00122215
0.00108784
0.000787703
-0.000843611
-0.000626655
-0.00116131
0.000740443
0.000592459
-0.000857478
-0.000355842
0.000620806
-0.00102437
-0.00292324
0.00113906
0.00280864
-0.00115873
0.00114033
-0.000107475
-0.00117655
-0.000108159
-0.00119333
-0.000112233
-0.00121385
-0.000113641
-0.00123325
-0.000116493
-0.00125567
-0.000116569
-0.00127626
-0.000117765
-0.00130608
-0.0001129
-0.00134076
-0.000113401
-0.00139516
-0.00011315
-0.00146912
-0.000119794
-0.0015696
-0.000135516
-0.0016081
-0.000173753
-0.00161055
-0.000192605
-0.00142996
-0.000190643
-0.00115186
-0.000224674
-0.00102552
-3.79042e-05
-0.000940316
3.45585e-05
-0.000884142
8.78478e-05
-0.0008419
0.000122558
-0.000827369
0.000150913
-0.000836002
0.00017719
-0.000842425
0.00018891
-0.000849044
0.000196403
-0.000844461
0.000200375
-0.000841356
0.000211189
-0.000844388
0.000231672
-0.000848477
0.000245769
-0.000861992
0.000261786
-0.000867616
0.000270781
-0.000888715
0.000292948
-0.000901438
0.000300736
-0.000920054
0.000323791
-0.000923787
0.000337002
0.000371219
-0.000882547
0.00127833
-0.000785584
-0.00244517
0.00214172
-0.000954493
0.00144156
-0.000820071
-0.00306521
0.000163222
-0.000142175
0.00122197
0.000186294
0.00121849
0.000205587
0.00121163
0.000252735
0.00120072
0.000232033
0.00121446
0.00018249
0.00107923
3.85767e-05
0.000871866
9.32192e-06
0.000674836
-2.38673e-05
0.000691785
-0.000181927
0.000888199
-0.000223578
0.00108379
-0.00022309
0.00116847
-0.000191973
0.00112911
-0.000170417
0.00112806
-0.000152217
0.0011193
-0.000136363
0.00112127
-0.000119421
0.00112275
-0.000103746
0.00112422
-0.000994855
0.00199861
-0.00114171
0.00186813
-0.000852135
0.00160215
-0.000515342
0.00143982
-0.000275314
-0.000300189
0.00131012
-0.000114004
0.000187839
0.00143726
-0.00185444
0.00108628
0.000538697
-0.00103605
-0.000589054
0.00111573
0.000503511
0.00113205
0.000483368
0.00113723
0.000460848
0.00112953
0.000434832
0.00111919
0.000409708
0.0011001
0.000384633
0.00108435
0.000360464
0.0010593
0.000340328
0.00104044
0.000315651
0.0010177
0.000299541
0.00100303
0.000278073
0.000986133
0.000265875
0.000977442
0.000246983
0.000963584
0.000240217
0.000957391
0.000220003
0.000950109
0.000211842
0.00094633
0.000193021
0.000945055
0.000187161
0.000925823
0.000187365
0.000921104
0.000172168
0.000912161
0.000160688
0.000939711
0.000126037
0.00100085
8.8337e-05
0.00107522
4.55464e-05
0.00119013
-3.5198e-05
0.00142935
-0.000176058
0.00158104
-0.000224998
0.00170342
-0.000172305
0.00167468
-0.000172611
0.00163286
-0.0001566
0.0015575
-0.00013295
0.00150738
-0.000122701
0.00145978
-0.000121391
0.00142778
-0.000122242
0.00139071
-0.000115767
0.00136111
-0.000117283
0.00133259
-0.000119276
0.00130382
-0.000117931
0.00128216
-0.000122095
0.00126041
-0.000122762
0.00123895
-0.000123841
0.00139822
-0.000917388
-0.001388
4.49672e-05
-0.00120723
0.00133671
-0.00196431
-0.00152327
0.00149775
-0.000983238
0.00100797
-0.00153844
-0.00103904
0.00105429
-0.00110611
-0.00157767
-0.00126776
-4.33942e-05
-0.00171151
-0.00150568
-0.00126527
-0.00149799
-0.00139538
0.00239678
-0.00280243
-0.000618381
0.00125175
-0.000752001
0.000762403
-0.00126032
-0.00190033
0.00160917
0.00027446
0.00100422
-0.000674864
0.000897661
-0.000228377
-0.000604491
0.00129499
0.000588273
0.00163263
-0.00154334
8.63252e-05
-1.33736e-05
0.00181728
0.000905395
0.000363577
0.000900219
0.000341877
0.000897666
0.000326581
0.000895071
0.000303674
0.000893834
0.000294611
0.000887782
0.000277338
0.000882527
0.000267309
0.000872492
0.000256204
0.000859727
0.000244752
0.000840705
0.00023058
0.000835028
0.00020649
0.000847227
0.000184408
0.000891232
0.000145044
0.000947207
0.000121393
0.00100461
9.34706e-05
0.00111218
1.53535e-05
0.00131882
-0.000118431
0.00155894
-0.00020544
0.00169742
-0.00017063
0.00163602
-0.000164022
0.00157441
-0.000130248
0.00147973
-9.88792e-05
0.00139417
-8.92177e-05
0.00134133
-8.36814e-05
0.00130742
-8.68048e-05
0.00128228
-8.8691e-05
0.00126169
-9.3553e-05
0.00125084
-0.000102591
0.00123997
-0.00010749
0.00122511
-0.000102119
0.00120655
-9.83906e-05
0.00118594
-9.37069e-05
0.0011651
-9.22887e-05
0.00114709
-9.08363e-05
0.00112706
-8.82702e-05
0.00111055
-8.8049e-05
0.000275708
0.00231066
-0.000820819
0.00014491
-0.000125394
0.00121556
0.000163408
0.00120121
0.00018147
0.00119689
0.000202978
0.00118494
0.000228294
0.00117234
0.000252667
0.00119041
0.000220906
0.00110974
8.38292e-05
0.00101151
1.12293e-05
0.000745558
-6.46271e-05
0.000769917
-0.000212416
0.00103648
-0.000234193
0.00110506
-0.000201559
0.00113572
-0.000183817
0.00111125
-0.000165934
0.00111006
-0.000149376
0.00110238
-0.000132684
0.00110419
-0.000118484
0.00110815
-0.000100749
0.00110614
-8.46816e-05
0.00109405
0.00139254
-0.000779245
-6.99918e-06
-0.00117029
-0.000937325
0.00148104
0.000952883
0.000480448
0.00207219
-0.00131234
-0.00124024
0.000311214
-0.00140623
0.000200157
-0.00148177
0.000161983
-0.00150517
0.0015296
0.000101726
-0.00146936
0.0017383
-0.00012249
0.00250673
-0.000782212
0.000120047
-0.0005882
0.00297522
0.000890593
-9.40444e-05
0.00108254
0.0022864
-0.00232219
-0.00104656
0.00070827
0.00106623
-0.000525828
0.000670948
0.000500395
-0.000818389
-0.000355341
0.000916547
-0.00160409
-0.000951211
0.00157388
-0.00164031
-0.00100328
-0.00106019
-0.00168614
-7.21636e-05
-0.00127424
0.0014086
-0.000904528
-0.00142153
0.00156493
-0.00122414
0.00188434
-0.000875836
0.00157775
-0.000537983
0.00130314
-0.000227192
0.0011575
-0.000123594
-0.000102058
0.000962356
-0.00049261
0.00110781
0.000697391
0.000118901
-1.9192e-05
-0.000268364
0.000169631
0.000876813
0.000438455
-0.000567435
-0.000746253
0.000978696
0.000436379
0.0010397
0.000441512
0.00108428
0.000437683
0.0011096
0.000435471
0.00111628
0.000426281
0.00111817
0.000407587
0.0011115
0.00038947
0.00110338
0.000367252
0.00109342
0.000350017
0.00107704
0.000330939
0.0010608
0.000315229
0.00104368
0.000294314
0.00102548
0.00028301
0.00100851
0.000262785
0.000994149
0.000254524
0.000975544
0.000234819
0.000967933
0.000222094
0.00093382
0.000225328
0.00093531
0.000185054
0.000980557
0.000146555
0.0010159
0.000128125
0.00109613
9.30581e-05
0.0011981
1.62981e-05
0.0013694
-8.42396e-05
0.00158685
-0.000167803
0.00173351
-0.000165885
0.00173018
-0.000162757
0.00164384
-0.000143229
0.00160285
-0.000115738
0.00155271
-0.000103399
0.00150063
-9.43462e-05
0.00146335
-8.94728e-05
0.00143323
-8.89823e-05
0.00140715
-9.16896e-05
0.00137734
-9.19261e-05
0.00135419
-9.12968e-05
0.00133694
-9.71173e-05
0.00132014
-9.89646e-05
0.00130808
-0.000101811
0.00129
-0.000101269
0.00126647
-9.95799e-05
0.00124263
-0.000102648
0.00121694
-0.000103037
0.00192041
0.000888043
-0.00204631
0.00173551
0.000894943
-0.00047137
0.00080829
0.00139691
-0.00167213
0.000581704
0.00150319
-0.000412569
0.000849301
-0.000255973
-2.43373e-05
-0.001226
-0.000559457
0.00201604
0.000740403
0.000404979
0.000738442
-0.000297448
0.00115199
0.00207413
-0.00158321
-0.00164274
-0.00156901
-0.00143463
-0.00166977
-0.00121686
-0.00162545
0.000946737
-0.00197355
0.00192123
0.0017277
-0.000949779
-0.00178142
0.00172464
0.00221304
-0.00203516
0.00200562
0.000870294
-0.000479615
-0.00268766
-0.000641658
0.00274192
0.00176132
-0.00177192
-0.00210699
-0.000796876
-0.000156295
0.00069535
-0.000408137
-0.00253407
-0.000935727
-0.00186997
-0.000786712
-0.00150873
-0.000259482
0.000867316
0.000348737
0.000866278
0.000342758
0.000862686
0.00033066
0.000856627
0.000310437
0.000860433
0.000291446
0.000854729
0.000283727
0.000861776
0.000260514
0.000874176
0.000244326
0.000905148
0.00021422
0.000957267
0.000178967
0.00100079
0.000162999
0.00107015
0.000114848
0.00118328
3.1487e-05
0.0013476
-4.11594e-05
0.00161662
-0.000175421
0.00176499
-0.000133315
0.00178771
-0.000141907
0.00168718
-0.000104959
0.00159177
-7.52669e-05
0.00148819
-6.09341e-05
0.00140971
-5.2337e-05
0.00136498
-5.46177e-05
0.0013322
-5.71466e-05
0.00131326
-6.56365e-05
0.00130478
-7.89815e-05
0.00130742
-9.19995e-05
0.00130792
-9.47401e-05
0.00129313
-8.86131e-05
0.00126676
-8.18933e-05
0.00124021
-7.61905e-05
0.00121529
-7.41087e-05
0.00119364
-7.27142e-05
0.00117384
-7.33202e-05
0.00115287
-7.06597e-05
0.00113477
-7.10484e-05
0.00111552
-6.95837e-05
0.00110018
-6.98283e-05
-0.000444099
-3.48853e-05
0.000377535
-0.000499173
-6.76644e-05
-0.000618039
-0.000105219
-0.000907258
-0.000245952
-0.00122903
-0.000544566
-0.00156835
-0.000615383
-0.00111883
0.000827235
0.000691821
-0.000573338
0.00136187
-0.00111242
0.00111107
-0.000924153
0.00155906
0.000902075
0.00182738
0.000609092
0.00307528
-0.000708762
0.000325063
0.00306829
0.000834512
-0.00232242
-0.000561436
-0.000977536
-0.0018636
0.00140957
-0.000468276
0.000321092
-0.00126224
-0.000280578
-0.00123678
-5.7788e-06
-0.00128334
0.00145622
-0.000824856
0.000240061
-0.000246388
-0.00141459
0.00142092
-0.00266525
0.00111491
0.00268933
-0.000631909
-0.00176047
0.000124236
-0.000103793
0.00119205
0.000142871
0.00119236
0.000160819
0.00117966
0.000179237
0.00117476
0.000199301
0.00116088
0.000216417
0.001152
0.000262278
0.00114079
0.000239085
0.00113164
0.000190923
0.0010588
1.67477e-05
0.000918311
-0.000171728
0.000962543
-0.000219403
0.0010828
-0.000222308
0.00110756
-0.000193009
0.00110613
-0.000177473
0.00109555
-0.000160884
0.00109339
-0.000144482
0.00108577
-0.000130278
0.00108981
-0.000115752
0.00109352
-0.000100302
0.00109051
-8.58724e-05
0.00107947
-6.8981e-05
0.001083
0.000299848
-0.00137215
0.000277782
-0.00138416
0.000233014
-0.00143698
0.000202119
-0.00147429
0.000184208
-0.00145147
0.000150764
-0.00147531
-0.00287648
-0.000606908
-1.20985e-05
-0.00118192
-0.000884086
0.00146162
0.000618017
0.00118748
-0.000219099
0.00065545
0.000297395
-0.000636355
0.000755902
0.000473505
0.000932015
0.00226635
-0.00203356
0.00102336
0.00241515
-0.00164438
-0.00159536
-0.00227473
0.000505692
-0.00173335
0.00182032
-0.00113744
-0.00176421
0.00199966
0.00101445
-0.00123734
-6.03733e-05
0.000889063
-0.00117315
-0.00152138
-0.000949731
-0.00137935
-0.00168144
0.000303072
-0.000287763
0.00012693
-0.000142199
0.000526049
0.000172497
-0.000397538
0.000720294
0.000243194
0.000852006
0.000302233
0.000918436
0.00037633
0.000955418
0.000402115
0.00100493
0.000387831
0.00103179
0.000399715
0.00104104
0.000399293
0.00103991
0.000392244
0.00103473
0.000373848
0.00103062
0.000355702
0.00102668
0.000335778
0.00102464
0.000316504
0.00102201
0.000298392
0.0010229
0.000281833
0.00101506
0.00027384
0.00102003
0.000250834
0.00102235
0.000239009
0.00106204
0.000180546
0.00111949
0.000169058
0.00117605
0.000128443
0.00124315
7.18119e-05
0.0013983
-1.28581e-05
0.00161415
-0.000118099
0.00177415
-0.000143122
0.00181019
-0.000136577
0.00174877
-0.000124237
0.0016517
-9.40444e-05
0.00158272
-7.8105e-05
0.00152553
-7.0783e-05
0.00148695
-6.79104e-05
0.00145962
-6.89049e-05
0.00143658
-6.78428e-05
0.00142082
-7.22071e-05
0.00140845
-7.98011e-05
0.00139819
-8.06893e-05
0.00138081
-7.85465e-05
0.00137047
-7.99386e-05
0.00135779
-7.68438e-05
0.0013495
-7.99792e-05
0.00132982
-7.41575e-05
0.00130973
-7.66664e-05
0.00128863
-7.74236e-05
0.00126401
-7.99936e-05
0.00123691
-7.99788e-05
-8.1686e-05
0.00120928
0.0039367
-0.00199219
0.000571789
-0.0025163
0.000889628
0.000572295
-0.001033
-0.000429008
0.000252586
0.00182939
0.0017022
0.00314683
-0.00217935
-0.000935206
-7.25597e-05
3.35631e-05
0.000283933
-0.000243818
0.00105489
0.00166836
-0.000784238
0.000567018
-0.000168727
0.000152412
2.92238e-05
-1.23071e-05
-0.000180455
-2.36285e-05
-0.000214855
-3.33699e-05
-0.00027413
-4.43143e-05
-0.000422352
-9.36043e-05
-0.000769678
-0.000195501
-0.000954121
-0.000434593
-0.000986138
-0.000610896
-0.000515602
0.000538331
-0.00178758
-0.00102116
-0.000473882
-0.000516274
0.000147747
-0.000265426
-0.00011172
0.000288752
-0.000397503
0.000253129
0.000628803
-0.000611634
0.000444487
0.000824665
0.000255035
-0.000190036
0.000838114
0.000324096
0.000861976
0.00032536
0.000870306
0.00033442
0.000884872
0.00031588
0.000888252
0.000306613
0.000921071
0.000258438
0.000957819
0.000246161
0.00100554
0.000213629
0.00106774
0.000183169
0.00115406
0.00012574
0.0012518
7.96143e-05
0.00140801
7.03421e-06
0.00162202
-9.89348e-05
0.00173871
-8.53878e-05
0.00178863
-9.26571e-05
0.00168519
-7.2828e-05
0.00160277
-5.13803e-05
0.00150179
-3.88291e-05
0.00143016
-3.11752e-05
0.00138432
-2.85514e-05
0.00135547
-3.14803e-05
0.00134728
-4.39859e-05
0.00134946
-5.67028e-05
0.00136267
-6.99466e-05
0.00137297
-7.55914e-05
0.00136816
-7.41647e-05
0.00133825
-6.2482e-05
0.00130053
-5.81464e-05
0.00126683
-5.57149e-05
0.0012378
-5.34517e-05
0.00121341
-5.2326e-05
0.00119025
-5.16524e-05
0.00116971
-5.29711e-05
0.0011477
-5.23801e-05
0.00112844
-5.23623e-05
0.00110897
-5.25176e-05
0.00109093
-5.22664e-05
0.00107286
-5.2157e-05
0.0010539
-5.0216e-05
-0.00296296
-0.000849841
-0.00270085
-0.00104967
-0.00199479
-0.000965386
-0.00157667
-0.000267105
-0.00243144
7.16144e-05
0.00158253
-0.00019019
-4.30419e-05
0.0001191
-0.000264937
-8.40767e-05
-0.000175276
0.000850109
-0.000587352
-0.000812501
-0.00062769
-0.000521561
-0.000459821
0.00074273
3.00997e-06
-4.33355e-05
-0.000995069
1.36138e-05
-0.00113797
-0.000858477
0.00153551
0.000838496
0.00161144
-0.000115538
0.000567143
0.000201474
-0.000584188
-1.84101e-05
0.000530368
0.000836554
0.00317094
0.000354075
0.0037382
0.000250747
-0.00278659
-0.00173833
0.00139781
-0.00086155
0.00167911
0.000671001
-0.000389769
0.00127052
0.00169349
-0.000448583
0.000435055
0.001314
0.000776534
-0.000396587
0.0008286
-0.00264746
-0.00102665
-0.00197432
0.00222626
0.000447773
0.000116919
-0.00123845
-0.000115885
0.00125832
0.000288454
0.00012102
-0.000703504
4.94036e-05
3.41167e-05
0.000621105
0.000292758
-0.000122527
-0.00128821
0.00115801
0.000413315
-0.000286766
0.00020214
0.000122072
0.00181701
0.00047336
-0.000139259
0.000215233
-0.00040536
-0.0013312
0.000175732
-0.00137508
0.000192576
-0.00138899
0.000207689
-0.00139927
0.000213825
-0.0014431
0.000197521
-0.00145799
0.000205737
-0.00145971
0.000203094
-0.00147268
0.000124574
-0.00149812
0.00145752
-0.000815228
-0.00120736
-3.41525e-05
-0.00184408
-0.00130046
-0.0015217
-0.00175564
0.00217708
0.000826697
0.000553941
0.00107359
-0.000541311
-0.00108704
-3.23856e-05
-0.000273139
0.00032882
-2.1631e-05
0.000201899
6.81727e-05
0.000302076
7.22603e-05
0.000435603
0.000108816
0.000588442
0.000146412
0.000774608
0.000184065
0.000915068
0.000257999
0.00100322
0.000294127
0.00100162
0.0003944
0.00103965
0.000355622
0.00106265
0.000364449
0.00106404
0.000367578
0.00106975
0.000345667
0.00107319
0.000333036
0.00106981
0.000320457
0.00106383
0.000304554
0.00107402
0.000272094
0.00114127
0.000208324
0.00121637
0.000184311
0.00131572
0.000139251
0.00139009
9.86241e-05
0.00151584
4.30865e-05
0.00169646
-5.5627e-05
0.00183056
-5.90229e-05
0.00188916
-7.12795e-05
0.00185017
-7.39716e-05
0.00177111
-5.74265e-05
0.00169415
-4.89532e-05
0.00160094
-3.93218e-05
0.00152697
-3.50974e-05
0.00148712
-4.34151e-05
0.00146525
-4.87656e-05
0.00145376
-5.43798e-05
0.00145289
-6.1365e-05
0.00145662
-6.66257e-05
0.00145916
-6.56585e-05
0.00145079
-6.17432e-05
0.00142216
-5.60617e-05
0.00139788
-5.38397e-05
0.00137662
-5.3302e-05
0.0013573
-5.3087e-05
0.00133413
-5.11725e-05
0.00132187
-5.31649e-05
0.00130827
-5.53582e-05
0.00128796
-5.51151e-05
0.00125966
-5.59614e-05
0.00123018
-5.78698e-05
0.00120047
-5.94748e-05
8.45136e-05
-6.22702e-05
0.00116871
0.000106604
0.00118037
0.000127201
0.00116644
0.000146098
0.00116765
0.000163119
0.001157
0.000180089
0.00115303
0.000197689
0.00113911
0.000216802
0.00112903
0.000232247
0.0011212
0.000264036
0.00109582
0.000243089
0.00107792
2.02417e-05
0.00113552
-0.000212361
0.00119478
-0.000224691
0.00109445
-0.000204783
0.00108707
-0.000189297
0.00109059
-0.000172231
0.00107851
-0.000155956
0.00107701
-0.000141738
0.0010714
-0.000128095
0.00107614
-0.000113526
0.00107906
-9.81542e-05
0.00107521
-8.30158e-05
0.00106433
-6.74227e-05
0.0010673
0.00103621
-4.96196e-05
0.000442635
0.00104783
0.000594643
0.00283503
0.000595235
-0.000508474
-0.00110425
0.000589811
-0.00178872
-0.00178538
0.000687694
-7.07503e-05
7.94648e-05
-3.04599e-06
0.00223991
-0.00130084
-0.00134448
0.00246179
-0.0030073
-0.000599653
0.0012101
-0.00103834
0.000916216
-0.00122492
6.78073e-05
-6.20461e-05
-1.85467e-05
-5.95009e-05
-2.58269e-05
-6.20865e-05
-3.19129e-05
-7.57572e-05
-3.24075e-05
-0.000120589
-5.10971e-05
-0.000237254
-8.00495e-05
-0.00053775
-0.000134413
-0.000833655
-0.000330228
-0.000774078
-0.00053296
-0.000836646
-0.000441353
0.000817527
0.000544337
-0.00062678
-0.0007326
-0.000565906
-0.00112948
0.000597524
-0.000578497
-0.00106968
0.00168458
8.93131e-05
-0.00010699
0.00433793
-0.00273119
-0.000233093
0.00321398
0.00160846
0.000577482
0.000724689
-0.00237789
-5.09563e-06
0.00266136
-0.000174357
0.000193629
0.00167992
0.000338879
-0.000748043
3.10725e-05
1.43984e-05
0.00059769
-0.000627318
-0.000493232
0.000361672
-0.000389182
0.000159962
-0.000156402
8.93838e-05
-0.000105938
8.06643e-05
-7.61194e-05
8.8799e-05
-5.18809e-05
-3.83341e-05
0.000121985
4.26508e-06
0.000104886
-2.73662e-06
-0.000107089
4.2454e-06
-0.00151388
-0.000494078
-0.00262834
-0.000405746
-0.00284485
-0.000637541
-0.00311993
-0.000775399
-0.00304772
-0.00103584
-0.00229953
-0.00101578
-0.00155556
-0.000619507
0.0013617
-0.000687952
-0.00122679
-9.70145e-05
0.00120728
-0.00152837
0.000970092
-0.00149521
-0.00187039
2.87776e-05
-0.00146518
-0.000156681
0.00161925
5.96976e-05
-0.00133528
9.28749e-05
-0.00136439
0.000113229
-0.00139544
0.000138112
-0.00141387
0.000167108
-0.00142827
0.000179432
-0.00145542
0.000185995
-0.00146456
0.000197868
-0.00147159
0.000212465
-0.00148725
0.000210408
-0.00149601
0.000101903
-0.00144692
0.000752963
-0.000501108
0.000822135
0.00227552
0.000376789
-0.000920047
0.000112678
0.00120733
0.00142301
-0.00129332
0.00115917
-0.00111421
9.33533e-05
6.27004e-06
0.000128502
3.51081e-05
0.000163643
3.92233e-05
0.000223472
5.08889e-05
0.000301151
6.8246e-05
0.000394725
8.53736e-05
0.000526511
0.000121958
0.000667528
0.000145869
0.000851099
0.000205212
0.000969447
0.00022778
0.00103802
0.000280465
0.00109644
0.000296999
0.00113967
0.000294864
0.00118111
0.000281038
0.00123538
0.000255135
0.00133315
0.000200558
0.00143924
0.000162527
0.00157459
9.03193e-05
0.0017118
6.63352e-05
0.00181169
4.10032e-05
0.00187794
2.66927e-05
0.00188703
2.32098e-05
0.00182614
6.20606e-07
0.00176406
5.17572e-06
0.00168786
5.94835e-06
0.00160208
6.50194e-06
0.00154551
4.21266e-06
0.00151067
1.15658e-07
0.001498
-1.28048e-05
0.00149152
-2.32725e-05
0.00147921
-3.70711e-05
0.00147163
-4.41855e-05
0.00146899
-4.62983e-05
0.00145505
-3.93788e-05
0.00143753
-3.79273e-05
0.00141906
-3.53551e-05
0.00139935
-3.18364e-05
0.00137596
-2.87045e-05
0.00135174
-2.76085e-05
0.00132801
-2.83578e-05
0.00130558
-2.85803e-05
0.00128767
-2.82294e-05
0.00126673
-2.913e-05
0.00124138
-2.93667e-05
0.00121591
-3.20012e-05
0.00118971
-3.26415e-05
0.00115965
-3.42116e-05
0.00112429
-3.64857e-05
0.00108819
-3.86832e-05
6.41765e-05
0.00105141
-4.03526e-05
8.73623e-05
0.00113551
0.000107886
0.00115073
0.000127639
0.00114059
0.000146041
0.00114375
0.000162067
0.0011352
0.000177453
0.00113304
0.000192272
0.00112118
0.000205316
0.00111327
0.000216356
0.00110846
0.000233023
0.00108011
0.000200594
0.00111867
2.2376e-05
0.00136295
-0.000155606
0.00135676
-0.000207969
0.00114561
-0.000190522
0.00106914
-0.000180126
0.00108021
-0.000166335
0.00106473
-0.000152291
0.001063
-0.000139038
0.00105806
-0.000126089
0.00106325
-0.000111896
0.00106518
-9.68771e-05
0.00106049
-8.21867e-05
0.00104971
-6.56459e-05
0.00105086
-4.94201e-05
0.00102023
-0.000984134
-3.17575e-05
0.000966821
-0.0010016
-3.20903e-05
-0.00101997
-3.22526e-05
-0.00104067
-3.19937e-05
-0.00105969
-3.38225e-05
-0.00107887
-3.39308e-05
-0.00109792
-3.39258e-05
-0.00111854
-3.24825e-05
-0.00113909
-3.33076e-05
-0.0011592
-3.242e-05
-0.00118059
-3.1846e-05
-0.00120406
-3.03686e-05
-0.00122995
-2.98464e-05
-0.00125825
-2.97151e-05
-0.00128839
-3.18502e-05
-0.00132864
-3.32428e-05
-0.00136609
-3.73529e-05
-0.00139084
-4.47063e-05
-0.00138961
-5.75454e-05
-0.00136882
-6.42312e-05
-0.00134584
-5.3692e-05
-0.0013337
-4.06076e-05
-0.00134322
-2.11365e-05
-0.00138041
-1.26785e-06
-0.00144521
1.41063e-05
-0.00153797
2.08078e-05
-0.00166753
3.69435e-05
-0.00178167
3.03013e-05
-0.00189008
1.02837e-05
-0.00188216
-1.64085e-07
-0.00180846
5.54545e-06
-0.00168466
2.36711e-06
-0.00153203
3.06937e-05
-0.00137875
6.01124e-05
-0.00126182
0.000131619
-0.00116801
0.000164557
-0.00108806
0.000227106
-0.000996704
0.000225021
-0.000914712
0.000254263
-0.000844192
0.00025675
-0.000785162
0.000265804
-0.000774579
0.000245485
-0.000574817
0.000338095
-0.000535424
-0.000529389
0.000209945
0.000265848
-0.000320559
-0.00064389
-0.000571811
-0.000512918
-0.00012599
-6.1783e-05
6.54649e-05
0.000122512
0.00126081
2.01347e-06
-1.17418e-06
-0.00188105
-0.00161331
0.000684007
-0.000488388
6.13898e-06
-0.00117886
-9.19498e-05
-0.00118199
0.000279178
0.000633434
0.00142101
-0.000775341
0.00149697
-0.00083221
6.62544e-05
0.000928103
0.000316817
0.000160163
0.00417356
0.00052952
0.00346838
0.000620646
-0.00282136
0.00173735
0.000348864
-0.00178175
0.000589489
-0.00195845
0.00091735
0.00213218
0.000996765
-0.00235039
-0.00116108
-0.00211576
0.000936659
-0.00289986
0.00301346
0.00027015
-0.00347822
0.00393968
-0.000153439
-0.00030973
0.000517379
-0.000412328
-0.000175862
-0.00122685
-0.000471227
-0.00260428
0.000901191
0.000529059
-0.000953873
0.00138147
-0.00276805
0.00234018
-0.00306526
0.00502827
0.00018277
0.00154491
-0.00115555
0.000613243
-0.00050514
0.00050167
-0.000319542
0.000290307
-0.000308884
0.000132889
-0.000203345
3.70843e-05
-4.8958e-05
-6.58634e-06
-4.28615e-05
-1.36977e-05
-4.67425e-05
-1.4886e-05
-3.30694e-05
-1.17606e-05
-3.50924e-05
-1.71738e-05
-1.90006e-05
-1.39019e-05
-1.93067e-05
-0.00227117
4.9337e-05
-0.000229598
0.00114356
-3.55735e-06
-3.56649e-05
4.11506e-05
-9.46986e-06
-3.24687e-05
-8.89827e-06
-5.20284e-05
-2.67471e-05
-5.76154e-05
-6.47149e-05
-6.7708e-05
-0.000172404
-4.84608e-05
-0.000408056
-0.000151733
-0.000380611
-0.000965109
0.0012171
0.00110667
-0.00163205
-0.00014847
0.00149948
-0.00185198
-0.000259716
-0.0021378
-0.000332471
-0.000611618
0.00132151
-0.000609518
0.000340544
-0.000143903
0.00141389
-0.000606456
0.00354749
0.001391
-0.000981365
7.49905e-05
0.00265092
-3.84565e-05
6.26769e-05
0.00041551
-0.00230306
-0.000152339
-0.00268752
-0.000264624
-0.00308365
-0.000376736
-0.00346343
-0.000653203
-0.00354906
-0.000932108
-0.00314212
-0.00102675
-0.00202642
-0.0010137
-0.000571677
0.00101796
-0.00123371
4.34095e-05
1.56939e-05
5.91889e-06
0.000111456
3.28382e-05
-0.00010099
0.000142649
3.12239e-05
0.00020405
3.35878e-05
-9.5337e-05
0.000359967
0.00010966
0.000469743
0.000100088
0.000652423
0.000154576
0.000747372
0.000150603
0.000863965
0.000149284
0.000991228
0.000129815
0.00112737
0.000117286
0.00123687
0.00011411
0.0013386
0.000123936
0.00139899
0.000102923
0.00143975
9.03379e-05
0.00143031
6.89745e-05
0.00140104
6.02481e-05
0.00134347
6.19075e-05
0.00130144
4.73027e-05
0.00126283
3.80183e-05
0.00123647
3.61794e-05
0.0012328
3.3227e-05
0.00124545
2.32644e-05
0.0012532
1.23243e-05
0.0012714
-5.70831e-06
0.00129453
-2.4629e-05
0.0012973
-2.49334e-05
0.00127984
-2.4805e-05
0.00124719
-2.23683e-05
0.00119896
-1.64907e-05
0.00115343
-1.23211e-05
0.00111822
-9.4562e-06
0.00109
-8.25806e-06
0.00106576
-8.0548e-06
0.00104556
-1.09857e-05
0.00102941
-1.30647e-05
0.00101391
-1.43146e-05
0.000998932
-1.5664e-05
0.000983411
-1.69509e-05
0.000967761
-1.73521e-05
0.000951746
-1.76999e-05
0.000936793
-1.72463e-05
0.000920608
-1.72798e-05
0.000903618
-1.64777e-05
0.000887051
-1.67435e-05
0.000872208
-1.66507e-05
0.000857167
-1.64822e-05
0.000842439
-1.65029e-05
0.000828412
-1.67471e-05
-0.00314649
0.00116856
-0.00142048
-0.00219021
6.5161e-05
-4.12339e-05
0.00101803
8.79977e-05
0.00110476
0.000108331
0.00112475
0.000127335
0.00111785
0.000145173
0.00112177
0.000160657
0.00111475
0.000174487
0.00111452
0.000186623
0.00110527
0.000197171
0.0011
0.000203811
0.00109918
0.000216911
0.00106722
0.000173285
0.00116606
3.11722e-05
0.00152255
-0.000148909
0.00152956
-0.000187231
0.00118332
-0.000182353
0.00106457
-0.000173975
0.00107164
-0.000161767
0.00105271
-0.000149252
0.00105067
-0.000137327
0.00104611
-0.000124699
0.00105064
-0.000111001
0.0010518
-9.56942e-05
0.00104558
-8.14026e-05
0.00103553
-6.63321e-05
0.0010359
-4.97832e-05
0.00100406
-3.21211e-05
0.000949817
-1.6812e-05
0.000813992
-0.000943586
-0.000168001
-0.000125103
0.000190325
-0.001531
-1.68947e-05
-0.00144344
4.73109e-05
-0.00142859
8.38814e-05
-0.00143201
0.000111415
-0.0014414
0.00013446
-0.00145131
0.00014936
-0.00147032
0.0001592
-0.00147439
0.000170828
-0.0014832
0.000182392
-0.00149881
0.000179233
-0.00149286
0.000210554
-0.00147811
-0.000180839
-0.00165132
-0.00408309
-0.000438118
-0.00295359
-0.000854856
-0.0002751
-0.00198653
-0.00114569
1.6306e-05
-0.00181245
-7.83987e-08
-1.817e-05
1.78922e-05
1.91843e-05
-1.05762e-05
4.58615e-05
1.04023e-05
7.14832e-05
1.56499e-05
0.000101817
2.17571e-05
0.000139029
3.12361e-05
0.000187329
3.70919e-05
0.000255805
5.27209e-05
0.000328313
6.81062e-05
0.000441078
9.00371e-05
0.000552123
0.000114257
0.000714858
0.000121521
0.000886883
0.000134881
0.00104929
0.000140977
0.00120341
0.000144175
0.00131544
0.000157912
0.00140038
0.000127059
0.00145715
0.000101988
0.00147772
6.99863e-05
0.00149073
5.31467e-05
0.00148204
5.12081e-05
0.00146158
5.47488e-05
0.00145337
4.4683e-05
0.00142528
3.70152e-05
0.00141086
2.86279e-05
0.001402
2.02195e-05
0.00139498
1.35529e-05
0.00139292
3.63271e-06
0.0013957
-7.35754e-06
0.00138986
-1.17726e-05
0.0013662
-9.36409e-06
0.00132303
-9.91066e-06
0.00128385
-1.11578e-05
0.00125036
-1.10628e-05
0.0012227
-9.68962e-06
0.00119174
-8.58385e-06
0.00116516
-8.28049e-06
0.00114433
-7.79816e-06
0.00112686
-8.06938e-06
0.00111376
-8.51506e-06
0.00110044
-9.28927e-06
0.00108777
-9.34838e-06
0.00107286
-9.47738e-06
0.00105612
-1.02792e-05
0.00103692
-1.108e-05
0.00101345
-1.29441e-05
0.000989418
-1.44293e-05
0.000963129
-1.63266e-05
0.000935022
-1.85578e-05
0.000909039
-1.96893e-05
0.000881248
-2.11638e-05
0.000857385
-2.16425e-05
0.00293073
6.48323e-05
0.000680514
-0.00291798
-0.000243698
0.00468845
5.03269e-05
0.00378842
-0.00109715
0.000182304
0.000483929
0.00125161
-6.92303e-05
-0.00120736
3.69645e-05
-0.00110407
0.0016899
-0.00117922
-0.00328001
-0.00169279
-0.00179208
0.000108021
-0.000104215
-3.38549e-06
4.08346e-07
-0.0022734
0.000137601
5.6204e-06
-0.000143956
0.000119445
-1.66275e-05
0.000101813
-1.45266e-05
7.87308e-05
-2.79489e-05
5.72097e-05
-3.47499e-05
2.31754e-05
-3.18264e-05
-1.18484e-05
-9.74675e-06
-0.0001355
-2.19994e-05
-0.000174354
0.00187287
-0.000220327
-0.00226389
-0.00118446
0.00106502
-0.00131287
-0.000171505
-0.00138198
-7.9719e-05
-0.00159769
-4.36391e-05
-5.75217e-05
0.000103001
-7.70629e-06
0.000442528
-0.00025775
0.000312999
-0.000179183
0.000158118
-0.000137834
4.08556e-06
-8.29111e-05
-2.29193e-05
-2.93765e-05
-5.10162e-05
-2.23935e-05
-6.98624e-05
-2.93609e-05
-8.24772e-05
-2.02706e-05
-9.56736e-05
-2.01025e-05
-1.00357e-05
-0.00118744
0.00142037
0.000336461
0.00484101
-0.00356281
0.000539942
0.00130373
-0.00285391
-0.000119599
-1.25646e-05
0.000132095
-9.65619e-05
-8.02511e-06
-1.54446e-05
-6.86391e-05
-1.22486e-05
-4.11417e-05
5.17434e-06
-1.48413e-05
5.00043e-06
1.56037e-05
2.95916e-06
8.12837e-05
4.35889e-05
0.000135692
4.5198e-05
0.000225818
6.37486e-05
0.000320507
5.49607e-05
0.000412009
5.65447e-05
0.000490441
4.96425e-05
0.000566536
3.99828e-05
0.000639601
4.05299e-05
0.000718054
4.46619e-05
0.000774287
4.5871e-05
0.000820772
4.41796e-05
0.000846289
4.26499e-05
0.000872152
3.37004e-05
0.00090667
2.79823e-05
0.000927408
2.46659e-05
0.000946333
1.77992e-05
0.000978637
4.58768e-06
0.00101559
-3.08504e-06
0.00104003
-1.49865e-06
0.00104159
1.09469e-05
0.0010146
2.20519e-05
0.00097205
1.84115e-05
0.000939998
8.78733e-06
0.00091309
3.24758e-06
0.000891369
-6.00707e-07
0.00087511
-1.97865e-07
0.000864152
-3.41526e-07
0.000858564
-2.66749e-06
0.000854839
-3.4226e-06
0.000849512
-2.20012e-06
0.000839454
-1.62463e-06
0.000827375
-2.00335e-06
0.000814435
-2.61203e-06
0.000800775
-3.23137e-06
0.000786461
-3.8996e-06
0.000772316
-4.27302e-06
0.000758559
-4.67517e-06
0.000745847
-4.77299e-06
0.000733615
-4.85759e-06
0.000722541
-4.84717e-06
0.000711299
-4.78657e-06
0.000700487
-5.06548e-06
0.000689869
-5.06633e-06
0.000679489
-5.2968e-06
0.000668831
-5.34638e-06
0.000657923
-5.39081e-06
-0.00133477
-2.60643e-05
-0.00150113
1.3162e-06
-0.001795
3.8278e-06
-0.00206447
-9.04199e-05
-0.0025344
-0.000191243
-0.00315205
-0.000317318
-0.00364259
-0.000535797
-0.00382781
-0.00082839
-0.00265409
-0.00110465
7.76908e-05
0.00415975
-0.000408473
-0.00184911
-0.00213454
0.00426188
-4.04012e-05
-0.000222939
0.00444005
-0.00118092
0.000258965
-0.000166581
-0.00325645
-4.49596e-05
0.00286357
-0.00385435
-0.000257114
-0.00453531
-0.000464654
-0.000582313
-0.00106383
0.00102045
-1.85103e-05
-0.00147576
-0.000318155
-4.93557e-05
-0.00150013
-7.52921e-06
-0.00148526
3.21914e-05
-0.0014683
6.39984e-05
-0.00146381
9.13631e-05
-0.00146877
0.000113073
-0.00147302
0.000125074
-0.00148233
0.00013631
-0.00148562
0.000145443
-0.0014923
0.000140965
-0.00149455
0.000152551
-0.0015045
0.000181569
-0.00150711
0.000113856
-0.00158344
-0.00213914
-0.000400935
0.00225467
-0.00179554
0.000963892
4.1525e-05
-2.17644e-05
0.000838446
6.47797e-05
0.000987833
8.78205e-05
0.00107469
0.000107223
0.0011009
0.000125265
0.00109721
0.000141946
0.00110177
0.000156435
0.00109669
0.000168921
0.00109876
0.000179571
0.001092
0.000187677
0.00108921
0.00019629
0.00108854
0.000193884
0.00107044
0.000156295
0.00120652
2.94143e-05
0.00162998
-0.000135382
0.001695
-0.000169979
0.00121939
-0.000179313
0.00107366
-0.000166006
0.00105843
-0.000156453
0.00104331
-0.000145708
0.00104004
-0.00013367
0.00103419
-0.000121838
0.00103888
-0.00010878
0.00103894
-9.4722e-05
0.00103187
-8.0008e-05
0.00102102
-6.69689e-05
0.00102314
-5.00258e-05
0.000987458
-3.26668e-05
0.000933136
-1.70266e-05
0.00079917
-5.35186e-06
0.000646619
-0.000104203
-1.76387e-05
-9.82331e-05
-1.6024e-05
-8.16695e-05
-5.37297e-06
-6.49173e-05
-6.36958e-07
-4.49853e-05
2.2181e-06
-2.13932e-05
6.44171e-06
4.82156e-06
1.033e-05
3.52378e-05
2.02263e-05
7.27171e-05
2.84029e-05
0.000134945
2.99417e-05
0.000209745
4.15493e-05
0.000290949
4.39382e-05
0.00037733
5.32167e-05
0.000472309
5.20256e-05
0.000568932
5.52578e-05
0.000677559
5.57911e-05
0.000754334
4.64598e-05
0.000814974
3.87035e-05
0.000847174
3.28619e-05
0.000873364
2.24106e-05
0.000907636
1.84682e-05
0.000948065
2.19349e-05
0.000973463
2.40228e-05
0.000985389
2.21921e-05
0.000988167
2.19829e-05
0.000988004
1.78918e-05
0.00097507
1.25945e-05
0.00095833
6.92035e-06
0.000933071
2.1193e-06
0.000908393
7.24279e-07
0.000888564
9.79111e-07
0.000876965
2.50368e-06
0.000871293
2.73834e-06
0.000869213
2.56454e-06
0.00086652
2.30122e-06
0.00086051
1.96064e-06
0.000855226
1.42574e-06
0.000852823
9.71208e-07
0.000852958
4.45736e-07
0.000853964
6.7389e-07
0.000852235
6.73299e-07
0.000846204
5.55757e-07
0.000836071
2.77415e-07
0.000822768
-2.25754e-07
0.000805714
-8.86387e-07
0.000784772
-2.28494e-06
0.000763579
-3.48001e-06
0.000741841
-4.78509e-06
0.000719962
-5.9217e-06
0.000699641
-6.48326e-06
0.000678785
-7.19364e-06
0.000660129
-7.37922e-06
-7.50921e-06
0.00064593
-0.00339842
0.00123832
0.00420898
-0.00127639
-0.000426928
0.000422101
-0.000432102
5.50241e-05
0.000239348
0.000417343
-3.33782e-05
5.08983e-05
1.78027e-05
-6.09507e-06
-6.68777e-05
8.11246e-05
-9.41362e-05
0.000108007
-0.0001208
0.000132248
-0.000143469
0.000153893
-0.000162784
0.000161658
-0.000128449
7.74491e-05
3.30958e-05
-0.000114246
0.000149458
-0.000183989
0.000183128
-0.00017501
0.000165366
-0.000153528
0.00013919
-0.000122644
0.000105155
-8.56982e-05
6.37564e-05
-4.19036e-05
0.000424396
-0.000434746
0.000414878
2.13685e-05
-7.4602e-06
0.000443841
-0.000451211
0.000458284
-0.000464567
0.00047004
-0.00047539
0.000478907
-0.000480945
0.000481296
-0.00048035
0.00047804
-0.000475163
0.000473932
-0.000474201
0.00047468
-0.000474277
0.000473753
-0.000473925
0.000474945
-0.000475875
0.000475719
-0.000474584
0.000472358
-0.000465883
0.000453949
-0.000435685
0.000412522
-0.000385942
0.000359527
-0.000334956
0.00031643
-0.000293275
0.000259845
-0.000219647
0.000171823
-0.000112399
5.19282e-05
4.95457e-06
-5.67258e-05
9.85934e-05
-0.000138013
0.000165401
-0.000189056
0.000205642
-0.000212523
0.000215771
-0.000215563
0.000214277
-0.000209031
0.000193673
-0.000176728
0.000174047
-0.000167459
0.000159615
-0.000141649
0.000123536
-9.44158e-05
6.48756e-05
-3.63257e-05
-6.90481e-05
0.000187945
-0.000360573
0.00061591
-0.000623894
0.000648599
-0.000648275
0.00064485
-0.000732656
0.000918523
-0.00123567
0.00177134
0.000583747
0.00167093
-3.9405e-05
-0.000122451
0.000124137
-0.000130539
0.000129556
-0.000125175
0.000114052
-9.92311e-05
7.88345e-05
-5.48574e-05
2.69164e-05
-3.05319e-06
-3.45488e-06
-1.92273e-05
0.000727809
0.00246405
-0.00208477
-0.000884732
-0.000970093
-0.00178191
0.00235369
5.2245e-05
-0.00177138
0.0013067
-0.00104963
0.00100465
-0.000784406
0.000726766
-0.000683129
0.000603362
-0.000432023
0.000263734
-0.000119903
-5.50798e-05
7.29951e-05
-8.07015e-05
0.000111073
-0.000144323
0.000170861
-0.000185084
0.000201155
-0.000195352
0.000206986
-0.000219492
1.17631e-05
0.00022732
-0.000239529
0.000234128
-0.000228944
0.000225929
-0.000182395
0.000137195
-7.35624e-05
1.85929e-05
3.7752e-05
-8.71964e-05
0.000127077
-0.000167528
0.000211784
-0.000256706
0.000300664
-0.000342735
0.000374326
-0.000400789
0.000425856
-0.000446055
0.000452487
-0.00044679
0.00044165
-0.000450953
0.000473646
-0.000493077
0.000501202
-0.00050386
0.000503196
-0.000503542
0.000503099
-0.00049941
0.000494684
-0.000491335
0.000488625
-0.000485657
0.000482478
-0.000479194
0.000475436
-0.000471437
0.000467
-0.000462463
0.000457769
-0.000452894
0.000447967
-0.000442635
0.000437438
-0.000702476
-0.00109307
-0.00112172
-6.58167e-05
0.00435091
-0.00206177
-0.00234497
-0.0020282
-0.00153924
0.00109307
-0.00096039
-0.000955098
-0.000443468
-0.000444779
-0.000154543
0.000178384
0.00410364
-0.000147028
-0.00127986
0.00124583
-0.0010538
-0.00121559
-0.000946967
-0.000993417
0.00129577
-0.00105189
-0.00130954
-0.00095169
-0.00100699
0.00137226
-0.00107003
-0.00137849
-0.000961301
-0.00101328
0.00143658
-0.00143084
0.00100068
0.000345879
)
;

boundaryField
{
    wall
    {
        type            calculated;
        value           uniform 0;
    }
    outlet
    {
        type            calculated;
        value           nonuniform List<scalar> 
33
(
0.000916281
0.000634911
0.000784142
0.00100915
0.000971858
0.00101829
0.0010082
0.00102756
0.0010263
0.00102987
0.00102308
0.00105959
0.00103466
0.00126901
0.00110605
0.00169489
0.00181446
0.00110453
0.00124055
0.00107941
0.00108594
0.00108528
0.00108039
0.00108419
0.00108133
0.00108085
0.00107967
0.000963075
0.00105043
0.000633419
0.000823951
0.000411951
0.000406825
)
;
    }
    inlet
    {
        type            calculated;
        value           nonuniform List<scalar> 
30
(
-0.00126903
-0.00105771
-0.00119292
-0.00140156
-0.000648998
-0.00100582
-0.001426
-0.00115006
-0.00149807
-0.00150541
-0.00149668
-0.00149545
-0.00149715
-0.00149673
-0.00149275
-0.00149341
-0.00149217
-0.00149176
-0.00147745
-0.00149177
-0.00142338
-0.000850602
-0.000874073
-0.000675543
-0.000578853
-0.000573273
-0.000511629
-0.00051561
-0.000444779
-0.000443468
)
;
    }
    frontAndBackPlanes
    {
        type            empty;
        value           nonuniform List<scalar> 0();
    }
}


// ************************************************************************* //
