/*--------------------------------*- C++ -*----------------------------------*\
| =========                 |                                                 |
| \\      /  F ield         | OpenFOAM: The Open Source CFD Toolbox           |
|  \\    /   O peration     | Version:  2212                                  |
|   \\  /    A nd           | Website:  www.openfoam.com                      |
|    \\/     M anipulation  |                                                 |
\*---------------------------------------------------------------------------*/
FoamFile
{
    version     2.0;
    format      ascii;
    arch        "LSB;label=32;scalar=64";
    class       volVectorField;
    location    "0.0227";
    object      U;
}
// * * * * * * * * * * * * * * * * * * * * * * * * * * * * * * * * * * * * * //

dimensions      [0 1 -1 0 0 0 0];

internalField   nonuniform List<vector> 
2308
(
(-0.512352 7.21419 -1.01441e-15)
(-3.09248 -5.53572 0)
(4.8396 1.04326 7.20765e-17)
(0.448533 5.22717 -3.56626e-16)
(0.700515 6.04405 0)
(1.12772 5.70004 2.65408e-19)
(-0.555975 5.95532 2.00072e-20)
(-0.536302 5.61044 -4.93418e-16)
(0.397131 6.33987 8.98362e-16)
(1.57461 10.2834 -1.18833e-16)
(1.06224 10.3939 2.12053e-16)
(0.877155 10.2463 -3.11703e-16)
(0.510145 9.74183 1.54218e-16)
(0.319392 9.03828 -7.80364e-17)
(0.252793 8.28353 1.33096e-17)
(0.256302 7.61339 1.1056e-16)
(0.288976 7.07327 1.47597e-17)
(0.0270528 6.77687 3.41952e-17)
(-0.0349725 7.13579 4.6058e-17)
(0.0271144 7.63498 3.40786e-18)
(0.143618 8.24918 2.59617e-17)
(0.364581 8.92998 -7.58944e-17)
(0.678178 9.56731 9.74832e-17)
(0.998226 9.94076 -4.48735e-17)
(1.70356 10.1238 -1.92993e-16)
(2.1153 10.0092 -9.19213e-17)
(2.2452 9.79495 4.69144e-17)
(2.45054 10.0981 -5.16034e-17)
(-0.114752 6.01131 0)
(0.329947 6.69285 -3.15814e-16)
(2.35213 10.3903 2.7521e-18)
(2.13141 10.9327 7.04775e-19)
(1.88711 11.4557 -1.20361e-17)
(1.73335 11.6715 1.13681e-17)
(1.75889 11.4125 -1.207e-17)
(1.95288 10.6335 1.13624e-17)
(2.39236 9.21178 -5.71248e-18)
(3.01498 7.32465 5.67069e-18)
(3.65461 5.5906 -5.69853e-18)
(4.19788 4.67898 2.81442e-18)
(4.59758 5.05102 5.66688e-18)
(4.91261 6.74315 8.5154e-18)
(5.29405 9.45624 -1.70926e-17)
(5.87354 12.9252 1.14416e-17)
(6.75733 16.936 5.69408e-18)
(5.48764 17.8445 -5.74842e-18)
(5.01205 13.5505 5.69215e-18)
(4.74036 9.8641 -8.5632e-18)
(4.566 7.05621 -9.27016e-18)
(4.34168 5.41447 1.42208e-17)
(3.94725 5.18532 -2.84927e-18)
(3.3861 6.21101 5.68823e-18)
(2.75864 7.96686 1.38746e-18)
(2.19947 9.73103 -8.57807e-18)
(1.83155 10.9296 -2.84938e-18)
(1.67095 11.5065 5.69814e-18)
(1.65916 11.5977 0)
(1.78046 11.2659 -7.12051e-19)
(1.94003 10.74 -2.33972e-17)
(2.00975 10.2931 -8.05197e-17)
(1.91978 10.0481 9.48179e-17)
(1.61763 10.4309 9.84324e-17)
(1.14331 10.5543 1.12662e-16)
(0.797961 10.8128 1.65854e-19)
(0.453285 10.771 1.26218e-16)
(0.299855 10.3831 -2.34005e-16)
(0.331277 9.73276 -5.37051e-17)
(0.382163 8.9262 0)
(0.467666 8.12558 0)
(0.565882 7.45037 0)
(0.645574 6.92179 0)
(7.94474 21.028 -2.86458e-18)
(6.22782 22.1838 2.87321e-18)
(-0.1728 7.08984 -1.5873e-16)
(-0.105618 7.49789 -3.20899e-18)
(0.135326 8.01785 1.25684e-17)
(0.501566 8.58801 0)
(0.993322 9.1099 -2.41322e-17)
(1.54322 9.45317 -2.35045e-17)
(2.08331 9.61514 1.18387e-17)
(2.51258 9.60876 4.73966e-17)
(2.73008 9.69047 0)
(2.74354 10.0844 3.3949e-20)
(2.57501 10.6113 8.76828e-20)
(2.30034 11.2172 -1.13608e-17)
(2.04449 11.6735 1.7064e-17)
(1.91722 11.732 2.96867e-22)
(1.97661 11.2885 -9.94432e-18)
(2.21009 10.2891 0)
(2.6819 8.65338 -1.42482e-18)
(3.27762 6.68895 8.5606e-18)
(3.84069 5.01625 -1.13732e-17)
(4.29563 4.22063 -2.05656e-20)
(4.66581 4.66105 1.13619e-17)
(5.07101 6.28711 0)
(5.65149 8.79499 1.13909e-17)
(6.50207 11.9551 -1.13983e-20)
(7.69388 15.6321 -5.72771e-18)
(0.0967646 6.53456 -1.3532e-16)
(9.19335 19.4876 -5.70897e-18)
(0.365539 6.47211 1.38005e-16)
(0.678935 6.56989 6.78348e-20)
(4.22633 22.8236 -5.76977e-18)
(4.02072 18.2718 7.16291e-18)
(3.97164 13.7809 0)
(4.00077 9.99466 -2.15967e-18)
(4.0194 7.21689 4.99459e-18)
(3.89819 5.70673 5.71068e-18)
(3.57139 5.65957 -5.73892e-18)
(3.07326 6.79618 0)
(2.53618 8.52684 -1.43199e-18)
(2.09904 10.1546 2.86945e-18)
(1.82529 11.1666 -1.96514e-21)
(1.69282 11.585 -2.86636e-18)
(1.66573 11.5557 0)
(1.70473 11.1705 4.31287e-18)
(1.71176 10.6903 -1.71293e-17)
(1.60664 10.3718 -1.14677e-17)
(1.35616 10.354 4.66123e-17)
(0.974053 10.639 1.7302e-16)
(0.551131 10.8968 1.30248e-17)
(0.230066 11.0103 1.23992e-16)
(0.089849 10.8066 -5.60887e-17)
(0.143981 10.2909 0)
(0.321059 9.51806 0)
(0.553588 8.64802 0)
(0.76338 7.85284 1.85811e-16)
(0.929072 7.21293 -2.15763e-16)
(1.0264 6.7488 2.19828e-16)
(-1.07858 5.37295 -3.96047e-16)
(1.29206 5.50097 0)
(1.1166 5.87595 0)
(1.18128 5.71032 0)
(-0.514178 6.70097 3.16719e-16)
(-0.489515 6.87001 8.96031e-17)
(-0.196092 7.20885 2.87866e-20)
(0.216446 7.63602 -1.52309e-18)
(0.724282 8.09623 1.51369e-18)
(1.32158 8.54734 1.19757e-17)
(1.92566 8.89418 -2.36943e-17)
(2.46663 9.12118 1.16943e-20)
(2.81439 9.3224 0)
(2.94165 9.64167 5.23581e-17)
(2.88099 10.1842 3.44192e-17)
(2.67838 10.8482 -5.68255e-18)
(2.42645 11.4793 5.7011e-18)
(2.23283 11.8477 0)
(2.18405 11.7384 0)
(2.29773 11.1176 -7.12817e-19)
(2.5618 9.92029 0)
(3.00345 8.1335 4.28093e-18)
(3.48584 6.15322 1.0366e-20)
(3.90947 4.55974 -2.84409e-18)
(4.25305 3.8369 0)
(4.59806 4.2453 -2.84949e-18)
(5.07316 5.70582 4.27807e-18)
(5.79949 7.9387 -7.13897e-18)
(6.82706 10.7593 0)
(8.195 14.1014 -1.14325e-17)
(9.84264 17.7254 2.85167e-18)
(11.665 21.3013 -1.42185e-20)
(10.8541 23.0912 0)
(9.30549 24.6435 -1.43184e-18)
(7.15629 25.8481 -4.6681e-18)
(-0.314563 5.81989 4.30933e-16)
(4.61718 26.5954 3.59987e-19)
(-1.60988 5.37742 -1.24298e-15)
(-2.19871 4.60697 -2.86084e-16)
(0.681892 6.40204 0)
(-0.768339 6.54504 4.12038e-16)
(0.402075 5.9217 -8.62049e-16)
(0.0555648 6.41689 5.66497e-17)
(1.04464 6.45579 -3.32557e-16)
(13.4496 24.3047 -2.87577e-18)
(12.4006 25.8208 -2.872e-18)
(10.5586 27.0894 -3.5913e-19)
(8.06417 28.1229 5.74366e-18)
(5.11232 28.8482 3.60427e-19)
(1.99364 29.2106 0)
(1.91731 26.8199 2.88717e-18)
(2.09085 22.8809 5.78977e-18)
(2.40994 18.2045 -1.3988e-18)
(2.77919 13.6376 -5.74129e-18)
(3.09528 9.87298 -6.48205e-18)
(3.31261 7.20634 8.61662e-18)
(3.31761 5.8821 2.87245e-18)
(3.1009 6.03001 -5.76493e-18)
(2.71475 7.26452 4.33015e-18)
(2.31146 8.95325 -1.2663e-18)
(2.02296 10.4549 0)
(1.84646 11.3391 0)
(1.73619 11.663 0)
(1.68006 11.582 5.78552e-18)
(1.60595 11.2195 -2.89254e-18)
(1.43964 10.837 1.49992e-20)
(1.14271 10.6472 -2.33498e-17)
(0.739127 10.7197 0)
(0.309936 10.9537 -2.4538e-17)
(-0.0434347 11.1382 2.53753e-17)
(-0.226671 11.1015 5.2221e-17)
(-0.196657 10.7162 2.66953e-17)
(0.0421464 10.0112 1.06559e-16)
(0.397646 9.11882 -1.05332e-16)
(0.769177 8.23382 0)
(1.07204 7.49867 2.61308e-17)
(1.28235 6.95147 -5.25388e-17)
(1.36887 6.59462 -1.06474e-16)
(-0.599516 6.4262 5.11705e-17)
(0.788554 9.864 0)
(0.924889 5.82994 -1.83179e-19)
(-1.1554 5.47399 5.47346e-16)
(-1.04131 5.61429 -1.16976e-16)
(-1.00465 5.89654 1.33027e-16)
(-0.99152 6.19853 -2.5341e-17)
(-0.975991 6.41408 4.9397e-17)
(-0.922733 6.51546 -2.42395e-17)
(-0.804312 6.57922 0)
(-0.575554 6.64062 -2.34204e-17)
(-0.188904 6.81724 -2.37525e-17)
(0.360955 7.11888 0)
(1.00126 7.49968 0)
(1.65073 7.91874 1.48908e-18)
(2.26928 8.32524 -1.33241e-17)
(2.73835 8.69879 0)
(2.99249 9.11203 0)
(3.04053 9.64132 -1.75086e-17)
(2.9318 10.3224 -1.15543e-17)
(2.73858 11.0577 2.30243e-17)
(2.55128 11.6648 5.75139e-18)
(2.4496 11.9217 1.43177e-18)
(2.48886 11.6621 5.72181e-18)
(2.64498 10.9053 -6.44109e-18)
(2.9092 9.57098 0)
(3.26985 7.71409 -2.86675e-18)
(3.59793 5.77157 0)
(3.85487 4.24698 0)
(4.07999 3.53252 0)
(4.3867 3.8197 -1.14467e-17)
(4.90468 5.04178 0)
(5.7145 6.97298 -6.43655e-18)
(6.80878 9.46465 1.07249e-18)
(8.22581 12.5043 2.25174e-17)
(9.90839 15.9011 0)
(11.7909 19.3829 -1.1445e-17)
(13.7396 22.5105 1.78279e-19)
(-0.548809 1.6878 0)
(-1.29583 6.01601 6.76019e-16)
(0.668344 -1.02615 1.08513e-15)
(-0.195086 5.20402 0)
(5.17418 -6.89366 -3.27512e-16)
(-2.14118 5.34881 1.41576e-15)
(0.996402 6.29 2.17645e-19)
(-0.191254 6.34243 1.07349e-16)
(-1.20029 29.2655 -3.62387e-19)
(-0.808689 26.553 -2.896e-18)
(-0.0919585 22.3938 2.89808e-18)
(0.75098 17.6291 0)
(1.51414 13.13 0)
(2.11566 9.48431 3.61835e-19)
(2.54367 7.00424 -1.44566e-18)
(2.68906 5.9143 -5.05176e-18)
(2.58022 6.26925 3.63069e-19)
(2.30434 7.59286 -7.45666e-19)
(2.02135 9.22677 -8.85736e-19)
(1.86327 10.6219 3.97649e-18)
(1.78256 11.4441 3.54585e-19)
(1.69038 11.7414 -2.89824e-18)
(1.60372 11.6777 0)
(1.43236 11.4071 1.16465e-17)
(1.13162 11.151 1.66358e-20)
(0.696475 11.0649 5.89431e-17)
(0.21323 11.1545 -4.7691e-17)
(-0.220531 11.2949 0)
(-0.509265 11.3047 4.98835e-17)
(-0.559925 11.0412 -1.53239e-16)
(-0.344582 10.4174 7.76901e-17)
(0.0651501 9.54249 1.03477e-16)
(0.558343 8.58537 1.49089e-19)
(1.01278 7.74345 -1.02463e-16)
(1.3673 7.11828 1.02509e-16)
(1.57973 6.71581 1.02888e-16)
(1.62645 6.50692 -1.03098e-16)
(1.35838 6.39659 -2.11258e-16)
(-0.315008 7.19916 -2.21046e-19)
(-2.63773 3.28244 -2.28864e-19)
(-1.78844 5.08991 -9.65557e-17)
(-1.60249 5.39033 -1.27825e-17)
(-1.47632 5.77735 -3.79156e-17)
(-1.39796 6.12285 -1.23763e-17)
(-1.3213 6.33038 0)
(-1.19799 6.38051 2.40254e-17)
(-0.981183 6.3305 -1.187e-17)
(-0.62213 6.26438 -1.18363e-17)
(-0.0998538 6.29028 5.91947e-18)
(0.564949 6.47788 5.94894e-18)
(1.29175 6.81953 1.19102e-17)
(1.97406 7.27303 0)
(2.55148 7.79428 1.17997e-17)
(2.93474 8.35969 -1.15838e-17)
(3.08985 8.98628 -1.83426e-19)
(3.05825 9.68849 -3.503e-17)
(2.92156 10.4619 2.89813e-18)
(2.76548 11.2041 -1.44608e-17)
(2.66254 11.7418 0)
(2.66027 11.8843 -4.66978e-18)
(2.77266 11.5204 3.55398e-19)
(2.94859 10.6788 6.47328e-18)
(3.18266 9.27438 0)
(3.42154 7.42601 0)
(3.57764 5.55625 -1.8038e-19)
(3.66356 4.07775 -5.56776e-18)
(3.77439 3.3065 5.74927e-18)
(4.03706 3.40503 7.18159e-18)
(4.54979 4.3422 -1.43302e-18)
(5.36366 5.97398 4.30068e-18)
(6.44668 8.17156 -1.42716e-18)
(7.833 10.9277 -1.14512e-17)
(9.48847 14.0887 1.14809e-17)
(11.3706 17.4181 2.57782e-17)
(13.3945 20.5384 1.14435e-17)
(15.4077 23.143 0)
(15.5291 24.8536 -5.90932e-18)
(14.8914 26.2083 -1.78205e-20)
(13.5353 27.2447 6.46452e-18)
(11.5047 28.1066 2.15693e-18)
(8.84239 28.8553 -2.8633e-18)
(5.67584 29.4968 5.74066e-18)
(2.32713 29.9796 -5.7477e-18)
(-1.15124 30.3269 -2.87738e-18)
(0.657959 -0.415413 -4.03534e-16)
(1.01118 1.8788 -9.28863e-17)
(-0.905986 1.10306 -1.62742e-16)
(-1.70866 6.15288 -6.87256e-16)
(-0.922808 8.30092 -3.40516e-16)
(0.563979 -1.56034 9.85314e-17)
(1.55802 6.40497 0)
(1.29802 6.26317 4.23175e-16)
(-0.634597 7.64268 1.00133e-15)
(-1.34475 7.1242 4.103e-16)
(0.0171633 9.84169 -4.12802e-16)
(0.641249 5.8119 8.81733e-16)
(-2.06198 4.75381 0)
(-1.94043 5.15423 1.25735e-17)
(-1.83548 5.60148 -3.10181e-18)
(-1.72982 5.97863 -5.80165e-17)
(-1.59691 6.1607 1.20577e-17)
(-1.39704 6.13589 0)
(-1.07728 5.95901 -9.27953e-22)
(-0.600049 5.74164 -2.96108e-18)
(0.0410776 5.62793 0)
(0.798208 5.73348 -5.93062e-18)
(1.57271 6.08163 -5.91922e-18)
(2.25403 6.6327 0)
(2.76523 7.32442 1.47098e-18)
(3.05005 8.10617 -1.46749e-18)
(3.11377 8.92849 1.46369e-18)
(3.02525 9.76187 2.1913e-17)
(2.88071 10.5705 0)
(2.77367 11.264 2.90068e-18)
(2.75437 11.7097 -1.44875e-18)
(2.83573 11.7527 3.61385e-19)
(2.99475 11.3259 1.08514e-18)
(3.16705 10.4478 -6.51466e-18)
(3.3412 9.05199 0)
(3.43404 7.27937 1.44497e-18)
(3.41081 5.49865 2.89651e-18)
(3.34303 4.02837 2.90134e-18)
(3.34546 3.14363 -3.75217e-21)
(3.5436 3.01337 -1.44049e-18)
(4.00572 3.66297 -4.31617e-18)
(4.75617 5.01021 -2.87679e-18)
(5.77953 6.93148 -2.87463e-18)
(7.09236 9.40344 0)
(8.68936 12.3141 -1.1485e-17)
(10.5311 15.4506 -1.14707e-17)
(12.573 18.4868 -8.59685e-18)
(14.6989 21.2209 -1.57514e-17)
(16.6836 23.0973 7.16666e-18)
(17.1342 24.6325 -5.72132e-18)
(16.8266 25.8575 0)
(15.776 26.7072 2.87043e-18)
(14.1716 27.2233 2.87304e-18)
(12.0395 27.5812 -5.7171e-18)
(9.35841 28.0221 5.76291e-18)
(6.19609 28.6443 2.08956e-20)
(2.82036 29.3637 -2.89291e-18)
(-0.76669 30.1045 8.61898e-18)
(-4.41355 30.7024 -8.70922e-18)
(-4.61149 30.4004 1.46225e-18)
(-4.29777 28.8677 -1.09131e-18)
(-3.35076 25.7122 2.18269e-18)
(-2.09272 21.3249 -7.24501e-18)
(-0.766165 16.5836 2.70614e-18)
(0.386699 12.2545 0)
(1.25936 8.82635 3.64292e-19)
(1.863 6.60837 5.07721e-18)
(2.09905 5.81693 -7.26082e-19)
(2.02613 6.39703 1.81166e-18)
(1.79849 7.80487 -2.81909e-21)
(1.57539 9.37456 7.32319e-19)
(1.47746 10.6741 -3.63265e-19)
(1.46256 11.4821 2.53568e-18)
(1.41442 11.8106 -8.71422e-18)
(1.31885 11.8114 7.55062e-22)
(1.12399 11.6687 5.84376e-18)
(0.775215 11.5464 -5.86035e-18)
(0.313127 11.5347 -4.72535e-17)
(-0.166735 11.5865 4.76853e-17)
(-0.555022 11.5887 0)
(-0.746545 11.3613 -9.84354e-17)
(-0.658477 10.829 7.45082e-17)
(-0.311607 9.96074 -7.56188e-17)
(0.206311 8.94596 0)
(0.766626 7.97802 0)
(1.24843 7.23007 0)
(1.59757 6.75936 -1.25357e-17)
(1.75677 6.54847 -5.84367e-22)
(1.74735 6.50239 1.99777e-16)
(0.183793 7.79997 -4.5064e-16)
(1.43475 6.30097 2.1177e-16)
(1.24752 6.08188 -1.994e-16)
(-0.566189 6.21316 2.53345e-17)
(-0.921645 8.04623 4.81171e-16)
(-1.62464 7.27062 4.10854e-16)
(-2.05231 6.20627 -2.12242e-19)
(-2.33973 5.20919 -4.28276e-16)
(-2.77005 2.69352 -2.98306e-16)
(-2.26877 4.49951 -2.96309e-16)
(-2.46476 4.00312 1.06992e-16)
(-2.32227 4.33253 -2.49232e-17)
(-2.20619 4.84346 -4.90711e-17)
(-2.09099 5.36359 0)
(-1.95772 5.75688 4.84422e-17)
(-1.77463 5.90045 0)
(-1.50483 5.77649 0)
(-1.09315 5.45743 1.18647e-17)
(-0.516518 5.08095 2.9594e-18)
(0.214727 4.84475 0)
(1.03148 4.90473 5.91656e-18)
(1.8192 5.31193 1.38769e-22)
(2.46638 6.01123 -1.88967e-21)
(2.89942 6.91397 5.88414e-18)
(3.09021 7.91932 6.62203e-18)
(3.07944 8.91161 -6.5997e-18)
(2.95765 9.82496 -1.20773e-17)
(2.82554 10.6175 3.65612e-19)
(2.76665 11.2308 -2.18705e-18)
(2.81017 11.573 7.29277e-19)
(2.95352 11.5326 2.90659e-18)
(3.13597 11.0879 -2.17764e-18)
(3.28345 10.2321 2.90648e-18)
(3.37205 8.91079 7.22525e-21)
(3.30976 7.26428 -7.25345e-18)
(3.12268 5.56321 2.8951e-18)
(2.91541 4.06216 2.89941e-18)
(2.81435 3.02738 -4.33907e-18)
(2.91671 2.65897 5.77485e-18)
(3.27883 3.03555 5.77982e-18)
(3.91872 4.10568 0)
(4.85241 5.75127 1.73172e-17)
(6.08513 7.93933 2.89207e-18)
(7.63948 10.5839 2.88251e-18)
(9.46732 13.5014 0)
(11.533 16.3961 0)
(13.7264 19.1689 8.57792e-18)
(15.8469 21.39 -1.41558e-20)
(17.4247 23.0309 -1.43719e-18)
(18.1683 24.1038 1.42839e-18)
(18.3428 25.0761 0)
(17.6558 25.7823 0)
(16.218 26.0563 -1.43719e-18)
(14.2583 25.8847 4.27497e-18)
(12.0752 25.6672 0)
(9.67457 25.937 -2.86954e-18)
(6.83907 26.7882 -2.87042e-18)
(3.66158 27.883 5.77922e-18)
(0.106389 29.0418 -2.8741e-18)
(-3.58046 30.05 8.63959e-18)
(-7.0711 31.1594 1.41097e-18)
(-7.91914 31.1663 1.45517e-18)
(-7.87352 30.1602 2.92203e-18)
(-7.00985 27.9517 0)
(-5.43072 24.281 -1.09137e-18)
(-3.6057 19.7273 -2.71452e-19)
(-1.84296 15.0749 1.64351e-18)
(-0.374996 11.0206 -3.56285e-19)
(0.727486 7.93191 -7.22076e-19)
(1.40189 6.08326 -5.80784e-18)
(1.59402 5.67968 1.45033e-18)
(1.41699 6.50729 -3.64212e-18)
(1.12012 7.98272 1.8266e-18)
(0.863725 9.48258 -7.28178e-19)
(0.737265 10.6665 0)
(0.731736 11.434 0)
(0.759369 11.8063 0)
(0.737853 11.8977 -2.91975e-18)
(0.618801 11.8805 0)
(0.353589 11.8858 2.07516e-21)
(-0.00512932 11.9264 2.36124e-17)
(-0.380474 11.9292 -1.19e-17)
(-0.6558 11.764 2.40015e-17)
(-0.709746 11.2833 7.30787e-17)
(-0.511397 10.4759 2.58162e-20)
(-0.0794279 9.4 -2.47301e-17)
(0.478507 8.29501 -4.93785e-17)
(1.01231 7.36715 9.79041e-17)
(1.45236 6.74822 -4.91142e-17)
(1.72639 6.46839 -8.13756e-21)
(1.80073 6.46404 2.44724e-17)
(1.71591 6.56771 -7.865e-20)
(1.63043 6.47973 -3.0495e-16)
(-0.125133 8.38578 -4.63548e-16)
(0.723427 8.32643 8.74233e-16)
(-1.64317 -3.45924 0)
(1.47842 6.39069 -2.07712e-16)
(-2.72968 4.12784 7.67589e-16)
(-2.48336 4.92708 -4.09253e-16)
(-2.20164 6.0761 -7.83593e-16)
(1.03679 6.02408 -6.65468e-17)
(-0.62418 5.69457 -6.35772e-17)
(-0.196183 6.18378 -2.5334e-17)
(1.30351 6.16602 -2.17333e-19)
(-1.13214 8.29247 -4.71074e-16)
(-1.71412 7.2415 3.9343e-16)
(18.0616 22.7916 -1.4238e-18)
(18.9119 23.0694 -1.4274e-18)
(18.9386 23.6991 0)
(17.8224 24.1349 -1.43812e-18)
(15.7158 23.9469 1.4255e-18)
(13.3647 23.2249 -1.44395e-18)
(11.4899 22.7239 1.4205e-18)
(9.84865 23.4953 2.88884e-18)
(7.64207 25.1721 -2.88383e-18)
(4.76964 27.03 5.76832e-18)
(1.23423 28.6076 -8.69223e-18)
(-2.33462 29.6824 0)
(-5.28873 30.87 1.57504e-20)
(-8.3001 33.3892 0)
(-10.7386 32.4734 -8.75533e-18)
(-11.4527 31.3335 2.91169e-18)
(-10.845 29.3412 0)
(-9.11867 26.2478 0)
(-6.78032 22.1174 7.28792e-19)
(-4.36147 17.5391 -9.10638e-20)
(-2.20451 13.1535 0)
(-0.528859 9.50191 -3.67372e-19)
(0.647054 6.88948 3.65215e-19)
(1.18379 5.57992 1.45683e-18)
(1.12934 5.64594 7.29144e-19)
(0.661952 6.72118 1.45391e-18)
(0.111531 8.21886 -1.19192e-20)
(-0.29607 9.61053 -2.92152e-18)
(-0.488686 10.6475 7.37693e-19)
(-0.475769 11.3011 2.92413e-18)
(-0.331865 11.6448 7.25759e-19)
(-0.174855 11.7989 -1.46149e-18)
(-0.096772 11.8952 2.92836e-18)
(-0.136323 12.0094 -8.8138e-18)
(-0.272485 12.1062 -1.17781e-17)
(-0.435622 12.0686 5.89601e-18)
(-0.506537 11.7453 -1.19191e-17)
(-0.401525 11.0425 0)
(-0.0883772 10.0022 -3.64124e-17)
(0.368031 8.77918 7.34599e-17)
(0.863235 7.65546 0)
(1.3023 6.8074 0)
(1.61697 6.34486 0)
(1.74218 6.26855 1.80638e-17)
(1.68549 6.45203 1.26442e-21)
(1.52098 6.66725 1.30663e-19)
(1.55609 6.60741 -1.96088e-16)
(1.18355 5.87116 -4.62021e-16)
(-0.390516 8.85264 -8.58581e-20)
(0.361562 2.03135 3.83071e-16)
(3.76578 -7.58058 0)
(-2.47048 3.85381 -2.34022e-17)
(-2.3446 4.4622 0)
(-2.21063 5.05293 0)
(-2.04987 5.44847 1.19905e-17)
(-1.82701 5.54301 -2.38463e-17)
(-1.50239 5.30337 0)
(-1.0238 4.83163 1.18773e-17)
(-0.380857 4.29895 0)
(0.399597 3.95966 -2.95671e-18)
(1.235 4.01032 2.95437e-18)
(2.00414 4.51901 -1.47528e-17)
(2.59736 5.40916 3.47278e-21)
(2.94783 6.54361 -5.88641e-18)
(3.05973 7.75986 1.17623e-17)
(2.99588 8.89073 8.80151e-18)
(2.85971 9.83941 -8.79865e-18)
(2.74836 10.5785 0)
(2.73112 11.0943 -2.67625e-21)
(2.82331 11.3345 -4.37703e-18)
(2.99967 11.235 0)
(3.18036 10.8084 0)
(3.2916 10.0264 1.45921e-18)
(3.28288 8.83791 4.37193e-18)
(3.08433 7.34069 -2.92062e-18)
(2.7583 5.70674 2.89814e-18)
(2.41821 4.15575 -5.80561e-18)
(2.18951 2.95728 -1.45245e-18)
(2.1623 2.3624 -1.16108e-17)
(2.38323 2.47142 5.78752e-18)
(2.88433 3.25157 0)
(3.71325 4.59376 -1.15748e-17)
(4.89017 6.45266 -5.7713e-18)
(6.46417 8.78625 0)
(8.40233 11.4565 5.79435e-18)
(10.6305 14.2034 3.631e-20)
(12.9949 16.9885 8.63961e-18)
(15.2838 19.5271 8.62267e-18)
(16.977 21.9017 0)
(17.4862 22.9039 -2.84781e-18)
(1.30521 8.69643 -4.31027e-16)
(0.442869 9.02962 -8.85474e-16)
(2.50837 2.60916 1.33945e-16)
(1.20332 6.04856 -1.84755e-16)
(-1.11493 8.31991 7.98177e-16)
(1.3596 6.20648 -1.35317e-20)
(-12.7307 36.3615 1.4568e-18)
(-14.9743 33.4383 7.28684e-18)
(-14.9466 30.785 -5.84657e-18)
(-13.1999 27.4321 0)
(-10.346 23.4974 0)
(-7.14977 19.1308 0)
(-4.15233 14.7654 0)
(-1.7198 10.869 1.46625e-18)
(0.0266299 7.82065 -7.27373e-19)
(0.998093 5.89857 3.65747e-19)
(1.11691 5.30525 -2.18656e-18)
(0.546755 5.92145 1.46496e-18)
(-0.351611 7.24332 7.28007e-19)
(-1.20712 8.66229 -1.10023e-18)
(-1.78494 9.79876 0)
(-2.02916 10.553 -1.6544e-21)
(-1.96472 10.984 -7.32819e-19)
(-1.67747 11.2129 7.32098e-19)
(-1.30108 11.3712 1.46497e-18)
(-0.952569 11.545 -1.649e-18)
(-0.686065 11.7607 1.64804e-18)
(-0.507492 11.9296 -4.40572e-18)
(-0.36123 11.873 -8.85216e-18)
(-0.158166 11.4384 5.93056e-18)
(0.148045 10.5811 0)
(0.544648 9.40995 -9.92592e-21)
(0.972793 8.15271 -3.63157e-17)
(1.35032 7.06684 3.01144e-17)
(1.61219 6.34165 -6.03408e-18)
(1.71959 6.04935 0)
(1.65182 6.16609 -5.96377e-18)
(1.4482 6.48627 8.22069e-17)
(1.21944 6.74695 -4.57646e-17)
(1.33795 6.71055 1.85673e-16)
(1.30235 5.6943 9.46555e-16)
(-0.620456 9.10961 -2.2419e-20)
(15.5556 23.8623 -7.14351e-19)
(17.5295 22.5861 4.27511e-18)
(19.2173 22.1701 7.1639e-19)
(19.4625 22.4786 0)
(17.798 22.6929 -1.44042e-18)
(14.9984 22.2261 1.42864e-18)
(12.3055 21.3545 -2.15699e-18)
(11.294 20.7386 -5.05541e-18)
(11.0218 22.7398 5.75766e-18)
(9.47579 25.8348 0)
(6.55215 28.5947 -2.87862e-18)
(2.5523 30.272 8.61711e-18)
(-1.35448 30.3908 -5.79682e-18)
(-3.22061 29.7124 -2.89107e-18)
(-4.3093 32.3406 4.31247e-18)
(-7.19668 37.4264 -5.86631e-18)
(1.55711 5.7841 8.96635e-16)
(-1.58821 6.92431 -3.64979e-16)
(-2.16906 5.64449 3.71921e-16)
(-2.53485 4.42796 7.44776e-16)
(-2.73603 3.42026 3.53371e-16)
(0.852758 5.80784 3.18099e-20)
(1.33783 5.3917 2.71951e-16)
(-0.66679 -2.4096 0)
(0.24983 4.0042 0)
(-2.51194 3.27036 0)
(-2.33299 4.02083 5.92481e-18)
(-2.17114 4.67029 -1.19416e-17)
(-1.98896 5.05997 -1.60567e-20)
(-1.74217 5.08703 3.57872e-17)
(-1.38606 4.72469 -2.38147e-17)
(-0.874932 4.08684 -2.71663e-20)
(-0.206064 3.40974 1.18636e-17)
(0.574195 2.99029 -2.06835e-17)
(1.38462 3.05955 2.93936e-18)
(2.10669 3.69822 1.18002e-17)
(2.63453 4.80121 -2.94637e-18)
(2.909 6.17292 2.9363e-18)
(2.95734 7.57978 -8.84322e-18)
(2.86229 8.81007 2.93487e-18)
(2.73004 9.76037 8.7982e-18)
(2.649 10.4301 -5.86336e-18)
(2.6644 10.8407 5.86205e-18)
(2.78403 10.9873 2.19207e-18)
(2.96582 10.8549 5.11331e-18)
(3.12324 10.4722 -6.58066e-18)
(3.19388 9.80241 4.39617e-18)
(3.10046 8.78742 -8.03011e-18)
(2.79664 7.45393 -5.85708e-18)
(2.34984 5.88935 5.82207e-18)
(1.88054 4.28541 2.91445e-18)
(1.50731 2.93497 -2.90961e-18)
(1.31611 2.12166 0)
(1.36645 1.96369 -5.80661e-18)
(1.71712 2.43394 2.89869e-18)
(2.43335 3.40888 -5.7877e-18)
(3.58703 4.86095 -8.67999e-18)
(5.26338 6.76954 -5.76945e-18)
(7.46077 9.07606 -1.15182e-17)
(10.074 11.6049 2.8699e-18)
(12.8989 14.3725 -2.88583e-18)
(15.6255 17.2356 -5.74273e-18)
(17.5658 20.3574 0)
(17.9077 22.7511 0)
(14.8467 25.2904 0)
(2.79605 3.26135 0)
(1.40125 6.48528 2.26102e-19)
(1.21319 5.76839 1.0012e-15)
(1.89079 8.8182 4.27493e-16)
(0.201691 9.57233 4.39395e-16)
(1.05707 9.49755 8.65198e-16)
(1.08374 5.69594 -4.63534e-16)
(1.74989 2.77722 -1.14663e-16)
(-0.618227 -0.291902 0)
(0.968324 5.8169 -5.26961e-16)
(1.3004 5.91265 -2.15125e-16)
(1.06066 6.68667 -8.21432e-17)
(0.678349 5.96055 -1.38357e-15)
(0.78259 0.497764 4.21898e-16)
(0.558112 0.434968 3.76991e-16)
(0.61861 2.17033 -6.18724e-17)
(-12.5856 41.2344 -2.89583e-18)
(-18.56 38.2848 -7.29271e-19)
(-19.7514 32.9748 -2.21622e-18)
(-18.0738 28.5118 1.26429e-21)
(-14.632 23.9263 0)
(-10.4814 19.4852 0)
(-6.4294 15.246 0)
(-2.99343 11.451 -3.66962e-19)
(-0.460843 8.33808 -4.59797e-19)
(1.05648 6.19567 4.54808e-19)
(1.49726 5.24823 -3.65205e-19)
(0.939575 5.51115 9.14658e-19)
(-0.238984 6.62276 -1.09849e-18)
(-1.53577 8.00026 0)
(-2.59995 9.17351 0)
(-3.26247 9.93965 0)
(-3.51861 10.3264 0)
(-3.40608 10.4526 0)
(-3.00571 10.4853 0)
(-2.44119 10.5755 -3.66662e-19)
(-1.84212 10.7744 1.46564e-18)
(-1.26987 11.0577 0)
(-0.741721 11.2838 -3.6746e-18)
(-0.232717 11.2306 6.62097e-18)
(0.287318 10.7566 5.90117e-18)
(0.812165 9.86639 0)
(1.29563 8.70202 1.79207e-17)
(1.67922 7.51397 -1.796e-17)
(1.90131 6.54738 -5.9595e-18)
(1.93744 5.99074 1.19668e-17)
(1.77134 5.87808 -1.79004e-17)
(1.45689 6.13231 8.90807e-18)
(1.10628 6.49416 -2.33654e-17)
(0.798557 6.71077 5.75591e-18)
(0.54257 6.6695 1.77176e-16)
(1.59416 5.3955 5.03117e-16)
(0.312871 5.73161 6.77611e-16)
(1.08309 6.88944 3.29906e-16)
(10.847 21.2172 0)
(13.4316 17.0505 -2.86226e-21)
(16.414 14.6413 -1.42722e-18)
(18.6267 14.4656 -7.09281e-19)
(18.5496 16.0308 -1.79284e-19)
(16.4492 18.0927 1.7739e-19)
(13.2968 19.3322 0)
(10.379 19.6789 0)
(10.8612 18.5559 2.15366e-18)
(12.7858 22.4445 -5.74344e-18)
(11.7791 27.7594 7.23581e-18)
(8.0313 31.9534 0)
(2.36948 34.6397 -5.75041e-18)
(-3.01301 34.342 5.75269e-18)
(-2.21996 31.2379 1.43351e-18)
(2.08573 34.2345 1.4418e-18)
(2.57472 40.3366 0)
(-1.99637 46.7886 0)
(-0.193617 5.75776 0)
(-1.24067 6.02594 3.51005e-16)
(-1.86635 4.82585 0)
(-2.30052 3.6885 -7.32922e-16)
(-2.53661 2.65869 3.69046e-16)
(-2.72688 1.8323 6.68992e-16)
(4.49139 -7.40857 -1.03354e-16)
(0.725891 10.4465 4.0995e-16)
(-2.35715 1.94072 1.23171e-17)
(-2.25432 2.69573 -9.67236e-17)
(-2.11723 3.52685 4.2034e-17)
(-1.96523 4.21084 -4.796e-17)
(-1.78309 4.5767 -2.09594e-17)
(-1.53319 4.52044 2.98084e-17)
(-1.17393 4.02805 5.98454e-18)
(-0.667707 3.22909 -2.96871e-17)
(-0.0186717 2.42157 1.77467e-17)
(0.715465 1.94047 0)
(1.46523 2.04401 -1.47648e-17)
(2.12222 2.82308 8.85875e-18)
(2.57856 4.14616 1.47367e-17)
(2.78395 5.74442 2.92688e-18)
(2.78708 7.31509 -1.1785e-17)
(2.68358 8.61358 -5.88161e-18)
(2.56971 9.54356 0)
(2.51419 10.1354 0)
(2.55058 10.4459 -1.46682e-18)
(2.67948 10.5138 -7.32027e-19)
(2.84645 10.3721 7.32384e-18)
(2.97471 10.0501 1.4712e-18)
(3.00795 9.51364 -5.1238e-18)
(2.85391 8.69259 -3.86269e-22)
(2.47956 7.53974 0)
(1.93842 6.06782 0)
(1.33517 4.43599 -5.86068e-18)
(0.795932 2.95352 8.7464e-18)
(0.41663 1.92819 -2.9142e-18)
(0.282104 1.49514 2.02014e-21)
(0.476214 1.61145 2.90402e-18)
(1.09923 2.15085 2.90467e-18)
(2.26406 3.06876 1.74047e-17)
(4.10764 4.37551 0)
(6.68458 6.13065 8.65402e-18)
(9.91064 8.273 -8.68134e-18)
(13.548 10.8929 5.75876e-18)
(17.1623 13.9926 -5.77005e-18)
(19.8107 17.8713 5.7751e-18)
(20.1944 21.7601 0)
(16.4008 26.2051 0)
(9.61952 25.4605 -2.86994e-18)
(1.94267 5.5694 8.77866e-16)
(1.21978 6.51835 -1.89064e-16)
(0.46624 8.2009 -3.4779e-16)
(2.69735 6.50328 8.5146e-16)
(2.59209 7.55873 -9.30879e-20)
(2.42839 8.59443 8.5359e-16)
(1.29747 6.19906 2.08019e-16)
(0.0459653 9.83095 -9.25972e-16)
(1.67984 9.69951 0)
(0.831038 10.1503 0)
(0.347462 -0.825396 -6.78183e-17)
(1.82332 0.52653 -4.21351e-16)
(5.40138 -2.29394 2.87172e-17)
(1.15037 6.1017 -8.33296e-16)
(0.276788 5.70229 -9.51331e-17)
(1.53458 5.18497 -5.588e-16)
(3.33241 2.29961 0)
(3.48739 3.0656 -5.96345e-17)
(0.255216 6.32454 0)
(0.388488 6.55005 2.96283e-18)
(0.72678 6.44209 5.91064e-18)
(1.21651 6.12662 2.22292e-18)
(1.76402 5.80538 3.71128e-19)
(2.21557 5.73835 0)
(2.43658 6.0749 7.43151e-18)
(2.37904 6.81612 -7.44519e-18)
(2.03622 7.80952 2.95255e-18)
(1.45449 8.83297 -5.89902e-18)
(0.70047 9.63917 1.47391e-18)
(-0.149275 10.076 0)
(-1.02202 10.1138 2.93398e-18)
(-1.87792 9.8731 -1.4703e-18)
(-2.7016 9.5853 1.46755e-18)
(-3.47519 9.42767 -2.56661e-18)
(-4.14596 9.47073 2.97796e-18)
(-4.61123 9.68692 1.98822e-21)
(-4.77198 9.91396 -1.55338e-18)
(-4.54048 9.94095 7.32001e-19)
(-3.86196 9.61991 -8.21352e-19)
(-2.71069 8.83571 0)
(-1.16726 7.61509 3.67524e-19)
(0.499091 6.22969 -1.83694e-19)
(1.81231 5.17244 -7.33662e-19)
(2.18086 4.9703 6.33198e-19)
(1.2491 5.87064 9.12184e-20)
(-1.04632 7.81411 -3.66313e-19)
(-4.66189 10.6226 0)
(-9.43061 14.1911 0)
(-14.9746 18.5056 -1.46003e-18)
(-20.5438 23.7228 8.03462e-18)
(-24.703 29.5501 -1.46479e-18)
(-25.4084 36.9892 0)
(-19.8848 41.8271 5.84818e-18)
(-9.1717 50.2822 -1.19562e-20)
(2.96255 3.96478 3.18687e-16)
(-4.71703 25.9936 2.86115e-18)
(1.30224 20.7158 0)
(8.39762 16.4185 -7.21283e-19)
(14.6936 13.9199 7.1076e-19)
(19.3644 14.3155 1.79562e-18)
(19.9301 17.9924 -1.41617e-18)
(17.26 21.0275 3.57059e-19)
(13.4113 23.0303 7.15334e-19)
(8.48067 23.277 5.02763e-18)
(10.8901 15.7646 -7.15544e-18)
(16.7216 22.7891 -5.74354e-18)
(15.782 31.4237 5.79104e-18)
(11.3565 35.8634 -7.24954e-19)
(3.70068 39.6318 1.44199e-18)
(-4.91792 32.8809 -5.70935e-18)
(-2.87036 16.9096 -1.42612e-18)
(6.23168 14.0601 5.75555e-18)
(10.0952 26.9555 0)
(9.62861 38.3678 2.90762e-18)
(7.57854 44.3308 -1.45876e-18)
(1.90625 5.06894 4.60117e-16)
(0.913606 6.43256 -1.6535e-16)
(2.7181 5.48818 -4.23102e-16)
(0.431166 2.14472 0)
(1.47485 2.06678 0)
(2.33765 1.75521 -1.10229e-16)
(3.19159 1.44677 -2.76098e-17)
(3.8839 1.10673 -3.44173e-17)
(4.01046 1.91464 -8.46719e-17)
(4.12843 2.66813 1.17714e-16)
(4.26881 3.22931 6.41344e-17)
(0.230402 2.80119 0)
(2.19754 4.46086 -6.30392e-17)
(1.61732 -0.526366 -1.43098e-19)
(-1.38539 -4.8794 3.76657e-16)
(0.442664 -1.96315 -3.60013e-16)
(3.02131 5.80281 -4.26312e-16)
(2.95686 6.9129 0)
(2.83465 7.99481 0)
(1.26323 5.79536 4.34454e-16)
(2.32067 5.17803 8.57874e-16)
(0.178044 1.71784 -8.453e-17)
(-0.556137 4.6577 3.51078e-16)
(-1.25949 3.61868 -3.63604e-16)
(-1.75574 2.64554 0)
(-2.02371 1.76395 -7.71608e-16)
(-2.19945 0.989759 3.87972e-16)
(-2.28339 1.00934 -5.22958e-16)
(-1.23487 -1.35646 -3.1959e-16)
(-2.01695 0.440415 1.01109e-16)
(-1.99988 1.16138 -1.12686e-16)
(-1.90508 2.03978 4.93992e-17)
(-1.77873 2.92902 -4.87421e-17)
(-1.63616 3.63034 0)
(-1.46628 3.96322 -3.00393e-18)
(-1.23264 3.82121 -4.49336e-18)
(-0.895229 3.19664 1.792e-17)
(-0.427285 2.25162 6.00768e-18)
(0.152325 1.33073 -2.96477e-17)
(0.803606 0.798842 1.18144e-17)
(1.48009 0.93487 1.47671e-17)
(2.05966 1.85448 -1.18051e-17)
(2.43354 3.39503 7.35818e-18)
(2.57442 5.20305 -7.3762e-18)
(2.54913 6.90765 -2.93412e-18)
(2.45365 8.24731 8.8379e-18)
(2.36084 9.14557 1.47e-18)
(2.32524 9.65846 5.87698e-18)
(2.37551 9.87889 -5.87663e-18)
(2.49834 9.88949 0)
(2.64014 9.75503 -1.46726e-18)
(2.74725 9.50048 -7.33245e-19)
(2.74963 9.10757 -7.34029e-18)
(2.55988 8.49407 6.59455e-18)
(2.15025 7.54082 -7.32953e-19)
(1.54068 6.1987 5.87576e-18)
(0.816464 4.58563 -1.09826e-17)
(0.101976 3.00603 5.83741e-18)
(-0.482876 1.78492 2.92487e-18)
(-0.812798 1.05216 1.4581e-18)
(-0.768758 0.759508 -2.91358e-18)
(-0.229527 0.777266 8.72087e-18)
(0.961101 1.02008 -8.70109e-18)
(2.99376 1.53309 -2.90737e-18)
(6.01005 2.47337 -8.70121e-18)
(10.0097 3.92495 1.15534e-17)
(14.7873 6.07805 -8.69023e-18)
(19.8266 9.11553 5.76855e-18)
(23.8715 13.4493 -1.15344e-17)
(24.8201 18.7332 0)
(20.0181 24.2919 5.75355e-18)
(9.68512 27.1339 -2.87686e-18)
(-10.833 28.5665 -2.86688e-18)
(2.59742 2.60682 -9.58565e-16)
(2.52215 1.56063 4.45092e-16)
(2.38859 0.623008 -4.44975e-16)
(0.115318 -1.76824 2.0117e-16)
(1.4444 -1.32075 -4.63047e-16)
(1.17997 6.10122 0)
(5.1815 1.26862 -1.07202e-16)
(1.14686 -1.98948 -4.90579e-16)
(1.6028 4.22642 2.95868e-16)
(1.49936 10.4237 1.25041e-15)
(0.694453 10.498 -8.45065e-16)
(2.25754 9.54036 -4.24249e-16)
(2.98621 3.33857 0)
(3.11999 5.87179 -4.37562e-16)
(3.14487 4.74918 4.31884e-16)
(3.66577 3.72703 -1.86672e-16)
(3.0057 4.42909 -4.52651e-16)
(0.492422 -1.31025 4.52835e-17)
(4.55036 2.59056 -1.08229e-16)
(1.46486 10.6199 -3.97183e-16)
(0.198358 -3.62575 2.07369e-16)
(0.279083 -2.97111 3.98822e-16)
(4.43269 1.80062 1.07949e-16)
(4.38183 1.13307 -1.06853e-16)
(4.27838 0.479766 0)
(-0.177223 5.78279 -6.00029e-18)
(-0.0258796 6.19425 -3.73072e-18)
(0.348219 6.27592 1.18815e-17)
(0.944149 6.09303 -5.16779e-18)
(1.68087 5.78142 -6.66327e-18)
(2.38717 5.55276 7.40729e-19)
(2.8595 5.61353 -5.92448e-18)
(2.96625 6.00993 1.47806e-18)
(2.66347 6.67872 2.95201e-18)
(1.97702 7.42544 0)
(1.00381 8.04238 -1.48081e-18)
(-0.138071 8.38599 0)
(-1.31824 8.42304 -1.47315e-18)
(-2.4284 8.24472 7.3071e-19)
(-3.41164 8.04745 0)
(-4.24701 8.00831 0)
(-4.91635 8.22918 -1.51273e-18)
(-5.37815 8.70276 2.93271e-18)
(-5.57251 9.27438 9.25349e-20)
(-5.40909 9.73341 -1.46408e-18)
(-4.80186 9.89428 1.37295e-19)
(-3.69176 9.59127 1.65236e-18)
(-2.07391 8.72252 -2.84236e-18)
(-0.133395 7.35353 3.02353e-18)
(1.75476 5.75839 -1.45942e-18)
(2.99552 4.44751 5.73214e-21)
(2.955 3.89192 -1.46231e-18)
(1.28582 4.28084 1.64566e-18)
(-2.16715 5.5871 -3.66599e-19)
(-7.4452 7.80657 3.6681e-19)
(-14.2766 11.0106 -7.4173e-19)
(-22.1955 15.6138 -2.92815e-18)
(-29.5225 21.5973 -5.83089e-18)
(-32.8301 29.7666 2.94433e-18)
(-28.8627 35.6687 4.38068e-18)
(-18.2213 47.04 -2.91705e-18)
(2.14988 41.7721 0)
(-1.45325 -0.0775597 0)
(-1.26284 0.607205 3.94396e-16)
(-0.876266 1.2953 -7.69366e-16)
(-0.335172 1.96668 -2.88759e-19)
(0.35392 2.60474 3.64076e-16)
(1.11769 3.2238 -3.56555e-16)
(5.57349 -9.52832 1.94513e-16)
(1.75333 4.79516 4.79139e-16)
(0.707967 5.89143 6.98081e-16)
(2.99965 4.73555 0)
(2.89163 2.30703 4.35236e-16)
(4.3973 3.92524 1.35753e-16)
(3.06147 4.67356 -2.42478e-16)
(2.62531 3.64021 4.97989e-16)
(3.03371 6.97964 -4.74662e-19)
(0.590364 6.17389 -1.65422e-16)
(0.451408 -1.62266 4.89935e-17)
(4.25959 -9.70876 2.71377e-16)
(-0.81434 5.82089 0)
(2.23208 4.52914 -8.46494e-16)
(-0.41604 1.65888 -1.93957e-16)
(1.47691 3.34258 -3.28604e-16)
(0.805737 2.93942 2.15139e-16)
(1.89572 3.88347 3.53512e-16)
(-18.8231 18.8294 -5.71913e-18)
(-10.4912 12.541 2.86729e-18)
(-3.41668 6.05564 1.43485e-18)
(4.82575 2.63879 -1.43527e-18)
(11.9296 2.41399 -7.23845e-19)
(18.3091 5.74425 3.95482e-18)
(18.683 10.0333 -2.84829e-18)
(13.8748 15.7342 -6.38937e-22)
(8.17536 21.8575 -7.14201e-19)
(-2.57762 23.1695 7.19161e-19)
(6.78297 13.6277 7.15481e-19)
(24.9368 23.5888 5.73807e-18)
(23.2306 33.0616 -1.4498e-18)
(12.36 35.4207 -5.01429e-18)
(-3.82971 44.6634 5.67553e-18)
(-22.7225 45.4236 -5.75698e-18)
(-21.5631 29.2634 8.72477e-18)
(10.4277 26.3096 -1.14458e-17)
(30.3594 45.2142 7.08139e-19)
(30.5468 53.858 -2.84792e-18)
(28.0527 58.6157 8.54296e-18)
(21.1573 58.5211 -8.62559e-18)
(0.282455 1.78763 3.38676e-16)
(1.23331 1.38061 -3.27847e-16)
(2.17212 0.970052 1.6432e-16)
(3.00272 0.619612 -8.09872e-17)
(3.67528 0.307296 6.77072e-18)
(4.08719 -0.185195 2.12033e-16)
(4.71624 0.343012 -9.26146e-17)
(0.999661 5.83453 3.72775e-16)
(2.63869 4.58937 -4.13318e-16)
(2.11698 -0.235689 -5.97881e-20)
(0.857868 -2.70248 0)
(0.0264612 -0.369525 -1.84127e-16)
(5.15274 3.13725 4.38142e-16)
(2.42231 4.99536 1.16539e-16)
(1.4092 10.8322 -1.23396e-15)
(5.03236 -2.65914 0)
(1.85031 1.70668 -4.14963e-16)
(2.70319 8.98181 0)
(1.68357 4.23217 9.87743e-17)
(1.20465 5.54667 -4.17169e-16)
(-0.521454 1.27089 0)
(-0.913446 1.1887 1.78346e-16)
(2.1223 10.3294 -1.25107e-15)
(-1.26081 -1.51071 -1.9763e-16)
(-1.42991 -1.07396 1.23708e-16)
(-1.51656 -0.46556 -1.10386e-16)
(-1.52023 0.315582 1.03403e-16)
(-1.44788 1.26279 0)
(-1.34405 2.19765 -6.13231e-18)
(-1.2231 2.90657 0)
(-1.08076 3.20149 -1.50425e-18)
(-0.884337 2.97181 -1.4998e-18)
(-0.59745 2.22233 0)
(-0.204225 1.15369 2.97343e-18)
(0.288767 0.133766 8.9294e-18)
(0.861215 -0.463356 -1.18203e-17)
(1.43626 -0.298265 -4.43062e-18)
(1.90457 0.771368 4.43039e-18)
(2.19098 2.52027 -7.36028e-18)
(2.28336 4.50852 2.44581e-20)
(2.25258 6.31211 7.37361e-18)
(2.17359 7.67325 5.88362e-18)
(2.09914 8.53667 -7.35947e-18)
(2.07813 8.97919 0)
(2.13118 9.13056 -5.87173e-18)
(2.23565 9.10694 6.59912e-18)
(2.35376 8.98488 7.33413e-19)
(2.44075 8.80207 0)
(2.4233 8.55859 1.1004e-18)
(2.22718 8.15034 0)
(1.81517 7.41896 7.33481e-19)
(1.17095 6.25793 0)
(0.352115 4.72888 -7.33093e-19)
(-0.52577 3.10857 0)
(-1.29847 1.70284 0)
(-1.80615 0.646084 -2.78165e-21)
(-1.89674 -0.0939232 -7.30505e-18)
(-1.44934 -0.67903 2.91523e-18)
(-0.272185 -1.22796 2.91104e-18)
(1.87518 -1.69717 2.89716e-18)
(5.2392 -1.85966 2.88314e-18)
(9.9866 -1.53304 2.88888e-18)
(16.0543 -0.43736 5.75882e-18)
(22.9627 1.77993 -2.9159e-18)
(29.1148 5.63153 -1.78002e-20)
(31.3386 11.2732 -1.15506e-17)
(26.361 17.4129 -1.28472e-21)
(13.3935 23.7179 0)
(-10.0391 26.6466 0)
(-20.2688 24.514 0)
(-1.15564 0.792576 8.25238e-16)
(-0.369942 -2.18162 -2.53933e-16)
(-0.594248 1.47547 2.84768e-17)
(3.08005 3.67888 -1.12442e-19)
(3.80946 4.48971 -5.54177e-20)
(2.97595 5.52777 4.54432e-16)
(-0.0933534 -0.568094 9.36196e-17)
(-1.02669 -4.59399 -1.85637e-16)
(0.0832764 5.92347 3.90234e-16)
(0.956535 1.98957 8.35814e-17)
(2.07878 4.1264 -3.8502e-16)
(-2.63021 3.51783 -4.11416e-16)
(-0.606923 -1.70349 -2.42524e-19)
(-0.529148 -1.15679 -4.32793e-16)
(-0.256879 -0.665397 -4.04541e-16)
(0.209562 -0.241875 7.82019e-16)
(0.836557 0.0756101 -3.81949e-16)
(1.59536 0.291708 0)
(2.40544 0.446681 -1.52169e-19)
(3.21188 0.569864 -7.37942e-16)
(2.82545 4.05822 3.62627e-16)
(3.98509 0.498812 -3.81432e-16)
(-0.0363439 -1.41437 -1.97994e-20)
(-0.36787 -3.99887 2.13577e-16)
(0.209651 1.01162 -4.61601e-16)
(-1.70296 -0.771996 5.3416e-16)
(-0.18794 3.2537 1.90189e-16)
(-0.353622 4.17363 -6.15275e-18)
(-0.467564 5.06664 8.9854e-18)
(-0.36105 5.65654 7.44219e-19)
(0.0188583 5.97206 -1.18727e-17)
(0.668571 5.99005 1.03587e-17)
(1.50839 5.75591 1.8542e-19)
(2.37878 5.41055 5.1774e-18)
(3.04429 5.15619 -5.90893e-18)
(3.29425 5.11665 1.47359e-18)
(3.03512 5.33012 0)
(2.28339 5.6799 0)
(1.14566 6.03422 2.93403e-18)
(-0.198204 6.26707 2.93896e-18)
(-1.56679 6.33765 1.46515e-18)
(-2.7991 6.30276 -2.20486e-18)
(-3.80597 6.30122 -1.83827e-19)
(-4.58063 6.467 1.46741e-18)
(-5.15394 6.88936 -1.46794e-18)
(-5.54792 7.5895 -9.16957e-20)
(-5.74639 8.45177 0)
(-5.66681 9.29441 0)
(-5.19556 9.93196 -9.15747e-20)
(-4.23221 10.1639 -1.83836e-19)
(-2.73639 9.78784 -9.20653e-20)
(-0.769697 8.68875 1.38067e-18)
(1.40114 6.91029 -1.50583e-18)
(3.29367 4.80312 -1.37925e-18)
(4.23163 2.86621 -7.3035e-21)
(3.51817 1.46018 1.64563e-18)
(0.675502 0.741669 -1.09472e-18)
(-4.59219 0.864654 2.55937e-18)
(-12.332 1.81905 -1.46536e-20)
(-22.1602 3.87457 1.45089e-18)
(-32.4045 7.2021 0)
(-38.7509 12.6879 -2.90463e-18)
(-37.6055 17.2808 -2.90377e-18)
(-24.8867 26.8986 0)
(6.86791 20.7297 0)
(29.1043 49.0321 2.86262e-18)
(4.48503 -0.0901781 2.02163e-16)
(4.37097 -0.47917 1.03294e-16)
(4.26322 -0.85084 -2.0799e-16)
(4.09587 -1.19979 -4.67726e-16)
(4.5947 -2.97413 7.31875e-17)
(-0.73981 1.66627 -2.5483e-17)
(-1.65731 -5.72649 4.0514e-16)
(-1.56042 -5.44011 0)
(-1.54239 -5.34675 3.80995e-16)
(-0.766253 -2.95391 -4.5389e-16)
(-1.16244 -4.29821 3.81571e-16)
(-1.02557 -3.67616 4.03555e-16)
(0.676939 6.1762 -4.52387e-16)
(-0.582538 -2.14956 -5.86158e-16)
(0.523108 3.3592 0)
(0.85402 5.23692 0)
(2.86996 3.77873 -4.12789e-16)
(2.68054 1.35411 8.55609e-16)
(0.331004 -3.36192 0)
(-0.451635 -3.22914 6.78124e-16)
(4.55577 4.73056 -1.22927e-16)
(3.23761 5.3766 8.68818e-17)
(1.97236 6.88271 -3.34982e-16)
(1.40989 10.9104 1.61994e-15)
(0.842854 6.04817 5.0197e-16)
(0.945383 1.7341 -2.79142e-16)
(1.44634 5.19776 0)
(1.18995 2.1111 0)
(1.00329 1.96593 -3.53853e-16)
(2.67228 4.50565 -4.67824e-16)
(2.93897 7.9966 4.27816e-16)
(1.86234 4.52602 -1.09645e-19)
(1.30456 4.98277 -6.50303e-20)
(1.67293 4.18016 2.12312e-16)
(0.351503 -1.05417 -4.44941e-16)
(-1.06537 -4.90336 -3.72572e-16)
(5.38877 0.405358 3.00232e-16)
(5.52601 -0.860516 -1.32751e-16)
(5.42241 1.76618 1.97146e-16)
(-2.01484 0.0716805 -4.45747e-16)
(-1.36234 -0.761747 5.27165e-16)
(-1.25136 1.29178 -5.59787e-17)
(-0.66914 1.36584 5.52827e-17)
(0.153808 1.10044 0)
(1.07989 0.650398 1.3537e-16)
(1.94532 0.191052 -2.70238e-17)
(2.69378 -0.180391 0)
(3.32804 -0.456388 -3.31801e-18)
(3.75761 -0.800319 0)
(3.82258 -1.49045 5.18628e-17)
(2.429 3.84853 -3.9505e-16)
(1.12557 5.12748 1.09455e-19)
(2.60768 9.81028 8.2786e-16)
(2.08671 10.8449 -4.66827e-19)
(5.19563 3.88872 5.50682e-17)
(-1.3718 -6.29988 9.66662e-16)
(-0.727079 -3.23129 0)
(-0.764716 -2.26689 3.68494e-17)
(-0.876551 -1.97969 7.68191e-17)
(-0.956143 -1.40568 -1.37956e-17)
(-0.983495 -0.591664 0)
(-0.945389 0.379965 -2.52075e-17)
(-0.864713 1.33704 2.46826e-17)
(-0.782189 2.04577 1.8245e-17)
(-0.674331 2.30243 -1.05365e-17)
(-0.521597 1.99329 6.00452e-18)
(-0.29748 1.13825 -5.95364e-18)
(0.00739793 -0.0468444 5.96532e-18)
(0.405864 -1.18023 -2.94908e-18)
(0.874274 -1.82118 0)
(1.31553 -1.59284 2.95215e-18)
(1.6493 -0.388667 2.93758e-18)
(1.86743 1.52527 -1.49557e-18)
(1.93253 3.64958 -3.69468e-18)
(1.91756 5.52634 -1.47353e-18)
(1.85723 6.90973 5.88633e-18)
(1.79588 7.74982 -5.88896e-18)
(1.78419 8.13924 0)
(1.8268 8.24224 0)
(1.90593 8.19872 -1.10071e-18)
(1.99841 8.09687 -3.6766e-19)
(2.0618 7.98682 -5.87666e-18)
(2.03645 7.88542 5.50413e-18)
(1.85865 7.67449 6.05555e-18)
(1.4701 7.18491 -5.86622e-18)
(0.835226 6.25969 -5.78899e-18)
(-0.0224926 4.88999 5.83567e-18)
(-1.00096 3.28032 0)
(-1.90901 1.70629 0)
(-2.55734 0.320874 -7.34459e-19)
(-2.76303 -0.889464 3.6599e-18)
(-2.41831 -2.08003 6.30976e-21)
(-1.35518 -3.44343 -4.37545e-18)
(0.675091 -4.97702 2.91242e-18)
(4.07401 -6.48325 -2.91688e-18)
(9.21938 -7.78422 2.90003e-18)
(16.2327 -8.62048 -2.91358e-18)
(24.7968 -8.64328 8.71683e-18)
(33.1647 -7.47975 5.78047e-18)
(37.067 -4.56038 -5.79447e-18)
(33.2769 -0.439932 2.88228e-18)
(16.1083 6.03758 -5.7564e-18)
(-15.8239 10.3679 1.24089e-20)
(-27.9792 20.1346 3.86812e-20)
(-61.2917 -7.20506 5.79856e-18)
(-47.6145 7.56523 1.11271e-18)
(-39.1849 1.00013 3.25592e-18)
(-21.3685 -5.08927 0)
(-11.6649 -11.0064 2.86376e-18)
(-2.78918 -14.4752 -2.86654e-18)
(3.02038 -14.51 0)
(5.18833 -4.33906 2.28277e-20)
(6.65432 16.3792 1.79599e-19)
(7.49558 28.3365 5.39838e-18)
(2.88464 36.3429 -5.66301e-18)
(-8.82533 27.2848 -5.43034e-18)
(9.03226 -17.3691 1.07126e-17)
(31.8377 12.7957 -1.15198e-17)
(26.766 64.2345 5.68478e-18)
(18.3628 82.3028 0)
(12.3096 88.0494 -1.25037e-17)
(-10.6339 62.748 1.17296e-17)
(-19.3269 -17.6731 4.29093e-18)
(12.5363 -56.7375 6.32736e-18)
(32.5541 -13.4629 -8.02054e-18)
(28.4643 7.30282 0)
(33.0474 11.4228 -1.44181e-18)
(34.5268 0.996709 6.39843e-18)
(51.7701 -31.6573 -7.33407e-18)
(1.75612 -1.03369 -4.25242e-16)
(2.5746 5.57328 2.63361e-17)
(4.6123 0.397998 8.21347e-16)
(3.60905 4.0579 3.92419e-16)
(1.9 2.75165 -4.12278e-16)
(-0.0420842 -2.74103 0)
(-1.54986 0.611201 0)
(-0.299353 -2.90016 -2.17202e-16)
(0.421055 6.03803 1.55158e-15)
(1.30272 5.36272 -2.37415e-16)
(0.267493 -2.34993 -4.14255e-16)
(0.346561 -1.9252 5.63644e-20)
(0.726605 -1.68358 2.9248e-20)
(1.32831 -1.60115 3.95741e-16)
(2.08013 -1.66224 -3.88569e-16)
(2.93841 -1.867 0)
(3.83673 -2.21574 7.61526e-16)
(4.67793 -2.66546 3.81987e-16)
(5.34852 -3.15431 0)
(5.77313 -3.52748 -4.14191e-16)
(5.86384 -3.20769 5.94638e-16)
(5.00851 0.387381 -9.22007e-16)
(5.91633 -3.60101 9.32898e-16)
(0.684146 4.40271 0)
(2.90856 2.70125 7.39081e-20)
(-0.104475 -3.67492 6.63455e-16)
(3.97613 5.30426 1.47643e-17)
(1.78636 9.01882 1.75169e-16)
(0.899145 6.22958 6.02288e-16)
(-0.180633 -2.55226 -5.13795e-16)
(5.16343 0.665712 -2.76291e-16)
(0.977449 1.3579 -1.82122e-19)
(2.93922 6.54116 4.41058e-16)
(2.20263 4.69142 1.8982e-16)
(1.49514 4.5456 -2.40008e-16)
(5.38108 2.782 -3.5093e-16)
(0.422594 -1.46396 3.95232e-16)
(-2.93711 -6.70914 0)
(-3.27752 -7.08926 -3.81719e-16)
(-3.46229 -7.25676 1.17706e-19)
(-3.51222 -7.29511 -3.84273e-16)
(-3.44791 -7.20044 0)
(-3.38047 -7.08919 0)
(-3.14433 -6.66174 1.09133e-15)
(-2.62914 -6.07557 -7.87941e-16)
(-1.13986 -0.0334756 -9.47152e-17)
(-2.48776 1.27763 -8.94952e-17)
(4.1581 -3.19313 -9.67498e-17)
(3.89477 -3.20957 -4.9177e-17)
(3.76048 -3.18964 -2.01265e-16)
(3.6172 -3.16095 4.08646e-16)
(3.44297 -3.0366 2.06359e-16)
(3.24584 -2.79914 0)
(2.14178 3.43866 7.24744e-16)
(1.29839 4.44824 -8.49874e-16)
(-0.264404 0.392111 0)
(2.6082 10.4073 1.60558e-15)
(-1.80763 0.588572 5.82478e-17)
(-1.83675 1.27664 -6.16139e-17)
(-1.43211 1.33497 0)
(-0.724077 1.02046 0)
(0.0779158 0.517675 -1.06353e-16)
(0.877752 -0.0374263 -2.66708e-17)
(1.60946 -0.536933 7.94405e-17)
(2.25207 -0.912771 -1.31553e-17)
(2.81092 -1.15852 -1.01338e-16)
(3.24172 -1.37203 1.16426e-16)
(3.38153 -1.75899 -2.04874e-16)
(2.98529 -2.51379 2.56745e-16)
(-2.40086 -7.65252 -6.22861e-16)
(5.25101 4.57593 0)
(0.592116 0.412575 0)
(-0.064572 9.14487 1.08253e-15)
(0.786173 5.90232 2.45109e-16)
(-0.0402393 -1.11492 -1.17712e-16)
(-0.375341 6.2574 0)
(-0.126505 -2.9841 -1.2532e-16)
(-0.250023 -2.99441 1.23973e-16)
(-0.347256 -2.80419 -5.7951e-17)
(-0.42742 -2.28978 0)
(-0.469862 -1.49642 0)
(-0.464529 -0.542176 6.24558e-18)
(-0.409699 0.426019 -1.26468e-21)
(-0.34974 1.13279 -6.08268e-18)
(-0.286917 1.34726 3.7667e-19)
(-0.192077 0.969523 -3.73392e-19)
(-0.0390356 0.0202436 -2.98854e-18)
(0.179297 -1.27424 -1.05602e-20)
(0.470985 -2.49746 0)
(0.805047 -3.15633 1.47943e-18)
(1.10616 -2.86213 8.8622e-18)
(1.32319 -1.56687 -8.85735e-18)
(1.48948 0.458168 -4.40974e-18)
(1.57592 2.68979 -7.15355e-19)
(1.57366 4.63 5.1643e-18)
(1.51818 6.04818 -5.8879e-18)
(1.4665 6.87496 5.52025e-18)
(1.45504 7.2293 -5.88922e-18)
(1.48041 7.30849 5.8725e-18)
(1.53054 7.25871 7.34274e-19)
(1.59091 7.17825 3.67167e-19)
(1.63216 7.14066 -1.83556e-19)
(1.60615 7.16142 -5.86265e-18)
(1.45904 7.13931 5.86612e-18)
(1.11548 6.8965 -5.87228e-18)
(0.532612 6.23655 5.59097e-18)
(-0.285977 5.08168 6.87636e-20)
(-1.2622 3.54767 -5.8782e-18)
(-2.21855 1.85766 -3.8477e-19)
(-2.94417 0.168391 1.06194e-17)
(-3.25908 -1.48021 -1.09841e-17)
(-3.04705 -3.20532 5.11723e-18)
(-2.22119 -5.22451 -1.4619e-18)
(-0.595253 -7.7039 2.92619e-18)
(2.27899 -10.5791 -2.91547e-18)
(7.00106 -13.7093 4.36813e-18)
(13.8317 -17.1208 2.90079e-18)
(22.6038 -20.8808 -2.90373e-18)
(32.2071 -25.3619 -8.65936e-18)
(37.8498 -28.4626 5.72724e-18)
(38.5222 -29.4452 -2.85695e-18)
(28.1642 -26.417 8.6418e-18)
(2.67048 -17.7643 -2.9239e-18)
(-15.7232 10.4767 -2.20572e-20)
(-20.4084 -20.9871 -1.51982e-18)
(22.1691 67.4899 -3.75432e-19)
(-40.4558 60.0802 -2.64723e-18)
(-26.8343 36.4609 -4.47916e-20)
(-42.2496 15.5558 0)
(-39.7286 9.85055 2.86699e-18)
(-38.2053 8.63776 2.50635e-18)
(-34.5936 9.01444 -1.18321e-17)
(-27.5133 9.03185 5.77736e-18)
(-12.0308 9.6472 5.67205e-18)
(-1.53845 9.96133 -1.16979e-17)
(-10.0263 13.3661 1.13893e-17)
(-25.1743 28.6748 -2.72137e-19)
(-43.8746 14.6664 -1.17933e-17)
(0.208768 -20.126 6.74847e-18)
(72.638 -11.7467 -5.64093e-18)
(71.2199 -1.28038 5.87787e-18)
(41.3592 -36.51 0)
(-2.39039 -16.0014 0)
(-54.6113 -2.91443 -1.60519e-18)
(-71.4188 -26.3507 -7.61912e-18)
(-16.84 1.47237 4.59614e-18)
(51.8465 66.5436 1.39325e-18)
(37.0685 76.1093 -5.70547e-18)
(23.6199 78.944 1.15025e-17)
(4.84434 90.0625 -6.35525e-18)
(47.2082 110.949 1.30612e-18)
(-42.8669 134.968 0)
(-7.01387 -21.3279 4.52422e-18)
(15.5455 38.0657 1.52705e-18)
(-13.3727 -8.87999 0)
(-34.4908 -5.42884 0)
(-43.591 -13.9871 -1.4699e-18)
(-40.0864 -14.0851 0)
(-30.8182 -12.7281 0)
(-18.6944 -9.98106 0)
(-8.30138 -7.55182 1.4665e-18)
(-0.844112 -5.23754 -1.45999e-18)
(3.41637 -2.82619 1.46191e-18)
(5.07422 0.00114105 -1.42183e-18)
(4.72686 3.07342 -1.45807e-18)
(3.09794 6.01635 2.93156e-18)
(0.94723 8.48544 -1.4045e-18)
(-1.17161 10.0928 -4.5602e-20)
(-2.92684 10.7194 1.48664e-18)
(-4.18422 10.544 -1.55892e-18)
(-4.94084 9.79569 4.59177e-20)
(-5.26564 8.72164 -1.46794e-18)
(-5.278 7.559 -1.86413e-19)
(-5.10243 6.4829 4.27877e-20)
(-4.80818 5.61352 1.4662e-18)
(-4.38239 4.99518 2.93793e-18)
(-3.76206 4.57808 -2.75212e-18)
(-2.87666 4.29484 -1.83975e-19)
(-1.69498 4.09267 -2.75678e-18)
(-0.305877 3.92625 2.93956e-18)
(1.10015 3.79607 -2.94381e-18)
(2.28651 3.75301 1.47249e-18)
(3.03396 3.86886 2.76123e-18)
(3.23149 4.19882 0)
(2.88297 4.71695 7.37067e-18)
(2.13837 5.28133 -5.91095e-18)
(1.24082 5.692 1.96361e-19)
(0.408345 5.80243 1.47905e-18)
(-0.218443 5.55516 5.92299e-18)
(-0.571365 4.97799 -2.96583e-18)
(-0.658634 4.14829 -1.1897e-17)
(-0.555316 3.11443 2.97794e-17)
(-0.370933 2.24371 -1.73034e-16)
(-0.164734 0.995909 0)
(-0.124907 0.115461 9.64453e-17)
(-0.138962 -0.932719 -9.13234e-17)
(-2.35852 -5.97604 4.10823e-16)
(-0.0585118 -2.25272 0)
(-1.91784 -0.0785461 -1.10254e-16)
(-1.79817 -4.61467 3.91056e-16)
(-2.15605 -5.42914 0)
(1.55573 4.80852 -2.46868e-16)
(-3.29697 -6.34981 1.37322e-15)
(2.1674 11.0012 3.98573e-16)
(6.36021 -6.766 3.54027e-19)
(1.03812 4.43139 3.83705e-16)
(0.723364 2.3677 3.58568e-16)
(2.35629 0.510894 -4.15759e-16)
(2.61413 2.98388 0)
(0.558022 -1.87322 -3.7711e-16)
(1.32072 -1.69638 3.97685e-16)
(3.38701 6.0958 8.07178e-17)
(4.70351 5.37704 8.26464e-17)
(2.9382 6.95623 0)
(5.03018 3.70901 2.41144e-16)
(4.1887 4.06409 -4.30042e-16)
(1.8608 3.69826 2.91476e-19)
(2.06353 5.32718 -7.36638e-16)
(2.8666 8.87784 4.14543e-16)
(2.5485 5.43958 -4.20803e-16)
(2.72794 6.15758 0)
(3.02357 7.47764 1.01693e-16)
(-3.54613 -8.63416 3.45829e-16)
(1.52968 3.88559 9.31397e-16)
(2.87347 6.80374 -6.34697e-18)
(2.87252 7.45764 -1.5826e-20)
(1.9537 4.60704 3.89147e-16)
(4.5979 4.08971 2.33156e-16)
(2.52945 10.0543 6.62362e-16)
(2.66023 9.00241 -4.12051e-16)
(4.10893 6.05368 1.36159e-17)
(0.861625 -2.00971 -3.77573e-16)
(2.62557 1.86813 -4.08347e-16)
(0.919041 3.49012 -3.71669e-16)
(6.47245 -7.22756 -8.54497e-16)
(6.49618 -6.86568 1.19666e-15)
(6.25117 -5.96259 -3.88728e-16)
(5.70219 -4.89315 -3.86597e-16)
(4.87187 -3.9315 -7.73649e-16)
(3.917 -3.14095 3.89911e-16)
(2.96723 -2.53909 7.82068e-16)
(2.11064 -2.1896 -1.72968e-19)
(1.4116 -2.06278 4.02826e-16)
(0.883645 -2.15494 4.15325e-16)
(0.473349 -2.4305 2.70402e-19)
(2.38652 10.7131 -8.35611e-16)
(-0.254102 -2.72643 0)
(1.36501 5.31953 0)
(-3.87789 -6.86364 -3.66644e-16)
(-4.35518 -7.24459 -3.71947e-16)
(-4.79129 -7.59422 -3.06011e-20)
(-5.05497 -7.92404 1.32801e-19)
(-5.23043 -8.2439 -5.09433e-20)
(-5.27993 -8.50494 -3.84942e-16)
(-5.08604 -8.71817 -7.69027e-16)
(-4.54443 -8.81575 -3.78057e-16)
(-0.965969 -3.94308 -3.85213e-16)
(1.91807 2.89927 -3.6239e-16)
(-0.0462259 -5.79375 2.25776e-17)
(0.248364 -4.96897 4.56841e-17)
(0.304985 -4.2496 -4.69147e-17)
(0.0034196 -3.52658 1.01346e-20)
(0.335082 5.82657 -4.05081e-16)
(-4.18739 -8.82223 0)
(2.28043 2.4375 -4.98525e-20)
(2.65424 7.28928 -7.59104e-16)
(0.832042 -0.149192 0)
(5.10713 5.47728 1.0681e-16)
(-0.718849 -2.33017 5.45035e-16)
(3.1483 -7.47336 0)
(2.74364 -7.03524 -5.51383e-20)
(2.58342 -6.56858 2.01276e-16)
(2.31921 -6.0761 -3.08275e-16)
(2.04418 -5.41877 0)
(1.88864 -4.57331 0)
(1.89493 -3.61658 0)
(1.85805 2.1534 0)
(-2.70884 2.60417 -3.14275e-16)
(-1.72215 -4.58079 0)
(-1.38731 -3.95128 0)
(-0.704773 -2.98286 -9.53528e-17)
(-0.621093 -2.30777 7.99676e-17)
(-0.412814 -1.51517 2.56176e-17)
(-0.326185 -0.656729 0)
(-0.325969 0.201814 -1.16489e-17)
(-0.475988 1.18326 0)
(-0.615032 2.16342 -2.34066e-17)
(-0.702085 3.24137 2.22056e-21)
(-0.638108 4.26478 4.4416e-18)
(-0.356281 5.08057 5.911e-18)
(0.163348 5.54445 -1.18209e-17)
(0.873947 5.5555 5.89158e-18)
(1.65302 5.10679 0)
(2.33376 4.29166 -1.47538e-18)
(2.70497 3.31776 2.21429e-18)
(2.59424 2.42897 1.90077e-19)
(1.95928 1.80271 -5.14949e-18)
(0.882306 1.51385 0)
(-0.379716 1.56554 -3.30669e-18)
(-1.57658 1.88801 -8.57328e-20)
(-2.54408 2.38198 1.89819e-19)
(-3.21083 2.97112 4.40804e-18)
(-3.63564 3.63239 -1.49282e-18)
(-3.91043 4.41828 0)
(-4.10525 5.40168 4.58488e-20)
(-4.24267 6.6148 1.83391e-19)
(-4.27151 8.01578 -1.48708e-18)
(-4.087 9.46909 1.46813e-18)
(-3.56062 10.7124 1.55763e-18)
(-2.59799 11.419 -1.44238e-18)
(-1.19235 11.3058 4.60098e-20)
(0.59783 10.1152 -1.16258e-20)
(2.59389 7.74046 1.38232e-18)
(4.44458 4.40813 -2.93164e-18)
(5.57377 0.419959 1.45576e-18)
(5.32777 -3.88582 -1.46756e-18)
(2.87207 -8.4627 3.10938e-18)
(-2.60183 -13.7339 -3.10839e-18)
(-11.2218 -20.5969 1.46559e-18)
(-22.3452 -29.8369 0)
(-32.0082 -40.812 -1.46485e-18)
(-36.8437 -53.6499 1.43401e-18)
(-33.4477 -66.4513 0)
(-17.268 -75.5374 0)
(22.7861 -77.6564 -2.82519e-18)
(35.4133 -109.658 -2.65213e-18)
(89.3692 1.91033 2.35064e-19)
(2.54278 6.33386 0)
(2.90076 9.57063 -7.82136e-16)
(-150.525 -53.069 1.62508e-18)
(-109.311 33.2088 -2.11477e-18)
(-73.656 23.8268 9.36754e-19)
(-64.1354 7.93716 0)
(-58.0763 -12.3861 1.84545e-19)
(-61.3566 -19.3218 6.14357e-18)
(-69.6233 -18.714 -5.3137e-18)
(-93.8426 -27.4387 -2.30022e-20)
(-109.579 -11.7005 1.12294e-20)
(-101.082 34.0162 -5.69311e-18)
(-74.7704 87.9576 1.11956e-17)
(-40.8323 123.155 -5.401e-18)
(33.1923 53.9706 0)
(-60.6364 -111.557 5.79887e-18)
(-145.335 45.4207 -5.19178e-18)
(-56.5033 239.665 -6.4289e-20)
(4.03541 258.236 -3.71476e-19)
(73.058 284.946 9.01268e-20)
(90.939 255.88 6.4144e-18)
(171.289 107.141 -1.04714e-17)
(70.4228 -155.042 6.4912e-18)
(-34.1985 -41.9619 -5.62481e-18)
(-4.21327 18.2484 -1.55631e-19)
(46.9051 36.6034 5.74113e-18)
(73.1273 -45.3481 0)
(119.595 -30.3292 -2.63663e-18)
(189.653 -75.807 2.95153e-18)
(207.939 -357.68 -1.95437e-18)
(-3.02714 -8.80469 -1.78614e-16)
(-2.00711 1.24586 -1.98744e-16)
(-1.80805 1.34913 5.77634e-17)
(-1.2868 1.08879 -3.15163e-22)
(-0.603273 0.590243 2.59045e-17)
(0.0580987 -0.000507657 2.60185e-17)
(0.657492 -0.595316 0)
(1.18602 -1.11759 -1.17348e-16)
(1.65542 -1.5212 1.29313e-17)
(2.08587 -1.78635 1.02933e-16)
(2.46619 -1.94632 -1.28207e-17)
(2.68444 -2.09941 1.01894e-16)
(2.59683 -2.39376 -1.25957e-16)
(1.89731 -2.85032 1.99863e-16)
(-0.583235 -2.14115 1.93446e-16)
(-0.879553 -1.41394 -5.95717e-16)
(-1.14842 -0.472359 1.29022e-20)
(-1.5848 0.776346 1.01721e-19)
(0.590311 -2.90409 0)
(0.327955 -3.15725 0)
(0.185551 -3.34997 0)
(0.0924597 -3.28306 6.70016e-20)
(0.0254047 -2.88225 1.04761e-16)
(-0.0223547 -2.18222 -5.07377e-17)
(-0.0525534 -1.29396 3.72383e-17)
(-0.0350026 -0.37961 0)
(0.0279356 0.310655 -6.04482e-18)
(0.0434891 0.497523 5.99318e-18)
(0.0725666 0.0422969 0)
(0.154441 -1.00284 3.71544e-19)
(0.276122 -2.39256 2.97874e-18)
(0.448749 -3.69579 -1.46522e-18)
(0.649024 -4.37722 2.96933e-18)
(0.824823 -4.04091 -8.86338e-18)
(0.95626 -2.6984 1.47619e-18)
(1.07595 -0.645268 -6.62112e-18)
(1.21955 1.66313 2.1568e-20)
(1.2167 3.70032 6.63642e-18)
(1.1676 5.15221 5.88922e-18)
(1.12714 5.96892 -5.1509e-18)
(1.11226 6.30346 1.83967e-19)
(1.1166 6.3696 0)
(1.13084 6.32197 5.51292e-18)
(1.15432 6.26575 -5.8757e-18)
(1.17176 6.29023 1.8336e-19)
(1.14971 6.41189 5.86825e-18)
(1.037 6.56354 -6.05821e-18)
(0.76042 6.56132 0)
(0.274915 6.16816 2.06416e-19)
(-0.42774 5.2531 -2.98486e-18)
(-1.28728 3.85277 2.93029e-18)
(-2.16473 2.12327 3.67113e-19)
(-2.86851 0.222336 1.83673e-19)
(-3.24736 -1.74522 2.9348e-18)
(-3.19322 -3.8189 -5.12594e-18)
(-2.7138 -6.18754 3.28863e-18)
(-1.69748 -9.12433 -3.66434e-18)
(0.140525 -12.8126 5.11539e-18)
(3.38289 -17.1607 -5.10458e-18)
(8.49317 -22.3216 0)
(15.5331 -28.9811 2.90323e-18)
(24.062 -38.032 0)
(30.9139 -49.1349 -2.8866e-18)
(31.176 -61.1279 2.91328e-18)
(23.6907 -71.8175 -2.88986e-18)
(5.87501 -81.7839 5.76688e-18)
(-25.0145 -82.8457 0)
(-48.234 -94.9283 -1.35581e-18)
(-72.9992 -49.9133 2.05425e-23)
(-73.3494 -228.116 0)
(4.69734 6.36559 0)
(3.63851 6.96341 4.03706e-16)
(3.49003 6.89186 -9.98413e-17)
(4.76276 6.22197 0)
(1.14653 -0.494893 0)
(1.95892 -0.154755 8.10751e-16)
(1.26305 3.70067 -1.84382e-19)
(1.05928 1.62942 -9.67374e-20)
(3.09241 10.0322 7.40289e-16)
(2.76526 10.6655 -1.20828e-15)
(0.333696 -1.47333 0)
(3.03247 10.6062 0)
(0.0408458 6.05621 -2.91574e-21)
(-3.71302 -5.54191 -7.66947e-16)
(-4.24578 -6.10396 1.9644e-19)
(-4.77019 -6.48143 -3.72405e-16)
(-5.22606 -6.74775 3.7761e-16)
(-5.53979 -7.0302 -3.83973e-16)
(-5.73903 -7.38027 0)
(-5.79496 -7.76336 1.17299e-15)
(-5.5849 -8.10283 -3.91347e-16)
(-5.05079 -8.45063 3.88982e-16)
(0.28942 -5.11224 2.11005e-16)
(-0.374614 6.7129 -4.38572e-16)
(-1.58774 -8.3902 5.00319e-16)
(-0.578155 -7.49771 1.46974e-16)
(0.155678 -6.84691 -1.61735e-16)
(0.48061 -5.9979 5.25777e-17)
(0.480095 -1.18701 4.59935e-16)
(5.78638 -9.03449 -7.17641e-16)
(5.82214 -7.89253 -3.68416e-16)
(5.65552 -6.37341 3.87668e-16)
(5.09091 -4.92951 0)
(4.27595 -3.73184 0)
(3.33883 -2.76308 -3.90838e-16)
(2.397 -1.97135 0)
(1.59544 -1.43979 -3.05591e-19)
(0.987009 -1.20609 -3.97235e-16)
(0.625906 -1.17152 -8.24997e-16)
(1.22138 2.68398 3.77266e-16)
(2.28049 1.22874 -4.02725e-16)
(1.52828 -0.522352 -4.04214e-16)
(4.1728 6.93206 2.50569e-17)
(3.32675 8.94146 -5.84578e-16)
(4.18531 6.89011 -8.27169e-16)
(2.60549 7.05859 -3.79976e-16)
(2.86642 8.28436 0)
(-2.51176 -5.07862 0)
(-2.22474 -4.60583 2.32381e-16)
(-1.76875 -4.06571 -1.07564e-16)
(-1.30793 -3.51936 -9.79956e-17)
(-0.900095 -2.83271 9.62886e-17)
(-0.620455 -2.22328 0)
(-0.431317 -1.64147 0)
(-0.362996 -1.01984 0)
(-0.347341 -0.345339 1.17557e-17)
(-0.443859 0.457917 0)
(-0.531286 1.41783 5.86981e-18)
(-0.595254 2.5112 0)
(-0.565111 3.62445 1.47559e-18)
(-0.393124 4.57048 0)
(-0.059711 5.1595 0)
(0.418805 5.22695 0)
(0.96295 4.70446 0)
(1.45655 3.65622 -2.95403e-18)
(1.75704 2.2766 7.24172e-19)
(1.72176 0.872599 2.93951e-18)
(1.28242 -0.269494 -2.21182e-18)
(0.541165 -0.893026 2.94053e-18)
(-0.324464 -0.905814 3.21249e-18)
(-1.13377 -0.454698 -1.56702e-18)
(-1.77784 0.274159 -1.47134e-18)
(-2.20765 1.1002 1.44325e-18)
(-2.4602 1.92441 -1.44731e-18)
(-2.60357 2.80716 0)
(-2.69699 3.85087 0)
(-2.77507 5.1365 -1.45254e-18)
(-2.79577 6.69488 1.49194e-18)
(-2.71269 8.43175 0)
(-2.42026 10.091 0)
(-1.81498 11.2954 1.42029e-18)
(-0.883538 11.6946 -1.46456e-18)
(0.32986 11.0017 -2.29157e-20)
(1.79716 9.05516 7.13747e-22)
(3.42077 5.883 1.47532e-18)
(4.87853 1.85233 -1.4904e-18)
(5.72658 -2.70174 0)
(5.46491 -7.5693 -1.55905e-18)
(3.74208 -13.0983 1.80566e-19)
(0.118244 -20.519 1.46381e-18)
(-5.78276 -31.8109 -1.45588e-18)
(-13.6681 -48.0827 2.90761e-18)
(-18.7206 -68.0624 -2.17602e-18)
(-14.7592 -87.5111 -1.45047e-18)
(-0.0779885 -99.8089 1.45529e-18)
(26.9121 -102.359 0)
(44.7287 -105.781 1.46224e-18)
(34.7501 12.5069 -6.36371e-19)
(-319.153 -359.645 1.27486e-18)
(3.01451 -9.9641 -1.90389e-16)
(1.97284 -9.79249 -1.2294e-17)
(1.32548 -9.14972 2.67672e-20)
(1.24995 -8.53869 5.09328e-17)
(0.794664 -7.8839 0)
(0.201066 -6.91432 0)
(-0.217372 -5.72194 0)
(-0.117699 -4.52506 0)
(0.510311 -3.49126 -1.98158e-16)
(1.16616 1.07445 -8.32785e-16)
(4.66546 7.13202 -4.95804e-17)
(3.15813 9.98173 7.16632e-16)
(4.34581 8.00436 0)
(3.54147 7.72909 0)
(1.49466 0.699556 3.31383e-19)
(1.44809 3.17174 8.58446e-20)
(0.0506906 -3.96412 3.88663e-16)
(0.0596387 -2.62966 2.12517e-19)
(-0.254203 -1.28635 0)
(-0.893676 0.0965791 -3.58164e-16)
(0.0348364 6.72 -9.08231e-16)
(5.72797 -4.46758 -2.73177e-16)
(-1.73908 1.58322 8.52083e-17)
(-1.63619 1.64708 0)
(-1.28637 1.36726 -3.07391e-17)
(-0.813461 0.909087 -1.87855e-17)
(-0.337749 0.342655 -2.53581e-17)
(0.0662531 -0.265723 -2.55554e-17)
(0.392394 -0.883402 -1.02716e-16)
(0.662838 -1.44251 1.28199e-17)
(0.905235 -1.88415 2.0567e-16)
(1.15305 -2.18425 4.39942e-19)
(1.41556 -2.3361 -1.01513e-16)
(1.66754 -2.37352 8.77512e-17)
(1.85053 -2.33202 -5.69399e-20)
(1.65072 -2.3095 -4.79745e-17)
(1.09847 -2.27287 -3.60415e-16)
(-0.558629 -1.25509 0)
(279.034 -3826.78 3.80249e-17)
(12.7648 -4238.68 0)
(-54.4217 -4165.61 5.80101e-17)
(-74.284 -4256.38 4.4006e-18)
(-63.4219 -4284.68 1.78695e-17)
(-75.8268 -4377.86 1.1231e-18)
(-87.8637 -4396.24 0)
(-97.2775 -4398.55 0)
(-97.0792 -4169.38 4.00137e-19)
(-125.639 -4075.48 0)
(-159.211 -3977.09 2.54752e-18)
(-168.971 -3821.63 1.65082e-18)
(-78.491 -3793.77 5.88506e-18)
(-15.5376 -3497.64 -2.30252e-19)
(-148.937 -3446.09 -5.48231e-18)
(-302.088 -3450.55 -4.24973e-19)
(-176.897 -2691.62 -1.65338e-18)
(208.114 -2775.42 2.39913e-19)
(144.846 -1739.24 -1.91732e-18)
(86.3559 -1452.14 0)
(250.623 -2842.19 0)
(231.569 -4350.32 2.55716e-17)
(-17.473 -4603.66 0)
(-75.3791 -4178.03 6.70409e-18)
(-21.9278 -4705.84 5.37278e-17)
(-1.14464 -4480.75 1.35344e-17)
(-68.3965 -4884.64 -2.75277e-17)
(-84.2407 -4896.02 -1.78246e-18)
(-317.31 -4346.97 1.90376e-18)
(-770.286 -3868.9 6.21068e-19)
(0.375114 -2.02962 0)
(0.471871 -2.61978 2.16648e-16)
(0.451929 -2.98593 -3.14886e-16)
(0.389617 -3.10672 2.84108e-20)
(0.289892 -2.89225 0)
(0.212484 -2.34967 2.45723e-17)
(0.2114 -1.59923 -1.21953e-17)
(0.23583 -0.828772 0)
(0.280165 -0.233739 0)
(0.295372 -0.121019 0)
(0.259701 -0.713764 -7.4583e-19)
(0.270244 -1.90685 -1.9623e-21)
(0.293327 -3.43384 -1.48791e-18)
(0.341215 -4.85141 5.9241e-18)
(0.40322 -5.58942 -4.42765e-18)
(0.478783 -5.26824 -1.47521e-18)
(0.568378 -3.93157 5.90017e-18)
(0.665665 -1.91491 -2.95295e-18)
(0.794689 0.454631 -2.94125e-18)
(0.831584 2.60957 2.95027e-18)
(0.795486 4.08362 1.84043e-19)
(0.776038 4.8879 -3.67913e-19)
(0.762496 5.20273 -1.83916e-19)
(0.750783 5.25885 -2.94195e-18)
(0.736736 5.20502 2.93599e-18)
(0.726248 5.14936 0)
(0.711183 5.19782 -2.93464e-18)
(0.682 5.38794 2.89039e-18)
(0.601 5.67211 0)
(0.419086 5.87325 4.58619e-20)
(0.0892876 5.72637 -6.87398e-20)
(-0.400613 5.05271 0)
(-1.02389 3.83153 0)
(-1.69243 2.16931 0)
(-2.25986 0.229451 3.1225e-18)
(-2.61704 -1.83017 -5.95416e-18)
(-2.70199 -3.93248 3.10751e-18)
(-2.56116 -6.16364 -3.65882e-19)
(-2.20195 -8.81615 7.31393e-19)
(-1.57223 -12.1628 7.30828e-19)
(-0.42399 -16.1445 -2.10998e-21)
(1.6547 -20.6577 0)
(4.79305 -26.5785 -1.46078e-18)
(8.79826 -35.7376 -2.9042e-18)
(12.273 -49.2456 1.46142e-18)
(13.821 -64.4507 -5.78429e-18)
(9.74785 -77.3322 5.76842e-18)
(-1.76992 -86.6296 -2.87485e-18)
(-22.9909 -87.4853 -2.8918e-18)
(-51.2082 -78.2143 2.80803e-18)
(-61.5475 -18.73 -2.1898e-18)
(192.502 -49.9106 2.35925e-18)
(532.241 -3210.67 9.42432e-18)
(2.86252 8.87832 0)
(3.83183 8.86485 3.69907e-16)
(4.16179 7.84381 4.52768e-17)
(1.90263 0.756374 8.6328e-16)
(1.64213 2.14967 -3.88228e-16)
(5.43081 256.528 -1.00484e-19)
(115.258 101.709 2.51185e-19)
(-2.60195 -6.52513 -3.52516e-16)
(-1.50761 -4.74037 -6.57918e-16)
(-829.005 -1559.85 0)
(31.6901 16954.8 -2.62847e-18)
(88.2936 14714 0)
(-110.69 16440.2 3.28968e-18)
(-34.0243 16925.1 -1.3007e-19)
(-114.612 16950.3 6.19795e-18)
(-86.6439 16841.8 5.74678e-18)
(-123.916 16784.8 -1.23541e-17)
(-117.345 16962.6 -1.17252e-17)
(-138.355 16878.5 5.83864e-18)
(-131.958 15882 5.58622e-18)
(-140.128 16800.6 5.94816e-18)
(-94.8889 8761.15 5.9315e-18)
(-131.507 13276.7 -6.06855e-18)
(-102.461 11238.3 0)
(-99.3938 8723.31 -5.75986e-18)
(-110.713 11869.7 0)
(-112.032 12150.8 0)
(-100.828 11685.5 -5.84825e-18)
(-105.898 11402.6 0)
(-104.105 13240.1 -5.73808e-18)
(-104.552 12518.5 1.16305e-17)
(-97.6395 13647.3 0)
(-100.131 13606.3 0)
(-92.3286 13215.9 0)
(-90.6982 13449.6 0)
(-83.3943 13212.5 -3.52481e-19)
(-76.8849 13105.4 5.56249e-18)
(-90.8589 13511.2 0)
(-31.969 13411.2 -6.50834e-18)
(-58.82 299.551 7.22151e-19)
(253.316 -366.881 -1.43304e-17)
(-89.2663 11896 0)
(37.9902 13181.8 -3.67648e-19)
(-30.7731 2.36106 -2.72663e-18)
(-88.3118 51.8314 2.93244e-18)
(0.992094 -30.6121 0)
(-7.8801 -21.9988 0)
(2.13987 -22.5165 0)
(2.26211 -27.855 0)
(-0.0446942 -13.4506 2.91011e-18)
(1.06162 -16.7375 1.448e-18)
(-1.12242 -11.2208 5.81797e-18)
(-0.719382 -11.9891 -4.35977e-18)
(-1.35153 -8.39433 2.92469e-18)
(-1.31127 -10.0796 -5.09783e-18)
(-1.25237 -5.07941 2.91003e-18)
(-1.30607 -6.63073 0)
(-1.17796 -2.13113 9.13326e-20)
(-1.23934 -3.65046 -3.10827e-18)
(-0.742498 1.13516 2.92897e-18)
(-0.995007 -0.480701 -2.91645e-18)
(-0.226231 3.43504 0)
(-0.472391 2.49937 0)
(0.113454 3.8079 -4.56989e-20)
(-0.0264589 3.85632 4.56745e-20)
(0.258382 3.14215 4.56928e-20)
(0.208567 3.48562 0)
(0.29113 2.92492 2.9298e-18)
(0.274125 2.94062 -2.92501e-18)
(0.32986 3.24972 0)
(0.309949 3.06037 0)
(0.367075 3.30892 -2.93426e-18)
(0.346879 3.38372 2.92733e-18)
(0.412132 1.56229 0)
(0.391281 2.79443 -1.83299e-19)
(0.172764 -2.69417 -2.20732e-18)
(0.317163 -0.428723 0)
(0.102769 -6.12021 -2.93694e-18)
(0.0880686 -4.72256 2.93521e-18)
(0.129531 -5.83541 -2.95073e-18)
(0.132456 -6.51136 5.87483e-18)
(0.162903 -2.76935 7.39877e-19)
(0.126464 -4.42158 -3.67436e-19)
(0.23959 -0.421786 0)
(0.207496 -1.31351 0)
(0.165192 -0.502152 0)
(0.187778 -0.227351 0)
(0.249166 -1.40733 -1.52894e-16)
(0.199888 -0.978164 4.73744e-17)
(0.267646 -1.64359 -9.49125e-17)
(0.279051 -1.6454 1.87681e-16)
(0.155624 -0.894426 0)
(0.228663 -1.37723 -1.93888e-16)
(-0.260164 0.330081 -3.95774e-20)
(-0.0120326 -0.269752 0)
(-0.710871 1.21879 1.17004e-15)
(-0.529356 0.833471 -4.07505e-16)
(-0.672885 1.4115 3.4213e-19)
(-0.776553 1.40757 0)
(0.155422 0.801562 0)
(-0.371745 1.2189 -3.8333e-16)
(1.56015 -0.877181 -8.13328e-16)
(0.826522 0.114224 0)
(2.5508 -4.0182 -3.84867e-16)
(2.19479 -2.23002 -5.20378e-19)
(2.67321 -7.11515 4.1733e-17)
(2.81761 -6.14674 6.97595e-16)
(0.733725 -6.84812 -2.25897e-21)
(1.77354 -6.97255 -4.8902e-17)
(0.116017 -6.07335 5.15363e-17)
(0.132342 -6.23966 -5.84566e-21)
(-0.600569 -5.71902 -2.29847e-16)
(-0.203155 -6.12665 -3.95849e-20)
(-1.08494 -3.90286 -4.52984e-16)
(-0.92072 -5.04603 -3.95487e-16)
(-0.91362 -1.48537 0)
(0.788337 -2.48809 -4.74726e-17)
(0.626691 -2.08277 0)
(0.5907 -2.75457 1.25784e-17)
(0.745804 -2.66454 -2.47154e-17)
(0.324405 -2.46089 1.02349e-16)
(0.441235 -2.68582 -1.01794e-16)
(0.183245 -1.60585 -5.11346e-17)
(0.24387 -2.09399 0)
(0.00317918 -0.399983 -5.05552e-17)
(0.113368 -1.02293 1.01833e-16)
(-0.321693 0.684296 0)
(-0.145302 0.166821 0)
(-0.721085 1.4854 0)
(-0.522171 1.13483 0)
(-1.08687 1.26751 -6.40673e-17)
(-0.840583 1.67427 0)
(-0.531243 -2.04089 8.3253e-16)
(-1.27994 1.35263 2.96167e-16)
(-0.602692 0.60722 -2.39517e-16)
(-0.358695 0.856736 0)
(-0.504206 0.816382 -2.42419e-16)
(-0.61044 0.756074 -2.42746e-16)
(0.151014 -0.70391 2.23031e-16)
(-0.215774 0.288403 4.39364e-16)
(0.235421 -2.77598 3.67398e-16)
(0.204352 -1.7026 -2.16201e-16)
(0.507319 -3.45752 -5.26496e-17)
(0.375302 -3.33126 -3.42324e-16)
(-0.269 -4.55188 9.77677e-17)
(0.210748 -4.07525 4.94231e-17)
(-1.74063 -4.8294 4.10984e-16)
(-0.971009 -4.88428 -9.31543e-20)
(-2.91147 -4.33681 -1.11819e-19)
(-2.4225 -4.62706 -4.23298e-16)
(-3.43279 -3.9599 1.21413e-15)
(-3.24624 -4.12902 -4.1583e-16)
(-3.47422 -3.83674 3.8516e-16)
(-3.49856 -3.86403 3.05323e-20)
(-3.17955 -3.81169 0)
(-3.37558 -3.83591 0)
(-2.38172 -3.57314 -4.09933e-16)
(-2.8722 -3.75119 3.73766e-16)
(-1.59702 -3.07936 0)
(-1.99525 -3.31554 0)
(-0.932636 -2.4866 0)
(-1.25876 -2.79742 0)
(-0.461905 -1.77139 4.59318e-17)
(-0.676717 -2.15346 -9.36265e-17)
(-0.254709 -1.11984 2.36467e-17)
(-0.331178 -1.42808 -6.97093e-17)
(-0.197594 -0.35666 -5.84721e-18)
(-0.215446 -0.774019 -1.76512e-17)
(-0.272623 1.01292 -5.84443e-18)
(-0.226401 0.227816 0)
(-0.255923 2.91982 0)
(-0.287325 1.94276 0)
(-0.107832 4.21526 5.87572e-18)
(-0.203407 3.75062 0)
(0.234017 3.42065 5.87121e-18)
(0.0460139 4.13587 -8.81257e-18)
(0.587427 0.472059 0)
(0.428954 2.1321 -2.9298e-18)
(0.477042 -2.57201 5.86022e-18)
(0.629283 -1.23181 -2.94065e-18)
(-0.118513 -3.25878 -1.37147e-18)
(0.198015 -3.25563 -2.92713e-18)
(-0.613227 -1.93158 0)
(-0.38985 -2.73757 1.46589e-18)
(-0.906485 -0.257203 1.46485e-18)
(-0.786941 -1.06358 -1.43721e-18)
(-1.04034 1.36357 -1.46371e-18)
(-0.984546 0.514009 1.45978e-18)
(-1.11704 3.79653 0)
(-1.08818 2.43382 -1.14143e-20)
(-0.940947 6.96632 0)
(-1.08948 5.3821 0)
(-0.289183 8.74708 0)
(-0.674857 8.20144 0)
(0.82706 6.90508 -1.46507e-18)
(0.222292 8.34604 1.14032e-20)
(2.1091 1.34951 1.43924e-18)
(1.45684 4.46479 -1.75994e-20)
(3.2985 -4.6776 -9.12852e-20)
(2.76759 -1.90463 0)
(3.28886 -7.88056 2.9145e-18)
(3.48188 -6.49908 -1.46005e-18)
(1.43397 -15.153 -1.45024e-18)
(2.78391 -10.2752 -1.46002e-18)
(-3.65191 -32.2171 7.14521e-19)
(-1.30892 -23.2119 2.18139e-18)
(11.289 -18.1781 -3.60151e-19)
(-2.79501 -36.0953 1.08249e-18)
(45.4596 -1.23792 -8.94039e-19)
(-0.488507 -0.420662 7.40447e-16)
(0.016621 -0.499658 -1.28759e-16)
(3.54884 8.91708 8.46602e-17)
(1.4215 5.021 -2.49842e-16)
(-118.026 8146.5 0)
(3.5236 9.999 4.55665e-19)
(108.069 7274.85 3.71469e-19)
(1.98266 4.17729 -5.17779e-16)
(-0.0628159 -0.269964 0)
(-0.0296608 -0.0214997 -4.83984e-16)
(-0.0915583 0.133544 0)
(-0.0290247 0.0305765 0)
(-0.0157242 -0.00846268 -1.13719e-17)
(-0.00323694 -0.00246459 -4.40545e-18)
(-0.00377596 0.00522947 4.11213e-18)
(1.24734 5.62634 1.5998e-17)
(-0.287163 -2.02994 2.07033e-16)
(3.98987 8.63584 0)
(3.37598 9.90094 -6.6198e-16)
(2.8103 8.89144 3.32552e-16)
(-0.618666 6.54631 -1.49408e-16)
(0.213499 6.28675 -2.44073e-16)
(-0.284634 6.49546 2.1429e-16)
(0.495223 7.19218 8.95933e-16)
(1.03069 6.20329 -4.49553e-16)
(0.789793 6.6467 8.89611e-16)
(1.00249 7.59276 -3.8406e-19)
(1.44029 6.29258 -8.83702e-16)
(1.25108 6.9049 -4.39394e-16)
(1.54959 7.84386 -8.73464e-16)
(1.88745 6.23492 -4.47338e-20)
(1.75155 7.01216 -4.35149e-16)
(2.09707 7.85785 -8.67897e-16)
(2.32707 5.97749 -8.59483e-16)
(2.2509 6.89221 0)
(-1.08682 -5.12828 1.79791e-15)
(1.65448 1.67108 0)
(-0.279151 0.214602 0)
(-2.61628 2.33855 7.14941e-16)
(-1.19232 -1.67985 0)
(1.79797 3.67625 1.38888e-15)
(2.02482 1.92731 1.03286e-15)
(-1.56482 -4.8538 -1.11663e-15)
(-2.57007 3.96557 0)
(-2.48497 4.38068 2.21734e-19)
(0.246079 -0.63171 0)
(0.782335 5.98609 6.34262e-16)
(-0.229985 6.7028 6.89759e-17)
(5.69009 -2.45227 -1.57218e-15)
(-0.450188 -1.87544 -1.76169e-15)
(0.259952 6.10098 1.72724e-15)
(-2.42674 -5.28954 -4.82724e-16)
(0.0364206 -4.48847 0)
(-1.25882 -3.79697 0)
(0.0943198 1.98618 0)
(0.698287 1.59001 0)
(-1.77323 5.06259 1.91769e-15)
(-0.831694 -5.40379 -1.70197e-15)
(0.285537 6.00835 -8.30648e-16)
(-0.0387241 -2.13205 -1.02092e-15)
(0.557585 6.11383 -2.77985e-15)
(2.04424 9.88459 -4.83023e-16)
(1.30325 5.65635 -4.39707e-17)
(1.10006 5.81764 -8.65608e-16)
(-0.782711 5.58225 1.63912e-16)
(-1.10288 6.9471 -1.01582e-15)
(-0.278564 -0.22123 -2.83231e-16)
(1.75434 3.43823 1.00906e-15)
(0.739301 9.39538 7.30719e-16)
(0.546634 -2.35545 0)
(-3.09904 -5.2852 0)
(2.11605 5.62224 2.05109e-15)
(-1.27909 -0.124714 0)
(4.49102 3.11569 -1.09701e-15)
(0.106478 -3.41806 -1.04321e-15)
(-1.06091 0.916491 -1.25198e-15)
(-0.138886 1.57629 2.21719e-16)
(0.553123 6.26608 -2.15009e-16)
(0.0866399 4.38619 0)
(-1.85645 -5.6932 1.8288e-19)
(0.446512 6.39802 8.39142e-16)
(1.41846 4.00627 -1.23101e-16)
(-1.09396 -1.7775 1.24845e-15)
(-0.847207 9.1739 -1.99725e-15)
(1.28884 5.51522 -5.83103e-16)
(0.705678 10.652 1.05138e-15)
(2.07898 10.1043 -9.81647e-16)
(-1.7571 -5.20777 4.19926e-16)
)
;

boundaryField
{
    wall
    {
        type            noSlip;
    }
    outlet
    {
        type            inletOutlet;
        inletValue      uniform (0 0 0);
        value           nonuniform List<vector> 
33
(
(31.6901 16954.8 -2.62847e-18)
(88.2936 14714 0)
(-110.69 16440.2 3.28968e-18)
(-34.0243 16925.1 -1.3007e-19)
(-114.612 16950.3 6.19795e-18)
(-86.6439 16841.8 5.74678e-18)
(-123.916 16784.8 -1.23541e-17)
(-117.345 16962.6 -1.17252e-17)
(-138.355 16878.5 5.83864e-18)
(-131.958 15882 5.58622e-18)
(-140.128 16800.6 5.94816e-18)
(-94.8889 8761.15 5.9315e-18)
(-131.507 13276.7 -6.06855e-18)
(-102.461 11238.3 0)
(-99.3938 8723.31 -5.75986e-18)
(-110.713 11869.7 0)
(-112.032 12150.8 0)
(-100.828 11685.5 -5.84825e-18)
(-105.898 11402.6 0)
(-104.105 13240.1 -5.73808e-18)
(-104.552 12518.5 1.16305e-17)
(-97.6395 13647.3 0)
(-100.131 13606.3 0)
(-92.3286 13215.9 0)
(-90.6982 13449.6 0)
(-83.3943 13212.5 -3.52481e-19)
(-76.8849 13105.4 5.56249e-18)
(-90.8589 13511.2 0)
(-31.969 13411.2 -6.50834e-18)
(-89.2663 11896 0)
(37.9902 13181.8 -3.67648e-19)
(-118.026 8146.5 0)
(108.069 7274.85 3.71469e-19)
)
;
    }
    inlet
    {
        type            inletOutlet;
        inletValue      uniform (0 0 0);
        value           nonuniform List<vector> 
30
(
(0.563979 -1.56034 9.85314e-17)
(0 0 0)
(0 0 0)
(0 0 0)
(0 0 0)
(-0.0402393 -1.11492 -1.17712e-16)
(0.788337 -2.48809 -4.74726e-17)
(0.626691 -2.08277 0)
(0.5907 -2.75457 1.25784e-17)
(0.745804 -2.66454 -2.47154e-17)
(0.324405 -2.46089 1.02349e-16)
(0.441235 -2.68582 -1.01794e-16)
(0.183245 -1.60585 -5.11346e-17)
(0.24387 -2.09399 0)
(0.00317918 -0.399983 -5.05552e-17)
(0.113368 -1.02293 1.01833e-16)
(0 0 0)
(0 0 0)
(0 0 0)
(0 0 0)
(0 0 0)
(0 0 0)
(0.016621 -0.499658 -1.28759e-16)
(-0.0628159 -0.269964 0)
(-0.0296608 -0.0214997 -4.83984e-16)
(0 0 0)
(0 0 0)
(-0.0157242 -0.00846268 -1.13719e-17)
(-0.00323694 -0.00246459 -4.40545e-18)
(0 0 0)
)
;
    }
    frontAndBackPlanes
    {
        type            empty;
    }
}


// ************************************************************************* //
